ting1 334.245 333.033 333.675 334.224 336.990 338.636 340.985 341.652 334.686 326.204
zhe5 305.588 297.815 279.673 258.130 231.305 214.746 205.811 202.004 206.410 212.152
si4 231.294 247.960 269.715 296.556 318.379 329.032 331.056 314.764 295.762 270.681
chuan1 266.223 271.720 286.526 299.797 312.267 315.969 315.727 314.088 314.006 308.300
dian4 319.227 324.079 330.176 330.282 327.504 308.874 294.567 273.936 253.024 238.303
xin4 219.043 221.177 233.680 249.997 254.929 252.137 233.050 217.056 202.585 194.604
zong3 186.414 194.945 199.656 199.255 193.362 175.322 154.130 138.198 128.170 133.952
jing1 155.592 180.091 194.484 223.404 232.977 243.868 247.561 257.829 263.875 262.480
li3 262.360 247.041 227.538 199.926 172.811 155.897 144.372 135.319 140.574 146.782
pei2 162.318 169.221 178.934 185.213 184.544 181.571 180.174 188.274 208.969 230.933
ai4 266.059 281.629 296.203 306.511 299.517 292.169 277.961 259.059 240.154 225.280
hua2 191.832 183.480 178.117 172.701 170.149 167.336 169.044 173.152 192.227 211.687
yi4 291.909 300.585 307.941 322.852 325.564 332.249 323.180 310.318 291.572 258.712
dian3 234.659 232.094 222.911 208.036 183.590 160.705 136.931 130.312 128.532 139.098
dian5 155.939 170.039 184.058 188.474 183.371 182.446 175.618 177.514 180.634 191.731
dao4 201.397 229.515 253.202 270.077 259.930 246.826 224.008 198.469 172.175 163.007
lai2 156.246 153.758 146.188 136.004 123.150 118.097 124.535 134.762 156.120 176.551
