yin1 289.448 293.209 292.220 290.038 288.333 287.966 287.788 287.139 284.917 278.545
lian2 251.064 242.527 229.474 218.135 198.073 191.797 190.979 201.617 223.942 239.894
xu4 251.561 264.564 288.939 313.838 329.317 338.041 326.894 302.831 275.625 254.207
wang4 253.810 260.577 275.143 289.267 294.209 286.134 272.186 255.147 237.579 226.985
wo3 221.604 208.914 201.098 190.636 183.625 172.055 158.219 149.896 146.077 153.103
gong1 177.843 206.290 227.224 249.882 260.080 266.349 271.266 276.483 281.715 282.424
zuo4 272.334 277.040 278.407 269.075 248.017 224.066 199.946 182.668 175.533 172.307
shi2 192.602 192.959 196.938 204.917 209.928 209.579 210.999 223.183 241.815 252.334
xiao3 263.355 259.924 261.841 256.134 244.483 217.667 186.349 156.115 144.184 138.117
shi2 146.709 154.240 165.990 170.936 172.955 167.495 166.358 165.772 179.784 192.799
pi2 198.250 200.350 205.752 211.099 215.793 210.753 208.077 221.035 242.268 258.344
lao2 266.110 256.334 245.899 231.958 213.291 189.887 180.267 176.305 186.376 200.220
guo4 195.400 217.013 239.144 255.193 254.420 243.457 227.748 204.627 188.508 177.734
du4 169.249 184.301 197.074 198.603 180.093 155.987 130.018 116.323 116.329 125.441
