jin2 241.641 235.810 236.448 228.208 226.458 230.639 240.632 256.382 281.876 290.176
ke2 271.717 269.374 269.480 271.848 269.089 260.309 254.618 267.598 284.135 290.202
ka3 296.839 283.564 276.361 266.496 245.467 221.195 191.275 170.627 167.240 163.968
yin1 158.282 174.027 188.801 221.967 238.633 247.028 251.494 261.279 261.960 265.541
de5 247.738 249.946 241.247 235.212 217.107 209.260 200.883 195.856 185.353 190.399
nian2 184.044 179.046 180.824 180.403 174.470 172.670 183.163 206.510 236.330 253.031
chan3 250.606 248.776 250.227 246.261 234.629 212.036 184.051 160.377 149.204 148.897
liang4 168.996 187.976 207.716 215.402 201.201 173.167 150.933 132.238 126.727 142.753
jiu4 313.054 316.703 315.629 313.920 307.293 299.184 286.935 269.985 256.129 244.810
zhan4 241.637 264.996 281.404 287.843 287.111 268.829 248.722 231.645 219.411 204.517
shi4 220.151 226.533 237.384 254.889 274.300 287.619 278.038 271.095 259.070 233.242
jie4 233.790 238.467 239.721 239.328 236.932 226.214 218.857 209.446 204.488 193.628
zong2 186.736 188.305 191.393 188.975 182.669 180.553 184.858 208.037 236.538 252.726
chan3 240.509 241.190 244.109 236.718 225.198 201.183 175.249 151.022 144.741 143.472
liang4 149.141 176.149 211.481 232.872 245.842 238.798 221.222 200.036 187.192 175.168
de5 163.095 162.969 169.337 157.966 150.277 147.501 143.932 145.256 150.746 155.453
yi2 154.955 159.106 160.286 164.907 169.097 166.546 175.873 189.838 212.789 225.854
ban4 246.571 271.314 301.211 328.426 333.739 322.799 299.088 268.784 229.660 210.418
zuo3 175.777 175.362 170.892 167.248 160.063 149.184 133.039 119.323 111.294 115.215
you4 131.394 147.338 169.718 174.424 168.002 149.922 131.211 119.474 119.258 127.834
