ba1 324.774 332.379 335.626 337.130 338.180 336.372 341.730 349.739 349.056 344.668
zheng4 352.241 354.891 357.095 350.213 339.724 306.267 281.306 257.732 235.268 220.453
fu3 199.337 199.574 200.859 192.685 184.814 167.825 152.286 142.718 139.934 149.805
jiang1 172.114 200.815 233.534 253.859 265.450 262.267 265.920 270.560 273.248 274.056
gen1 274.851 283.079 293.298 295.473 294.109 291.745 294.218 293.745 295.762 294.387
ju4 278.034 276.810 268.681 254.099 229.557 212.731 198.771 188.197 190.594 199.774
xiang1 199.344 215.475 247.491 275.721 295.457 308.946 317.243 314.318 317.580 315.604
guan1 309.253 315.947 325.449 331.601 327.983 326.163 324.396 321.288 321.635 313.480
fa3 285.807 276.023 267.153 253.676 227.615 196.423 168.637 142.576 133.531 133.393
lv4 162.971 185.516 204.939 208.670 201.809 180.568 157.045 136.048 126.835 134.501
hui2 209.401 213.571 216.028 214.161 213.481 209.645 204.926 209.509 217.258 231.280
ying4 229.950 255.246 282.200 294.376 292.344 271.630 242.074 218.705 193.438 186.532
zha1 202.334 226.289 247.011 262.635 276.785 274.962 277.407 279.591 278.044 278.278
yi1 259.252 261.957 271.031 275.059 276.482 273.308 275.378 277.249 277.535 276.502
fu1 273.569 279.816 287.246 293.402 294.182 298.341 295.782 294.981 287.222 275.401
de5 268.805 267.715 260.452 248.581 232.850 217.773 205.021 198.008 190.780 187.256
qing3 173.271 171.345 172.005 175.957 176.142 169.762 153.884 135.044 124.078 117.083
qiu2 139.890 140.348 141.228 143.567 140.403 135.780 137.084 141.096 162.442 183.011
