li4 325.434 332.493 334.788 342.068 348.795 344.132 341.550 323.262 310.975 288.422
shi3 266.158 253.960 252.247 243.205 232.356 216.357 193.051 172.813 160.478 157.382
shang4 190.321 213.804 234.455 238.308 233.043 211.329 190.913 173.574 172.646 174.933
sui1 207.629 222.290 246.890 277.575 300.618 314.399 315.194 313.814 307.257 300.063
bu4 308.633 307.721 311.098 311.421 311.232 302.870 285.891 266.811 245.190 221.014
fa2 196.650 192.921 192.341 181.872 167.950 157.245 156.837 163.563 180.100 198.379
you2 188.466 189.502 193.852 194.906 193.486 195.129 203.107 227.132 255.716 273.587
suo3 278.646 273.168 268.386 249.360 223.094 195.603 167.896 151.462 146.396 155.213
zuo4 176.425 205.777 243.041 275.519 302.398 316.693 309.516 289.736 263.126 233.772
wei2 202.661 191.399 178.326 164.563 152.459 146.228 142.403 147.041 149.691 159.530
de5 172.893 179.946 192.465 191.794 195.392 196.168 192.185 190.543 187.679 176.561
huang2 172.181 168.984 169.422 169.572 162.097 153.541 147.010 145.491 163.796 185.974
di4 196.997 214.547 230.510 222.823 201.692 168.460 140.193 124.431 126.062 129.856
