ling4 321.116 330.792 330.092 337.176 335.916 323.268 304.598 288.929 262.850 243.916
yi2 227.346 218.933 213.015 211.428 206.357 208.510 210.830 211.787 217.524 219.274
wei4 239.163 251.121 262.382 261.832 260.629 247.434 232.542 224.000 213.407 206.541
ming2 187.130 185.681 182.742 180.795 177.115 174.779 180.165 191.709 213.512 226.388
xing1 227.241 248.912 268.214 280.576 285.675 282.919 285.921 287.719 284.533 276.115
guang3 257.724 256.863 237.767 220.532 191.798 165.261 144.850 130.520 128.784 142.446
xi1 167.847 186.053 213.713 235.339 260.635 272.457 280.330 284.280 286.051 284.217
zhuang4 321.379 333.595 342.920 349.910 341.762 319.865 291.302 262.657 231.963 209.373
zu2 192.440 194.857 187.384 190.110 185.626 185.829 187.158 192.795 198.659 205.805
gu1 206.300 231.843 244.050 259.618 271.421 276.901 283.527 286.074 287.433 281.692
niang5 277.202 270.230 258.142 238.310 211.504 182.559 162.806 148.679 149.303 157.429
huang2 165.714 171.846 176.020 180.116 178.439 170.617 170.571 179.798 206.460 236.323
qiu1 252.201 269.793 287.564 300.736 311.458 312.378 312.255 308.877 311.821 303.259
yan4 309.961 312.604 303.442 287.730 254.302 207.294 167.501 139.201 126.193 139.448
zai4 270.423 280.471 273.083 264.542 235.895 215.688 193.748 184.355 179.788 191.546
nv2 169.017 177.734 186.677 191.667 194.023 194.397 207.581 231.590 262.424 281.736
zi3 266.755 263.706 254.899 232.044 200.029 172.482 144.319 135.379 128.226 138.475
san1 200.211 225.592 249.602 274.301 291.635 304.165 310.808 321.156 323.085 318.714
ji2 298.214 287.451 276.537 260.670 243.014 221.660 204.491 195.910 191.283 196.121
tiao4 216.444 227.829 252.632 272.587 281.323 282.780 262.357 235.414 211.424 188.627
yuan2 187.575 173.682 165.195 158.195 150.643 149.745 157.435 171.475 196.195 216.635
bi3 209.883 209.099 204.371 201.948 195.038 178.043 163.765 146.489 137.605 140.011
sai4 134.545 152.634 172.526 191.519 196.590 192.397 178.227 161.317 153.031 142.844
zhong1 152.233 179.680 202.332 216.421 216.440 213.408 211.268 209.974 216.287 218.407
