shang4 351.727 354.371 351.711 351.838 351.635 341.361 331.776 314.083 293.660 272.871
bai3 248.898 240.630 234.557 218.753 199.152 178.316 161.256 153.988 145.050 151.387
fu2 172.177 180.350 190.624 188.972 187.717 184.083 182.208 183.273 196.062 205.899
jing1 241.669 261.891 281.807 300.634 312.234 319.649 328.658 336.719 340.159 336.529
mei3 330.552 309.137 286.513 252.565 219.918 185.322 157.467 142.984 137.204 142.087
de5 151.508 163.140 174.415 177.862 175.002 177.543 173.236 172.078 178.204 189.933
shi4 201.479 223.095 254.069 288.540 323.870 339.503 333.456 304.764 273.402 252.024
jia1 250.710 263.086 280.769 295.949 306.548 306.161 309.187 308.895 311.485 307.164
mou2 294.232 274.666 255.996 235.410 213.540 196.454 188.154 190.443 207.071 218.396
ni2 234.241 220.958 220.352 216.862 211.458 206.898 202.475 201.824 212.205 212.756
fo2 191.679 196.310 199.829 201.019 189.587 176.042 167.987 169.035 183.633 205.193
shuo1 217.470 231.045 246.502 266.970 283.728 294.651 298.074 297.708 294.871 287.957
fa5 290.425 285.729 282.515 280.073 267.380 248.132 223.653 204.089 191.025 184.955
tu2 184.350 181.453 180.737 173.147 165.265 162.216 163.221 178.325 207.494 235.740
he2 226.486 219.951 215.250 214.049 201.334 204.795 198.679 205.480 210.333 213.967
wei2 202.466 203.462 202.573 196.866 190.282 188.706 195.566 220.093 250.338 272.606
tuo2 264.138 259.624 249.753 239.692 219.982 200.473 186.834 188.149 197.734 217.402
hu4 235.327 237.729 259.842 291.788 315.332 338.084 334.003 312.384 285.147 250.094
fa3 221.321 211.924 205.212 197.703 187.202 167.266 147.846 129.707 120.245 120.829
tu2 137.446 143.323 144.291 149.428 149.288 150.277 156.063 165.219 184.294 207.658
