wu3 222.013 226.428 226.580 225.137 220.970 214.371 214.198 210.929 213.031 216.809
shi2 199.663 207.225 214.915 226.620 230.309 240.043 245.423 242.786 259.433 259.650
san1 269.301 286.253 305.750 321.587 324.578 330.827 332.092 330.813 336.127 332.271
sui4 335.988 337.534 341.541 340.037 336.073 324.144 302.347 276.529 251.795 230.382
de5 213.843 210.549 205.306 197.478 187.467 179.909 178.965 178.932 183.818 191.114
zhou1 203.018 229.668 259.626 281.674 294.371 299.788 306.696 305.943 309.838 305.557
guang1 301.350 307.905 317.485 318.957 315.076 314.326 310.757 311.574 314.228 310.356
yu4 305.959 298.243 290.412 269.774 233.957 199.829 166.298 142.540 132.575 142.970
shi4 284.443 285.704 278.286 263.547 247.297 229.701 214.453 187.633 182.799 188.993
nan2 170.932 180.172 185.586 185.459 179.126 175.087 180.769 200.954 229.935 254.691
jing1 225.050 253.146 274.233 288.156 287.986 283.469 282.082 286.276 283.084 275.474
wu1 289.015 292.812 303.887 317.324 331.108 339.781 345.075 349.103 352.030 342.882
mu4 354.281 347.162 339.852 327.290 308.709 283.762 254.105 228.456 204.070 190.440
cai2 185.891 185.959 183.654 183.400 180.237 169.174 158.115 156.513 162.110 175.172
liao5 204.008 215.337 231.492 246.593 251.289 244.517 233.888 223.111 217.666 213.434
chang3 208.416 206.579 206.771 203.506 187.239 166.453 141.112 124.433 121.457 130.175
xia4 167.117 190.798 224.870 259.793 286.443 291.265 273.278 240.668 213.197 195.369
gang3 192.229 185.526 179.334 169.314 161.024 149.818 136.196 125.612 122.918 127.415
gong1 216.562 236.017 247.551 253.225 252.744 249.008 248.819 253.787 258.929 255.139
ren2 202.552 189.684 166.697 138.678 117.258 97.731 93.454 104.867 123.873 132.307
