ta1 324.899 325.608 329.293 326.572 323.209 323.272 328.372 322.105 324.701 314.401
men5 301.822 285.972 266.055 240.513 214.572 198.566 192.683 189.692 197.530 208.296
chai1 215.324 231.340 259.741 284.829 307.292 316.838 323.088 322.241 322.554 316.470
qiang2 298.884 276.072 249.500 223.120 194.900 173.142 166.743 169.841 191.310 214.498
tou4 229.183 247.064 274.869 298.961 317.189 315.841 299.382 268.064 239.814 218.545
lv4 216.637 236.936 248.822 254.091 246.919 214.502 188.860 162.107 150.676 158.056
jian4 272.973 285.917 298.085 310.150 308.954 296.237 272.534 239.889 216.169 198.619
feng2 189.853 191.178 191.601 188.483 178.528 165.954 159.901 167.140 188.313 211.305
cha1 229.418 244.451 266.406 281.187 295.097 295.255 295.810 292.254 294.022 290.884
lv4 299.110 298.865 296.952 275.653 243.357 197.331 163.214 128.688 118.142 122.511
tuo4 298.372 294.439 294.257 297.075 293.637 284.353 266.576 237.908 219.932 212.023
huang1 200.684 211.536 234.276 255.238 274.096 282.320 287.689 288.978 300.721 301.251
zao4 303.612 307.723 311.145 312.039 295.630 267.476 232.767 193.703 172.458 157.156
lv4 157.076 167.858 186.295 190.199 186.637 167.885 142.534 118.734 112.984 117.785
