bing4 314.926 318.493 309.315 298.313 280.110 266.918 255.662 247.833 241.339 235.469
xuan1 242.199 257.446 280.445 302.422 320.813 335.285 341.880 344.256 341.130 333.281
bu4 333.052 327.752 317.336 297.833 272.610 248.652 226.603 212.900 207.297 206.113
si4 234.919 249.412 278.879 311.874 340.848 353.464 347.837 327.627 300.148 269.558
ri4 255.833 254.082 255.694 251.394 237.367 215.424 195.462 181.776 174.300 175.073
he2 203.721 205.082 208.437 217.858 227.990 226.604 222.845 219.284 228.371 230.510
wu3 240.783 235.317 224.644 213.860 198.669 177.911 157.503 146.347 139.375 150.181
ri4 166.038 189.707 218.368 246.518 268.102 268.612 254.199 234.298 215.879 204.868
liang3 191.486 198.055 190.591 186.373 168.796 146.565 132.862 122.630 118.709 131.708
tian1 157.361 182.398 212.348 234.474 250.295 255.142 259.407 262.723 261.805 260.768
wei2 210.038 204.089 195.187 190.158 180.251 188.120 191.740 207.309 223.415 229.217
quan2 225.709 225.258 225.902 219.965 203.698 192.694 186.463 201.314 223.704 250.504
guo2 241.106 234.104 224.462 202.862 174.515 158.782 152.138 158.406 172.909 186.594
ai1 227.086 245.434 257.297 270.971 281.553 286.137 287.285 278.964 281.217 281.964
dao4 278.135 281.914 290.633 287.523 272.156 237.132 209.345 176.911 162.587 150.010
ri4 147.184 158.081 171.549 183.106 183.977 170.331 147.097 127.152 118.412 123.580
