bu4 348.235 350.220 348.597 351.083 352.243 350.068 337.351 322.114 307.978 287.359
zhun3 258.270 250.008 238.697 215.974 194.578 175.700 162.789 158.627 156.980 166.889
xia4 177.245 202.908 235.470 261.808 285.465 278.992 263.056 237.848 216.137 199.717
ji2 192.825 192.423 196.871 195.341 193.861 189.475 188.391 193.757 207.314 217.684
xia4 229.873 253.526 282.548 312.087 333.007 334.058 315.765 287.370 254.822 230.128
shu2 218.735 207.961 200.777 197.124 194.411 191.699 193.877 206.401 226.817 242.678
qi3 234.477 232.452 232.220 231.168 225.187 204.640 179.938 155.905 145.083 146.736
shi4 159.986 176.789 190.810 208.709 227.006 242.145 237.587 230.025 219.757 207.992
ye4 213.843 214.120 212.845 213.940 216.651 215.237 207.817 198.728 191.676 193.916
dan1 193.470 218.169 234.373 259.872 260.494 267.598 271.953 272.824 269.690 279.664
wei4 279.797 279.671 270.650 254.713 222.253 193.269 163.669 142.242 138.363 152.645
cheng2 206.437 209.721 213.771 212.506 198.891 194.162 191.669 205.131 231.590 256.048
jie2 225.065 223.560 218.368 206.717 187.550 172.534 164.094 167.670 176.528 194.318
ri4 208.734 217.971 234.398 248.348 251.861 254.532 239.121 220.290 202.896 190.559
zhi1 177.772 195.768 204.730 221.226 222.613 226.958 228.163 229.498 233.472 232.539
ji1 230.746 243.828 249.785 248.615 245.347 238.521 235.423 237.861 242.629 246.278
