ming2 225.012 228.445 234.856 237.096 243.810 246.421 259.579 280.263 300.950 311.334
nian2 311.644 305.542 285.492 269.452 244.940 230.581 220.889 225.503 240.187 250.473
ling2 231.347 229.166 224.712 215.735 210.265 213.041 220.427 242.172 268.950 282.715
dao3 275.763 273.261 265.224 239.502 210.464 179.961 153.351 142.243 137.738 151.067
ban1 176.676 204.853 229.083 253.034 269.267 278.643 283.594 289.125 291.628 289.964
zi5 277.132 278.122 268.929 266.708 254.994 244.019 231.034 220.408 215.904 212.967
jian4 214.191 231.827 254.937 274.077 278.824 274.016 265.217 245.718 228.843 215.351
she4 206.880 209.269 218.854 228.926 236.480 247.698 232.913 220.827 207.496 185.870
de5 176.366 178.017 176.746 173.709 171.961 169.099 168.030 170.473 166.616 173.803
ren4 168.885 179.722 186.816 199.402 195.426 202.312 200.222 193.335 179.355 171.908
wu5 174.303 169.862 168.701 172.363 168.100 165.513 157.109 151.690 147.572 151.902
fei1 292.444 299.950 304.695 309.751 310.893 318.448 320.616 325.101 320.341 308.803
chang2 280.908 267.971 249.095 229.941 203.323 185.623 165.537 168.141 172.999 186.504
fan2 177.925 180.163 175.972 167.882 153.372 137.823 127.374 129.498 131.974 148.618
zhong4 168.364 194.810 215.707 212.111 187.989 155.893 123.355 108.477 107.048 115.653
