bu4 326.987 332.242 337.675 332.015 332.669 322.214 327.176 302.978 291.028 282.807
zhi1 289.670 306.797 317.068 323.956 322.921 325.750 327.448 327.394 324.348 316.964
dao5 305.965 294.295 274.723 248.224 218.403 197.491 188.481 184.659 193.593 201.941
shi4 212.305 221.951 237.154 262.552 280.245 290.404 283.408 270.557 251.954 231.246
bu2 211.445 207.787 205.869 202.831 200.100 201.379 207.671 210.161 215.690 217.447
shi4 221.684 227.012 234.201 245.058 256.858 262.222 263.407 256.791 250.707 235.338
na4 232.136 236.490 237.646 232.634 221.508 203.700 199.052 191.371 194.468 199.144
wei4 195.010 207.246 218.359 223.219 216.992 207.211 195.666 181.386 177.686 179.430
jiao4 189.784 223.345 259.056 293.912 319.479 321.914 306.516 276.137 240.478 219.255
gun3 200.869 202.975 200.316 191.765 174.592 155.558 138.151 128.083 128.531 144.518
de5 152.933 161.141 173.416 166.835 170.753 171.272 170.500 165.325 166.769 174.401
xian1 188.684 202.949 219.425 246.249 263.852 278.870 290.204 297.485 299.929 300.766
min2 291.068 264.874 227.165 191.052 162.037 144.722 143.544 155.608 175.463 195.431
liu2 193.366 197.682 196.256 194.011 182.931 185.146 188.642 205.843 230.154 248.820
xia4 256.798 271.960 295.378 312.308 314.724 310.371 292.681 266.199 242.066 219.910
de5 185.774 183.704 178.531 180.682 172.142 169.112 167.053 162.928 162.245 163.672
yin4 168.736 184.411 203.706 227.600 239.436 237.143 222.108 187.666 156.966 146.079
ji4 145.697 153.922 170.075 178.545 175.575 164.450 142.189 123.265 116.344 120.061
