ta1 328.369 326.894 327.977 319.737 324.863 318.758 318.178 320.697 315.430 303.976
xin4 287.877 296.209 309.368 315.439 307.348 288.461 263.449 240.927 222.017 209.559
zai4 236.194 255.089 277.685 297.725 311.250 304.414 290.999 273.320 258.958 243.620
ci4 242.941 233.352 234.094 237.951 242.188 246.080 242.882 233.483 228.975 213.100
qiang2 196.980 194.521 191.898 189.040 181.888 170.172 161.550 160.540 171.995 190.782
diao4 222.561 247.754 274.933 281.288 272.759 253.206 230.223 203.866 187.994 175.431
le5 158.355 157.404 154.066 152.084 147.919 150.044 145.253 145.014 144.427 156.533
tai4 322.319 319.323 326.651 334.563 338.929 347.341 335.439 310.431 282.912 261.809
guo2 207.388 200.196 195.234 181.634 168.328 161.387 160.745 167.605 183.828 196.505
huan1 207.163 221.319 245.217 266.229 297.626 312.555 319.807 321.421 323.897 319.526
ying2 299.036 281.814 261.054 240.806 219.909 199.576 188.575 183.988 192.105 204.428
wai4 222.140 233.641 255.891 267.416 275.554 274.339 265.716 251.789 236.278 219.122
guo2 203.499 196.682 193.275 193.457 187.695 184.283 178.559 178.313 186.097 192.671
tou2 192.086 194.338 193.204 195.423 188.505 175.869 166.448 162.345 171.788 188.111
zi1 198.368 220.856 241.390 261.045 275.764 282.915 283.210 284.249 282.989 272.569
de5 251.815 248.504 241.492 226.677 209.347 191.897 180.861 169.156 167.134 163.091
li4 184.526 197.177 205.666 219.311 220.285 219.367 213.306 202.526 183.819 173.182
chang3 165.341 162.647 153.739 144.267 127.725 113.401 105.121 103.618 109.746 120.444
