zai4 340.751 341.830 329.376 315.551 294.774 279.305 264.907 253.642 253.010 246.060
gai3 226.082 233.660 235.632 228.262 213.201 191.049 171.484 160.986 155.667 156.973
zhi4 172.427 200.234 235.657 261.091 276.933 286.910 278.806 265.755 239.949 222.535
shi2 210.262 201.692 197.404 184.221 175.340 173.382 180.087 187.767 202.451 213.195
ba3 229.999 228.697 221.079 207.031 188.562 177.326 171.312 169.962 178.566 186.191
zhe4 239.738 249.784 267.217 275.580 284.548 298.215 303.434 300.858 299.802 277.433
yi2 257.866 246.973 238.179 230.297 223.594 214.315 206.144 209.912 220.890 227.500
kuai4 229.832 245.783 261.869 269.142 260.956 245.224 221.399 201.797 188.817 182.484
fan3 193.920 198.844 203.785 204.156 198.893 181.464 162.656 143.061 133.705 133.283
hui2 148.235 151.630 154.017 164.049 178.671 183.113 185.856 194.085 210.215 221.232
gei3 216.754 216.861 210.644 201.624 179.383 159.201 142.020 131.858 128.053 134.744
zhi2 148.056 160.151 162.297 166.796 169.126 168.827 178.082 188.661 204.321 216.314
gong1 216.860 251.397 279.247 298.163 294.447 289.519 286.612 291.153 286.506 276.067
yin2 231.633 231.150 224.428 216.550 210.104 211.841 218.148 247.174 276.155 287.907
dao3 275.319 273.462 266.231 247.559 215.555 186.329 157.961 146.375 137.361 144.873
zhi2 149.915 157.893 160.531 160.917 163.725 168.400 171.064 181.473 188.511 199.906
gong1 223.748 253.965 275.192 293.496 300.355 301.554 297.868 303.566 303.419 292.865
zhuan3 262.990 260.659 244.357 223.711 190.607 159.042 134.264 119.790 117.601 127.507
bian4 139.301 168.910 196.045 218.622 222.600 222.435 203.769 185.512 170.124 168.748
shen1 163.024 182.820 209.407 229.901 248.250 259.601 262.029 261.224 264.423 261.395
fen5 252.314 242.006 218.340 193.800 164.652 132.074 112.163 105.718 112.971 127.817
