ta1 310.343 307.627 300.919 292.041 295.216 295.122 302.805 294.746 296.281 288.431
dui4 301.186 305.985 298.713 278.682 248.750 221.891 197.674 190.234 191.140 197.257
an1 254.888 272.235 292.667 299.823 309.444 316.583 313.544 305.688 313.817 307.701
ge1 304.713 305.977 316.144 304.454 303.179 306.652 303.812 291.543 295.765 293.834
la1 317.456 314.616 323.742 319.400 320.544 325.276 319.423 316.150 312.605 308.392
zheng4 315.710 323.240 333.001 331.762 319.945 290.491 263.840 233.841 210.146 194.124
fu3 183.121 182.883 184.621 183.976 173.740 158.021 140.639 126.508 123.092 131.633
chong2 207.411 209.666 212.442 209.806 205.110 195.352 191.656 194.419 203.523 221.033
shen1 236.568 255.930 273.670 292.819 308.261 309.352 304.720 306.729 298.643 286.346
lu2 260.838 244.315 224.084 204.127 191.177 182.339 188.220 206.705 229.057 246.480
sa4 285.378 305.386 318.664 340.184 349.224 346.608 327.984 306.906 279.659 252.979
ka3 228.664 214.558 211.125 209.841 208.650 199.156 183.220 160.233 155.135 147.487
xie2 143.689 147.918 154.834 162.636 171.195 170.532 167.038 166.809 182.500 198.593
yi4 244.853 257.751 270.245 286.861 298.187 304.838 296.976 289.105 274.038 250.787
you3 222.266 211.396 197.877 192.747 178.218 162.358 147.605 137.026 136.832 149.582
xiao4 169.128 202.208 242.678 275.713 294.859 285.709 262.577 227.747 200.529 186.841
biao3 175.576 181.227 182.876 190.045 174.443 155.851 139.879 125.125 120.874 134.007
shi4 264.908 268.169 260.921 257.655 250.515 259.159 254.438 245.185 231.550 218.649
man3 191.864 188.459 181.342 168.637 158.922 142.272 128.674 111.842 106.051 112.568
yi4 111.365 130.567 163.366 184.964 196.534 189.308 170.227 149.675 144.103 148.641
