o1 324.533 319.663 319.628 315.705 306.849 309.507 308.788 300.510 307.261 297.889
kai1 280.011 278.428 290.175 298.026 307.302 315.182 316.812 318.044 318.656 305.787
lian2 294.839 272.874 243.407 216.038 185.407 164.509 163.162 164.197 182.764 189.627
lou5 205.316 215.313 214.045 204.144 189.751 168.756 162.715 151.848 154.636 165.552
zhe4 321.856 328.748 330.556 328.132 315.117 309.018 290.713 267.507 246.063 234.951
han3 217.033 214.370 209.095 207.599 200.090 180.099 156.931 134.194 123.718 125.169
sheng1 159.436 185.998 218.109 243.986 258.833 253.446 255.366 252.916 253.314 249.733
jie4 301.775 306.138 316.108 323.849 323.489 316.502 300.902 280.872 261.452 228.870
zhe5 198.084 198.540 195.142 193.573 184.345 176.027 167.128 167.862 165.585 165.153
hui2 170.588 175.316 188.081 194.758 206.864 202.015 204.055 212.524 234.428 248.207
xuan2 265.423 264.764 258.261 247.053 226.421 197.561 174.430 166.417 175.739 191.559
de5 198.079 195.207 201.607 198.763 196.926 189.098 184.922 177.791 176.580 172.100
shan1 174.128 186.426 203.364 220.683 233.302 239.154 241.931 239.875 243.886 246.051
yin1 241.623 249.945 256.702 255.582 259.829 257.347 257.474 256.755 267.677 276.490
