dan4 343.814 339.022 329.901 327.459 328.918 332.461 327.482 314.798 302.018 288.421
dui4 288.682 299.559 303.767 297.639 279.850 259.831 242.435 231.701 225.112 219.548
duo2 199.420 202.549 210.339 205.636 200.192 197.299 202.565 217.776 243.601 256.120
de2 256.832 256.238 251.590 241.364 230.032 222.154 226.019 233.655 240.681 241.275
jiang3 240.691 244.226 245.004 235.653 213.551 185.231 159.495 142.075 134.743 136.682
pai2 150.781 159.244 167.054 173.217 172.979 165.607 161.769 161.807 179.919 196.664
de5 215.708 227.321 236.418 235.926 234.647 230.521 222.954 215.218 212.864 203.575
qian2 194.556 195.659 202.390 206.569 203.278 197.363 195.607 207.000 233.572 254.942
jing3 259.614 257.769 243.602 218.926 183.378 152.715 126.394 116.206 113.673 124.118
reng2 198.723 206.032 206.511 205.252 204.700 205.001 219.898 237.115 256.655 269.940
gan3 255.303 256.716 254.336 236.018 208.372 175.989 148.332 137.426 127.541 139.589
dao4 152.527 179.940 198.925 200.694 186.225 175.486 162.645 160.891 165.179 179.105
fei1 195.882 220.134 244.906 266.679 288.373 302.922 310.632 315.587 317.149 306.736
chang2 292.285 278.048 259.213 239.023 217.688 196.351 182.853 185.925 196.381 210.626
you3 213.619 204.981 201.454 195.039 184.468 167.220 143.974 135.082 123.312 129.029
xin4 136.297 149.881 164.648 179.555 190.196 192.108 181.031 171.066 159.026 148.115
xin1 154.971 170.981 189.463 204.169 214.844 218.530 217.489 221.885 229.643 236.409
