tiao2 252.091 248.546 252.214 250.987 246.738 241.150 248.169 258.156 277.158 284.582
zheng3 308.678 306.275 298.677 278.785 245.219 211.017 182.083 160.700 160.467 163.731
jia4 187.706 220.143 255.503 278.893 291.831 283.213 267.518 238.557 216.519 192.858
ge2 178.913 177.919 173.205 167.096 159.645 154.203 156.809 160.842 178.890 193.417
xian1 316.928 316.357 312.852 311.927 318.499 316.964 318.452 317.231 316.795 306.798
ting1 295.979 292.245 297.432 298.956 306.531 303.644 303.531 304.491 302.241 301.138
ting1 288.405 284.489 288.521 292.706 294.450 292.883 293.870 294.887 295.006 295.000
xiao1 295.584 293.650 307.663 318.246 324.204 329.902 333.682 330.365 329.783 323.174
fei4 327.627 326.548 332.845 335.669 336.213 322.491 305.365 276.497 251.307 227.222
zhe3 195.449 190.112 186.491 181.583 173.524 162.401 146.507 137.284 134.276 133.740
de5 131.242 137.245 138.125 146.931 149.534 153.652 165.798 167.238 168.545 177.120
yi4 164.067 182.387 194.389 213.546 222.746 222.617 210.906 189.601 162.925 152.060
jian5 149.237 146.763 152.385 148.782 138.622 125.153 115.628 111.335 121.728 137.091
