sai1 348.890 349.744 348.657 347.851 344.214 341.848 335.840 335.420 325.117 309.932
weng1 314.755 316.335 327.810 328.387 325.806 324.687 320.640 321.605 321.709 316.729
shi1 321.387 320.571 326.966 333.887 343.238 348.831 345.216 346.305 346.093 335.901
ma3 331.234 308.111 290.306 259.323 225.042 189.892 161.761 145.444 140.398 141.539
de5 138.458 144.659 153.134 152.908 154.036 150.281 155.157 157.541 159.605 169.306
xian1 185.036 199.531 223.702 249.564 268.283 278.546 287.910 286.904 287.447 287.060
li4 295.448 293.476 284.239 263.070 231.002 197.417 167.033 149.320 142.413 156.076
ye3 195.568 194.321 191.195 194.109 185.135 183.244 175.721 172.453 166.493 172.954
shi4 200.909 210.717 213.047 230.511 241.753 257.947 259.507 258.922 247.829 230.460
you3 205.927 202.059 190.076 181.596 170.923 155.311 138.761 130.196 125.429 133.023
guo5 160.720 174.822 191.290 198.118 204.201 209.781 203.266 197.868 186.996 186.651
de5 147.222 144.955 146.847 141.577 134.170 126.797 119.905 116.636 119.967 116.835
