bing4 340.497 341.808 339.313 341.613 344.965 342.389 335.706 318.378 309.423 290.498
ba3 256.088 232.210 224.151 208.446 190.863 169.600 153.319 158.818 153.027 156.860
zi4 268.126 270.554 275.910 274.998 275.218 278.110 279.733 277.616 272.691 249.481
ji3 243.346 235.238 227.637 216.585 207.638 194.053 175.272 160.620 154.599 151.789
de5 158.178 164.612 170.409 166.429 165.155 166.330 165.394 170.217 173.833 182.512
qie4 198.024 216.907 244.851 279.823 316.652 334.793 328.903 303.313 273.568 247.311
shen1 256.598 259.257 268.273 287.344 304.585 319.363 320.831 331.386 336.329 328.390
gan3 282.675 270.503 256.657 231.388 195.150 161.739 143.644 127.011 119.553 130.733
shou4 162.379 181.524 208.138 219.746 213.622 187.497 158.278 138.948 128.338 134.024
yong5 217.473 217.347 215.624 212.185 200.684 192.036 188.365 192.666 203.551 209.165
min2 193.372 200.073 204.993 206.135 208.151 206.264 215.177 242.104 276.329 292.639
qing2 294.943 292.154 282.801 272.904 253.755 226.268 207.069 208.953 221.364 238.798
ri4 245.685 260.354 280.527 307.202 327.807 324.465 312.214 289.777 259.868 235.881
ji4 226.551 233.927 241.112 248.052 246.483 239.797 226.970 214.625 198.433 183.129
de5 163.767 167.005 165.169 161.753 155.638 147.818 151.005 152.287 150.601 157.535
xing2 168.269 171.306 173.922 174.833 174.312 164.298 155.563 157.406 170.502 186.936
shi4 214.624 231.008 247.142 251.547 238.976 205.864 177.673 151.079 138.999 143.058
ji4 316.606 313.325 311.946 309.654 300.189 304.463 286.625 266.373 245.799 224.875
lu4 222.012 215.490 216.244 208.657 203.373 194.322 180.531 166.817 163.196 155.757
xia4 165.153 177.965 193.733 205.074 208.602 206.593 189.136 166.085 152.255 143.028
lai5 146.259 148.676 148.783 141.834 134.926 126.171 127.904 120.876 137.717 152.559
