di4 353.094 351.317 353.989 348.869 346.851 335.735 330.870 306.561 298.489 280.199
san1 286.445 300.961 317.506 330.229 338.010 337.303 335.686 333.684 331.396 325.688
hao4 328.898 320.494 311.418 302.518 290.664 270.618 248.101 234.765 227.764 223.053
han4 221.401 230.109 250.105 272.460 296.178 301.220 295.106 273.407 256.351 237.866
jian1 228.166 240.242 259.169 274.459 289.552 293.184 295.483 296.579 299.873 295.323
tou2 272.145 258.453 246.333 234.997 216.582 196.419 185.725 178.261 187.152 201.424
mu4 203.274 221.431 236.923 237.390 227.628 214.098 198.765 181.308 175.578 177.203
zhou1 191.105 220.133 254.282 287.083 305.481 315.650 320.210 320.861 318.443 314.031
fo2 301.580 284.970 264.595 236.154 212.577 188.502 183.157 193.495 212.907 232.321
hai3 254.978 245.677 243.771 231.699 215.725 188.186 152.973 131.380 125.147 127.454
de5 137.418 143.252 155.534 153.177 157.864 162.314 161.471 158.260 158.979 169.345
si1 186.303 201.596 232.922 256.112 283.140 298.530 306.121 308.589 308.110 304.090
yu4 278.726 274.567 259.726 239.212 201.737 175.020 137.720 121.664 107.757 108.546
tu1 293.589 296.868 295.285 293.198 302.161 308.755 308.406 315.565 314.662 304.654
ran2 280.116 262.096 235.749 210.038 184.556 170.145 160.503 172.010 186.020 200.685
nong2 199.758 196.917 186.851 169.742 153.894 143.400 150.437 164.898 182.657 202.870
yan1 207.545 235.756 260.524 277.493 284.715 286.599 286.026 289.940 292.994 291.325
gun2 284.557 261.143 230.910 193.580 162.408 145.940 147.694 164.489 186.531 206.676
gun3 228.807 222.226 206.148 179.282 148.282 119.168 102.089 100.589 105.496 119.040
