jie1 345.224 347.900 348.367 351.215 354.235 358.668 360.129 363.748 357.790 346.917
tou2 322.526 304.578 279.823 258.767 224.362 203.101 187.125 185.011 194.714 201.780
de5 207.119 213.987 215.323 207.808 198.291 191.230 189.390 190.989 194.082 195.672
la1 194.256 213.499 241.022 261.656 275.069 282.020 285.129 285.811 290.968 289.186
ji1 292.265 294.750 303.104 309.666 320.453 324.543 326.292 328.003 333.565 326.808
tong3 290.151 272.104 250.282 220.769 187.834 162.729 143.503 126.444 125.230 133.942
yao4 253.158 265.384 260.400 253.813 240.029 225.106 216.957 203.294 201.106 210.493
yong4 200.852 225.739 253.101 288.754 311.191 309.671 298.246 274.770 249.431 231.263
yao4 238.508 247.394 256.747 263.804 258.444 240.056 219.862 201.412 188.852 184.570
pen1 192.610 203.869 223.820 248.634 276.842 289.422 294.530 302.291 310.090 308.707
sa3 289.918 277.500 265.192 241.520 215.018 182.366 151.409 132.937 129.377 133.386
xiao1 166.054 186.298 222.996 253.297 285.170 300.226 308.331 315.040 320.577 315.645
du2 286.808 267.165 243.298 215.569 191.135 172.162 167.365 176.012 192.949 205.519
deng2 201.557 198.162 194.940 184.200 166.454 155.059 153.207 164.238 179.881 197.501
deng3 211.820 207.512 198.635 177.318 150.562 124.462 105.022 105.155 108.245 117.597
