zhuan1 342.627 344.615 344.404 340.623 337.221 335.790 333.126 327.813 329.812 316.786
jia1 315.195 319.156 327.590 328.712 328.501 326.087 325.799 320.886 319.309 314.104
ren4 313.955 310.165 319.582 312.829 304.329 287.937 271.383 246.752 227.430 208.799
wei2 185.582 178.995 169.074 160.958 161.424 160.428 172.614 173.415 185.767 198.662
gao1 327.180 337.395 342.793 338.590 333.359 337.785 342.188 337.480 336.622 333.524
xing4 320.420 316.122 327.353 324.709 322.470 308.288 283.115 252.484 227.900 208.448
neng2 188.922 182.274 177.967 165.759 157.061 155.188 161.090 173.522 197.180 218.477
nai4 240.576 269.754 300.481 323.043 339.152 333.861 313.436 283.832 250.987 228.452
huo3 200.811 191.159 188.420 193.189 193.061 182.095 162.960 143.008 137.782 143.594
nai4 171.673 198.287 231.529 257.776 275.358 279.017 265.119 240.446 220.676 205.717
hou4 201.741 205.127 216.199 233.741 246.833 249.940 231.819 207.200 189.238 176.639
gang1 179.946 213.943 246.112 268.522 268.423 262.358 262.475 265.863 269.288 273.473
tian2 225.692 225.128 222.579 221.113 211.914 208.206 205.496 209.784 219.667 227.778
bu3 237.985 238.859 236.812 225.831 211.674 192.391 164.701 147.513 136.555 134.721
le5 132.686 136.047 148.667 151.973 154.536 158.328 157.175 158.965 163.007 169.973
guo2 171.793 178.033 186.804 187.702 180.871 175.886 176.827 187.765 207.146 225.088
nei4 247.032 262.955 288.641 299.997 295.356 288.408 264.216 231.000 206.445 188.118
kong4 182.039 192.273 215.090 246.177 262.390 267.106 244.259 207.913 172.798 150.254
bai2 171.011 161.758 154.825 143.384 126.075 112.745 114.997 125.946 150.733 176.801
