jue2 244.675 244.451 243.828 241.846 240.156 245.426 248.859 262.438 287.087 296.065
mei2 305.485 301.999 293.074 290.176 276.342 270.065 259.124 258.699 262.775 267.432
you2 280.907 262.263 237.809 213.745 188.474 179.448 185.137 202.337 221.268 231.371
wang3 227.810 223.614 216.147 203.436 186.451 170.520 162.579 157.637 157.571 169.141
qiu2 184.289 193.664 199.511 209.526 212.959 211.629 214.296 228.039 247.311 262.135
chang3 275.430 269.928 262.282 244.363 217.314 185.160 158.352 143.306 140.512 149.913
luan4 161.592 194.669 231.368 258.694 278.757 276.980 263.048 236.386 219.310 205.170
zhi4 216.954 227.744 236.050 243.519 239.306 238.638 227.614 218.672 211.954 201.953
za2 190.262 190.417 192.049 186.924 173.699 163.592 158.343 163.449 180.748 201.542
wu4 206.020 225.695 247.163 255.377 249.085 233.840 213.198 197.274 184.518 181.075
luan4 199.293 229.860 268.034 304.582 327.841 328.460 311.372 280.144 247.778 225.266
qi3 200.833 192.124 183.399 182.566 177.030 170.054 156.719 141.711 135.381 132.559
hong4 151.897 173.519 203.021 230.593 259.836 269.748 255.972 231.956 203.032 185.161
de5 167.922 172.012 170.618 159.646 155.635 149.864 143.581 139.172 137.804 145.501
cu1 282.759 280.440 282.944 286.814 305.523 317.234 327.187 336.747 336.297 323.048
lu3 292.017 274.350 260.008 246.537 223.281 200.782 176.232 150.773 134.147 127.326
xing2 147.941 149.961 153.257 152.364 160.404 155.245 156.275 163.492 156.395 157.909
wei2 151.269 150.000 140.205 131.245 123.814 114.010 110.343 122.873 136.402 149.393
