shi2 258.895 258.086 257.469 256.175 252.633 247.011 249.483 257.278 277.293 280.436
dai4 295.082 315.953 338.265 339.184 331.131 315.914 295.177 273.197 256.010 246.220
da4 257.562 277.789 305.226 323.866 332.327 319.802 305.257 282.364 257.427 241.274
ba4 244.644 255.728 270.288 276.262 275.508 261.377 246.434 230.811 218.413 211.279
shang4 203.925 220.575 235.290 236.835 224.711 201.102 178.456 159.908 157.194 165.255
na4 173.296 199.197 222.419 236.318 243.491 233.744 217.353 200.768 195.434 200.138
wei1 184.874 203.531 232.583 257.633 277.545 285.415 292.134 296.510 300.537 295.269
wei1 292.427 298.443 306.954 308.458 307.009 305.529 306.057 306.919 301.452 293.424
de5 270.206 262.245 252.137 232.697 212.998 196.843 181.991 169.380 163.207 158.305
chan4 248.636 256.297 274.232 292.267 296.209 290.847 268.087 226.727 193.311 172.887
dong4 173.927 189.713 199.949 200.387 178.890 154.927 122.977 103.164 100.882 110.103
