chan2 242.093 238.856 233.488 228.986 217.509 209.674 212.018 228.878 247.919 261.632
pin2 275.724 266.796 259.908 242.111 229.899 215.552 213.244 226.052 247.390 258.407
yuan3 247.757 244.324 236.838 223.429 206.817 182.258 158.240 142.479 138.753 144.532
xiao1 160.832 187.783 216.399 240.755 249.027 244.544 247.848 244.122 245.594 244.589
ri4 262.035 275.991 296.743 316.246 340.119 338.085 331.399 302.569 264.778 237.318
ben2 220.138 207.974 190.235 166.843 156.020 145.230 157.999 168.653 189.689 207.560
mei3 204.765 214.172 210.071 205.769 195.179 186.826 168.019 161.732 158.686 154.115
guo2 170.484 177.281 183.069 176.451 171.528 166.497 175.183 189.410 212.541 225.583
han2 211.864 210.843 208.602 205.095 197.541 189.246 191.889 213.309 242.625 269.662
guo2 257.597 247.258 228.055 201.568 173.944 157.441 159.383 171.399 190.139 208.644
ou1 279.917 297.473 312.290 318.403 328.608 326.795 334.252 340.351 343.650 334.069
meng2 320.799 299.989 264.918 233.067 207.136 187.899 185.655 200.572 223.393 236.009
deng3 222.822 221.541 215.679 202.474 180.682 155.222 134.171 123.821 113.613 120.987
guo2 129.556 136.548 139.558 135.436 128.887 127.817 130.714 139.956 161.733 179.857
