ke2 245.585 246.770 249.259 251.108 247.853 247.604 254.481 261.719 280.994 288.392
zhuan3 303.842 305.450 300.062 282.010 249.119 213.630 182.452 159.015 157.619 161.350
huan4 162.740 187.364 211.723 221.691 232.204 211.434 202.468 176.730 180.902 186.256
jin1 202.665 223.125 248.039 276.988 296.730 307.790 320.154 329.823 331.317 332.372
rong2 305.449 282.750 259.708 233.759 208.242 186.361 183.041 186.113 203.845 220.459
zhai4 233.761 261.925 289.690 304.733 300.927 284.111 269.462 236.806 215.412 203.846
quan4 191.770 206.186 223.813 228.486 214.972 186.089 162.003 143.826 143.954 156.537
chu3 239.554 241.452 235.881 235.733 227.460 215.951 194.935 178.481 172.023 167.163
xu4 202.309 221.728 234.467 268.152 289.060 309.628 299.398 292.757 273.753 250.144
zhai4 268.765 285.203 301.715 318.754 327.109 312.573 301.541 279.809 258.082 237.435
quan4 229.617 238.115 255.164 277.906 290.880 285.705 264.371 241.619 221.176 203.052
deng3 182.700 184.727 182.581 172.870 157.799 141.102 131.186 126.349 129.898 145.676
zhai4 180.546 210.900 243.047 271.404 288.921 292.505 283.195 261.918 245.694 227.429
quan4 208.840 211.779 223.835 233.902 240.535 234.653 218.006 193.989 185.727 174.518
pin2 176.641 177.784 177.876 180.994 187.082 186.791 188.101 197.951 219.939 235.929
zhong3 246.950 243.483 227.689 201.586 164.531 140.808 125.379 127.917 136.619 152.612
ye3 180.507 187.505 189.249 193.994 183.957 174.088 166.489 153.135 152.558 160.346
bei4 190.469 218.797 251.221 278.625 294.097 298.944 287.496 262.629 234.144 215.682
shou4 209.597 214.961 217.599 228.431 226.879 218.359 199.124 177.454 162.402 157.264
tui1 169.139 183.333 200.432 216.325 234.902 245.789 247.958 249.599 253.440 253.015
chong2 239.068 221.365 195.842 167.914 139.056 115.287 111.488 115.606 141.901 161.339
