dan4 346.117 346.531 343.782 339.120 340.863 331.777 324.052 310.035 298.675 283.937
zai4 295.904 303.760 310.747 308.369 305.051 294.279 285.222 272.992 261.710 253.124
ben3 216.488 218.494 218.984 205.991 191.187 169.136 153.025 141.032 132.972 143.154
zhi4 174.030 195.034 226.442 246.071 262.073 270.558 264.255 252.979 234.491 222.369
shang4 226.191 238.326 243.394 239.311 223.641 205.345 188.801 178.193 179.913 186.641
dou1 212.771 237.088 257.794 283.543 300.347 306.247 312.272 315.841 319.865 316.729
yu3 285.327 264.350 249.198 226.564 209.878 192.132 175.933 167.045 161.186 162.597
diu1 167.992 191.641 214.213 234.098 245.315 249.692 252.553 254.680 256.268 258.312
diao4 255.570 265.271 270.776 269.707 251.172 230.539 209.304 188.362 178.797 170.440
le5 162.211 158.658 160.622 149.599 144.297 144.530 143.265 145.221 148.130 156.716
jian1 174.001 196.384 222.354 250.869 271.983 284.588 292.698 298.666 304.825 303.603
ku3 270.783 248.730 240.630 226.080 212.717 194.518 168.149 144.647 138.059 139.661
fen4 157.136 180.643 213.768 242.367 267.980 283.644 272.348 248.276 225.153 203.473
dou4 216.517 233.066 250.439 255.659 249.861 240.329 220.511 201.323 187.920 176.412
de5 161.808 166.863 170.035 161.777 155.066 155.127 150.438 149.302 155.075 166.661
jing1 179.892 203.787 227.996 253.451 269.820 286.145 293.856 303.705 307.191 302.643
shen5 289.258 277.847 266.249 257.128 241.288 221.131 195.236 173.588 162.587 163.477
zhuang4 180.711 207.940 230.212 249.531 243.955 228.336 202.574 167.048 143.697 134.616
tai4 155.443 171.186 194.325 207.478 202.838 186.108 152.173 125.985 116.801 120.606
