yi4 322.567 326.130 325.539 330.443 329.404 327.229 328.356 313.982 304.002 285.309
shou3 269.596 264.302 262.987 250.274 235.086 209.924 182.806 159.737 151.132 148.483
ju2 161.698 172.559 176.264 184.444 194.398 201.267 207.555 216.230 233.806 241.341
san3 258.047 255.146 236.379 208.197 177.162 153.321 138.410 130.110 134.361 150.377
yi4 312.729 311.802 319.456 315.571 322.314 322.321 321.057 299.871 289.146 270.680
shou3 244.959 239.017 235.467 222.850 208.264 186.760 164.106 147.533 142.438 152.027
nie1 181.620 204.068 227.407 251.436 274.991 281.608 289.621 295.980 299.315 295.595
zhe5 282.659 277.447 266.162 248.231 225.996 205.102 193.712 185.393 187.131 193.386
xiang4 198.319 220.882 252.712 292.038 319.994 333.648 323.065 294.098 264.978 233.716
pi2 218.083 204.009 196.610 196.400 199.890 197.983 192.324 190.768 198.940 204.113
shui2 224.426 224.752 221.287 221.231 216.056 203.262 194.591 200.204 215.741 231.484
guan3 232.866 231.810 215.740 191.077 154.011 131.947 115.705 116.179 124.714 144.958
ta4 213.572 229.165 253.857 280.747 303.404 310.040 300.894 275.199 246.358 228.602
shang4 213.079 218.878 228.482 236.098 231.961 218.869 201.876 182.730 173.197 170.928
mu4 196.454 198.952 201.072 202.812 201.423 201.294 199.869 197.771 194.896 181.616
ti1 172.864 183.798 192.730 205.005 226.349 243.548 245.698 250.550 251.418 247.060
zi5 232.555 225.458 212.185 193.156 169.375 145.798 127.011 120.819 127.348 135.399
