xi1 363.595 366.092 363.035 365.410 366.562 369.023 369.713 367.784 360.438 351.972
liu2 313.796 287.568 249.972 210.906 180.665 165.912 166.769 181.321 199.492 208.941
he2 229.274 228.696 228.006 235.412 237.370 235.207 228.576 230.224 241.099 243.002
ni3 266.619 258.258 247.590 237.996 220.369 202.706 176.686 164.262 157.743 153.405
de5 159.014 165.878 165.754 170.257 170.906 172.585 179.686 183.323 190.456 195.114
shi4 205.920 219.353 238.952 267.700 295.700 315.459 315.659 298.333 271.623 243.659
xian4 226.989 229.053 237.048 239.936 233.186 216.383 196.845 175.232 163.913 161.240
yi2 158.853 162.268 163.795 171.272 173.516 175.736 179.992 190.228 211.142 228.004
bing4 243.553 268.217 278.800 273.715 242.779 206.173 167.368 141.128 132.015 145.154
xiao1 330.455 332.391 328.330 331.597 333.292 330.531 328.833 328.797 327.185 319.264
rong2 292.560 272.185 247.785 223.908 197.857 180.699 175.386 178.948 192.001 207.706
zai4 189.384 212.295 226.131 223.379 204.177 184.687 166.941 156.190 155.214 165.632
yi2 168.113 174.354 183.749 185.424 187.386 185.603 192.364 206.662 231.814 246.325
pian4 248.401 267.605 284.146 292.683 280.651 260.858 233.753 214.371 195.334 192.206
weng3 197.424 204.768 204.939 204.668 197.913 181.459 166.105 151.380 148.916 155.427
weng5 174.965 196.649 223.451 248.477 269.713 277.349 273.017 260.916 245.400 236.967
yu4 243.210 246.887 255.132 273.967 281.312 280.054 270.025 249.114 225.718 209.304
yu4 225.575 228.541 238.005 252.530 263.938 262.013 248.935 226.886 203.459 188.413
de5 163.575 165.243 165.887 160.181 154.241 150.904 150.517 146.086 147.811 158.438
sen1 190.455 205.907 225.917 248.305 269.087 281.680 293.854 303.060 302.555 296.416
lin2 289.033 268.031 240.471 214.480 190.044 170.007 163.994 174.260 190.962 203.036
li3 214.963 203.864 185.517 165.834 141.753 118.945 106.772 107.426 115.146 132.790
