zhi3 262.912 259.629 256.102 250.310 241.888 235.611 231.659 229.290 231.151 234.718
jian4 234.504 260.737 290.660 316.095 326.491 319.717 301.599 282.592 262.251 241.333
yi2 214.339 200.418 198.624 195.891 191.448 194.811 200.185 221.379 243.664 254.774
jia4 260.151 280.931 288.643 281.571 262.375 237.875 213.713 203.189 200.512 202.165
ju4 212.915 234.532 266.478 303.597 331.867 348.867 344.361 327.432 303.214 272.364
da4 269.951 279.121 286.284 288.799 276.788 253.465 234.649 215.103 205.070 202.438
wu2 184.284 180.844 183.183 186.044 187.652 191.796 204.328 233.628 265.801 280.305
bi3 288.219 279.997 272.573 258.593 230.264 198.972 170.043 150.095 141.151 142.572
de5 139.539 147.995 152.970 154.509 153.398 155.373 161.398 164.778 168.622 176.751
shu4 178.676 195.829 218.248 249.661 278.897 294.687 287.906 267.566 237.210 208.071
qin2 203.587 197.613 192.729 182.290 173.078 162.535 167.272 170.598 193.756 218.336
jia4 321.020 330.565 345.363 348.762 333.766 310.594 286.860 261.364 239.891 230.425
zai4 214.538 230.515 241.403 235.745 216.534 202.149 187.467 187.483 193.030 198.862
bu4 218.605 233.473 252.973 274.057 286.894 302.894 301.558 291.558 277.634 249.262
yuan3 228.417 224.332 212.328 199.759 177.080 153.236 134.925 120.975 120.976 133.345
de5 142.736 148.137 161.061 157.389 163.545 163.323 167.703 167.009 171.121 176.477
shan1 191.462 209.213 231.618 251.876 278.645 290.310 306.728 316.086 319.565 313.186
liang2 294.909 271.953 234.564 198.201 162.227 136.292 132.255 138.917 164.526 182.500
shang4 213.030 226.825 242.400 242.111 219.377 184.451 145.643 117.329 104.026 109.277
