zhe4 368.664 368.365 366.602 367.073 366.065 358.050 350.366 328.802 312.374 291.121
zhong3 267.162 256.838 241.820 214.552 185.123 168.413 158.747 158.166 164.425 176.898
huan2 188.950 193.242 203.266 207.454 209.921 205.064 207.493 225.169 254.123 277.461
bao3 292.851 287.015 278.348 263.113 236.294 205.593 180.183 158.111 148.686 152.146
xing2 157.880 163.977 175.463 173.602 176.193 171.033 177.766 187.763 211.937 229.161
ke3 227.177 228.379 228.245 224.167 220.305 200.433 180.219 158.150 150.866 155.388
sheng1 173.272 193.539 222.377 255.141 280.913 300.871 311.132 317.239 321.556 316.236
wu4 329.847 322.768 319.451 311.945 298.260 276.205 247.296 225.897 204.879 197.937
jiang4 204.926 232.447 259.170 280.335 284.842 268.722 241.637 211.160 187.425 174.424
jie2 172.617 171.650 170.476 173.866 173.529 171.837 165.662 162.935 169.500 176.913
chan2 193.441 196.323 190.732 186.822 174.314 168.413 161.989 173.775 182.950 199.587
pin3 208.939 207.738 201.266 187.367 164.969 136.789 111.251 101.109 97.922 104.802
