fang2 251.666 245.821 239.051 234.382 221.494 222.405 228.944 247.936 266.828 283.589
hong2 283.338 271.575 258.161 240.848 216.274 198.083 188.898 196.010 215.882 234.565
xu4 274.128 284.442 306.017 328.933 346.956 349.417 339.255 319.404 290.772 261.835
shui3 239.680 229.898 221.757 202.103 184.541 165.496 151.850 140.697 143.937 158.314
jiang4 197.333 232.969 271.301 298.309 316.437 308.116 286.437 254.626 226.478 208.151
jie3 198.492 198.095 195.043 195.542 188.103 175.355 157.018 143.462 140.757 148.222
wu1 157.855 179.317 210.655 238.718 272.679 285.289 293.409 300.967 304.738 296.777
ran3 273.821 257.529 228.570 194.893 164.223 136.345 120.847 110.609 113.213 130.014
jun1 310.640 319.605 318.183 317.162 315.791 314.422 316.354 317.350 314.325 308.793
ju4 315.536 318.046 312.391 302.085 297.224 286.018 277.083 260.039 244.215 227.923
you3 200.074 192.499 183.176 171.452 161.484 149.654 141.433 138.291 138.473 151.744
zhong4 184.065 222.472 265.143 300.231 326.356 331.827 319.360 291.253 256.093 229.817
yao4 235.634 239.864 249.008 249.719 246.973 235.188 217.796 203.909 187.888 182.103
de5 170.815 171.084 168.456 164.377 162.539 156.626 154.438 156.281 152.587 158.502
zuo4 157.125 183.073 202.364 225.932 233.384 231.111 216.780 191.075 165.930 155.485
yong4 140.663 147.205 162.483 164.232 156.069 140.473 120.398 105.605 106.642 111.403
