fa1 344.596 342.423 341.149 334.903 328.557 322.593 322.792 311.786 305.772 296.776
hui1 282.088 281.478 289.411 292.903 294.828 300.127 299.592 301.715 302.707 297.104
dui4 296.237 301.688 294.335 277.783 251.989 229.326 213.241 203.378 202.317 209.158
shui4 218.476 241.810 274.287 307.110 340.470 347.203 339.148 307.545 278.888 254.331
shou1 249.739 257.155 278.132 299.505 316.562 322.015 321.149 322.001 317.597 305.701
zhi2 288.217 271.972 259.291 235.201 216.326 203.040 205.818 221.850 237.805 246.412
fa3 253.953 248.965 250.856 240.491 220.862 193.358 164.706 144.008 137.325 135.130
quan2 154.889 160.236 171.957 171.980 170.549 157.486 160.390 164.304 184.281 202.316
he2 213.950 213.746 215.363 214.911 210.358 205.167 196.786 195.283 209.497 211.189
xing2 219.411 223.155 229.583 231.593 226.620 210.856 200.235 205.173 223.994 240.318
zheng4 267.571 291.930 317.051 325.342 319.688 298.916 269.205 246.169 221.181 203.898
guan2 202.757 204.602 205.584 198.084 185.342 174.363 178.086 193.181 206.516 219.593
li3 240.532 235.688 230.804 227.450 210.548 184.785 158.972 138.834 128.259 125.062
quan2 180.644 179.620 179.068 174.558 166.248 158.020 151.134 156.304 169.139 189.498
de5 187.850 189.796 204.273 200.403 193.200 185.974 175.649 175.308 172.860 175.435
jian1 177.031 195.081 235.116 261.873 272.756 284.228 286.407 283.606 283.424 281.610
du1 272.800 274.139 288.265 292.859 292.209 296.723 288.757 283.715 283.782 275.969
zhi4 298.015 307.479 303.279 292.461 272.233 250.586 220.592 202.701 181.485 177.684
yue1 191.322 196.704 205.093 218.619 233.987 241.367 243.172 241.224 243.212 248.099
zuo4 237.104 248.308 257.299 267.237 262.483 238.374 211.888 180.140 161.013 147.566
yong4 141.897 151.164 164.416 165.757 161.304 145.553 122.320 108.536 107.535 114.634
