ba1 339.717 344.690 343.964 340.092 350.048 353.195 352.828 356.681 356.054 346.496
yi3 321.182 293.111 264.999 225.274 193.097 176.083 159.014 159.223 160.681 163.237
he2 185.704 191.244 201.626 207.507 212.157 207.627 204.182 212.283 233.221 246.393
shi2 260.241 257.114 255.408 253.591 247.049 234.591 223.874 220.903 228.758 227.569
cai2 234.132 231.151 230.109 232.468 225.629 211.985 199.421 193.547 201.378 207.111
neng2 218.346 219.507 215.296 215.441 210.011 206.785 205.860 210.788 220.310 222.664
zou3 223.921 225.531 221.917 219.008 199.440 173.727 147.687 131.477 121.970 125.759
chu1 225.064 235.104 241.820 251.509 256.052 257.026 263.988 260.090 255.169 249.515
yuan1 244.198 256.911 271.639 279.934 287.284 280.899 282.112 286.329 286.170 285.897
yuan1 269.721 276.352 282.937 285.997 285.695 278.401 272.763 277.043 275.552 274.663
xiang1 281.179 283.060 288.564 294.750 298.027 299.444 294.391 297.861 298.613 297.315
bao4 318.422 321.212 323.783 320.403 306.946 283.423 252.509 230.565 208.510 196.677
de5 166.726 166.441 168.373 166.422 155.799 151.192 146.622 147.569 147.780 156.403
xun2 167.995 175.178 186.762 195.657 199.477 195.024 195.884 206.980 232.949 254.691
huan2 268.688 259.217 246.094 231.307 210.070 188.141 170.570 167.827 177.336 201.031
guai4 218.696 246.702 271.729 286.264 275.265 255.620 228.010 193.350 169.810 159.913
quan1 183.200 201.121 226.308 243.081 250.395 250.002 247.953 239.776 246.636 255.661
