chen4 357.244 361.366 362.103 361.476 360.653 348.521 332.159 317.096 294.850 277.214
yi1 259.670 270.830 282.273 295.016 297.344 296.723 298.055 301.801 298.963 287.349
ye3 265.670 249.893 240.271 228.732 214.824 198.850 185.545 170.280 162.272 164.259
shi4 159.653 180.102 203.287 217.720 228.180 219.715 210.076 193.835 187.641 188.345
bu3 193.124 199.537 201.492 201.896 199.873 183.927 172.005 159.181 155.068 160.782
ding1 180.810 216.984 247.959 272.578 282.237 283.155 286.370 294.107 297.190 294.243
luo4 311.762 318.683 329.659 337.172 340.422 329.068 314.752 289.945 260.340 240.922
bu3 210.247 203.707 194.397 188.594 175.383 161.236 146.384 135.130 131.206 137.217
ding1 168.263 198.632 222.765 243.297 254.817 261.761 264.809 273.447 278.650 275.254
de5 245.681 239.782 226.453 205.868 184.814 173.668 163.778 160.788 163.145 169.867
cu1 187.029 198.207 226.748 253.433 286.900 308.828 320.163 325.664 326.057 322.016
bu4 323.915 313.815 310.541 299.718 285.907 265.717 234.028 204.777 183.146 170.847
chen4 222.722 224.038 216.773 218.412 210.875 200.540 184.735 166.785 155.338 142.986
yi1 146.392 161.769 184.574 200.011 222.658 231.109 234.783 240.060 245.265 248.876
