shi3 272.356 267.312 263.612 259.454 244.432 235.887 223.827 217.840 215.051 216.311
ta1 221.943 234.696 260.447 278.435 287.485 299.686 304.194 308.141 310.902 308.382
men5 317.154 307.909 306.149 298.061 280.576 269.740 249.415 238.094 228.157 223.021
wen2 192.011 185.646 184.994 181.578 169.619 166.956 168.040 178.692 196.991 214.463
dao4 226.481 247.985 268.258 270.097 262.769 250.072 229.417 215.521 202.204 195.681
le5 181.792 177.900 176.993 170.693 162.955 166.650 165.217 168.802 171.722 174.240
bi3 189.197 196.548 199.612 197.993 193.145 183.656 174.297 164.108 162.861 171.155
xiang1 198.625 221.479 248.900 276.082 300.118 318.885 327.770 339.613 341.866 337.922
huo3 325.586 301.074 285.232 259.805 233.974 203.140 169.313 146.048 140.476 142.512
geng4 164.953 198.857 237.962 261.068 266.886 259.387 238.371 214.133 196.278 183.556
nong2 174.984 173.968 171.171 165.127 153.995 149.494 149.669 161.954 182.459 202.440
de5 201.638 208.066 220.238 215.560 215.831 208.848 199.423 188.211 182.413 174.863
dong1 181.950 209.841 226.928 244.485 241.316 243.920 243.968 247.319 251.693 254.804
xi5 256.990 246.919 235.150 219.833 196.692 169.270 139.278 126.955 122.121 128.272
