hai2 232.507 232.805 226.278 229.470 212.161 207.300 202.368 209.403 219.624 229.066
shi5 262.740 271.089 281.881 298.893 306.245 317.278 315.476 306.968 304.044 290.765
bei4 303.564 312.022 324.035 333.172 331.929 329.801 325.192 310.547 299.697 287.277
po4 270.591 271.731 280.216 282.078 272.635 261.225 242.424 221.412 212.686 205.894
tao1 218.916 229.457 251.120 276.648 301.184 312.124 318.973 322.548 327.805 323.655
wu3 306.419 283.220 263.690 238.456 213.549 185.960 162.985 144.700 140.753 140.488
yuan2 152.316 157.066 155.792 156.201 156.488 155.837 161.665 168.406 186.629 202.985
qian2 219.124 216.216 212.607 194.342 175.911 162.000 164.820 176.523 202.603 227.967
mai3 205.779 204.673 209.606 205.445 193.027 184.002 174.309 171.225 167.172 174.988
le5 150.997 148.448 157.475 166.934 168.132 173.198 171.623 175.910 176.715 183.557
zhang1 194.036 219.864 248.823 271.344 280.470 278.643 278.766 278.394 276.515 273.386
ha1 273.367 271.208 276.481 281.306 287.247 290.558 286.684 287.958 289.313 285.836
ju2 263.992 246.276 225.211 199.732 179.112 168.287 167.758 175.981 190.864 200.692
sui2 193.927 198.155 205.711 208.151 199.081 189.164 184.334 193.924 215.905 242.937
lie4 258.917 279.155 297.639 306.195 297.119 278.564 248.422 225.097 199.872 190.877
wen2 163.125 161.104 163.434 164.784 158.647 157.963 163.003 173.674 198.218 224.665
hua4 231.934 240.620 258.012 275.816 288.565 294.339 279.551 255.669 233.690 214.266
che1 198.136 203.175 214.570 235.771 259.011 275.594 281.430 280.965 280.724 271.463
xiang1 265.950 266.056 275.817 286.292 290.864 296.104 291.455 288.743 290.695 285.698
qu1 271.482 263.379 270.379 277.367 289.502 302.900 302.627 297.843 291.970 283.391
duan4 284.414 284.732 290.239 278.720 260.894 224.965 194.752 157.596 146.150 133.789
piao4 150.755 165.349 191.064 208.106 204.767 189.139 156.051 126.331 114.660 117.432
