zhe4 365.783 365.789 368.960 368.041 370.598 369.931 358.589 336.063 317.975 290.763
yi2 262.206 248.319 238.582 233.280 221.681 218.515 211.747 216.966 220.593 226.944
quan4 240.673 254.908 278.752 296.560 310.996 304.859 290.569 264.914 246.507 228.960
gao4 240.579 256.526 269.874 275.172 266.495 248.121 229.456 212.284 203.584 193.964
yin3 201.092 195.726 196.927 192.396 181.271 168.942 153.289 142.053 132.633 126.608
han2 143.177 147.947 155.835 161.833 169.679 167.187 164.673 169.069 185.519 203.645
de5 219.674 231.707 236.786 232.722 229.692 227.707 223.616 219.132 216.814 210.500
ling4 209.909 232.009 259.921 286.573 304.064 303.206 291.653 269.065 243.636 226.030
yi4 215.542 213.934 210.570 210.266 201.390 208.628 213.158 214.639 202.724 200.598
ceng2 187.077 176.813 173.532 177.483 173.091 171.432 162.029 160.352 164.994 177.977
yi4 193.332 206.564 223.951 235.426 248.823 251.345 240.328 227.784 202.750 185.506
si5 180.408 178.245 176.517 181.109 181.689 186.023 173.779 166.836 158.659 151.565
shi4 146.906 161.058 178.379 193.147 189.769 177.012 157.148 140.896 134.214 144.397
