bing1 352.660 348.361 347.130 342.905 344.213 344.585 344.397 351.082 349.164 341.317
qiang2 318.557 296.513 270.924 248.053 221.260 205.656 198.483 206.707 223.304 236.626
ma3 264.306 256.917 246.911 227.632 206.795 178.327 157.644 146.842 139.794 146.648
zhuang4 186.770 220.819 255.063 269.444 275.544 262.385 239.729 218.151 199.512 183.904
de5 174.869 177.274 176.933 175.987 173.735 172.433 167.472 168.931 168.563 170.800
liao2 164.651 166.089 169.471 167.864 163.520 161.079 165.522 179.488 207.256 227.497
ning2 244.534 239.284 227.818 211.684 189.632 171.967 164.399 168.373 188.471 204.815
dui4 220.975 247.227 262.008 252.814 215.476 181.163 143.809 123.126 118.050 131.253
qing1 313.618 314.652 308.237 307.969 311.756 311.330 309.006 312.142 312.295 310.621
qu3 286.693 268.882 255.504 229.106 204.818 183.597 159.753 149.224 144.967 152.179
que1 172.648 190.292 217.815 243.297 270.560 277.670 283.618 282.306 279.181 275.839
bing1 280.574 288.333 298.666 309.733 317.710 316.982 318.786 321.311 326.408 319.794
shao3 302.048 287.653 276.713 255.747 232.758 202.286 172.625 146.868 141.118 140.146
jiang4 160.915 191.781 225.999 249.247 258.316 252.046 230.076 208.176 188.210 172.378
de5 168.735 170.892 169.942 166.630 164.924 160.253 157.328 159.401 159.492 165.931
shang4 187.957 210.397 242.469 273.914 299.278 305.704 291.401 260.607 228.818 201.492
hai3 194.516 187.546 189.492 186.300 182.012 165.719 143.179 120.016 114.676 116.005
dui4 136.885 162.925 191.596 202.312 195.423 179.303 154.480 138.738 133.888 136.781
