she4 359.567 360.738 358.112 363.195 362.379 360.001 342.683 324.807 299.415 277.773
lun4 280.290 287.306 293.870 291.392 275.727 248.859 224.361 205.167 195.449 193.828
ti2 208.260 213.561 217.063 224.090 227.501 222.869 219.230 218.283 229.716 230.772
wei2 235.363 225.388 210.145 188.978 174.869 168.052 175.730 183.777 201.950 210.602
gao1 225.535 256.143 284.707 308.213 320.912 330.053 332.375 332.948 328.877 318.175
yang2 302.059 276.030 237.121 201.172 172.732 160.788 165.425 178.598 205.257 224.997
chuang4 231.602 254.924 286.909 308.635 322.199 322.486 310.922 282.875 259.661 238.559
xin1 237.680 241.996 255.481 271.763 289.846 305.050 304.295 309.773 310.347 298.258
de5 279.387 272.190 267.819 253.314 239.516 225.621 208.631 195.994 185.156 179.401
qi2 172.314 172.436 172.408 174.736 175.975 173.176 164.840 161.593 168.657 182.452
zhi4 200.540 224.896 242.886 242.022 219.870 183.828 149.539 130.126 125.234 135.001
