jia1 347.722 348.090 349.494 349.464 348.020 342.199 338.600 344.915 339.420 331.714
qiang2 303.436 280.002 253.305 224.125 190.807 175.398 171.712 177.133 192.186 207.192
fa1 219.998 240.824 272.044 299.883 319.332 331.750 334.489 333.256 329.479 318.138
xing2 311.496 297.034 282.548 269.796 247.299 223.053 205.478 196.329 198.391 207.749
shi4 209.866 219.192 240.609 258.779 273.084 276.026 263.340 246.661 227.329 206.343
chang2 209.872 201.403 196.709 196.479 192.224 186.746 181.944 185.366 195.841 207.435
guan2 210.609 214.396 217.220 210.431 194.203 177.812 171.796 180.905 199.568 216.627
li2 225.611 217.937 201.629 176.554 160.343 153.772 164.623 176.265 194.065 204.806
zheng3 223.450 231.581 229.738 223.859 200.473 185.125 164.643 157.069 150.133 155.653
dun4 190.514 228.487 261.544 275.073 269.373 248.113 222.076 197.900 180.264 177.472
fa1 212.728 232.382 254.570 277.265 293.465 300.989 304.609 306.513 306.303 302.733
xing2 296.013 279.272 260.705 239.456 215.325 190.856 173.999 169.165 176.146 191.523
zhi4 201.829 219.928 232.740 239.540 234.581 221.250 209.627 190.410 178.675 168.704
xu4 149.603 155.718 175.148 187.441 188.756 176.389 151.674 131.025 121.823 120.201
