yi3 236.929 234.601 231.372 219.297 212.621 208.315 212.636 212.684 221.830 222.811
song4 242.339 263.609 302.160 333.930 358.017 365.916 356.284 327.467 296.874 269.730
da4 270.973 283.539 294.417 301.715 297.330 273.507 256.402 238.158 221.890 211.891
cheng2 192.712 191.624 194.025 186.094 176.548 166.503 165.707 169.414 188.321 208.162
shuang1 234.258 255.033 280.464 302.973 317.371 329.171 335.049 336.682 337.100 333.478
weng4 344.408 339.885 340.405 332.109 313.643 281.642 246.311 216.569 193.727 185.608
cheng2 191.415 188.971 191.315 194.880 192.507 186.384 179.278 182.191 198.655 217.793
yi2 218.934 214.806 212.199 214.328 217.303 217.308 217.910 225.475 243.856 246.537
zhi3 255.180 249.754 241.532 217.660 185.951 161.144 138.668 131.024 131.158 141.777
wei2 141.823 149.713 153.976 152.008 158.903 159.930 165.754 173.356 183.248 197.104
yi1 195.369 209.096 226.464 245.379 262.294 269.869 278.914 287.368 290.838 281.497
tuo1 275.132 276.284 282.473 289.209 294.362 298.871 300.713 300.144 292.257 282.230
de5 255.191 247.466 226.921 200.503 174.576 154.512 140.011 140.059 141.078 151.002
song4 339.050 347.360 356.212 365.680 360.295 353.518 331.168 294.515 257.021 235.779
dai4 223.746 242.093 255.044 256.549 239.136 214.713 189.824 173.086 162.186 163.514
wen2 151.687 153.747 157.004 155.174 152.090 150.517 156.645 165.044 174.552 194.435
hua4 189.920 210.829 238.955 263.075 273.569 269.877 250.361 226.149 199.428 191.024
zhan3 181.806 188.467 186.678 190.395 175.902 156.789 140.352 127.598 122.591 137.866
shi4 143.796 162.885 183.869 207.318 231.364 241.831 234.135 219.329 200.908 190.439
zhong1 179.592 203.849 215.617 229.872 228.772 226.135 225.479 225.824 229.351 231.151
xin1 244.497 253.322 257.789 256.583 255.535 249.834 246.003 247.766 255.704 264.118
