bie2 237.777 238.402 243.042 241.549 247.415 247.131 256.899 271.272 292.234 295.876
gu3 304.658 300.742 291.297 270.296 239.841 210.185 180.005 163.931 157.478 157.370
en1 192.316 215.836 230.761 250.717 261.731 270.749 276.379 278.868 285.669 289.390
jiao4 302.143 309.116 321.811 328.212 319.887 297.606 276.938 246.036 222.254 208.562
shou4 214.055 226.915 243.066 246.004 227.932 195.889 170.829 146.620 139.846 146.576
da3 210.335 214.866 214.585 210.772 197.719 183.732 175.264 170.014 168.847 179.397
suan4 189.598 218.579 241.642 254.929 255.336 236.281 215.782 202.402 197.677 196.178
zhua1 208.443 231.166 248.993 272.878 289.643 291.192 294.075 297.897 295.455 290.797
zhe5 266.198 259.711 241.959 222.203 195.765 177.856 170.277 167.995 175.455 184.595
lu4 202.259 225.315 251.499 285.219 306.196 316.853 313.187 294.340 270.245 250.787
yi4 238.913 242.922 244.588 245.685 231.433 216.117 201.044 183.571 178.355 181.671
shuan1 204.327 220.581 243.199 274.120 294.818 312.755 318.326 318.329 318.410 316.028
zai4 304.304 302.140 295.986 279.985 259.590 235.938 215.986 200.923 202.179 204.281
dong4 211.271 238.372 271.267 298.916 310.051 315.094 304.306 287.690 268.067 247.061
kou3 219.297 207.549 205.662 204.273 200.897 192.012 172.689 150.610 146.416 145.465
shi2 142.094 149.929 153.168 157.853 163.854 165.632 162.471 167.862 176.148 183.225
tou5 218.897 231.088 242.090 263.513 274.109 281.684 273.687 266.547 251.679 238.792
shang4 244.188 251.381 256.617 264.114 264.820 263.069 252.902 235.348 217.652 195.114
de5 186.750 178.892 175.926 167.275 166.814 163.652 164.019 164.621 168.900 162.915
sheng2 178.901 176.121 179.254 183.071 185.445 183.526 180.925 193.232 220.362 240.420
suo3 253.765 249.268 250.600 245.903 229.653 200.280 166.835 136.186 129.075 128.308
xia4 142.002 165.754 196.206 224.636 237.840 238.428 220.036 191.861 172.107 164.915
qu4 142.923 155.445 173.401 187.543 188.791 179.984 154.736 135.440 127.804 131.430
