ta1 319.363 318.228 316.789 315.086 316.761 310.221 307.785 301.784 297.549 289.740
wei2 280.689 267.952 245.395 231.878 209.631 198.288 196.094 199.146 210.449 221.281
rao4 236.837 251.780 265.422 272.169 276.967 264.985 256.679 233.293 222.142 211.062
di4 217.615 232.325 243.621 254.794 262.213 253.766 246.943 220.602 203.858 183.651
qiu2 204.917 202.524 195.021 186.413 173.248 161.312 158.307 163.451 182.152 200.818
fei1 246.979 262.541 276.134 292.380 304.820 316.849 324.704 327.475 327.357 317.082
xing2 310.561 294.091 276.798 257.351 233.964 207.556 185.317 177.532 180.804 189.561
le5 191.864 190.694 193.964 184.903 174.953 168.205 166.173 160.167 158.806 160.832
yi2 157.351 161.156 170.813 175.635 180.599 182.719 189.704 194.293 213.885 225.305
wan4 246.547 268.951 296.301 307.490 299.869 283.231 249.764 217.104 187.014 176.168
duo1 191.404 208.970 223.040 237.451 238.928 243.901 244.649 243.130 246.831 249.638
quan1 248.362 257.923 263.043 264.097 259.350 259.128 263.014 262.958 266.597 268.857
xing2 225.566 219.328 215.639 212.047 199.915 201.263 195.251 213.413 233.957 247.527
cheng2 258.231 251.097 238.964 221.008 197.828 184.183 179.851 195.819 214.137 236.765
jiu3 220.877 225.375 218.617 215.360 194.463 169.634 149.564 132.217 128.900 138.665
yi4 149.062 169.865 191.596 213.420 231.775 235.312 225.768 211.085 196.959 189.528
gong1 204.119 230.255 252.137 271.279 272.776 270.953 270.176 271.102 276.274 269.819
li3 264.434 245.595 219.881 189.838 161.367 136.380 117.523 110.272 113.621 119.002
