you3 231.959 227.774 225.396 209.198 202.587 199.110 199.363 197.744 204.668 208.422
si4 245.174 261.981 294.918 322.896 348.553 364.099 364.483 351.613 325.025 288.900
cheng2 260.722 253.781 244.004 240.539 219.537 215.201 201.902 209.769 215.613 222.551
de5 237.978 247.415 256.453 260.678 260.251 265.169 266.594 255.048 253.616 237.962
ren2 206.587 196.522 193.455 174.010 163.236 162.399 172.897 182.735 205.339 226.670
jin4 231.005 257.870 285.553 301.967 312.122 308.348 290.949 263.555 236.498 221.323
ban4 228.029 248.380 276.020 303.349 315.425 316.422 307.474 286.222 261.916 244.755
shu4 230.211 229.926 234.898 239.200 241.509 246.981 239.283 230.114 217.682 196.380
de5 183.847 182.675 180.520 175.206 172.725 167.289 165.845 168.673 171.130 171.287
shi2 174.075 170.845 173.440 180.650 187.808 186.576 183.531 181.226 184.564 189.120
jian1 198.905 222.631 248.278 264.989 268.823 269.602 270.615 273.997 275.119 271.898
shi4 262.886 269.983 273.388 283.550 289.496 284.892 266.618 243.034 215.656 200.349
xian2 188.447 183.442 181.457 177.087 170.982 164.593 161.335 160.112 180.921 207.843
zhe5 205.895 218.283 228.972 224.853 226.430 207.444 198.374 177.170 161.316 151.946
de5 137.439 138.247 136.606 132.540 128.236 122.492 112.488 111.415 112.951 114.276
