nao3 234.141 235.986 229.649 215.440 198.841 194.153 185.896 185.836 190.296 196.492
zi5 200.126 220.253 236.827 261.727 269.958 280.884 282.492 282.084 284.363 276.931
jiu4 258.878 280.192 296.720 304.126 298.902 275.557 257.445 240.631 227.092 218.623
xi2 213.906 215.271 215.215 215.967 214.889 209.048 209.076 215.059 232.045 240.830
guan4 274.029 298.779 324.283 330.975 322.916 300.036 275.766 250.619 228.685 208.966
yu2 194.688 186.020 173.530 165.674 166.160 168.960 174.355 183.544 194.334 205.203
gen1 327.821 336.899 335.434 331.616 326.471 327.789 330.703 325.873 322.531 315.505
ju4 305.761 307.453 303.777 295.382 281.726 265.191 247.338 230.599 218.555 210.587
lai2 188.348 185.062 184.791 182.572 171.676 165.419 166.142 172.880 187.891 206.287
zi4 210.654 232.255 252.135 258.488 255.541 249.619 233.531 223.734 215.131 209.987
shi4 209.659 225.764 257.996 295.914 329.706 348.934 343.822 320.046 285.587 250.483
jue2 221.583 211.111 204.579 196.281 184.993 173.828 165.792 166.893 166.537 170.552
de5 180.744 187.108 193.012 198.773 201.673 195.142 201.873 200.199 201.181 195.755
xin4 195.475 200.051 209.524 222.765 229.350 241.212 241.492 231.407 222.133 203.755
xi1 200.996 205.574 221.464 239.250 257.783 277.375 281.802 288.711 287.422 278.729
pan4 274.714 279.442 293.958 316.777 328.969 329.244 305.507 266.461 228.219 208.012
duan4 219.650 228.173 242.789 249.278 239.751 227.105 206.907 181.958 169.834 161.208
shang4 155.859 166.407 182.645 202.459 210.049 211.745 189.573 163.560 141.342 131.692
xia4 155.340 170.681 198.035 209.723 204.860 183.447 152.970 128.397 122.153 129.006
