zhu4 353.797 358.720 354.934 355.261 352.540 342.082 325.655 307.471 290.689 273.543
dian1 277.342 297.171 313.256 327.388 339.187 337.150 341.343 343.210 345.307 341.947
mou3 312.795 289.413 257.092 219.034 186.292 161.465 149.482 142.751 150.198 162.493
gong1 194.675 225.876 255.786 278.126 289.068 290.104 296.227 296.576 303.860 299.216
bing1 296.377 302.256 311.072 319.705 319.048 316.429 317.669 314.151 314.156 306.080
tuan2 281.268 259.324 233.232 200.917 171.846 151.017 153.362 157.885 178.120 200.019
yi4 296.698 294.181 303.943 308.627 308.411 309.043 303.961 294.301 280.367 252.160
nian2 233.350 223.891 215.189 206.826 197.015 184.825 178.147 187.740 202.295 212.891
yi2 226.160 216.461 210.264 209.559 204.245 197.667 194.269 193.456 200.879 206.214
du4 225.684 245.739 262.457 272.803 275.710 266.191 250.719 236.099 221.116 208.674
de5 185.016 186.819 187.860 179.894 169.336 162.993 161.373 165.460 165.931 170.452
ye3 170.870 178.555 177.569 188.418 191.587 180.445 169.230 151.723 143.891 148.840
wai4 176.557 200.795 228.920 260.741 283.260 293.307 283.255 263.884 245.685 231.073
xun4 213.883 230.893 250.862 281.998 298.027 300.807 284.943 253.301 222.831 199.282
lian4 208.133 227.913 240.125 243.435 221.008 182.193 153.986 126.995 120.260 137.455
zai4 261.360 271.919 266.101 254.196 229.900 214.956 199.515 188.235 191.165 208.455
dian1 197.986 229.083 262.047 282.373 294.275 304.870 312.205 311.236 318.960 314.559
zhong1 307.261 316.805 316.278 309.270 296.952 290.351 288.530 289.314 286.838 277.457
mou3 247.256 237.693 226.252 212.611 189.900 166.800 152.785 139.376 130.390 136.516
di4 143.010 165.775 185.573 201.399 207.556 210.424 202.120 192.763 183.639 180.910
zhan3 158.404 159.269 160.482 148.928 144.786 137.155 129.959 124.339 116.027 116.070
kai1 177.222 193.163 212.806 219.454 228.203 225.589 223.211 217.693 219.102 223.942
