cheng2 257.641 246.474 238.390 232.969 216.742 212.903 212.471 223.304 236.773 249.938
che1 241.559 257.340 279.348 297.901 307.553 313.190 312.245 317.210 313.743 303.699
cong2 277.011 259.127 244.330 225.572 200.338 187.603 188.380 193.693 207.503 222.268
ning2 200.617 204.609 211.402 207.469 199.651 195.048 199.441 216.743 247.383 266.696
xia4 271.839 291.889 318.109 339.750 346.249 338.461 311.365 279.536 244.697 221.889
shou2 215.402 210.072 208.269 210.289 207.112 203.839 203.687 213.400 232.977 248.978
fu3 245.546 242.165 242.243 237.187 222.130 199.345 171.165 149.699 139.167 138.265
yin2 141.779 149.634 149.763 153.754 154.887 156.228 164.915 176.981 196.614 215.210
chuan1 219.403 247.446 272.634 291.029 289.363 282.571 280.863 280.867 277.709 274.243
gan2 230.676 231.415 232.123 223.903 214.538 210.064 219.775 231.901 243.943 253.409
wang3 251.765 244.958 224.951 190.015 168.350 149.061 144.953 145.534 152.257 173.146
nei4 230.403 251.293 275.794 295.488 305.896 311.913 303.924 285.894 263.041 239.549
meng2 233.395 220.308 209.065 201.614 190.571 184.878 185.396 196.568 218.516 232.073
gu3 235.154 232.898 218.547 195.198 163.625 144.544 125.711 121.045 119.875 133.655
yi1 227.798 236.646 241.762 244.179 253.633 260.475 267.683 267.956 273.566 273.791
ke4 272.914 268.535 270.883 277.992 276.886 269.312 247.328 220.502 199.977 183.615
zhao1 201.851 227.495 254.690 272.974 285.742 283.576 283.039 278.118 278.816 269.014
meng2 255.424 236.266 200.592 163.328 134.092 111.032 114.692 126.919 161.228 180.805
