ma1 332.019 336.138 339.695 336.581 339.237 335.200 337.962 341.069 342.518 334.596
ma5 336.013 322.840 305.941 286.832 260.822 236.515 218.842 208.465 207.039 209.078
huan4 198.868 218.626 243.109 257.769 270.356 256.478 241.943 211.295 198.575 194.570
yao1 200.567 219.424 250.156 274.264 291.920 296.163 303.256 306.702 316.656 316.406
ji1 302.434 305.102 316.157 323.368 331.172 334.363 333.105 335.978 334.398 323.166
lao2 306.484 280.631 249.887 220.105 186.266 169.976 172.841 188.223 212.187 224.055
sun3 249.041 248.161 239.891 214.807 192.020 166.454 145.366 134.063 133.919 143.177
he2 217.771 212.123 210.018 207.299 206.153 203.229 204.745 196.825 215.025 222.533
zhui1 236.504 257.564 287.940 301.976 313.721 318.419 321.201 324.810 328.681 318.600
jian1 305.639 305.395 314.933 314.679 315.832 317.271 313.096 311.266 312.501 303.900
pan2 291.156 263.492 239.011 210.931 179.984 161.770 155.532 157.322 179.721 195.947
tu1 179.390 190.066 211.988 231.078 251.239 262.957 270.654 270.495 278.117 274.128
chu1 264.485 269.148 270.731 267.603 265.958 261.067 262.198 260.504 266.497 272.908
