yi4 337.384 338.878 342.592 346.277 348.380 346.690 343.928 331.036 315.966 292.853
long3 271.517 256.701 242.316 219.435 198.104 179.717 165.915 160.436 155.054 164.002
yi4 190.923 205.279 230.527 258.605 275.367 290.779 283.263 276.199 255.871 239.788
long3 241.260 228.391 212.133 191.090 173.242 156.880 145.769 140.109 140.933 150.230
de5 154.494 167.313 178.829 180.124 178.655 181.088 177.583 177.028 182.828 189.727
dui4 213.003 250.472 284.985 311.553 329.451 327.083 313.791 286.789 256.629 235.353
lie4 228.758 241.347 253.224 258.648 247.352 225.880 202.418 184.625 174.358 176.801
zheng3 181.117 196.455 204.024 205.681 196.095 175.565 153.376 135.619 129.508 139.139
zheng5 154.715 175.236 192.659 197.067 195.376 190.703 180.410 176.605 180.753 188.190
qi1 181.705 195.852 212.014 234.464 255.561 265.491 268.238 269.727 270.771 263.549
qi1 264.893 272.973 276.798 279.615 278.927 274.037 270.740 270.318 272.378 275.930
