shai1 339.607 339.556 340.275 341.889 342.570 339.905 344.058 347.979 343.362 338.917
xuan3 326.676 306.306 294.496 266.615 237.770 206.523 176.941 160.140 154.744 156.443
chu1 167.950 188.616 215.518 230.614 247.066 246.299 252.014 250.438 249.937 248.703
you1 260.711 266.414 284.746 303.560 320.431 326.106 333.178 340.254 344.081 336.697
liang2 306.064 280.808 245.477 212.522 178.020 157.508 156.805 164.163 190.007 205.953
de5 201.811 209.886 219.231 213.501 199.855 191.217 184.904 179.917 180.517 179.388
zhi2 174.429 180.876 188.404 193.379 189.605 187.135 191.771 198.741 216.556 224.881
wu4 250.061 263.802 283.149 299.699 309.565 312.213 301.364 287.934 265.405 245.126
zhong3 217.511 221.725 213.614 205.434 181.798 158.758 137.663 126.038 120.301 130.055
zi5 155.161 165.248 181.329 185.924 179.623 171.773 160.130 158.450 158.560 166.131
he2 221.045 220.475 218.162 218.360 211.631 209.450 205.696 205.445 207.293 214.428
wei1 205.430 225.296 258.230 280.903 297.648 304.576 305.593 309.736 306.116 297.163
sheng1 300.431 299.614 308.613 311.522 311.895 317.743 312.256 310.062 312.452 305.998
wu4 312.610 301.572 294.337 282.047 261.196 242.676 219.075 198.796 184.360 180.939
jun1 184.539 205.104 225.019 246.193 260.122 270.619 277.923 282.838 291.848 292.899
zhu1 289.070 296.357 303.968 306.686 303.081 301.047 296.706 298.827 300.396 294.744
deng3 257.022 242.764 211.692 178.990 144.132 115.052 102.578 100.468 110.430 125.173
