er2 228.113 226.803 231.652 229.077 227.095 223.252 234.894 244.188 252.432 263.377
dui4 263.794 282.699 295.515 293.417 276.464 258.443 242.893 232.989 229.843 226.834
zhuang4 241.136 273.310 305.610 335.241 349.120 342.820 324.452 291.983 263.106 240.925
lie4 224.353 234.594 240.296 241.564 233.434 212.761 197.458 182.506 181.775 192.085
jian1 190.658 217.913 245.668 276.033 291.130 302.111 311.107 313.720 318.641 322.485
ying4 295.174 294.861 287.372 268.680 234.016 198.375 172.871 153.345 153.363 165.128
que4 198.208 215.185 250.976 291.565 320.528 332.273 329.650 304.414 275.856 250.551
zao2 211.713 198.535 188.336 169.279 148.450 135.017 140.046 149.711 167.882 188.178
cong2 227.415 224.441 224.593 218.546 204.631 196.429 194.397 203.864 224.126 238.825
bu4 276.758 293.327 311.068 327.449 339.673 344.198 336.594 322.375 302.750 269.999
tu2 242.139 233.029 224.773 221.209 218.304 212.056 213.310 231.554 250.529 259.843
gai3 258.082 257.475 252.957 235.841 212.030 181.568 157.698 141.133 138.645 141.538
de5 140.450 148.128 153.900 156.650 158.552 159.592 167.891 171.466 177.232 183.477
xian4 193.828 213.494 245.758 281.199 312.822 324.201 314.389 285.416 252.831 221.585
shi2 195.321 190.300 184.169 180.041 173.599 164.366 165.843 167.710 185.734 210.673
li4 337.262 347.177 356.472 358.018 360.382 350.593 343.774 323.911 302.387 270.775
shi3 245.345 235.857 229.651 218.919 207.697 190.944 170.113 144.693 139.102 135.959
de5 147.245 148.178 158.018 152.400 152.749 150.151 154.074 157.753 163.936 173.108
di4 191.396 215.493 235.998 259.409 274.298 275.999 277.169 262.827 239.773 222.410
er4 238.355 232.593 232.842 230.711 223.437 216.675 200.171 175.521 163.429 148.532
ci4 233.169 223.469 212.426 205.759 197.392 201.480 186.154 173.365 169.196 159.522
shu1 186.605 199.323 206.829 214.013 236.319 251.447 250.513 262.654 270.336 265.050
xie3 237.153 227.596 222.006 199.690 177.651 153.524 127.779 111.843 122.921 122.910
