ta1 317.371 309.460 321.737 323.189 327.125 328.554 331.640 335.978 330.569 320.599
de5 307.723 299.570 295.706 287.751 277.381 282.403 278.462 268.149 258.402 248.440
li4 260.464 257.465 268.522 275.642 277.323 277.479 274.981 263.052 248.079 237.374
liang4 224.644 233.944 239.987 231.600 210.654 185.148 166.197 153.907 156.116 164.152
dao4 198.052 226.966 258.211 282.938 294.498 297.725 284.078 271.201 253.499 236.786
di3 216.716 206.527 204.322 198.690 183.984 175.370 159.516 151.123 147.930 147.849
yuan2 141.652 147.034 151.799 154.562 154.839 156.092 161.307 173.508 194.003 209.278
yu2 222.562 216.440 210.533 210.824 206.424 203.321 197.293 201.372 210.099 206.158
na2 207.444 201.298 196.503 182.269 167.078 160.092 165.206 177.035 192.899 203.075
li3 222.036 221.345 218.685 210.855 197.630 178.833 151.743 138.127 125.893 123.126
ne5 112.877 117.452 122.843 124.588 129.773 135.330 132.296 137.228 140.609 144.524
