ji1 341.301 341.372 348.366 344.846 348.657 349.064 353.008 355.926 355.492 343.643
ji2 308.883 292.298 288.735 278.551 267.148 257.867 240.470 230.626 227.741 219.846
guan1 221.505 239.841 259.056 270.099 278.682 277.959 275.881 272.345 276.469 273.820
zhu4 261.684 268.635 268.222 257.461 233.697 209.544 189.870 174.578 176.105 182.589
li4 209.700 232.511 264.059 298.524 327.387 334.956 331.806 308.544 282.422 259.831
shi3 226.607 215.142 209.042 205.909 196.870 183.549 166.004 149.609 146.222 155.769
bian4 170.394 200.760 238.620 267.651 292.662 298.080 283.003 252.522 227.779 205.035
ge2 189.720 185.062 183.577 181.726 178.488 176.249 175.272 176.009 190.772 201.017
shi2 195.455 197.663 196.393 205.013 206.171 198.810 189.332 182.379 184.242 191.731
qi1 269.356 277.656 281.843 283.949 283.170 281.701 287.148 288.687 281.020 274.785
xian4 320.135 326.364 339.158 357.522 369.921 369.371 347.003 313.516 276.515 236.661
shi2 218.136 209.747 202.953 197.645 193.864 183.331 172.692 174.176 183.534 194.505
de5 203.298 208.992 211.950 201.214 188.877 176.687 171.910 169.903 169.827 177.008
re4 202.348 219.340 247.519 288.529 320.510 338.859 331.806 304.471 271.480 238.818
dian3 212.811 205.352 199.762 192.558 182.483 163.851 146.603 132.115 126.442 133.343
wen4 185.709 195.023 209.206 219.629 224.246 218.513 201.265 177.474 156.808 149.908
ti2 136.739 137.870 135.977 130.813 127.501 122.914 119.025 125.688 132.929 150.416
