mao2 220.299 221.939 222.674 222.312 229.593 234.222 248.367 268.607 295.707 308.517
zhu3 313.048 315.211 311.586 301.569 281.438 253.227 227.437 201.273 181.941 175.705
xi2 176.669 181.309 188.827 188.905 189.070 192.093 194.822 211.835 234.719 250.939
pin3 242.916 241.196 238.686 235.475 227.480 207.322 184.590 163.725 152.321 148.108
chang2 171.230 176.704 179.756 183.970 182.515 173.170 168.121 168.552 181.348 196.716
ta1 207.474 219.219 227.397 238.265 251.509 251.325 254.471 245.350 244.037 243.251
men5 252.016 246.525 237.713 223.594 204.275 188.103 175.341 171.369 175.915 180.395
peng1 186.512 199.187 224.125 254.083 280.733 298.477 308.748 308.676 310.653 312.379
zhi4 306.074 305.784 302.538 299.257 286.210 269.041 244.818 225.367 208.602 196.982
de5 183.650 189.573 188.215 184.417 173.135 167.607 161.580 159.431 162.858 176.856
mi4 192.397 219.043 251.331 285.607 318.388 330.562 323.083 297.869 267.774 244.328
zhi1 242.137 251.123 266.335 284.013 294.471 300.776 301.862 308.909 308.515 295.605
huo3 283.879 264.641 257.632 241.731 224.250 198.198 171.069 145.442 135.149 137.370
fang1 171.594 196.934 228.275 259.054 278.219 290.681 292.708 300.776 306.745 303.753
deng3 282.369 263.533 243.193 209.469 175.627 151.474 131.715 123.473 125.255 140.811
yang2 143.256 154.017 164.555 167.727 165.577 161.747 170.180 186.297 215.833 243.020
zhou1 236.209 261.302 283.537 299.623 305.672 311.692 309.197 316.593 321.663 313.822
ming2 292.854 274.100 244.812 213.711 184.056 162.369 155.809 163.277 187.128 209.010
cai4 236.147 248.447 276.022 286.827 289.412 281.410 258.001 224.465 206.015 187.167
hou4 166.444 169.417 183.273 191.643 187.952 171.900 141.813 116.253 111.411 109.502
