ying2 229.670 228.687 227.182 223.477 240.906 249.075 269.642 283.861 312.220 322.295
yang3 315.310 306.145 286.435 260.589 229.963 197.478 169.578 159.026 156.603 161.935
bu4 199.484 219.989 232.541 256.357 263.012 279.060 280.617 274.815 258.942 245.519
liang2 220.672 211.974 193.676 168.472 151.255 139.950 156.400 171.048 193.947 204.944
ye3 193.502 200.966 195.430 195.513 194.672 190.119 176.366 169.266 160.274 153.414
hui4 185.411 203.045 225.247 260.276 295.671 308.394 301.975 284.751 262.719 238.624
dao3 206.837 207.388 198.984 188.257 175.165 154.866 143.527 139.241 138.990 152.102
zhi4 154.432 188.736 220.858 237.395 236.707 221.462 203.162 191.352 186.227 183.921
zhi3 191.175 202.772 192.257 197.924 183.385 175.162 153.874 144.690 143.040 134.724
jia5 197.581 217.152 223.029 225.211 225.510 215.685 204.396 207.440 209.638 212.465
bian4 228.395 263.042 295.072 328.017 343.825 333.406 314.820 277.794 241.467 215.004
cui4 215.238 234.854 251.035 258.220 249.928 211.220 177.103 145.482 132.466 139.608
er2 201.869 201.018 200.747 193.014 187.661 184.580 192.133 199.255 218.331 223.311
rong2 197.795 192.632 197.476 192.174 180.936 171.915 175.059 191.246 220.951 237.547
yi4 265.545 265.671 281.809 288.928 295.332 284.447 269.878 246.455 225.964 197.899
zhe2 164.889 159.248 154.166 149.986 141.839 131.975 134.103 134.644 139.881 148.597
duan4 171.514 193.236 217.474 213.136 188.032 151.478 124.095 101.785 106.290 110.512
