ha1 306.833 312.072 314.661 319.839 325.931 326.243 328.931 334.409 329.305 322.049
te4 313.801 308.570 314.544 316.442 318.173 304.188 280.023 259.575 243.043 227.527
jin1 228.795 240.914 260.072 279.832 293.215 296.402 292.367 289.575 286.459 280.746
si1 281.983 281.421 291.516 301.048 305.318 308.974 303.443 296.180 292.589 283.952
fu1 279.256 283.794 292.000 309.414 318.503 331.516 338.345 332.953 330.981 319.586
fu4 310.532 310.028 308.050 312.916 306.053 302.102 282.215 258.604 236.830 211.309
de5 194.419 191.991 186.853 185.726 178.418 176.931 171.413 173.380 173.269 174.092
er2 163.708 158.140 157.663 155.163 151.755 152.654 156.692 165.761 181.852 194.468
zi5 202.621 216.061 227.096 226.740 211.056 193.559 177.651 167.616 165.149 171.761
xian4 199.233 218.442 247.415 285.503 309.864 330.217 327.249 307.465 283.368 263.267
ren4 265.651 261.312 265.354 268.599 262.254 249.200 227.680 212.467 202.827 199.921
zong3 186.468 192.206 195.563 199.085 191.166 173.361 150.880 134.011 125.808 129.199
cai2 147.323 150.532 162.767 168.357 166.300 160.365 158.239 156.644 172.168 198.100
bu4 220.307 243.224 266.937 284.829 299.671 302.978 292.593 274.270 246.230 218.659
lai2 200.449 185.636 173.375 163.181 152.246 145.607 140.939 140.971 150.971 163.248
en1 250.128 271.580 286.234 290.132 291.607 288.753 289.676 291.174 287.500 278.192
gui1 262.582 272.917 286.880 296.471 296.910 303.343 302.932 301.016 301.931 293.427
na4 299.950 295.481 297.493 282.835 259.445 225.922 195.120 165.632 149.464 140.453
wei2 127.278 132.358 128.119 128.880 123.719 122.189 123.289 132.177 149.168 170.965
