qiang3 248.105 245.414 241.758 237.913 213.972 203.040 190.848 180.132 179.021 186.713
jie2 181.889 190.737 199.620 210.154 202.673 204.476 207.176 216.700 236.007 252.690
chu1 240.598 253.973 276.256 293.918 310.897 315.057 321.080 321.047 316.461 307.440
zu1 301.275 308.137 316.700 323.260 322.305 324.760 327.236 325.514 326.384 323.688
jiao4 321.396 323.676 330.267 331.721 321.927 296.643 275.306 245.188 224.209 212.566
che1 211.978 218.845 236.853 250.927 268.721 282.589 285.144 283.699 281.372 278.565
liu4 283.853 292.896 310.700 320.817 318.459 298.176 280.226 248.646 221.277 206.341
liang4 208.585 216.958 219.280 214.226 190.741 163.687 136.509 117.026 109.206 125.200
wei1 287.119 290.333 296.285 297.955 308.927 311.925 317.585 321.550 324.604 320.989
xing2 310.436 290.539 271.000 243.768 217.780 193.214 175.880 176.653 185.544 201.008
chong1 220.614 234.046 248.201 256.908 271.383 272.514 275.127 275.427 275.011 274.903
feng1 261.805 267.094 276.477 281.017 281.482 277.783 277.037 272.440 271.118 272.134
qiang1 259.342 264.122 275.019 281.392 283.540 281.366 280.188 275.932 278.002 279.600
zhi1 276.090 284.683 290.453 296.156 290.576 290.051 287.898 289.961 287.244 276.857
ji2 263.699 250.434 232.618 211.575 195.988 190.536 196.875 208.385 226.020 238.484
zi3 218.645 221.378 219.201 217.898 200.356 180.928 160.267 145.042 136.722 146.194
dan4 174.840 210.952 244.728 269.818 270.855 267.479 245.878 218.761 197.570 185.440
shu4 169.434 179.786 189.675 214.928 225.679 231.131 211.697 184.293 158.457 146.905
fa1 177.035 198.242 217.478 231.169 230.493 226.079 221.972 218.177 226.380 230.756
