mi3 241.297 241.493 234.503 233.993 222.422 215.594 211.772 210.678 208.348 217.668
se4 232.560 251.980 288.097 318.746 341.794 360.544 354.967 339.087 315.798 288.213
de5 257.425 256.227 251.294 244.047 228.827 224.756 220.970 223.374 223.571 227.890
bu4 239.014 264.415 287.769 312.715 327.088 327.482 326.942 305.620 277.538 259.318
mian4 251.881 265.353 268.414 257.446 233.026 191.914 160.826 140.529 133.046 148.378
cuo4 321.773 314.225 315.216 316.633 318.976 318.727 302.293 283.464 258.776 235.775
luo4 230.536 235.641 244.221 245.888 247.258 229.525 212.873 197.543 183.486 177.671
zhe5 170.520 177.596 181.975 180.837 172.714 165.516 161.943 157.289 158.075 168.796
an4 272.912 278.305 298.459 296.271 294.494 290.652 275.293 260.047 245.786 231.572
hei1 218.625 222.520 242.702 253.992 281.970 300.040 302.521 312.800 314.449 303.423
de5 279.781 271.956 260.509 243.445 223.068 209.350 195.328 186.283 180.283 177.655
se4 174.181 188.672 205.579 232.614 247.739 252.950 239.017 210.342 185.286 166.404
ban1 169.001 192.990 215.792 229.863 237.468 237.937 238.973 240.988 254.898 259.157
