wen1 307.411 312.740 322.535 326.202 333.777 341.874 344.634 350.744 347.068 342.463
de2 312.389 290.853 269.162 248.626 228.470 221.290 215.665 223.961 227.980 232.169
bo2 260.468 255.230 246.390 240.016 225.913 218.760 219.213 231.529 243.417 252.068
er3 254.753 235.551 221.520 211.343 193.018 179.507 173.598 167.080 159.447 164.100
nei4 160.168 178.764 201.477 212.276 222.518 221.745 213.800 203.469 192.129 181.473
ji2 183.310 182.907 187.010 191.359 194.628 198.125 198.002 204.288 216.024 216.770
tuan2 225.443 222.283 219.186 207.615 189.135 174.624 173.621 182.338 200.036 216.455
dong3 217.184 220.411 219.301 216.711 199.698 180.363 162.449 150.242 144.977 149.652
shi4 163.634 180.580 198.400 217.389 234.312 256.249 254.602 250.500 239.632 220.831
zhang3 210.157 211.202 197.099 174.791 143.809 125.689 116.080 120.798 131.390 151.260
luo2 193.900 200.566 201.785 197.142 196.979 196.862 213.128 226.877 249.334 263.921
bo2 279.100 283.681 277.901 269.941 257.764 236.514 227.599 220.563 226.920 232.288
te4 243.982 253.601 268.556 275.132 274.595 270.163 257.337 240.955 224.930 218.237
wen1 211.672 232.448 257.982 288.302 313.906 327.241 337.907 342.615 341.723 335.456
de2 288.701 268.517 247.433 222.288 199.551 186.203 183.036 187.331 197.896 207.044
bo2 228.882 229.850 225.565 224.101 213.761 205.848 206.679 214.012 227.142 234.607
er3 231.608 216.094 205.762 194.809 182.461 164.713 159.340 149.410 143.231 149.414
nei4 141.082 159.873 184.012 191.648 202.917 204.426 194.975 186.858 175.853 172.764
bu4 186.873 203.182 223.636 249.862 273.672 289.925 283.093 269.104 244.561 213.928
lang3 195.731 183.657 171.683 155.286 141.171 129.235 118.332 109.256 109.400 118.006
shuo1 202.231 211.571 220.408 222.330 221.138 218.409 219.135 222.812 225.386 231.211
