er4 325.392 326.540 325.086 328.076 328.150 324.696 325.771 312.822 293.541 276.293
shi2 252.146 243.730 245.516 244.683 245.271 248.541 244.562 240.987 239.258 236.205
san1 248.901 265.415 285.311 300.611 309.997 312.879 311.727 309.871 307.911 307.116
sui4 311.214 314.325 316.054 318.408 316.518 306.272 285.907 264.170 243.212 223.276
de5 209.358 210.300 205.674 199.087 189.312 182.310 179.337 179.752 184.258 192.207
zhong1 203.939 232.902 262.223 288.811 306.134 317.089 325.551 330.480 332.291 328.011
guo2 294.460 279.451 267.403 251.341 231.720 216.520 205.241 199.104 203.031 205.765
xuan2 216.568 215.915 217.850 222.011 216.966 207.946 196.845 194.761 205.200 216.092
shou3 228.350 227.569 230.847 224.943 206.967 182.847 155.304 138.101 133.025 139.418
wang2 147.866 153.259 162.680 165.504 163.803 164.475 172.017 192.795 224.610 249.312
guo2 252.406 253.117 245.589 235.567 214.802 191.658 180.389 178.600 188.820 200.504
zhang1 211.372 248.002 278.078 290.305 285.056 277.029 272.425 276.555 277.389 270.080
yi4 321.113 327.715 329.005 337.132 340.118 338.704 320.664 302.756 275.595 251.142
zhi4 244.809 248.561 244.346 237.437 226.001 221.722 214.737 211.005 210.139 199.574
bu2 193.356 192.998 190.350 186.882 182.781 184.905 186.077 195.547 202.757 209.539
zhu4 198.344 221.134 241.741 239.986 229.039 211.953 190.968 182.490 174.029 170.248
man2 174.765 178.965 186.601 181.285 173.384 168.137 180.528 203.609 226.604 243.543
lian3 269.209 272.037 266.997 251.710 222.832 183.785 146.369 128.016 114.692 120.372
de5 129.877 132.941 138.897 137.497 140.728 140.212 144.475 144.970 145.880 153.763
xing1 172.439 187.921 212.193 237.226 262.539 281.874 292.034 297.369 300.636 298.322
fen4 301.241 302.235 297.619 283.497 253.184 217.093 173.116 143.550 125.398 129.404
ru2 149.734 155.986 156.405 160.288 162.968 172.911 171.631 177.350 186.563 201.732
shi4 222.979 227.514 230.164 241.289 242.352 234.686 217.120 197.956 178.155 168.977
shuo1 184.919 196.468 205.442 213.448 213.834 213.284 210.654 203.407 203.299 212.257
