yi3 241.137 232.606 229.623 214.869 206.197 211.510 213.199 210.756 221.096 221.779
fu2 206.148 212.815 228.898 238.479 242.003 240.689 245.398 266.978 291.713 304.356
he2 302.047 290.982 276.498 269.313 250.868 233.730 220.710 219.305 225.652 235.083
shou4 243.041 261.241 289.311 322.240 346.563 353.006 341.428 314.768 284.285 259.959
jiao4 262.894 272.253 281.745 286.581 289.328 272.549 263.574 243.944 232.438 221.012
yu4 242.079 236.109 234.461 231.152 228.021 228.550 224.586 219.375 210.954 202.274
zhe3 181.276 180.930 178.085 173.500 158.319 147.162 134.139 127.672 125.279 134.669
te4 271.741 275.404 284.244 295.845 308.990 317.855 312.771 296.825 273.078 246.478
zheng1 243.424 265.921 287.244 300.331 312.428 311.158 309.501 312.642 310.254 300.572
de5 265.740 257.076 239.796 218.067 192.721 178.747 169.117 165.662 165.822 169.694
shi4 199.277 206.852 224.914 256.899 280.814 304.281 301.242 278.920 251.409 224.349
dang4 256.839 267.656 264.951 254.765 232.116 210.689 185.027 172.311 166.735 171.361
fang1 185.748 205.529 219.294 234.614 239.214 246.468 242.256 240.297 246.984 250.636
shi4 253.105 255.933 261.765 256.210 238.987 205.687 169.226 142.624 131.349 131.597
