xin1 342.190 339.808 338.540 340.413 342.495 344.030 343.128 345.006 339.457 330.094
jing1 320.541 324.216 335.777 338.354 337.829 339.508 340.490 343.653 342.143 336.498
ji4 334.087 331.025 336.567 326.506 315.814 305.165 286.517 262.763 241.209 221.475
de5 208.095 207.957 206.442 195.411 183.325 176.604 172.399 177.316 181.123 186.837
chang4 209.746 230.069 264.771 299.184 327.021 339.576 332.518 305.816 278.592 245.967
dao2 226.413 215.133 206.163 198.621 187.266 184.098 185.496 197.285 216.920 227.547
zhe3 235.086 234.351 238.231 227.548 208.380 183.888 153.166 140.140 131.018 130.297
men5 144.827 152.049 162.959 167.760 169.144 169.274 166.081 167.019 173.135 186.537
yao4 266.906 277.723 288.150 294.360 291.239 280.977 265.925 249.793 230.529 224.968
zai4 195.448 213.146 219.016 220.646 204.923 194.513 179.482 176.177 173.680 178.829
yan2 153.041 160.874 167.525 170.586 165.883 164.921 170.715 187.339 217.061 243.810
dong1 236.740 265.226 288.261 298.918 300.884 302.973 299.133 298.970 306.485 297.780
zhong1 293.612 300.277 308.999 306.414 296.836 296.055 290.406 286.059 282.834 277.236
xing4 270.988 274.508 284.548 294.199 292.530 274.568 244.110 203.215 170.297 149.136
cun2 161.425 156.061 153.102 148.728 141.520 136.814 137.428 142.180 168.078 195.636
