kan4 348.952 354.695 355.224 354.443 357.531 349.466 338.509 319.404 298.884 283.038
zhe4 275.667 284.503 283.475 273.360 253.366 230.130 214.645 204.769 200.657 198.804
cao2 188.843 188.958 191.479 181.581 175.310 166.868 166.870 174.353 196.670 222.114
er4 256.285 276.437 294.081 305.163 309.510 299.478 294.328 281.028 265.736 250.295
gong1 246.864 268.173 287.681 311.317 313.953 315.714 313.565 311.442 309.400 294.058
ke3 274.903 259.961 251.310 232.260 212.690 192.331 175.582 155.430 151.504 152.294
bu2 150.813 160.237 168.856 174.472 176.225 181.915 191.878 201.237 212.766 220.125
jiu4 229.510 249.179 269.740 282.599 287.167 284.953 273.194 260.048 252.047 240.693
shi4 226.655 233.969 242.864 254.217 256.606 259.747 248.329 241.376 228.929 215.329
mei3 191.602 186.767 179.365 175.400 162.299 152.162 146.247 142.404 145.617 161.868
ri4 158.515 185.342 214.242 235.950 247.837 241.105 222.250 201.477 186.745 179.066
lang2 166.439 171.160 175.033 175.364 172.691 171.308 182.390 209.101 244.705 269.092
lang2 288.320 276.767 259.315 238.257 213.592 192.600 191.503 209.842 239.387 255.593
shuang3 264.951 262.319 261.202 249.089 226.113 191.570 153.527 125.532 117.760 119.387
xiao4 219.299 231.285 247.565 255.208 239.110 213.239 183.576 146.061 136.285 142.432
