jiu4 322.262 322.866 311.902 294.921 278.680 267.613 265.053 259.392 261.456 259.386
shou3 241.704 244.923 247.742 242.260 231.751 212.329 189.165 172.517 168.206 168.857
wo4 176.198 203.129 238.298 271.017 301.442 307.913 295.613 273.871 249.065 224.701
jue2 199.853 196.681 191.660 183.492 172.568 160.062 158.968 167.968 188.389 208.581
tou5 231.715 241.826 247.893 243.051 225.140 198.766 181.007 170.670 168.549 176.901
tang3 230.615 228.102 224.979 222.056 210.745 195.452 183.898 174.263 174.163 183.238
zai4 175.030 205.137 225.209 231.543 227.124 209.190 190.843 180.622 178.813 181.283
liu2 161.450 170.464 179.595 180.306 179.400 174.664 185.172 204.430 235.137 254.491
jia1 269.972 292.008 307.114 320.190 328.830 331.415 330.483 337.421 341.451 333.158
lei3 322.548 304.232 286.365 255.421 222.112 185.277 157.112 137.911 130.739 134.925
de5 139.807 149.942 156.089 158.940 157.344 160.212 162.298 167.791 171.190 180.272
di4 196.678 222.371 244.257 263.540 276.018 277.914 272.288 255.193 235.702 216.552
ji1 212.336 222.144 236.920 253.075 268.961 279.449 281.718 287.905 288.375 280.958
shang4 284.785 280.994 277.404 264.298 234.967 205.859 173.877 153.586 145.343 151.839
bu2 159.298 167.712 177.499 180.569 182.888 182.574 187.233 198.925 227.305 248.408
rang4 257.165 268.400 282.729 284.103 271.422 256.354 230.871 202.723 183.580 175.599
shi1 174.576 179.870 188.326 203.726 214.243 224.327 221.569 219.664 221.526 221.553
gong1 233.190 249.796 256.650 254.256 246.221 234.834 228.492 234.612 247.453 254.744
