fan3 253.586 249.228 249.268 243.655 223.634 212.021 198.301 190.357 188.599 191.547
kui2 188.755 198.776 215.738 233.292 235.879 236.925 237.704 249.412 272.132 286.220
du2 292.625 297.581 294.734 291.683 270.997 260.240 246.182 248.526 253.684 256.614
de5 246.938 249.424 252.682 246.342 229.930 223.268 214.919 211.059 207.564 203.032
lian2 173.696 174.651 178.535 175.733 168.948 165.218 170.164 180.562 201.937 215.711
bang1 224.200 253.628 280.724 295.526 305.788 311.092 314.263 317.646 323.399 318.974
pai4 307.866 308.201 308.210 296.913 265.630 227.286 190.351 159.870 144.322 145.408
yi3 206.417 204.670 196.652 196.674 192.879 188.130 187.388 179.095 177.131 187.527
yi1 208.087 221.958 243.198 272.300 300.900 317.048 326.442 340.610 344.731 334.851
bi3 300.999 285.965 272.465 253.648 234.750 218.568 198.025 180.814 170.494 167.620
ling2 148.056 148.416 149.599 143.665 137.275 139.171 145.617 165.939 176.164 185.859
de5 188.384 192.542 201.931 215.836 216.117 215.479 221.713 215.658 212.464 206.978
piao4 212.619 229.409 254.069 287.480 313.326 321.183 310.430 280.150 250.897 223.734
shu4 196.330 199.450 205.569 211.015 202.497 181.117 158.089 134.714 121.655 129.260
zhan4 303.605 305.381 310.989 307.279 293.326 280.730 265.075 251.202 235.313 222.938
sheng4 210.624 215.948 231.405 240.531 241.821 239.686 221.106 202.108 188.481 170.319
le5 163.748 154.839 155.393 147.293 141.723 139.301 139.660 140.142 143.371 150.992
kui2 168.904 172.895 182.038 183.569 194.356 190.035 194.735 202.812 225.614 243.674
du2 239.126 234.394 225.580 211.292 194.715 178.741 172.441 177.232 193.062 203.692
fen1 211.042 224.935 241.358 256.303 263.679 274.646 277.995 278.647 279.326 273.265
lie4 276.011 273.725 277.818 275.311 265.460 239.090 212.385 176.095 159.387 145.731
pai4 141.755 151.545 174.198 189.697 192.029 181.644 155.697 127.366 116.723 110.066
