e2 230.212 226.181 222.068 221.194 224.059 231.760 243.630 257.955 270.156 274.472
jiang1 263.829 282.456 301.776 312.309 313.906 312.292 311.089 311.137 312.580 309.873
ji4 324.833 326.217 330.143 331.522 328.972 322.936 311.433 293.899 274.392 256.378
xu4 252.200 251.659 258.630 269.433 276.702 274.377 260.986 240.066 219.305 203.491
tong2 208.597 206.259 205.193 201.628 192.793 182.768 178.570 184.799 203.550 224.258
zhong1 256.137 277.755 301.126 314.933 318.155 316.965 315.232 314.306 314.219 308.504
guo2 291.128 273.108 252.010 226.903 201.347 184.331 179.302 185.115 199.101 212.321
he2 223.682 223.578 225.068 225.567 220.208 209.684 198.934 193.941 199.566 211.429
yin4 234.694 251.800 274.760 296.433 311.149 315.866 308.118 289.537 266.939 247.903
du4 239.370 248.662 257.011 254.170 239.877 221.460 205.071 193.259 189.950 192.717
fa1 223.292 235.169 252.217 267.907 280.050 288.850 294.341 297.119 297.582 291.056
zhan3 269.595 260.517 247.005 222.675 190.306 159.803 137.375 124.338 122.348 130.565
you2 150.082 151.299 153.451 155.873 159.175 166.176 178.327 197.645 221.667 238.183
hao3 248.307 240.560 233.857 225.855 210.596 187.447 159.788 135.009 120.452 122.006
guan1 150.739 177.070 203.978 221.969 229.515 230.996 229.712 229.113 232.172 234.496
xi4 238.867 238.526 239.358 237.975 225.628 201.148 170.279 143.429 131.438 132.841
