shui3 253.368 254.989 254.784 249.844 237.108 220.752 205.295 193.658 187.878 188.923
ku4 205.732 222.852 245.990 270.978 290.353 299.542 297.161 286.341 272.695 260.383
yan1 271.615 280.270 293.752 305.916 313.679 317.703 319.114 319.775 319.627 313.428
mo4 324.832 324.288 325.093 319.295 304.020 282.260 256.888 230.298 208.957 195.270
yun2 193.768 187.900 181.548 173.031 165.372 164.306 171.760 187.129 208.420 226.386
xian4 235.437 251.339 272.777 290.608 297.356 290.875 271.866 244.735 218.700 199.719
yun2 192.556 187.134 182.408 177.101 171.896 170.499 175.160 187.001 205.260 221.735
xi1 236.596 243.516 256.514 270.750 283.315 292.697 297.511 298.410 295.696 286.546
liang2 269.128 251.567 230.176 203.982 179.195 166.776 169.653 184.145 205.718 223.240
tian2 219.966 219.379 217.505 209.025 194.461 181.006 175.266 179.875 195.741 212.689
liang2 205.481 207.698 206.651 196.454 180.470 169.151 168.468 178.478 198.076 216.601
di4 243.901 260.951 277.306 281.978 273.372 257.937 240.899 224.973 215.011 211.213
san1 234.962 250.799 273.074 294.302 309.547 318.169 321.898 323.715 324.714 318.788
shi2 291.324 277.336 263.283 248.758 231.592 215.020 201.851 195.068 196.186 199.978
yu2 209.418 203.397 196.523 188.093 179.977 176.802 179.051 186.634 197.524 205.346
wan4 222.466 240.900 266.269 291.834 308.516 310.197 293.895 264.182 231.842 207.006
mu3 167.889 167.907 165.047 152.988 134.876 117.720 105.981 103.143 112.600 125.567
