gan3 241.555 240.507 234.865 223.199 207.619 196.063 191.037 191.677 195.297 200.443
dong4 235.195 266.184 293.641 303.345 297.462 286.076 274.062 261.863 251.963 244.988
wen2 225.664 218.689 212.086 206.403 202.307 203.415 211.879 229.492 252.316 267.501
tan2 267.537 261.511 253.770 239.071 216.414 193.789 179.800 178.464 190.890 206.648
de5 222.655 230.119 234.337 229.396 219.594 212.523 209.384 208.641 209.980 211.240
yi4 218.008 234.695 255.400 272.622 282.391 284.363 278.589 266.637 253.128 241.934
pian1 232.082 240.058 256.282 276.925 296.097 309.824 317.869 323.231 326.780 321.793
san3 296.450 282.083 266.930 247.289 221.110 192.677 167.425 149.738 143.071 146.729
wen2 144.288 148.610 152.732 153.721 152.890 154.031 159.454 170.368 187.217 204.703
shi4 227.609 243.659 263.423 277.910 281.456 274.395 258.977 239.009 221.357 208.904
yan2 206.231 201.568 196.646 189.054 178.917 171.967 173.040 184.285 205.323 225.199
gang1 241.167 263.750 288.547 303.155 308.069 310.252 313.101 316.690 318.618 311.231
de5 285.655 278.531 266.792 246.708 223.824 206.465 195.741 188.945 186.325 185.762
wo2 172.225 174.225 177.626 179.046 177.813 178.092 184.619 200.859 225.372 244.351
wen2 245.461 239.969 232.913 221.412 207.401 198.902 200.249 212.633 232.184 244.350
nv3 245.141 240.748 235.013 222.700 203.790 183.811 166.190 153.671 148.455 150.231
er2 158.865 159.793 160.776 159.595 156.305 152.824 150.638 152.208 158.877 168.708
de5 187.029 197.369 205.664 206.223 201.006 194.641 187.336 179.102 172.602 169.370
qian2 175.359 176.065 178.178 178.919 174.456 166.007 159.048 160.597 174.577 192.001
e2 177.748 179.555 175.442 162.856 146.932 136.705 134.814 141.225 156.380 169.899
