yin1 307.856 311.740 317.584 323.292 328.817 334.869 339.912 341.798 339.322 327.768
lian2 312.364 292.105 267.229 238.386 210.768 193.669 189.466 195.373 208.056 220.206
xu4 240.346 255.569 277.839 300.464 317.739 325.068 319.014 300.688 276.437 252.687
wang4 241.077 253.299 268.271 275.583 271.767 259.379 242.057 222.832 207.827 198.476
wo3 196.954 193.639 190.704 184.600 173.601 160.055 147.247 138.912 139.036 149.190
gong1 203.421 229.019 257.006 276.086 285.078 288.803 290.552 291.745 293.170 289.787
zuo4 293.058 297.768 303.718 304.385 296.598 281.875 261.171 237.119 217.163 205.540
shi2 202.949 202.130 203.032 202.559 200.247 199.955 204.852 217.282 235.281 246.132
xiao3 258.128 255.675 253.812 247.129 229.449 202.059 170.920 144.129 129.653 131.741
shi2 169.249 173.155 178.896 183.422 184.487 183.421 183.190 188.104 199.986 210.334
pi2 223.483 220.464 219.796 219.930 214.477 203.782 193.431 191.128 200.902 213.269
lao2 208.115 205.643 199.809 186.586 169.209 156.683 153.459 159.856 175.235 191.312
guo4 201.902 222.601 243.955 256.743 255.534 242.067 218.780 191.396 170.113 160.013
du4 177.555 187.429 195.506 192.720 175.787 150.625 125.188 107.744 105.879 114.519
