ben3 232.619 229.268 222.178 211.183 197.804 188.391 185.000 186.720 191.326 197.468
shen1 200.155 228.730 260.073 282.853 296.013 303.958 309.809 315.013 318.739 315.018
ye3 298.261 285.170 271.833 257.271 239.273 219.566 198.875 180.146 166.835 163.028
shi4 179.366 196.219 218.041 238.222 250.802 253.660 247.054 234.717 222.845 213.512
she2 204.210 203.148 204.232 205.754 204.996 203.246 203.535 209.942 223.735 235.466
ben3 231.506 227.702 221.217 206.387 184.313 162.074 144.437 133.826 132.560 140.588
qiu2 171.513 177.392 185.508 192.179 191.112 182.839 174.857 175.588 190.571 211.385
mo4 230.999 251.177 274.470 289.432 290.000 277.488 254.739 226.226 200.751 183.356
yuan2 188.827 181.404 174.199 167.524 160.769 155.186 152.291 155.068 166.144 183.060
mu4 224.897 241.464 261.762 276.175 279.828 272.822 255.776 231.475 207.065 187.837
qiu2 188.667 184.609 182.899 182.653 178.084 168.324 159.103 158.410 171.679 191.365
yu2 198.017 191.873 181.230 165.452 149.359 140.152 139.408 147.221 163.123 176.183
