bing1 334.094 341.571 349.044 351.879 350.377 348.823 348.868 349.717 350.316 343.058
qiang2 311.280 293.141 272.795 248.441 221.404 201.460 196.434 208.013 233.159 253.286
ma3 269.249 261.605 252.091 236.166 212.756 187.445 165.614 150.907 146.525 152.790
zhuang4 195.264 225.120 255.820 272.160 271.127 258.695 240.656 220.684 205.660 196.531
de5 186.715 187.019 186.437 180.870 173.357 168.774 167.465 167.709 169.964 173.091
liao2 159.947 166.618 173.543 175.817 174.139 174.445 181.829 198.934 224.265 243.956
ning2 247.459 241.022 230.258 211.114 188.508 173.850 171.694 180.608 197.682 212.464
dui4 232.241 253.709 271.679 272.491 257.202 237.144 220.291 209.259 207.585 211.589
qing1 237.699 249.472 267.430 285.686 299.632 308.550 314.215 319.378 324.557 322.380
qu3 297.930 282.211 267.074 250.252 227.164 199.541 171.871 149.652 138.218 140.801
que1 185.746 199.733 220.910 245.539 266.618 279.840 285.031 285.689 285.620 282.366
bing1 273.630 285.746 301.094 311.212 315.560 318.072 320.421 322.406 322.518 314.444
shao3 292.802 281.672 269.309 251.443 224.761 193.628 164.029 141.546 131.225 135.579
jiang4 195.329 222.188 250.692 267.555 268.014 255.968 236.314 213.756 196.282 187.104
de5 173.617 173.428 172.577 168.709 163.910 161.273 160.098 159.611 161.224 165.583
shang4 192.794 216.845 246.767 272.310 285.486 283.773 267.507 241.292 214.674 195.673
hai3 181.317 178.823 179.762 182.829 182.023 172.824 155.904 138.360 128.167 130.027
dui4 124.559 147.159 166.355 171.876 162.400 145.603 127.680 116.429 119.288 130.592
