ye2 237.903 238.534 240.333 244.530 253.841 270.119 290.495 310.317 321.810 316.755
xu3 327.064 312.521 298.123 282.358 261.259 236.384 211.336 191.271 180.295 179.116
wo2 174.269 178.839 183.824 185.208 183.396 183.793 191.115 208.105 232.545 250.360
you2 247.345 244.141 239.060 228.902 214.328 202.390 197.599 201.967 214.114 225.223
dian2 234.978 237.618 237.354 227.586 212.948 204.967 208.527 222.740 242.396 253.345
xi3 245.481 243.194 242.441 237.728 223.917 202.063 177.014 155.586 144.252 146.500
huan1 184.852 200.946 224.642 251.385 273.867 288.274 295.595 300.434 305.431 304.722
kan4 302.504 304.562 310.911 316.380 315.604 306.706 289.016 265.099 242.662 227.383
dao4 232.944 248.389 262.092 261.052 246.217 226.842 209.067 194.918 188.284 186.902
ni3 200.513 196.990 194.356 189.042 179.228 166.430 153.243 143.532 141.300 148.515
na4 187.806 210.686 237.197 257.533 264.909 258.928 241.973 218.800 198.403 186.181
ang2 179.581 182.454 183.039 176.115 164.859 158.556 162.590 177.893 202.140 222.163
zhe5 229.348 232.648 233.602 227.148 213.550 198.682 185.618 175.823 172.608 174.639
tou2 192.538 192.894 194.582 193.666 185.363 170.525 155.731 148.299 153.973 169.277
de5 197.946 203.671 206.830 202.669 193.710 184.986 176.581 168.304 162.677 160.885
yang4 165.877 184.807 206.237 221.681 224.335 214.333 194.431 171.139 153.841 147.959
zi5 156.086 161.490 165.176 162.573 154.967 146.292 138.798 135.266 139.948 147.199
