qun2 257.276 254.858 250.195 241.923 228.210 216.026 213.814 224.797 247.669 268.569
shan1 282.674 298.456 316.397 327.178 329.978 329.365 328.482 328.357 328.338 322.369
fang3 290.213 275.275 256.856 231.457 200.188 170.777 148.629 136.058 134.917 144.431
fu2 156.088 163.623 172.536 179.174 181.698 182.684 186.056 195.308 211.708 226.629
jie1 234.558 249.160 266.985 280.049 287.246 291.753 294.853 296.921 297.694 292.196
you2 269.729 254.312 236.218 215.167 194.151 180.615 176.835 181.586 192.782 204.473
da4 240.757 265.258 291.470 307.047 308.027 297.921 279.527 255.774 234.022 219.391
da5 209.150 214.155 217.970 213.404 201.500 188.915 179.673 174.500 176.276 182.098
xiao2 182.649 187.489 194.915 200.186 199.935 197.238 199.419 212.907 238.260 258.700
xiao3 272.452 270.841 269.541 260.896 240.014 210.011 177.482 149.892 133.985 132.384
de5 144.331 151.508 158.183 160.944 161.796 163.810 166.885 170.373 175.686 181.727
sui4 222.396 244.824 275.705 306.074 326.587 331.292 317.642 289.207 255.910 228.025
shi2 207.869 205.273 204.112 202.042 197.122 191.022 185.979 185.041 190.778 198.891
dui1 224.489 245.824 270.428 288.139 297.416 302.295 305.097 307.180 308.153 302.158
qi4 289.940 280.941 275.168 269.801 259.260 241.987 218.889 194.154 175.466 164.864
er2 159.998 152.503 143.555 133.815 127.455 128.486 136.948 151.881 172.021 189.255
cheng2 186.862 184.749 177.399 161.210 141.287 127.028 123.586 131.426 152.629 174.457
