du2 242.333 244.501 246.887 250.077 254.875 263.735 276.116 290.465 301.015 300.925
guo5 318.022 323.914 328.830 325.715 315.877 305.521 296.778 288.801 281.429 270.413
mei3 258.753 249.716 239.756 224.983 204.693 183.284 164.405 151.144 145.800 149.173
guo2 168.962 176.332 183.223 184.690 180.600 176.148 176.488 184.782 202.355 220.804
zuo4 235.495 258.203 281.903 296.048 297.904 290.664 275.726 255.558 236.740 224.143
jia1 228.226 245.009 264.752 277.553 282.691 284.295 285.299 286.732 288.564 285.618
tuo1 265.786 269.039 278.491 290.153 300.447 307.921 312.597 315.872 317.914 312.634
ma3 292.941 279.212 262.963 240.136 210.668 181.502 158.011 142.829 138.177 144.011
si1 181.944 197.466 217.788 237.085 252.835 264.818 273.000 278.446 282.051 279.611
wo4 286.428 287.472 294.020 300.669 301.409 293.166 274.721 248.769 223.148 203.237
er3 186.576 181.786 176.119 166.193 153.491 142.177 133.484 128.582 128.494 135.242
fu1 165.023 181.390 202.495 221.422 236.857 249.257 258.086 263.617 265.590 259.884
de5 237.820 234.801 228.754 216.669 202.246 191.386 184.673 180.723 180.467 182.794
yi4 201.952 217.950 238.298 256.829 268.423 271.077 263.909 249.237 233.113 221.070
pian1 221.413 228.738 243.354 261.841 278.083 288.550 293.302 296.108 298.480 294.810
xiao3 268.732 258.611 248.698 236.467 216.257 188.744 158.121 132.068 117.562 119.457
shuo1 132.782 152.817 172.054 184.761 191.179 195.474 200.633 208.723 222.105 232.725
