dan4 333.295 336.380 336.128 328.357 314.931 301.371 289.236 277.133 266.886 258.359
ni2 236.649 232.790 231.052 231.104 233.420 239.444 249.053 262.222 274.843 276.854
zong3 286.301 280.684 269.287 244.920 210.633 178.433 155.058 141.773 138.969 145.131
de5 142.335 153.160 162.958 167.259 168.446 170.826 174.843 179.678 186.311 192.699
rang4 200.166 224.948 250.245 262.737 258.969 244.525 225.700 207.338 195.863 192.696
ren2 187.268 180.458 173.392 165.668 159.767 159.363 164.690 174.954 189.336 203.985
jia1 231.140 253.350 278.020 293.253 299.460 302.857 306.493 310.316 312.611 306.628
gan3 284.520 272.835 256.664 231.036 198.775 169.961 149.922 139.282 138.721 146.846
dao4 193.683 220.274 243.484 249.160 239.398 225.236 213.010 204.359 202.484 204.514
bei4 224.444 241.233 260.736 272.915 274.114 266.400 252.611 235.829 221.861 212.753
ni2 200.307 196.775 194.311 191.967 190.525 192.834 199.463 211.034 225.172 233.670
cai2 238.177 234.872 231.613 224.285 210.442 195.896 188.639 193.926 212.722 230.400
fang3 223.728 219.017 214.010 203.978 186.524 164.577 142.759 126.301 120.188 127.201
shi4 161.769 179.442 203.106 227.122 244.260 249.965 242.836 227.126 210.675 197.747
zhi2 183.524 182.123 181.668 179.717 173.619 164.395 155.191 151.161 155.455 166.103
de5 199.957 209.807 219.361 221.210 216.174 207.277 194.091 177.136 160.419 147.023
de5 127.439 135.401 142.016 144.069 142.616 139.734 135.228 130.361 129.034 132.614
ba5 130.332 143.923 157.172 165.163 165.530 159.319 149.386 141.920 144.439 152.158
