wo3 217.514 218.729 217.189 210.521 199.016 188.700 182.513 179.844 179.928 182.916
kan4 206.871 226.819 251.129 273.547 286.817 288.241 278.075 260.227 242.735 231.336
dou1 236.986 253.044 271.858 284.958 291.374 294.146 294.838 294.351 293.132 288.867
ying1 291.920 293.911 297.729 298.523 296.040 293.485 291.874 291.174 291.069 288.025
gai1 292.709 304.623 315.041 313.564 302.340 291.103 285.195 284.193 287.073 286.959
cong2 282.770 268.029 252.258 233.193 209.982 189.658 179.511 182.537 199.186 217.906
zhe4 238.029 252.228 267.370 273.394 267.341 253.391 235.404 216.580 202.876 194.595
ge5 203.369 200.509 197.473 190.652 181.774 175.298 172.974 174.783 181.419 188.721
jiao3 191.046 193.988 196.459 192.082 179.729 163.782 148.718 138.755 137.738 146.875
du4 193.440 216.929 242.943 259.640 263.077 256.570 243.332 226.396 211.425 199.872
kong3 212.889 211.373 211.765 209.389 199.354 182.195 163.104 148.640 145.055 153.843
pa4 188.423 206.969 233.165 261.172 282.391 291.412 285.546 268.331 247.718 230.025
ye3 184.938 184.621 184.594 181.626 177.857 176.864 177.299 177.829 179.329 180.976
zhi3 211.027 211.523 212.832 209.872 199.423 183.206 165.513 151.820 147.262 152.234
neng2 146.538 151.539 155.481 154.150 151.433 154.365 165.304 183.263 206.004 223.893
cong2 239.382 237.990 236.092 228.516 211.518 191.450 178.063 177.806 193.751 214.168
zhe4 232.411 249.520 268.494 279.337 278.436 268.629 252.281 232.258 214.843 202.539
ge5 202.364 198.905 195.489 188.912 180.253 173.263 169.447 169.339 174.211 180.809
jiao3 187.164 189.733 192.382 189.152 177.704 161.053 143.462 130.200 126.239 134.309
du4 180.749 202.604 226.705 242.162 244.244 235.315 218.821 199.416 184.380 176.236
lai2 173.299 170.218 167.108 161.219 153.461 146.652 142.485 143.210 150.262 161.729
li2 185.043 183.718 181.432 176.746 171.265 169.809 173.736 184.114 198.822 208.453
jie3 213.098 213.272 209.360 195.357 171.436 144.700 122.463 109.999 112.796 124.447
