you3 218.058 219.992 217.688 209.820 198.395 190.694 189.502 193.126 199.514 206.522
shan4 234.362 264.078 297.919 326.186 343.909 349.947 343.322 325.654 303.146 282.582
na4 263.711 271.638 283.586 292.862 293.073 282.810 264.392 242.071 223.709 213.512
qun2 216.118 214.407 215.074 214.606 208.372 199.075 194.505 201.532 222.165 242.551
yan2 244.838 240.572 232.824 217.824 199.644 188.633 189.547 201.917 222.098 237.508
wen2 229.480 224.022 216.967 206.356 193.697 185.548 185.334 193.721 209.120 223.351
guo4 240.831 262.414 285.029 296.867 293.793 279.942 259.850 237.345 219.630 209.477
ze2 222.040 217.143 211.657 204.848 199.278 199.712 206.465 218.803 233.867 243.573
xi3 240.888 239.703 240.754 237.675 226.362 207.511 184.702 164.288 151.518 147.944
de5 143.893 148.256 152.158 153.218 153.613 156.083 160.075 164.815 171.331 179.004
kuan1 199.878 214.170 237.437 265.371 290.346 307.270 315.773 319.965 321.857 315.700
guang3 284.762 270.964 251.345 221.217 185.583 155.924 137.752 130.447 134.627 147.565
xiong1 162.563 181.425 207.356 234.822 257.368 271.460 277.544 280.124 281.924 278.002
huai2 258.708 239.854 216.561 189.314 161.534 140.606 130.716 133.173 149.781 168.904
