yan3 224.513 223.594 219.427 211.104 199.944 191.685 188.132 188.378 191.124 195.664
kan4 226.187 246.684 274.444 304.004 327.123 337.665 332.136 313.247 288.355 264.499
zhe5 236.959 235.605 233.625 228.702 221.293 214.647 209.849 207.647 209.765 213.917
guo4 228.271 252.239 281.786 308.002 326.822 335.995 331.396 312.837 286.429 261.011
qu4 233.492 234.719 242.406 251.996 258.323 257.550 248.068 232.197 215.609 200.643
de5 204.752 204.122 202.818 197.063 189.700 184.957 182.753 181.803 182.745 183.521
shou3 206.776 209.015 213.532 214.638 206.306 188.010 164.671 144.185 134.346 138.883
xia4 181.758 201.911 228.884 254.368 269.022 268.641 254.144 231.354 209.855 195.918
bai4 221.952 239.101 257.949 268.582 266.296 253.882 235.998 217.245 204.722 200.903
jiang4 236.803 256.559 278.466 290.550 288.514 275.308 254.659 230.721 211.666 202.412
yue4 208.559 211.604 220.730 232.049 237.386 231.760 215.518 194.098 176.880 168.625
lai2 163.371 160.983 158.745 155.023 150.725 148.106 148.469 153.527 164.643 179.224
yue4 218.053 231.415 251.471 272.808 286.673 287.336 272.877 247.438 220.835 201.764
nan2 185.497 179.994 173.691 164.366 153.685 146.130 144.095 149.022 161.804 178.045
dui4 202.259 225.534 248.874 262.229 261.806 250.436 229.610 203.929 182.070 169.797
fu5 155.478 156.387 158.920 159.332 153.206 139.648 122.385 108.977 107.028 112.433
