dui4 346.159 350.688 351.527 342.874 327.198 311.039 296.416 281.773 269.040 258.561
yuan2 238.290 226.366 213.688 200.678 189.332 184.519 188.576 201.336 220.222 235.469
lai2 226.641 223.933 217.916 204.616 187.476 175.699 173.667 180.647 195.155 209.398
zheng4 249.245 279.619 311.373 329.562 331.040 320.877 302.060 276.386 251.178 232.093
qi3 207.722 203.504 202.964 202.941 197.497 183.702 164.342 146.370 136.977 139.958
he2 168.057 174.096 183.456 194.860 201.029 198.580 191.823 188.745 196.435 211.519
yi1 228.281 237.743 255.201 276.079 297.111 314.895 325.891 329.595 324.805 308.752
de5 275.343 267.112 254.766 235.140 212.682 194.868 182.737 174.077 169.907 169.446
you2 171.557 169.571 168.238 165.875 162.600 161.869 166.205 177.545 195.772 212.679
dian4 243.948 273.063 302.650 318.971 318.662 306.516 285.579 258.965 234.875 219.306
bu4 208.453 216.475 230.489 244.835 255.186 258.122 250.617 233.694 213.038 193.743
de5 187.333 185.534 182.634 175.573 166.320 158.594 152.284 146.709 143.876 145.385
zhu2 151.432 152.804 156.891 161.582 163.673 163.720 165.741 175.376 193.619 210.187
bu4 229.760 241.946 252.209 251.450 236.893 214.173 188.543 164.658 149.987 147.026
chai1 203.043 214.188 228.248 240.513 246.493 246.814 243.818 241.421 243.313 245.199
fen1 227.667 237.955 247.128 249.290 244.862 240.107 238.639 241.628 249.478 253.747
