duo1 335.662 339.605 343.965 345.019 343.367 342.357 342.265 341.563 339.198 329.226
ming2 315.795 295.149 269.824 239.901 210.980 193.758 191.838 202.379 220.784 235.125
xia4 246.729 263.432 285.837 304.563 312.409 306.970 288.568 260.890 232.793 210.481
gang3 205.391 202.770 198.149 185.677 167.623 150.585 138.770 133.550 137.144 149.155
shi1 172.731 189.311 210.765 231.052 247.917 260.884 269.133 273.205 274.246 269.633
ye4 271.268 272.523 277.276 279.940 275.931 263.887 245.297 223.949 206.759 196.966
ren2 177.470 173.402 169.063 162.801 157.722 158.283 165.241 177.665 194.161 208.833
yuan2 212.617 210.804 206.050 194.345 178.892 168.154 166.189 172.731 187.489 203.400
jie1 229.490 243.678 261.448 275.235 283.509 288.702 292.230 294.687 296.367 292.112
shou4 295.515 298.201 303.444 303.388 293.990 276.740 254.190 229.591 209.728 196.523
le5 185.751 181.732 177.508 170.401 162.451 156.995 154.344 153.455 155.790 161.935
ji4 197.914 215.843 237.820 255.799 263.840 261.232 249.488 232.409 217.169 207.355
suan4 238.811 249.469 264.267 275.530 276.269 264.771 242.540 214.901 192.111 180.816
ji1 193.506 203.176 216.480 228.514 237.922 245.033 249.363 251.295 252.138 249.227
ying1 258.148 265.249 276.631 286.726 293.454 297.899 300.982 303.928 306.310 301.770
yong4 301.060 295.868 288.293 272.047 246.624 219.119 195.099 177.211 170.530 173.620
zhi1 211.711 222.090 237.013 252.368 265.154 274.386 279.758 283.001 285.616 283.056
shi5 274.340 266.854 262.117 256.330 245.505 229.168 208.678 187.556 172.020 162.920
de5 181.532 179.054 175.708 169.122 161.218 154.937 149.504 144.301 141.398 142.712
pei2 153.612 154.517 157.012 159.394 157.773 151.159 143.404 141.788 151.495 168.149
xun4 178.802 197.445 213.991 219.752 209.305 186.594 158.242 133.862 124.172 126.672
