ji4 367.307 368.105 369.896 370.594 369.873 367.405 359.081 342.243 319.555 295.383
zhe3 245.653 240.484 233.510 220.791 201.970 182.243 165.916 155.468 153.383 159.409
ta4 199.196 217.999 243.283 269.865 290.410 299.691 294.303 277.137 256.162 238.872
jin4 239.972 256.696 277.344 292.722 298.767 295.806 284.334 266.554 248.859 235.374
lv4 233.986 246.651 260.547 265.856 261.307 251.005 238.186 224.695 214.984 209.339
shu4 210.296 216.220 225.355 231.287 228.716 217.572 201.784 186.619 179.162 179.736
xian1 207.808 222.743 243.785 263.642 278.171 286.906 291.508 294.683 297.444 294.422
hua1 285.005 284.269 288.712 294.669 299.210 301.931 302.986 303.422 303.350 297.314
huan2 280.507 262.752 245.430 229.038 211.215 196.367 191.027 199.685 222.236 242.963
rao3 257.441 252.345 244.141 225.587 198.201 170.351 147.814 133.067 128.044 132.856
de5 133.894 143.587 152.707 158.023 161.354 165.566 170.441 175.526 182.290 189.367
kang1 208.103 225.374 249.790 274.396 293.778 306.441 313.589 318.467 321.650 316.069
mei3 290.669 272.936 252.713 228.044 198.387 169.387 145.070 128.370 121.790 127.159
zhen4 187.263 211.921 237.211 251.921 250.919 236.837 214.810 191.087 175.583 171.165
tong2 182.515 183.684 186.593 187.877 182.491 171.575 161.782 160.303 172.266 190.895
bo1 196.020 215.276 236.922 253.990 263.362 266.838 265.897 263.751 262.840 259.487
cun1 261.616 270.468 277.967 278.298 270.603 261.597 256.336 256.910 264.116 267.969
