ba2 234.764 234.408 232.137 226.570 219.977 219.921 230.629 251.224 274.976 286.972
xiao3 293.077 286.073 278.429 266.290 244.673 216.509 187.966 165.416 154.428 157.903
shuo1 185.944 204.734 228.552 250.272 267.300 280.201 289.592 296.752 301.408 297.493
gai3 286.232 273.979 258.145 233.805 202.407 172.627 149.814 135.670 131.370 137.062
cheng2 178.507 182.252 187.862 190.964 187.981 182.048 180.204 188.291 208.465 228.870
dian4 242.241 268.931 295.748 307.339 301.074 283.895 261.408 236.820 216.593 202.654
ying3 211.275 208.338 205.085 197.183 183.985 169.408 156.755 149.223 149.482 157.912
jiao2 175.079 184.088 192.148 191.880 185.169 181.334 187.818 207.194 236.855 258.611
ben3 264.382 258.584 248.692 228.440 199.989 173.060 153.520 142.886 142.308 150.558
dao4 196.912 223.409 248.347 257.378 250.616 236.787 221.647 207.707 199.350 195.069
di3 205.113 204.358 202.900 195.652 182.796 169.059 157.482 150.452 150.069 156.679
suan4 206.539 228.478 255.396 276.869 285.925 281.405 264.210 238.582 213.362 194.282
gai3 194.383 193.371 192.000 185.743 173.436 158.035 142.963 132.168 129.615 137.812
bian1 174.048 197.829 224.514 244.463 256.342 263.712 268.777 273.083 276.719 274.346
hai2 252.730 238.423 225.836 215.987 202.985 185.674 169.021 160.682 165.386 178.717
shi5 189.565 197.264 205.512 209.149 205.271 195.821 184.125 174.535 172.494 177.271
suan4 223.330 240.174 260.931 277.039 280.872 270.639 247.193 216.046 188.311 172.976
bian1 156.326 175.723 195.814 208.559 213.811 215.993 217.626 221.089 227.521 231.462
ju4 236.780 240.595 239.496 225.665 197.615 164.164 133.819 113.287 109.244 117.335
