ta1 327.505 326.618 326.083 324.051 321.166 320.565 322.081 324.063 325.014 318.507
men5 313.141 302.318 289.297 272.066 253.587 239.052 229.952 225.704 226.297 226.319
gei3 227.144 224.666 221.042 211.135 194.467 175.887 159.412 148.402 145.698 151.695
xin4 186.687 205.191 232.501 262.415 285.776 295.135 286.789 264.527 237.401 213.270
fang3 201.247 197.941 194.510 186.418 172.534 155.695 140.169 130.311 130.460 141.924
ju2 162.295 167.674 174.048 177.538 177.248 176.991 181.418 193.831 214.290 231.576
song4 261.116 282.421 308.964 329.733 338.507 334.553 317.314 289.229 258.400 232.173
lai2 194.873 191.735 187.524 178.614 168.375 162.765 164.035 172.264 186.411 199.966
le5 209.590 216.022 220.889 218.267 210.542 203.730 199.737 197.792 198.911 200.017
xu3 209.779 209.840 212.744 214.416 208.416 193.263 172.975 155.149 147.275 152.755
duo1 201.420 224.474 251.105 271.198 283.638 291.944 297.860 302.002 303.895 297.733
jin3 287.262 274.913 260.734 240.969 213.856 184.623 158.825 140.676 134.051 139.704
qi2 171.764 177.295 184.447 189.408 189.829 187.778 187.273 192.747 206.267 218.464
he2 222.589 220.298 220.326 221.287 217.618 210.014 203.932 206.427 220.215 234.311
gan3 231.886 228.114 222.126 208.521 186.946 163.170 141.766 126.641 121.599 127.985
xie4 140.455 155.827 179.960 209.980 234.848 244.567 235.076 212.499 187.697 168.758
xin4 175.809 189.439 203.995 212.446 206.269 185.243 156.475 131.427 121.935 125.880
