tang2 246.139 242.371 237.055 229.107 217.045 207.296 207.084 219.167 241.065 258.580
dai4 291.539 313.379 331.467 333.462 320.201 301.228 281.876 262.983 248.672 240.691
shi1 230.874 239.474 255.212 274.095 292.282 306.196 313.386 314.998 311.513 300.753
ren2 288.655 266.276 240.844 213.727 190.243 178.319 178.372 187.297 200.493 211.148
liu2 209.765 211.876 213.235 208.090 198.255 192.648 197.392 213.877 238.145 253.925
yu3 253.014 246.200 238.049 224.398 205.152 185.839 169.153 157.280 152.298 155.241
xi1 177.003 190.070 209.340 230.200 248.660 262.417 270.653 275.369 277.782 273.769
ceng2 267.575 254.523 240.512 223.720 202.182 181.834 170.039 170.905 185.983 205.240
jing1 230.859 250.482 274.153 293.328 304.671 310.188 312.266 313.518 314.773 309.857
ru2 279.998 259.209 238.405 219.817 205.351 198.912 200.726 210.496 224.135 230.557
ci3 227.163 222.017 219.211 215.544 204.815 184.938 158.894 134.690 119.812 120.383
shuo1 138.442 156.080 178.034 200.390 218.249 229.374 233.760 235.512 238.604 239.757
guo5 214.698 215.638 212.300 198.539 176.113 153.009 135.091 126.186 130.461 140.491
