er2 224.820 223.366 222.897 225.731 231.492 240.754 253.077 267.654 279.818 282.211
yu2 267.771 262.622 255.901 248.455 242.318 241.209 245.057 252.710 260.581 263.777
lun4 283.869 305.767 327.188 336.173 330.343 315.148 294.324 270.069 248.794 235.139
jian1 229.125 245.453 264.185 275.679 279.697 280.741 281.656 283.184 285.160 282.584
du1 293.736 302.235 312.650 317.360 317.153 316.332 315.869 315.028 312.487 303.938
shi4 310.865 305.473 302.036 296.048 284.473 268.326 249.344 230.121 216.359 208.690
kua4 222.230 229.405 244.663 263.267 274.488 271.251 253.425 227.396 204.001 190.466
qu1 213.577 219.656 232.353 248.506 263.328 273.329 277.590 278.540 278.420 274.384
yu4 290.590 285.204 282.988 281.133 275.329 263.844 246.655 226.560 209.862 200.594
kua4 218.214 221.800 232.953 248.244 256.454 249.941 228.518 199.350 174.185 161.156
kong1 194.331 200.976 213.961 231.610 247.056 255.629 257.308 256.968 258.769 259.260
jian1 237.396 249.150 258.995 259.120 250.480 241.037 235.245 234.883 240.356 244.742
de5 229.926 224.438 213.547 193.365 168.504 147.445 132.809 125.257 126.724 130.278
