la1 328.872 335.128 340.478 339.656 334.197 329.629 328.013 328.035 328.428 322.458
la1 321.489 330.630 340.538 343.882 341.441 338.182 336.297 335.378 334.537 327.414
za2 283.573 267.799 247.635 221.838 196.044 180.572 177.880 185.049 198.580 210.101
za2 207.378 208.773 208.340 201.882 192.043 186.504 188.638 198.351 214.290 226.828
tan2 229.905 228.317 225.875 216.808 200.658 184.754 177.137 181.550 199.281 218.273
le5 221.745 227.254 231.141 227.250 218.196 210.058 204.617 201.078 200.419 199.591
ji3 203.797 206.483 210.368 209.881 201.280 185.903 168.160 153.991 149.040 154.640
ci4 189.642 205.665 228.074 250.529 266.173 271.529 266.091 253.375 239.751 227.216
mai3 216.803 215.453 213.385 204.134 187.007 166.905 148.622 135.530 131.075 136.756
shu1 174.913 191.948 214.296 235.159 251.507 263.078 270.399 275.019 277.833 274.399
bu3 273.699 262.224 249.284 231.598 208.444 184.868 164.258 149.361 142.676 145.425
lao2 142.984 148.334 153.123 154.052 152.465 152.929 158.281 169.910 188.357 206.595
diao4 238.449 264.103 288.657 299.002 291.880 273.919 251.076 228.187 212.847 207.755
huan4 212.755 219.173 235.924 260.337 282.265 291.042 280.662 254.719 223.170 196.320
de5 167.806 164.709 160.937 154.619 147.717 142.867 138.895 135.164 133.546 136.558
jing1 160.404 181.468 203.280 217.293 223.534 226.997 230.005 234.386 240.498 242.695
li4 249.074 246.273 240.450 226.262 202.179 174.031 147.809 129.103 124.102 128.181
