ru2 241.793 243.175 244.556 245.875 249.977 260.728 277.204 295.971 309.665 309.259
feng2 295.481 288.577 279.896 266.438 249.827 239.084 240.246 253.896 274.565 285.383
gong3 281.743 272.779 258.132 232.198 199.174 171.040 153.712 146.652 150.259 161.810
guo1 183.722 209.327 236.945 255.682 264.932 269.784 273.317 276.877 280.627 279.103
dong1 292.747 303.942 316.954 322.646 321.081 318.070 316.559 316.752 317.272 310.863
lin2 279.194 259.178 235.985 209.782 185.768 173.104 173.765 184.768 201.746 215.313
lu4 244.597 266.113 290.031 304.000 305.994 299.126 284.047 261.565 237.370 216.168
ming2 196.551 192.835 188.849 180.471 169.212 160.630 159.080 166.590 182.914 199.089
de5 218.628 224.401 226.668 220.409 209.234 200.181 194.634 191.492 191.914 194.281
san1 213.554 236.186 265.829 293.977 314.951 327.620 333.286 335.299 334.878 325.740
ren2 282.689 255.951 226.529 197.236 172.068 156.844 151.580 154.064 162.198 173.217
xiang4 218.416 240.472 268.104 291.041 300.830 294.538 272.541 240.376 209.130 188.692
sheng5 194.291 195.084 198.038 199.483 194.790 183.375 168.767 156.118 152.879 159.709
tai2 188.925 186.077 186.445 188.941 186.820 177.635 166.428 161.994 170.039 185.208
shang4 219.100 240.173 263.923 279.503 278.838 262.469 234.657 202.399 176.885 164.677
tai2 172.503 169.459 168.974 170.608 168.985 161.094 149.961 143.460 147.842 161.137
xia4 167.767 189.731 212.670 227.396 223.916 202.182 169.217 137.710 121.000 119.595
