bao1 321.149 327.547 334.035 336.723 335.395 333.853 333.959 335.440 337.569 332.618
kuo4 310.459 305.579 303.860 302.027 293.887 277.498 254.658 229.825 211.400 201.919
cai2 205.677 201.421 200.290 200.781 198.374 194.063 194.259 205.510 229.035 249.801
chan3 241.505 238.935 234.725 223.336 205.819 188.926 177.375 172.650 176.534 184.052
sun3 209.320 211.677 214.708 212.786 201.884 183.695 163.712 148.263 143.796 151.758
shi1 176.420 195.179 218.627 239.756 256.512 269.382 277.721 281.857 282.256 276.150
bao2 266.467 253.343 237.396 216.912 195.915 184.829 188.565 206.408 233.621 252.856
xian3 261.652 257.150 252.884 242.887 223.981 199.498 174.786 155.515 146.524 148.449
ze2 165.572 170.738 175.318 176.427 174.539 173.327 174.602 179.722 189.844 201.617
ren4 222.116 240.832 262.278 275.866 275.978 264.283 244.709 222.296 204.900 195.981
bao2 196.478 195.128 192.544 184.853 175.746 174.179 184.761 207.361 237.680 258.498
xian3 277.210 272.603 267.627 256.207 234.168 205.529 176.759 154.273 143.811 147.329
xin4 186.157 205.726 233.665 263.495 287.651 299.666 295.431 277.529 253.632 231.276
yong4 222.876 232.600 243.161 245.358 236.122 219.585 201.188 185.041 177.316 177.898
bao2 185.869 184.736 182.584 176.073 167.642 164.726 171.712 189.145 215.209 236.922
xian2 239.524 238.251 235.638 225.990 209.533 194.679 188.896 195.831 214.864 231.182
deng3 226.186 219.805 210.726 194.394 172.704 152.544 137.516 128.937 128.124 135.443
bao2 141.760 150.107 157.736 161.126 161.209 163.801 173.763 194.233 223.887 247.230
xian3 261.429 258.795 257.176 251.322 234.363 206.614 172.575 140.894 120.134 116.923
ye4 124.366 138.453 157.944 180.025 196.471 199.825 188.253 168.544 151.137 142.274
wu4 155.120 158.863 166.113 173.826 173.436 160.905 139.777 120.436 112.834 115.222
