zai4 343.116 343.050 336.568 319.516 297.046 279.266 267.987 260.816 257.075 254.171
da4 272.339 297.150 323.339 340.505 346.186 342.908 331.305 312.002 290.552 273.017
ju4 262.192 272.064 286.814 299.932 309.134 312.938 308.631 295.843 278.280 259.992
yuan4 254.695 262.650 274.981 283.953 284.603 276.181 260.029 239.194 220.451 207.730
de5 192.649 190.764 188.144 181.736 174.541 171.129 171.503 173.990 178.488 183.705
shou4 205.019 229.300 259.138 284.705 298.814 299.485 287.754 267.866 248.077 234.354
piao4 227.078 241.638 259.834 272.012 271.092 257.532 236.417 214.136 199.607 195.661
ting1 224.158 233.719 250.183 268.061 283.548 295.115 302.924 308.667 312.386 308.058
yong2 286.673 271.208 253.081 230.914 209.038 197.477 200.319 216.222 239.590 254.673
yuan3 252.295 244.511 234.395 217.450 194.470 172.275 155.010 144.420 142.431 149.119
dou1 204.176 230.251 260.515 283.292 297.692 307.572 314.675 319.285 320.030 310.470
mai3 289.639 276.204 260.231 236.983 206.939 177.222 152.842 135.886 128.268 130.905
bu2 153.196 158.350 165.210 170.675 173.230 175.413 180.750 192.378 210.305 224.836
dao4 240.047 258.228 270.715 264.556 242.675 218.498 199.639 187.582 185.629 190.284
dang1 229.905 247.769 271.074 290.910 304.446 313.030 318.049 321.141 321.899 313.624
wan3 293.944 276.870 257.605 233.404 204.404 176.089 151.665 133.793 124.360 124.290
de5 129.266 136.145 142.733 146.767 150.009 153.842 156.521 157.759 159.508 162.555
men2 158.468 158.828 158.254 153.938 146.961 141.691 141.556 149.811 167.233 185.190
piao4 184.873 207.309 226.937 233.336 220.558 194.145 161.969 134.577 123.108 125.808
