re4 328.043 332.758 337.819 341.310 343.216 342.686 336.520 322.181 302.910 284.351
zhong1 265.900 281.201 298.960 310.683 316.476 320.128 323.793 327.831 330.981 325.855
yu2 282.138 259.095 234.051 210.437 191.739 182.886 183.295 190.274 200.472 208.966
la1 221.577 243.858 268.144 283.479 289.464 291.455 292.857 294.693 296.960 293.892
guan1 289.304 302.390 316.829 323.279 321.638 317.996 315.997 316.218 317.993 313.630
xi5 301.513 289.507 279.288 268.439 255.350 241.057 226.724 213.988 206.264 201.613
zhao3 206.931 204.771 201.705 192.192 176.583 159.652 145.767 137.944 138.967 148.461
men2 149.282 154.591 160.265 162.697 162.585 163.907 169.864 182.890 202.376 218.751
zi5 225.394 234.907 241.348 236.710 222.898 208.836 198.920 193.775 194.887 198.813
la1 220.592 240.660 263.043 277.530 283.471 285.574 286.949 288.647 290.873 288.022
la1 284.617 298.041 312.974 320.444 319.935 316.998 314.852 314.090 314.454 308.756
che3 270.140 261.346 252.660 240.382 220.214 194.041 166.759 144.375 132.879 135.534
che5 170.581 173.860 179.437 186.114 189.941 189.961 188.974 192.041 202.983 215.173
pao3 218.201 214.148 212.084 209.004 198.977 180.517 157.548 137.511 127.863 132.920
guan1 174.948 200.059 227.797 248.675 260.380 266.023 268.282 269.578 271.746 270.164
yao4 255.843 253.910 251.016 241.835 222.922 198.069 171.827 149.349 137.767 138.853
guan1 178.556 200.992 220.151 226.276 222.175 217.797 218.422 224.736 236.645 245.218
