an1 316.558 324.989 333.181 336.821 337.094 338.339 341.064 343.020 342.662 333.319
yang2 293.937 273.817 249.813 223.697 200.046 187.780 189.355 202.035 221.474 236.981
shi4 240.969 258.582 280.043 296.396 303.738 302.414 292.341 275.153 256.138 238.349
wei3 215.792 210.489 205.342 196.343 181.491 163.723 146.886 135.477 133.160 141.349
shu1 169.344 186.678 209.000 229.798 246.179 258.020 265.677 270.750 274.172 271.642
ji5 255.227 250.264 243.733 231.534 213.819 196.856 185.221 180.438 184.601 193.192
fang1 230.233 247.257 269.071 286.736 297.449 303.092 305.872 307.563 308.691 303.588
xiao2 289.495 276.106 261.514 242.590 219.149 199.317 190.558 196.412 215.509 232.216
yu3 234.570 229.313 223.881 214.131 198.712 181.059 163.070 148.481 140.247 140.920
ren4 161.601 177.756 200.888 226.188 246.376 254.597 246.651 226.052 201.552 181.381
wei2 158.609 150.671 141.356 131.036 122.288 117.554 117.901 124.866 140.244 155.472
