shan3 261.074 262.714 261.296 253.367 237.706 220.468 206.273 197.127 193.920 196.016
xi1 199.025 217.667 243.630 271.960 297.382 316.009 326.316 330.648 330.035 321.306
sheng2 306.485 292.041 276.918 258.934 238.675 224.231 222.034 234.190 256.136 270.060
wei3 281.835 268.701 253.144 231.841 204.886 178.710 157.536 143.922 139.404 144.196
chang2 176.888 183.508 190.926 193.050 188.594 183.614 185.863 200.273 226.484 248.148
wei2 244.644 236.587 226.783 213.132 198.528 191.419 195.261 210.055 230.641 242.946
lei3 236.350 236.354 233.390 220.388 198.009 174.804 156.193 144.859 142.626 149.001
ji4 189.839 211.409 237.543 260.054 275.030 281.654 278.364 266.496 251.140 236.207
xia4 223.002 234.510 250.515 262.599 263.498 252.204 232.141 208.990 191.634 184.250
xiang1 213.498 230.048 252.477 272.833 286.978 295.148 299.492 302.734 305.740 302.616
xia4 306.903 306.829 308.186 303.719 288.379 264.314 235.975 208.122 189.088 182.047
ji1 210.941 222.179 237.173 249.916 259.746 268.097 274.522 278.645 280.299 275.804
ceng2 266.116 253.816 241.194 226.075 205.970 185.895 173.038 172.160 185.203 202.718
diao4 228.140 252.095 273.323 276.990 261.923 237.827 212.572 190.644 178.495 176.227
yan2 180.082 178.193 176.698 173.902 170.081 169.868 177.147 194.481 220.123 240.680
da2 238.025 235.328 229.034 214.367 195.278 182.449 180.507 190.020 207.448 219.573
wu3 209.040 202.263 195.399 186.225 172.202 154.803 136.112 121.582 115.469 120.666
tian1 143.761 164.633 184.661 198.286 205.274 210.192 215.415 222.574 233.753 241.320
