hai4 339.297 331.213 329.536 336.600 346.822 352.480 346.618 328.037 300.885 271.736
de5 244.362 244.769 244.126 240.090 235.821 234.111 233.812 233.304 232.371 229.448
kou3 226.643 224.040 223.534 221.608 211.907 193.573 172.036 155.280 149.928 158.049
shang4 190.401 215.384 243.745 263.056 267.809 259.999 243.985 224.544 209.115 199.374
gua3 205.602 208.554 211.917 209.479 198.261 181.130 163.119 149.754 146.220 153.647
dan4 209.018 236.936 264.485 276.409 271.906 258.693 241.983 224.025 209.778 200.021
de5 196.809 195.876 194.922 190.382 185.366 183.633 184.539 186.315 188.681 188.474
wo3 200.009 200.576 201.807 198.042 187.564 172.963 157.468 145.137 140.109 143.702
men5 144.923 155.054 165.030 169.525 168.915 166.667 165.255 166.080 172.539 182.812
yao4 187.279 209.625 232.034 242.719 238.878 225.881 209.371 193.626 184.595 183.718
kai1 216.909 225.097 239.926 256.557 269.761 277.096 279.508 280.166 281.285 278.499
che1 283.178 283.307 290.255 302.609 314.219 321.052 322.635 322.085 321.491 315.778
pao3 289.514 274.738 259.265 241.229 217.097 189.382 162.840 143.198 135.348 140.499
hen2 154.046 154.310 157.497 162.896 165.273 162.642 159.295 163.519 179.533 198.801
yuan3 228.366 225.664 217.595 197.445 168.155 139.451 118.731 109.830 116.640 130.486
