zai4 347.189 349.206 346.481 334.743 317.047 301.133 288.089 276.003 265.664 256.131
ci3 245.247 235.232 228.576 225.569 219.406 206.679 189.715 175.277 168.664 172.696
ji1 207.185 224.142 245.703 265.133 280.996 293.985 302.994 307.631 307.251 298.526
chu3 279.217 268.840 259.628 248.429 230.623 207.614 183.348 163.738 153.347 154.342
shang4 179.375 205.420 233.505 251.183 253.010 241.914 224.272 206.215 195.955 194.933
jia1 220.091 238.890 261.420 277.774 286.463 291.002 294.041 297.019 299.697 296.147
kuai4 288.873 294.713 304.754 312.103 309.902 297.051 275.337 248.991 226.499 212.749
jian4 230.568 247.566 266.985 278.186 277.180 266.508 249.652 230.382 215.790 208.399
li4 224.341 230.026 239.659 247.205 248.597 243.124 231.677 216.973 204.986 197.155
guo2 200.772 199.669 197.983 191.529 182.758 179.042 184.775 200.783 224.570 242.731
tu3 235.740 232.066 230.275 226.301 215.324 197.628 177.038 159.716 151.451 155.144
zi1 186.171 204.120 227.875 251.062 270.854 285.808 293.435 293.517 287.294 274.849
yuan2 254.456 237.801 218.446 196.178 174.824 161.689 158.968 165.194 178.939 194.450
xin4 222.110 239.665 263.239 285.237 297.394 295.556 278.925 252.309 225.812 208.300
xi1 217.916 222.063 233.495 249.133 264.406 275.449 280.851 282.822 282.605 276.849
jiao1 285.718 294.181 306.274 314.809 316.477 313.840 310.028 307.637 307.527 302.895
huan4 299.301 291.071 288.350 289.906 287.302 274.931 251.559 222.089 196.512 180.966
ti3 176.418 173.551 174.317 177.234 176.275 166.599 149.087 131.354 121.160 122.988
xi4 129.111 145.967 166.327 185.578 193.693 185.131 164.259 142.961 134.169 137.567
