hua2 248.038 241.361 235.014 230.430 222.420 212.427 206.343 209.114 222.036 238.090
kang1 233.797 251.023 272.256 288.334 297.506 302.503 306.016 309.432 312.057 307.801
de5 295.830 287.925 277.008 260.825 242.794 228.651 219.483 214.017 212.869 214.392
shou1 226.427 244.582 267.841 287.086 299.558 306.904 311.313 314.677 316.998 312.448
gou4 319.449 325.461 329.111 319.934 297.024 268.767 242.610 221.758 211.801 211.116
jia4 232.974 248.232 265.509 273.248 266.787 249.776 227.905 205.985 191.555 185.707
lian2 184.224 181.326 176.670 167.066 156.964 153.043 157.389 168.825 186.645 204.862
hua4 226.264 237.346 256.775 278.998 294.132 295.564 281.814 257.626 232.415 213.101
fei2 219.387 217.179 215.224 209.278 198.967 189.377 185.277 189.816 203.456 216.706
nong2 218.110 217.310 214.442 204.103 188.386 176.867 175.863 186.719 207.740 225.682
yao4 258.027 271.473 285.818 290.671 283.828 269.528 250.450 228.737 210.068 196.913
de5 193.075 191.407 189.401 184.288 178.556 175.687 175.052 175.278 176.710 177.649
ben3 193.115 193.590 193.428 187.756 175.474 159.819 144.407 133.225 130.485 138.485
qian5 169.970 185.001 203.630 220.563 228.801 225.719 213.405 198.125 188.934 188.135
dou1 217.537 236.782 261.370 282.355 296.692 305.449 309.821 311.612 310.888 301.985
bu2 255.058 230.942 203.873 176.416 152.402 137.124 130.364 131.190 137.715 146.494
gou4 169.312 193.914 214.644 218.779 201.871 172.687 140.977 117.701 112.368 121.185
