dao4 332.895 329.014 320.144 302.947 280.509 260.788 246.653 236.757 232.331 230.855
tou2 234.040 227.685 222.193 215.934 205.824 195.115 190.466 196.135 213.776 232.139
lai2 230.671 226.756 219.178 204.472 186.313 173.735 170.529 175.832 188.605 202.364
gong1 229.843 254.815 283.335 303.840 314.174 318.637 320.478 321.393 321.382 314.284
qian2 282.012 267.144 251.449 233.398 210.670 187.868 171.481 166.267 174.869 190.202
que4 226.799 241.026 261.664 282.105 294.279 294.256 281.301 259.553 237.469 220.962
bei4 229.924 241.728 254.487 259.328 252.690 237.945 219.873 203.111 194.259 194.151
kou4 232.970 239.767 256.176 278.348 297.716 305.396 295.801 271.355 240.921 213.819
de5 172.039 167.610 162.477 154.649 146.630 141.475 138.080 135.349 134.645 138.267
jing1 162.388 184.228 208.876 229.041 241.754 248.893 252.554 256.155 261.480 263.215
guang1 255.501 270.657 282.157 281.243 269.864 258.350 252.154 251.704 256.951 259.655
