fu4 363.415 358.893 359.181 364.542 372.525 377.689 372.479 353.968 325.496 293.890
lan2 247.541 234.475 218.542 199.498 182.626 176.395 182.958 199.202 221.137 238.134
ke4 247.359 259.897 278.873 299.090 314.002 318.811 310.439 291.210 268.321 247.925
lin2 207.111 206.064 204.159 197.633 188.972 185.740 191.976 208.299 231.310 247.274
luo2 244.770 240.119 231.956 216.548 197.500 184.427 181.419 188.002 202.328 215.928
si1 242.709 253.866 270.849 287.788 302.320 313.814 321.295 325.043 324.580 315.308
fu2 299.446 281.649 263.521 245.274 226.846 213.375 208.154 212.646 225.059 233.703
mei2 224.938 222.354 218.375 209.503 197.340 189.036 188.547 196.941 212.193 223.514
neng2 217.003 214.389 209.311 197.580 182.730 174.402 177.346 191.013 212.413 229.148
qin1 235.564 248.401 268.396 290.045 307.563 318.874 324.786 328.351 330.582 324.669
yan3 290.323 271.919 250.809 225.074 195.235 167.904 146.919 134.151 131.132 138.044
kan4 191.621 212.526 240.337 268.722 288.704 294.606 284.306 262.378 238.714 221.838
dao4 213.688 227.372 238.680 236.878 222.684 204.618 188.003 175.109 170.584 173.462
zhe4 220.733 231.570 245.300 256.139 260.286 256.630 244.221 225.666 208.376 197.240
tao4 219.094 226.103 239.947 256.645 267.997 267.854 253.553 229.356 204.919 187.397
you2 167.160 159.496 151.737 144.022 136.989 131.922 129.230 131.326 140.306 154.382
piao4 166.212 191.757 217.239 232.443 227.330 203.654 169.697 138.943 124.936 127.516
