zhu2 253.640 252.739 252.589 253.073 253.245 255.914 263.899 278.361 294.070 299.614
mie4 314.436 326.406 340.009 348.651 350.287 345.779 334.040 314.798 292.631 273.064
pian4 255.700 261.497 273.434 285.748 291.116 285.663 269.386 246.438 224.900 209.349
you2 208.240 203.698 199.917 195.328 189.704 186.668 189.076 199.080 215.585 229.837
mao2 239.946 235.233 226.341 208.536 186.525 172.011 170.554 180.904 200.727 218.880
zhan1 237.863 259.438 283.457 299.738 306.605 308.613 309.220 310.369 312.274 308.532
da1 294.217 303.099 311.553 310.274 302.020 294.907 292.129 292.461 293.940 289.883
de5 261.594 255.232 244.697 226.238 205.686 191.572 185.090 183.142 185.093 188.109
lou4 205.776 230.146 255.721 270.036 269.675 259.188 243.526 226.310 214.055 208.913
feng1 217.916 233.052 252.685 268.657 277.955 281.773 282.444 282.259 282.979 280.597
wu1 278.000 281.396 289.545 297.885 304.405 309.059 311.765 313.245 312.979 306.065
bian4 311.907 313.866 314.151 303.294 279.118 248.308 217.432 190.347 174.282 170.284
cheng2 184.215 183.705 185.100 185.431 181.358 174.847 171.663 176.912 193.603 213.326
qing1 227.570 242.812 263.800 283.482 297.443 305.721 309.987 312.966 315.345 310.718
yi2 285.501 263.501 240.683 220.341 203.453 193.022 189.086 191.327 198.179 205.311
se4 225.923 237.362 253.629 268.109 277.112 278.545 269.636 251.253 229.360 208.525
de5 186.865 185.534 183.169 176.885 169.046 164.042 162.186 162.407 165.610 171.183
zhuan1 204.487 230.375 259.244 279.788 290.260 295.129 297.345 298.583 298.959 293.210
wa3 278.795 265.570 250.585 232.316 207.306 178.664 151.488 131.855 125.199 132.786
fang2 126.830 134.308 137.369 131.977 123.991 120.596 124.985 137.395 159.927 181.601
