ji2 247.994 248.956 250.864 253.375 255.728 260.324 268.347 279.957 290.883 292.277
shi2 306.068 302.550 297.679 287.827 273.515 260.761 252.813 251.051 253.711 253.459
ru2 245.613 240.307 234.852 227.609 219.947 216.580 218.486 225.787 235.304 239.218
shi2 252.504 251.912 250.305 243.174 229.907 216.720 207.662 205.166 209.797 215.516
chong1 235.181 249.453 269.803 289.388 302.573 308.715 309.676 309.160 309.123 304.346
fen4 316.188 318.085 322.653 324.103 319.441 308.932 291.761 269.257 247.600 231.744
di4 250.305 255.334 265.234 274.168 278.835 277.636 269.300 254.749 238.485 222.735
fan3 212.559 208.936 205.910 199.020 186.017 168.895 151.373 138.280 133.907 140.338
ying4 172.801 194.700 220.357 240.994 250.185 247.256 234.290 216.011 200.273 191.268
ren2 178.751 172.889 167.592 162.652 159.013 158.924 162.745 171.690 185.171 198.811
min2 212.358 211.352 208.708 199.644 186.116 176.992 178.175 191.827 215.034 232.755
qun2 237.813 233.028 229.128 223.469 210.372 192.955 179.932 179.902 196.437 216.884
zhong4 245.031 269.338 295.378 309.772 309.623 299.006 279.351 252.386 225.054 203.693
de5 171.847 172.196 172.094 168.378 163.273 159.639 155.921 151.360 147.547 146.016
yi4 152.467 166.859 184.757 201.081 209.832 208.707 197.443 180.988 167.174 159.588
yuan4 177.772 184.282 190.114 188.506 174.978 152.408 127.807 110.561 109.103 118.590
