ri4 335.475 336.962 339.491 340.663 340.156 337.633 330.034 315.004 295.121 273.737
ben3 251.839 243.191 232.660 216.994 196.865 177.555 162.667 154.071 153.178 159.685
pan2 175.291 182.093 189.887 193.525 190.052 183.989 183.699 195.341 220.633 244.785
tian2 232.993 232.370 231.235 224.746 210.220 193.794 184.024 186.320 202.910 222.398
zhu1 251.630 271.845 294.475 308.419 314.066 316.888 319.101 320.474 319.346 310.057
bi3 297.404 283.524 267.441 245.780 218.441 192.032 171.109 158.039 154.121 158.801
luo4 187.521 207.373 228.363 240.294 240.953 234.026 223.157 211.203 203.400 199.892
dui4 223.866 242.484 261.793 270.228 265.660 253.256 237.622 221.740 210.687 204.590
yi3 203.028 198.607 194.364 187.228 176.946 166.396 157.384 151.932 152.645 160.423
san1 205.686 229.044 258.684 285.540 304.924 316.796 322.830 325.813 326.549 318.634
bi3 297.040 280.629 262.149 239.245 211.916 186.172 165.971 153.154 149.386 154.292
yi1 180.931 194.205 212.238 230.567 247.095 261.147 271.593 278.910 283.131 279.881
sheng4 285.544 288.272 295.271 301.174 298.374 283.997 258.537 226.865 199.552 183.935
han2 191.390 187.146 185.931 187.275 185.299 179.646 176.791 184.386 206.202 230.453
guo2 229.827 229.990 228.159 219.519 205.467 194.688 192.840 202.028 220.443 234.074
shui3 241.130 237.846 236.391 232.661 220.118 197.749 169.660 143.707 127.929 127.849
yuan2 145.197 147.616 149.227 147.956 145.293 144.409 146.979 154.393 168.075 184.637
san1 203.110 226.014 253.751 277.621 291.261 295.167 292.796 289.451 288.297 283.881
xing1 253.836 254.390 256.283 256.506 253.433 249.103 244.697 242.622 244.187 243.648
dui4 237.843 238.891 233.186 212.144 178.766 145.455 120.407 107.197 109.935 120.273
