yi3 236.170 236.568 233.188 225.539 215.822 209.863 208.534 210.281 213.856 218.041
chuang4 242.738 272.049 305.073 332.379 348.005 351.035 341.860 323.297 302.499 285.659
xin1 247.666 252.559 264.296 277.687 290.601 301.460 309.094 313.945 314.438 304.915
de5 290.376 280.932 267.539 247.582 225.683 209.046 198.985 193.481 193.089 195.540
si1 214.043 224.963 243.653 265.738 287.558 305.643 317.493 323.521 323.705 314.293
lu4 325.337 326.887 326.669 314.827 291.706 264.630 238.677 215.583 200.044 191.735
pei2 203.014 203.036 204.792 204.266 198.935 192.964 193.449 205.971 230.566 251.340
yang3 250.966 242.772 231.640 212.471 186.485 161.604 142.383 131.191 129.938 138.930
zao4 201.165 228.705 253.878 263.484 258.669 248.222 235.611 222.225 212.357 207.315
jiu4 225.396 251.906 281.547 303.015 311.458 308.153 294.320 272.543 250.687 235.079
yi4 236.948 235.545 237.413 238.676 234.825 224.935 210.870 196.392 187.644 185.738
pi1 214.102 219.954 233.406 252.499 270.286 281.331 284.814 284.652 284.431 280.825
ji4 273.132 274.893 277.839 276.199 267.028 252.221 234.015 215.418 202.519 196.771
shan4 228.574 244.655 266.374 285.253 294.509 291.132 274.221 247.524 220.566 201.169
yu2 176.787 168.529 163.034 162.507 166.209 173.231 181.865 193.820 207.105 214.444
xue2 221.874 217.745 213.755 207.808 195.968 179.847 163.920 154.740 156.757 166.125
xi2 196.189 191.277 182.580 169.470 154.263 142.443 137.205 141.168 156.950 174.256
