ji1 346.763 346.589 347.418 346.558 344.894 344.703 345.043 343.921 340.063 328.484
ji2 312.871 295.308 276.187 256.219 235.703 219.649 210.831 210.168 216.780 223.323
wei4 233.919 255.688 280.297 296.750 300.388 292.816 276.204 253.764 232.378 216.802
guo2 208.354 209.879 211.256 207.791 200.814 197.389 202.437 217.554 240.040 255.367
tu3 250.623 245.500 241.496 234.742 220.727 200.697 178.886 161.157 153.043 156.876
zi1 188.516 207.074 231.245 254.380 273.838 288.489 296.000 295.951 289.663 277.222
yuan2 255.677 238.951 219.402 196.818 175.335 162.394 160.030 166.325 179.897 195.303
xin4 223.012 240.988 264.701 286.100 297.417 295.349 279.779 255.333 231.479 215.671
xi1 224.042 229.764 243.061 260.309 276.919 289.079 295.380 297.659 297.113 290.466
hua4 299.252 292.397 290.503 290.780 285.893 272.296 250.788 225.730 205.776 195.226
jian4 225.483 243.041 262.184 271.488 266.235 250.047 228.739 207.516 194.486 191.310
she4 205.598 213.476 225.818 237.110 241.186 235.726 222.136 205.450 193.653 188.740
ti2 193.568 191.358 192.235 194.488 194.507 192.652 192.617 199.266 214.394 228.079
gong4 238.552 265.606 292.374 303.993 296.187 275.927 250.786 225.727 208.943 201.967
ke3 201.191 200.271 203.732 209.695 209.751 198.351 177.778 156.642 144.289 146.884
kao4 186.317 203.034 225.253 247.011 258.748 256.061 239.736 216.301 196.455 186.836
jing1 218.861 234.050 254.059 272.321 285.020 292.442 296.296 299.365 302.862 300.571
fei4 303.909 302.041 302.371 298.968 287.551 268.561 243.344 215.268 192.084 177.000
bao3 176.233 170.983 165.324 159.066 151.806 144.058 136.120 131.445 134.040 145.185
zhang4 126.496 154.629 178.939 186.912 175.438 153.736 129.772 113.099 112.420 123.836
