yi2 229.829 230.885 231.698 232.969 235.031 239.997 248.068 258.619 267.671 270.499
mian4 293.737 314.061 333.245 339.498 330.630 312.468 289.966 265.408 245.188 233.267
duan1 241.128 258.281 279.744 296.624 306.698 312.198 315.355 317.876 319.698 314.676
xiang2 293.086 274.158 253.056 228.550 202.033 180.513 169.055 168.573 179.275 194.440
zhe5 211.348 215.003 217.671 214.233 204.635 193.669 183.953 176.668 175.225 178.627
qing1 206.592 222.778 245.904 270.172 288.755 298.944 302.341 303.549 305.285 302.398
guan1 295.504 305.596 316.581 319.433 314.725 309.166 306.139 305.741 306.744 301.923
mo2 293.591 274.728 253.770 230.401 205.324 185.033 173.926 173.817 184.291 197.788
yang4 230.801 250.713 271.444 280.403 274.367 258.115 235.875 211.604 192.327 181.299
de5 174.099 171.732 169.381 165.433 161.257 158.591 156.168 153.628 152.777 155.322
shen2 156.370 162.063 168.722 172.075 168.750 159.486 149.351 145.429 153.109 169.023
xiang4 205.963 228.801 249.994 258.122 244.469 213.344 174.923 141.636 126.204 127.702
