ting1 334.338 330.676 327.129 322.453 317.680 316.032 317.745 321.148 324.322 319.862
zhe5 300.541 292.894 281.838 264.882 243.638 224.415 210.324 201.529 200.253 203.609
si4 216.877 232.988 254.443 274.613 286.549 286.910 275.418 255.824 236.095 222.186
chuan1 246.153 257.034 272.497 287.003 296.354 300.754 302.326 303.611 306.658 305.814
dian4 300.900 311.750 322.051 321.112 307.335 286.546 263.259 240.115 223.478 215.178
xin4 217.570 223.917 237.957 254.457 264.568 262.292 247.098 223.976 202.271 186.452
zong3 200.834 204.096 205.591 199.532 185.820 170.194 157.646 151.223 154.215 165.368
jing1 197.623 221.677 248.470 267.680 278.384 284.784 289.380 293.047 295.873 292.420
li3 277.259 263.946 247.484 224.236 196.597 172.840 156.508 147.781 146.743 151.790
pei2 169.971 173.343 179.181 184.987 185.177 178.847 171.789 171.528 183.611 202.296
ai4 247.318 270.809 293.107 300.436 291.410 274.035 253.912 233.430 218.016 209.329
hua2 194.213 188.684 186.771 187.468 185.191 177.813 169.740 168.404 178.471 194.877
yi4 231.441 247.027 266.952 282.764 289.679 287.286 275.981 257.975 239.397 222.996
dian3 213.166 216.081 218.106 212.512 197.968 178.889 159.321 143.752 136.626 140.067
dian5 164.008 184.137 202.924 210.602 206.849 197.021 184.751 173.014 167.659 168.141
dao4 171.209 193.798 214.500 222.997 216.838 201.122 181.039 162.410 153.227 154.741
lai2 152.989 151.045 145.497 133.806 121.090 113.027 112.653 120.543 139.124 158.840
