zhe4 359.850 361.238 361.630 357.842 351.009 343.584 334.105 319.766 302.478 284.599
ge5 269.631 265.941 260.024 249.718 236.642 225.403 218.463 216.060 220.018 226.250
da4 234.323 260.416 288.761 308.020 314.523 310.518 297.766 278.289 258.730 244.315
yuan4 243.003 253.859 267.103 273.884 269.014 253.997 233.379 212.188 198.473 194.145
ji2 201.743 200.977 201.690 200.903 198.442 198.189 203.143 215.155 232.686 243.934
wen2 223.102 219.127 212.743 201.102 186.457 176.130 173.715 179.454 192.673 206.887
hua4 226.069 238.762 258.653 279.726 292.785 292.747 279.596 258.068 237.067 222.760
jiao4 251.933 271.208 293.645 307.260 307.003 295.243 275.855 252.811 233.789 222.415
yu4 223.354 224.374 230.780 238.314 240.978 235.463 222.417 205.720 192.478 185.340
qun2 198.583 198.287 199.440 198.181 191.158 181.733 177.478 184.392 205.495 228.434
zhong4 260.513 285.396 310.409 320.718 313.723 296.306 273.257 247.314 225.508 211.338
yu2 184.851 179.100 175.212 174.071 175.717 180.917 189.058 200.621 214.325 224.159
le4 238.283 252.850 269.945 280.307 281.267 274.389 260.540 241.445 222.953 207.685
dang3 201.971 199.097 193.978 181.094 162.705 145.021 131.854 124.884 126.628 138.070
tuan2 167.621 173.953 181.296 185.709 183.222 175.754 169.927 172.057 186.991 207.195
zhi1 226.244 238.484 253.188 263.823 269.634 273.100 274.795 275.259 274.901 269.574
jia1 272.833 283.423 295.487 300.816 298.877 294.561 290.570 287.710 286.344 281.026
yu2 250.532 228.684 206.397 187.532 172.985 164.747 161.851 164.680 171.620 179.185
yi4 202.451 211.317 223.342 233.407 235.685 228.705 212.698 191.947 174.455 163.281
ti3 166.854 165.378 162.654 156.577 145.424 130.564 116.522 109.694 116.750 131.706
