jin4 357.446 357.707 359.503 360.622 359.626 355.650 345.348 326.877 303.975 281.166
zhi3 246.861 238.467 230.219 219.387 203.815 185.834 169.113 157.385 154.029 159.113
ta1 186.900 202.687 222.259 239.872 252.679 261.010 265.734 268.589 271.677 271.165
li2 258.115 245.933 231.749 215.307 199.375 190.221 189.129 194.548 204.340 212.655
kai1 222.932 233.243 249.730 266.872 279.515 285.918 287.419 287.126 287.462 284.260
la1 290.034 301.923 314.689 319.259 316.283 312.251 310.093 309.252 308.994 303.158
ma3 288.335 275.082 259.154 236.647 207.868 180.009 158.304 144.931 141.932 148.483
la1 186.827 211.587 239.426 260.383 272.969 280.719 285.787 289.085 291.348 288.124
qian2 258.876 249.816 240.405 227.211 209.828 195.216 190.101 197.805 217.620 235.083
wang3 244.062 235.944 224.840 206.007 181.612 159.534 143.949 136.111 137.263 146.466
bo2 153.483 162.103 170.771 174.878 173.508 170.687 171.009 177.955 193.669 211.098
li4 242.153 256.894 272.280 278.141 270.374 253.046 230.978 208.310 192.167 184.272
heng2 187.065 181.963 179.295 178.215 174.728 169.201 166.646 172.166 189.057 209.514
can1 229.444 247.764 271.453 293.416 306.688 310.822 308.905 305.981 305.430 301.698
jia1 288.444 297.665 307.730 310.591 305.548 297.946 290.873 285.221 281.991 276.747
sheng4 294.593 297.026 302.647 305.900 300.405 284.840 260.055 230.420 205.794 192.740
dan4 214.425 229.565 243.012 243.111 228.642 206.897 184.238 164.666 155.070 156.131
jie2 170.091 167.595 166.282 165.442 162.915 159.080 156.166 158.598 169.501 185.118
qing4 219.514 235.916 259.289 284.672 302.090 304.594 289.596 262.367 234.145 214.695
zhu4 213.255 222.612 234.112 239.771 235.160 221.429 200.939 178.023 160.476 151.158
huo2 162.207 154.125 147.732 144.675 141.401 134.547 125.704 121.747 128.779 145.553
dong4 154.778 171.610 182.828 177.103 155.849 130.916 109.858 98.371 102.085 113.333
