wu3 225.019 225.722 224.095 220.502 215.680 213.651 215.032 219.327 224.864 229.389
dun1 238.096 267.117 294.891 308.573 310.315 309.050 308.958 309.453 309.688 305.839
tui1 318.556 318.511 321.995 325.532 326.206 324.270 320.755 316.957 314.513 309.488
li4 323.599 319.686 316.033 306.530 288.976 266.798 243.637 222.125 207.675 200.418
zhou2 200.519 201.007 199.122 189.480 176.100 168.110 169.736 180.175 198.588 216.237
cheng2 223.866 220.514 217.886 211.987 201.287 190.928 187.289 193.867 211.364 228.178
shi2 239.869 238.267 236.658 230.844 219.258 206.254 195.960 191.540 194.940 201.279
yan4 226.157 244.863 263.134 268.492 257.639 236.996 213.319 191.516 178.549 175.745
tai2 190.610 187.922 187.506 187.154 183.669 177.368 172.347 173.591 184.782 200.928
he2 224.869 225.532 226.670 225.034 216.842 204.156 192.150 185.818 190.262 202.444
ba1 203.133 225.341 250.567 269.118 278.454 281.922 282.376 281.628 281.511 278.688
dun1 286.584 296.601 305.519 304.139 295.331 287.570 283.786 282.418 282.058 278.945
tui1 286.009 289.042 295.905 301.626 303.347 302.487 300.747 299.491 299.830 296.656
li4 312.737 308.996 304.649 292.680 271.370 245.782 220.561 198.511 185.145 179.988
zhou2 182.766 183.985 183.305 175.541 164.580 158.624 161.380 172.133 190.392 208.316
cheng2 218.526 216.105 214.083 208.317 196.856 184.504 177.747 180.596 195.085 212.018
su4 241.122 256.881 278.769 298.892 311.616 314.433 304.710 283.821 258.267 234.795
liao4 239.345 252.102 267.174 272.848 264.505 246.061 222.954 199.679 183.442 175.162
wa3 191.372 188.118 185.877 181.660 173.017 160.621 146.533 135.165 131.148 137.824
xing4 168.987 184.624 206.559 228.367 240.732 238.522 222.248 198.498 177.579 164.916
neng2 168.513 165.862 164.263 163.115 161.940 163.351 169.639 183.421 204.133 221.868
shi2 233.538 229.960 225.885 218.352 205.636 190.949 176.977 167.509 165.437 168.423
yan4 188.519 203.760 218.655 224.376 216.344 197.421 172.410 147.966 133.455 131.873
tai2 152.845 146.635 140.460 135.722 131.144 125.927 121.778 123.676 137.297 156.458
