niang4 310.824 312.698 312.611 306.779 295.224 281.423 266.816 250.891 237.308 228.039
cheng2 238.933 228.892 219.834 210.529 198.341 185.440 176.966 177.296 188.252 202.333
le5 200.800 207.583 212.252 210.146 202.831 195.113 188.173 182.012 179.083 179.660
guo2 189.631 191.058 193.627 193.834 189.389 183.772 182.474 190.442 208.620 225.881
nei4 252.385 266.802 279.129 278.388 262.484 238.865 214.287 193.151 181.975 181.407
jing1 216.690 233.318 254.365 272.180 284.008 291.228 295.653 299.417 302.954 300.242
ji4 293.653 291.286 287.761 276.794 256.815 232.842 209.568 190.372 180.747 179.833
jin1 216.918 232.965 252.833 269.386 279.954 285.746 288.253 289.576 291.100 288.059
rong2 258.380 240.252 218.962 194.177 169.879 153.831 147.944 150.631 160.642 173.612
wei1 196.313 212.401 232.390 249.902 260.820 265.283 264.809 263.298 263.280 261.115
ji1 254.071 260.912 266.165 265.831 260.778 256.195 253.629 253.220 255.421 255.021
