ying1 306.822 313.399 319.201 321.145 320.333 320.437 321.999 323.281 323.475 318.009
gai1 328.247 338.080 348.640 351.476 347.866 343.807 342.217 342.467 342.642 335.324
zhu3 300.665 287.697 272.601 251.943 224.909 197.781 175.206 160.060 154.122 156.895
shu2 165.072 170.668 177.258 180.874 181.922 185.043 194.096 211.678 235.510 250.896
chao3 256.958 253.286 248.964 239.081 219.785 194.477 169.273 150.089 142.639 148.555
shu2 154.401 156.715 161.827 167.535 170.584 170.910 171.833 178.793 193.506 208.038
huo4 227.953 239.852 257.553 275.118 282.322 274.741 253.999 227.034 204.718 193.144
zha2 193.343 193.062 191.843 185.487 173.965 162.703 156.946 159.888 173.716 191.749
tou4 229.688 247.728 272.339 296.627 311.260 310.773 293.584 264.730 235.127 213.932
hou4 213.941 217.689 228.945 244.378 253.383 248.380 228.897 201.955 178.805 166.403
zai4 189.413 200.577 210.001 209.466 196.933 177.436 155.402 135.881 125.976 127.692
chi1 189.719 206.452 223.628 235.283 238.570 237.063 234.545 234.146 238.999 243.673
