ru2 229.510 230.503 231.269 232.469 234.567 239.911 248.942 260.591 270.944 274.599
jin1 269.939 284.245 299.112 304.744 303.871 303.551 306.239 310.436 313.136 307.707
de5 294.004 286.150 274.663 256.608 236.334 220.455 209.834 202.562 199.290 198.464
ning2 186.960 186.379 184.778 178.699 171.331 169.951 177.985 195.240 218.751 236.612
bo1 243.814 262.564 284.138 299.010 306.364 310.075 312.047 312.805 312.073 305.071
shi4 308.070 303.657 300.491 293.730 279.757 260.310 239.169 220.179 209.525 207.129
chun1 238.553 247.013 261.333 276.648 289.183 297.719 302.641 305.568 307.540 303.823
you3 280.065 265.836 249.122 226.816 199.673 174.732 156.530 146.743 146.631 154.872
hua1 170.201 183.359 205.113 232.482 258.197 276.563 286.959 293.341 298.274 296.905
xia4 297.177 295.857 298.841 300.022 293.112 276.856 252.827 224.968 201.485 185.955
you3 193.013 192.555 191.905 186.439 175.191 161.705 149.449 141.801 142.426 152.240
yin1 172.173 189.284 211.099 230.995 246.266 257.369 265.210 271.532 276.826 276.413
qiu1 280.504 283.963 292.291 301.531 308.136 311.872 313.103 312.935 312.252 305.549
you3 284.562 267.237 247.286 223.670 199.469 181.767 171.855 168.174 170.016 173.925
guo3 214.440 213.127 210.380 202.187 187.593 170.501 154.813 144.105 142.806 151.569
dong1 193.559 218.224 247.020 269.757 283.891 291.707 294.412 293.625 290.274 280.787
you3 267.529 252.638 235.607 214.853 189.248 162.896 138.874 121.863 115.114 119.891
lv4 105.500 128.441 151.010 165.194 167.002 158.436 143.313 130.144 127.616 132.976
