zhu1 354.253 358.941 363.273 362.094 356.883 352.778 350.962 349.735 347.434 337.066
liu4 356.072 357.721 359.223 353.231 338.335 318.152 294.464 268.121 245.696 229.930
tie3 215.340 211.058 209.791 209.183 204.240 192.732 176.853 162.584 155.933 159.278
lu4 172.092 198.003 225.031 241.404 244.163 237.450 226.024 213.329 205.157 201.914
fu4 230.969 240.831 257.582 276.027 290.033 294.800 287.727 270.714 250.496 233.358
xian4 237.256 246.003 261.201 276.583 284.588 280.800 264.647 240.451 217.450 202.217
shi4 209.046 211.987 220.927 232.007 238.360 235.771 224.289 208.319 195.338 187.081
lian2 180.436 176.703 171.458 162.263 152.518 147.611 149.575 158.001 173.277 190.825
xi4 216.010 230.332 249.575 267.270 276.008 272.881 258.464 237.413 218.398 206.864
xi1 221.843 225.992 238.158 256.206 274.736 288.332 294.269 294.551 291.058 281.402
nan2 267.579 246.453 221.906 195.195 171.676 160.024 161.829 173.981 192.581 208.225
he2 219.409 217.669 217.109 216.660 211.021 199.954 188.008 181.596 186.479 199.343
zhong1 216.357 240.943 269.052 290.438 302.478 308.685 311.428 312.688 312.789 305.637
nan2 275.002 251.977 225.235 196.527 171.683 159.585 161.174 172.953 190.545 204.984
hua2 204.127 198.659 195.548 195.021 190.679 180.966 171.024 168.745 179.497 197.471
dong1 221.569 242.460 266.156 281.935 289.133 292.597 294.788 296.414 296.714 289.463
de5 266.048 258.076 246.708 229.775 211.327 196.591 184.761 174.080 166.447 161.911
niu3 172.637 166.851 161.948 156.089 147.497 135.674 121.450 109.625 105.301 111.291
dai4 139.069 163.145 184.097 190.763 182.022 164.918 145.680 131.631 130.541 136.632
