jin1 340.269 342.598 343.534 338.189 329.083 322.163 319.191 318.387 318.173 311.728
tian1 294.752 295.764 299.597 302.350 302.286 300.596 298.816 297.999 299.153 296.718
zai4 291.934 293.991 290.641 273.153 245.091 218.920 200.600 190.455 190.026 194.683
jing1 215.112 234.755 256.405 269.553 274.544 276.872 279.407 282.443 285.234 282.256
tong1 281.804 283.555 289.221 294.468 296.270 295.393 293.326 291.639 291.822 288.598
guo4 280.323 283.471 285.469 277.572 257.821 232.596 208.474 189.079 180.521 181.337
ke1 217.119 223.324 237.639 258.325 278.591 292.767 299.899 303.535 306.210 303.937
ji4 310.303 308.949 308.613 303.279 292.032 277.995 262.110 245.038 230.989 220.495
bu4 222.727 229.839 241.164 249.674 251.877 247.739 237.856 223.853 210.733 199.427
zu3 195.268 194.894 194.491 189.315 178.418 164.726 151.021 140.508 136.716 141.351
zhi1 164.446 179.526 197.175 211.094 221.722 231.173 239.218 245.440 250.108 249.268
de5 227.463 223.139 216.118 202.908 186.686 174.051 166.308 161.712 161.064 163.698
zhuan1 193.793 218.105 244.867 263.749 272.931 276.437 277.476 278.040 279.505 277.313
jia1 270.704 279.884 288.875 289.523 282.783 275.224 269.920 267.115 266.965 264.298
lun4 254.334 259.148 262.604 255.982 237.082 211.374 183.197 156.746 139.479 133.801
zheng4 173.413 194.425 212.296 214.655 196.190 165.755 134.425 113.000 111.113 124.067
