ta1 352.430005 352.43002 338.331362857 318.714985 316.412525 316.425943333 316.749615 319.207397143 324.798241667 321.396123333
shou1 313.109715 319.309511667 332.20102 345.092498333 351.035554286 346.239176667 345.246866667 345.365793333 344.85989 323.907313333
ji2 287.40695 270.860822 254.622463333 236.673396667 215.679806667 200.477968 188.514118333 181.201916667 180.975436 189.663571667
le5 200.50194 211.686065714 215.969975 214.289021429 207.79446 197.510278333 188.984251429 185.750973333 182.11298 149.427695
liu4 100.709928571 123.201841429 238.874267143 284.286971429 331.116225714 333.699148571 318.971527143 285.711621429 251.7732 225.255158571
qian1 206.435785 218.46123625 234.991361429 251.52148875 270.083805 293.64028125 295.76745125 293.077811429 291.8681475 293.63542125
liu4 301.015473333 312.552557143 320.39991 345.557698333 373.295395714 382.84626 374.144893333 347.1838 306.389552857 262.637528333
bai3 244.520812 244.7057525 243.118934 230.7835175 204.175762 179.811592 156.42428 141.327 131.51275 126.73567
wan4 134.582554286 167.956866667 213.710735714 232.792654286 228.505491429 215.52608 198.462121429 186.777487143 184.22509 183.971714286
ge4 184.892762 188.371472 186.603904 182.791514 175.715392 169.03901 166.281456 176.908666 198.703246 200.843294
yin3 196.380948333 194.376361667 205.968017143 214.4419 202.57786 197.658783333 191.55125 171.672397143 151.073181667 131.337405
liao4 122.5478325 124.62959375 143.0524775 203.30972375 245.34108 251.33576375 237.15507125 218.03203875 203.1349475 198.3650175
guan4 199.221948571 228.783402857 281.36795 327.769321429 342.494841429 338.141282857 321.767644286 291.645766667 258.433667143 238.478507143
tou5 224.755894 224.266694 224.185824 224.10496 224.013983333 222.037228 209.495742 200.741018 199.760402 199.113032
gai4 199.31861 219.166764 268.823698333 313.649402 324.243236667 319.666265 303.887834 279.406936667 253.550358 229.347305
shang4 212.142106667 202.525914286 207.007558333 218.831177143 224.652233333 215.786238333 198.483837143 179.736978333 162.656551429 148.506626667
de5 145.19999 144.084833333 143.97101 143.371763333 140.407033333 137.71733 136.704666667 136.272666667 136.184396667 138.476446667
la1 152.63307 175.80672 209.922874 234.251768333 244.358322 250.110372 255.00102 258.777368 260.263178333 254.62625
quan1 241.488998889 249.632198 260.681643333 272.664506 277.316594444 268.753444444 266.791285 265.768893333 268.011887 284.661052222
