er2 247.0063 246.966255 246.935026667 247.031266667 249.588138571 257.868996667 270.140201667 282.667318333 291.043365 290.950958333
zuo4 271.22992 251.806308 233.410535 214.049555 222.50441 353.561254 391.149525 372.266656667 341.031444 294.396361667
pin3 259.134365 244.56232375 231.345925714 224.07833625 214.53130125 188.1714075 170.268155 164.387378571 168.81073375 183.23511625
fen1 198.733196667 228.727596667 259.67624 290.624876667 319.679813333 331.71403 340.598251667 339.88689 332.681578333 322.82041
ming2 306.726611429 273.251856667 236.730158571 212.819686667 199.383011429 201.348772857 214.642936667 234.457504286 254.688771667 262.168094286
biao3 257.934004 254.302678333 251.061868 232.251563333 193.13139 162.585802 134.087975 126.039932 138.468926667 162.24303
xian4 183.555812857 200.342635 218.126782857 235.910925 248.796248571 247.39724 229.78834 202.827557143 178.278538333 172.579957143
chu1 184.979487778 209.05121375 233.570854444 251.5083575 241.594096667 232.960836667 234.45013125 238.43721 240.74112625 241.68235
dui4 337.562035714 333.381165714 318.88557 298.405525714 276.592668571 262.379068571 255.895227143 252.070673333 252.606668571 255.8393
shi4 261.920017143 278.17211125 299.043127143 319.9476275 340.852142857 360.141934286 374.21448375 368.89343 333.8924375 280.961028571
qu4 250.98928 255.9513825 265.129721429 274.3485675 284.582371429 293.82943 278.20445875 250.540371429 231.3995225 217.792798571
jiu4 210.128345714 235.23612 268.939091429 302.642037143 332.912224286 342.965874286 332.206598571 296.880634286 259.517521429 238.06442
meng4 238.918845 254.631545714 273.137695 289.884535 286.922682857 268.754023333 244.758448333 223.431308333 202.334825714 188.33988
de5 178.793286 177.502376 177.055698 175.394206 173.468066 173.6083325 174.584176 174.807134 175.151712 183.636966
xin1 196.444147143 211.408772857 238.3054 265.447151429 290.501104286 315.424207143 331.966147143 337.501895 342.167868571 344.463292857
shang2 329.579724 296.438493636 263.56518 219.363426 177.577848182 176.687749 176.044304 183.661457 222.472605455 222.106711
yu3 144.8341125 179.098654 196.9635475 189.07837 171.2278375 153.30606 146.860692 148.9984575 156.541182 158.487605
huai2 152.998311429 130.854954286 103.955034286 93.4121485714 148.430835 160.413152857 144.26324 140.084971429 148.570022857 160.601785714
lian4 186.3068775 246.901484286 284.88892125 289.315418571 267.2083575 216.6430575 149.004024286 93.27130625 71.23204 67.3569775
