wei4 324.753845 337.714355 349.726301429 349.948023333 343.665855 331.891765 319.377628333 307.245854286 299.787686667 290.758525
shi4 282.067684286 292.886433333 311.336395714 329.833073333 348.32976 366.50645 374.384087143 364.43634 325.866925714 300.603083333
jie4 297.362215 293.680396 287.25599 275.949226 261.8521275 251.376565 241.859292 234.159745 230.483412 218.4077625
jing1 209.236075 222.130278333 242.321855 264.530243333 284.699611429 286.30166 285.79982 285.711093333 287.672501667 288.91684
ji4 290.500886 295.828822 300.1034025 297.74801 281.2336 258.71706 240.50717 228.3954175 215.406216 194.286432
de5 192.550284 200.88967 200.985754 196.432302 193.1686 193.19294 193.40958 193.236432 193.069785 195.879544
jin4 202.79159 233.01670875 272.594535714 309.170292857 343.1649325 352.65114625 336.15836 290.473131429 244.1527 210.134205714
zao3 196.675144 197.327116667 199.1366 192.855361667 169.605118 148.002668 135.086451667 130.528524 139.942156667 161.23704
fu4 171.8595 182.716991667 196.300992 208.494602 221.407965 226.28993 220.297454 211.971346 200.568648333 192.835802
su1 193.952766667 215.49946375 241.927464444 268.2905 286.795976667 291.9786875 293.986817778 296.80847625 298.755014444 293.106205
da3 237.9800025 236.52966 223.43354 199.131452 174.67946 160.2060425 156.243138 156.094645 160.005446 166.6586075
kai1 173.669882 187.087725 200.414334 212.233002 225.529005 237.889362 241.378362 231.169836 215.224328333 212.773378
le5 213.132335 213.658393333 213.98134 213.865653333 213.27602 212.91776 211.643706667 209.393045 206.699523333 203.87795
yi2 198.807368 188.944114 180.48247 176.547426 176.305408 178.1184425 182.599398 186.519584 189.193948 196.071742
ge4 208.366581667 222.450675 225.323878571 209.147215 191.096466667 175.648073333 166.069221667 162.17331 165.46282 175.581695
shi2 182.257175 183.06717375 184.12376625 185.3191025 186.599806667 187.87163625 189.17556125 196.11905375 204.97402625 205.17413625
jian1 221.579536667 263.691004286 303.990183333 315.657828333 317.234258571 317.575231667 316.955608333 315.503328333 315.600642857 302.242033333
chuang1 224.49796875 212.583904286 233.95932375 256.105384286 274.72277875 276.09676375 263.893654286 261.02017875 265.837607143 257.673705
kou3 223.289988333 214.196605714 206.65242 202.337702857 193.067056667 157.844181667 130.007174286 116.263798333 90.6035514286 85.8071
