wan4 319.16497 348.342688 365.66076 378.662282 380.102492 375.716258 367.535114 350.98254 322.938178 293.361216
mu3 258.694278571 234.543188333 219.355354286 199.800756667 184.125037143 171.947918571 164.277165 162.061537143 162.175471667 168.835668571
da4 204.31984 213.21234 216.702995 258.184365 274.052985 271.213264 258.283553333 230.869765 208.688285 201.904088333
jiang1 204.479363 241.922521 281.368206 292.195856 292.304208182 292.896146 288.556447 287.604945 291.41746 293.74585
sang1 297.24103625 312.324074286 328.523415 343.44699 344.69578625 331.901627143 329.3173 330.567655714 332.13845125 326.892618571
can2 303.243853 271.465508889 242.302287 213.327348889 162.372989 144.932415556 148.588616 153.993788889 164.816425 192.135621111
xi1 214.265624286 219.18011125 227.909525714 244.900035 262.079324286 276.158572857 278.28718625 273.006428571 273.74925 272.170365714
gua1 264.697153333 281.1008225 283.54752 277.86708875 272.369646667 271.61025625 272.18829 272.63483125 270.332221111 254.12841625
yuan2 227.85457875 206.801395 185.004628571 184.699095 174.52970375 171.32046625 174.92557375 185.303782857 204.82911375 227.036195
cong1 230.901357 249.398003333 274.218003 295.469107778 296.114693 293.128076667 292.017075 287.646248889 286.743649 287.23957
yu4 345.078 346.98587 353.63587 356.533978 353.702055 337.561025 309.447754 273.303556667 242.619754 228.572768333
tou5 225.52353625 224.234518571 222.1499125 219.87934125 208.584215 184.593227143 173.7512725 169.599235 169.400211429 174.8659425
guo2 197.422261667 210.868668571 219.639896667 213.793565714 199.533776667 197.873148333 209.488368571 237.7678 276.218927143 295.869078333
pin2 289.702523333 276.8138 263.706633333 253.447941667 249.88229 244.436531667 228.068128333 225.1492 235.053753333 239.130063333
deng3 237.59354 231.1592375 225.53899 214.26618 194.204922 170.582884 154.1161675 147.41513 143.951095 143.97425
nong2 146.115473333 145.676746 144.516356667 144.952183333 146.130763333 149.22634 157.595621667 175.414886667 204.573962 220.693576667
chan2 220.827955 225.033565 236.491661667 243.815421667 241.145598333 225.098832 203.809256667 207.316556667 228.349631667 229.36666
pin3 203.682752857 206.1749075 215.761671429 213.227811429 181.67039625 147.0980925 117.334988571 103.921227143 97.36235 99.2036185714
zai4 264.480014286 259.277644286 224.84778 198.756141429 189.699632857 185.640308571 181.29063 179.030466667 179.069201429 181.213827143
guo2 191.879512 201.711408 202.071768 201.710794 190.98347 179.329928 179.649214 181.848176 192.58052 214.587492
nei4 238.1837775 253.321605 272.688476 284.7654175 284.90754 281.0188975 270.745765 254.473548 240.609375 229.8226525
wai4 217.620135 216.998 223.413565714 222.650371667 213.371538333 194.209535 169.00379 139.677248571 124.014166667 117.784225
chang4 105.273423333 111.720956667 144.768131429 181.351343333 214.608811667 241.024786667 243.512306667 221.353942857 193.530158333 170.161
xiao1 171.505134 195.580748889 219.660946 245.685735 269.266226 267.655457778 267.152096 268.74263 269.568651111 272.944472
