hen3 276.85599 276.85599 276.85599 276.85599 276.85599 273.063636 250.004124 227.945112 213.931686667 204.742724
lei4 202.747647143 210.683163333 242.288372857 277.499131429 317.508508571 356.139123333 368.279691429 357.624005714 330.484635 301.959001429
si4 279.202533333 279.296573333 285.61582 292.287176667 298.370795714 298.205973333 291.503396667 273.51449 242.072685 208.821961667
yu2 186.427095 183.1785 181.555625 176.282058333 172.391198571 174.297225 180.537585 188.246363333 195.126908333 196.542183333
chan2 197.602848889 198.386251111 198.9361775 199.486107778 199.814323333 186.953013333 175.662886667 177.47686 205.371511111 234.775504444
zong1 254.270933333 274.255691667 298.402978571 314.390165 313.173315 311.063318333 314.381535 319.740214286 320.436615 317.687133333
jian4 318.940781667 325.104242 332.210861667 340.107131667 347.28455 349.233836 340.519833333 315.295701667 283.142982 253.855868333
xiu1 226.82561 214.529201429 222.548484286 245.98369 270.33698 296.258714286 320.510785714 323.123797143 324.074327143 315.581595714
de5 286.359353333 278.6902375 274.565816667 268.46473 252.600835 226.0655 203.994 183.34389 169.14768 166.435796667
gong1 173.696196667 195.992001429 214.809475 216.020141429 211.779138333 210.327536667 210.020858571 212.11565 218.191374286 220.995085
an4 217.400238333 201.508572857 175.294253333 156.025948571 144.293061667 126.057298333 103.021452857 118.39242 183.846134286 224.502131667
