zai4 401.152025 400.660756 379.375143333 361.357856 355.374625 349.144866 336.179168333 320.308966 303.0189 279.438708
ci3 259.572423333 253.114532 246.92058 240.72663 234.532685 228.338734 207.50409 177.67057 164.854126667 163.037636
ci4 179.46312625 203.980794286 227.92330875 253.66919125 269.18641125 258.524204286 241.3226925 228.817215 226.901224286 211.854145
jia4 309.608848 318.802 327.924652 342.291056667 340.1005 329.25586 307.831171667 281.79392 252.674001667 228.896256
ge2 209.397006 208.047758 214.323848 215.746984 203.435088 195.60371 196.266166 203.896208 217.180698 218.758682
tiao2 211.741981429 210.32756 208.55025875 206.640661429 205.198311429 195.910005714 176.754015714 185.29790625 228.983175714 268.087182857
zheng3 275.472216667 275.171582 274.433573333 259.536243333 219.63113 172.101462 136.014426667 111.555361667 111.026118 114.822638333
zhong1 203.03085375 206.343214286 203.60310875 201.661907143 201.92594 204.00639125 205.867398571 207.46805375 202.951407143 189.57509625
jiang1 282.85599375 282.86284125 283.4148375 283.30332125 284.09176375 281.8795475 274.46225125 274.29422875 280.16420625 284.18351625
zeng1 291.921842 314.513005 335.45905 339.178333333 337.808852 334.631636 330.611935 330.228828 334.064451667 335.025824
she4 322.519004286 316.986471429 315.744945714 314.535462857 311.389194286 284.761478571 231.088777143 190.98754 164.367417143 159.658871429
zhen3 176.794726 192.927936 195.861662 197.156826 194.957212 186.502495 175.429788 156.73782 142.137498 135.974814
liao2 127.983082857 127.727744286 137.897707143 138.140862857 134.88171 134.332927143 140.020692857 152.181081429 175.584444286 201.58554
fei4 223.38127625 255.99090375 287.499564286 305.45456125 291.378025 250.666355 183.78288875 99.8624014286 69.45196 67.358
