er2 206.7874325 208.5996175 209.8487675 212.8308025 220.185806 231.459145 248.2329175 268.940275 280.254805 289.645605
zhe4 308.93147 322.359148 333.305328333 342.752344 345.404732 343.60208 334.845622 319.535191667 303.974414 295.478188
zheng4 293.067512 300.287184 314.485254 329.0828 342.275176 345.35186 339.656572 325.100634 303.672288 280.479578
shi4 259.135065556 250.934938889 253.912874444 257.416124444 259.279363 234.679643333 208.537902222 192.192668889 186.610362222 185.570056667
ping2 194.84207625 205.005194286 215.901925 227.30507 225.191505 201.562217143 202.43502625 233.63667 287.575665714 314.866035
fan2 298.452467778 262.873142222 230.888311111 199.072408889 176.231858889 175.340465 183.989088889 197.646761111 218.306438889 201.056897778
yu2 238.266831667 238.867268333 223.01276 220.435993333 224.654254286 241.96505 263.43353 279.622626667 285.155885 280.472626667
wei3 226.972004 224.140768 199.578115 166.825102 141.233792 128.880652 126.345536 130.291071667 144.66437 162.534988
da4 199.258 246.473555 288.158538 310.045218333 316.066098333 317.213026667 308.493346667 286.834594 254.069345 212.189183333
de5 188.261335 182.64946 175.8231975 165.702293333 156.2106525 146.8303 145.26601 145.6678175 148.295633333 152.8750025
ju4 163.137196667 177.349506 191.355756667 206.918255 221.163573333 225.3784 216.157908333 192.004735 160.998692 139.650621667
li2 113.786112857 97.5204883333 80.6580128571 79.1004916667 108.878701429 111.581491429 103.935315 95.3276285714 97.2311883333 100.667318571
