chang2 244.4550025 244.455 244.455 240.542344286 215.3990725 204.10556 207.9659225 228.184722857 262.82568625 285.91224
qi1 296.748668571 309.653346667 323.192797143 336.732263333 347.372838571 349.893081429 350.790701667 356.77295 355.667691667 339.400961429
zuo4 339.95194 344.2172325 348.170544 349.691972 345.018622 332.346085 316.159018 296.659822 281.4938 261.557504
zai4 247.983881667 249.676633333 251.544996 246.423546667 231.759573333 222.621541667 217.534573333 216.522558 217.820676667 216.31167
dian4 213.285638333 240.284588333 283.162461667 313.096228333 326.116703333 326.27312 310.563635 270.311565 245.4826 226.313686667
nao3 209.8808325 181.120672 155.768185 134.65777 118.17802 111.055835 114.28165 124.1943575 134.577302 144.790835
qian2 165.056083333 180.372458182 193.662338333 185.014146364 169.207268333 165.277373636 162.9286525 171.36563 203.18019 253.31164
huo4 264.003665 271.246391667 279.317741429 287.389103333 294.88442 308.203865 312.356325 299.585911429 270.694711667 231.251715
zhe2 193.308106 188.644795 189.2317 188.9197375 183.415512 180.299785 181.11221 187.8721225 197.564832 201.88026
chu3 196.696601429 199.348575714 206.963221429 214.85989 220.691715714 211.968341667 177.040958571 161.426031429 153.918665714 157.229784286
yu2 163.199477143 165.205206667 164.978652857 165.872784286 173.609555714 182.041768333 190.703161429 182.311198571 156.80254 155.871
nuan3 197.928282857 208.52914 211.950681429 202.188967143 188.704927143 171.08883 149.234257143 130.810301429 123.554064286 143.136358571
qi4 175.151491429 213.1605 245.24838 275.709957143 308.710005 334.8390875 341.008231429 330.26559 299.7782825 261.215884286
huan2 218.856084286 163.890568571 110.284305 113.430778571 159.916868571 157.89047 141.113578571 141.1105025 152.08694 170.63148
jing4 183.753348 198.186504 210.62553 211.515142 205.30144 196.1362375 188.367932 177.675864 168.620892 165.337584
xia4 170.83765125 188.289664286 208.93096125 224.85242625 213.959935 187.996698571 155.32433125 133.05814125 82.7712542857 54.15947625
