wei2 196.414496667 206.333381667 201.025418333 197.86325 199.668295 204.613032 219.395216667 246.320115 274.033213333 294.064006667
li4 312.529658333 329.03098 346.902913333 356.882154 352.506143333 336.21425 308.531358333 281.594452 262.490198333 253.93832
shi4 251.96251 259.950478333 277.343771429 295.00466 311.015408333 321.411796667 317.678905 291.120284286 245.797558333 199.350133333
tu2 192.450405556 185.268225556 178.22354875 171.411283333 164.942535556 163.931592222 163.839314444 166.464055 176.347111111 218.00798
shi4 235.1881075 245.31804375 255.48072625 265.55268125 266.36055625 241.066475714 220.17805375 206.1912025 204.7052725 205.03993375
zao4 206.373814286 232.830806667 275.870224286 316.935395 330.49009 326.194335 308.475345714 283.161196667 250.826794286 215.283725
jia3 190.070886667 189.850267143 192.05339 193.30838 185.178408333 157.454706667 134.064561429 124.593766667 123.408957143 136.341811667
de5 152.216002 159.9251425 156.442074 138.802275 130.195888 133.794166 142.905995 144.594944 144.02008 143.342924
yi2 151.846228333 150.874801667 104.994185 115.718303333 176.052258333 176.056204 172.736435 176.155906667 183.343196667 192.923581667
ge4 204.8998 224.1379275 235.7674475 235.8908 225.622405 214.742525 204.3192325 198.0302225 195.82543 197.238785
nei4 205.386638 220.476924 240.999086 261.484094 277.933404 292.1605225 296.882884 292.767866 278.477906 257.796406
yin1 209.173603636 153.187787 168.001454545 175.807104545 188.403456364 194.562702 193.090131818 194.503058182 197.770273 211.840862727
