she4 307.12201 307.12201 307.12201 307.12201 305.080341667 290.658984 269.623988333 235.511805 212.819768333 199.659061667
ji2 192.794157143 195.034153333 197.322724286 195.869128571 193.29053 191.058891667 191.637288571 191.764941429 189.410183333 192.681727143
hua1 203.559114286 213.288901667 230.758 254.049995714 279.61209 309.297463333 311.958844286 310.106352857 312.138188333 313.96885
yang4 314.851374 314.030604 313.176252 311.089816 298.809138 280.254094 258.225614 231.135868 203.570194 185.55387
hua2 180.78241 185.277401429 188.37505375 189.806285714 190.900095 185.43792 171.44251875 170.717892857 181.84033375 198.673865714
bing1 214.763772222 261.8685 278.94149 281.2013925 280.024701111 279.385498889 280.74898625 283.583468889 282.9396275 278.317107778
bang4 383.67801375 383.67801 383.67801 383.67801 373.204345 353.5677075 330.49293875 286.296988571 244.7883075 213.26983875
lei3 196.724976 189.23348 183.630982 174.161166 161.537702 150.4708725 141.980624 137.444412 137.895705 141.032496
qiu2 151.34549 172.137275 194.377811818 203.398767 180.109898 167.109283 171.310198 182.198196364 196.883291 206.177609
ma3 219.240011667 218.37682 211.165691667 197.768458333 178.61175 155.132723333 137.82742 131.12823 135.536475 154.988796667
shu4 181.21159 212.87970875 242.456017143 272.03231 296.7104 293.070115 262.23672125 235.778141429 218.380405 204.3150025
qu1 195.82113 209.743404286 231.173542857 252.638284286 274.103005714 293.778996667 317.55553 338.285251429 345.50177 337.110598571
gun4 334.581995 346.6013 352.346841667 349.779672 333.840918333 304.396682 262.719403333 224.941382 201.535088333 190.457916
qiu2 191.60328875 194.199468571 194.63221875 195.060215714 192.7754425 176.545297143 160.77286125 168.297104286 185.91656875 206.57445
deng3 220.397248333 228.548161429 216.394946667 186.238427143 151.667723333 115.08395 68.6266428571 64.46996 63.9241371429 63.9889933333
