zai4 390.047 389.947018 384.3200525 371.128486 355.685524 345.017912 338.058184 335.728485 334.802814 322.244954
fan4 310.38424 321.202678 342.686166667 364.279732 376.286906667 374.22344 365.940216 351.908788333 333.856018 308.856498333
li3 272.754562857 239.637204286 229.876242857 220.971334286 208.711605 192.533612857 184.501478571 178.040342857 172.105288571 150.574155714
mai2 88.5719285714 91.6794833333 167.56522 189.445653333 188.805997143 188.010271667 193.12284 217.558078333 255.546267143 275.479168333
ji3 275.828546 270.19991 263.342706 256.485496 243.758524 214.850382 187.27761 170.14743 166.18893 169.151118
ke1 176.965988571 192.833684286 209.651495714 226.469312857 242.308525714 246.282464286 232.187168571 228.164282857 234.101424286 243.770287143
suan1 248.891448333 261.72611 276.381668333 291.037231667 305.69279 318.741596 325.994581667 326.061991667 325.654106667 328.205836667
luo2 330.954534286 327.65994625 308.844155714 271.87858375 234.463772857 185.772471429 152.49082 148.694038571 160.826775 180.569728571
bo5 194.861018571 221.821392857 227.62610125 207.5381 180.302524286 156.732268571 149.51182 324.71733375 367.149648571 364.555798571
suan1 318.989995 318.98999 318.98999 318.98999 318.98999 320.107651667 322.267874 321.503668333 321.215766 322.678543333
hong2 325.65228625 329.423015 313.380611429 277.50049875 247.44074875 217.53402375 187.2225525 168.826297143 173.85538625 196.55383625
la4 223.621328 247.85639 262.638266 263.770976 255.144072 237.892484 213.58456 180.286516 156.641638 150.359182
jiao1 164.83728 200.695368889 236.880931111 257.571652222 259.637321111 261.620334444 264.291165556 265.149174444 267.537666667 276.029311111
