luo2 208.939943333 205.850856 200.63781 198.771174 198.870335 201.487035 212.345406 235.257268333 266.325652 288.162788333
bo5 295.238782857 301.58213 299.700105714 271.753355714 238.2761475 210.89994625 179.435522857 159.05318 146.33492625 140.731304286
bai2 150.8958575 165.1953275 179.49479625 192.3200775 191.27246125 172.200978571 166.6304525 168.86344875 185.36128 205.24646125
cai4 206.091638 224.844928889 249.9911 272.544032222 262.430431 217.109888889 169.444918 142.372603333 123.793194 81.3626888889
qie2 197.76601125 197.76601 197.76601 197.76601 197.16173375 185.239615714 174.60569125 175.09082 190.7349275 208.37394625
zi5 212.124391667 227.715578 248.708026667 257.21039 245.943746667 219.780656 201.388036667 197.604488 200.459773333 212.850242
la4 230.86018 246.774654 255.582732 255.633778 247.666823333 234.1218 219.902236 203.949102 184.956222 176.542548
jiao1 187.396757 218.617427273 247.189593 254.472414545 259.960557 266.928143 261.612165455 260.955499 264.416186364 275.860376
dou4 294.381625714 313.779261429 335.21138375 356.604265714 369.047451429 364.585541429 341.356027143 298.47368125 254.830098571 214.266377143
jiao3 193.89426875 199.151587143 204.577715 197.374684286 181.488815 148.21214125 130.793722857 126.98026875 127.434065714 150.38896875
sheng1 185.02006 210.297202857 236.18199125 262.066781429 284.0156475 287.705888571 283.65948875 283.230795714 286.83300125 285.131992857
jiang1 276.652751667 276.730508571 281.134155 295.715363333 292.48816 284.75444 283.837306667 284.327561667 285.96759 288.91194
huang2 280.521906667 250.470285 228.671755556 212.437294444 199.269648 172.675276667 158.580665556 177.13381 205.322367 228.248933333
gua1 238.500378333 261.732824286 270.424375 252.676874286 222.932453333 198.54578 178.126172857 159.71812 152.008577143 151.522
yi4 354.915996 354.91599 354.129916 349.761488 347.523193333 345.403374 332.068932 294.165094 272.330212 272.17862
gu2 273.7563425 274.5301625 272.863015 268.86699 269.478108 279.28366 291.91657 299.2472075 299.90478 294.3918025
nao3 285.126828333 276.248551667 257.505418333 215.023741667 172.792015 147.42593 131.595806667 122.059126667 111.903783333 95.4857183333
qie1 304.002015 304.00201 304.00201 304.00201 304.00201 304.00201 305.203983333 311.770525714 316.724778333 318.71144
sui4 308.661181429 307.39048 312.432455 317.679281429 320.786011429 299.083544286 257.169871429 201.606916667 162.52718 161.468614286
hui4 170.390823333 179.052238333 187.713631667 196.375046667 204.579316667 207.540822 200.002895 176.04035 142.105241667 124.343246667
he2 128.459501111 136.99530625 145.138288889 143.275718889 126.291873333 124.98641 138.071207778 140.918524444 186.92976 224.989375556
