ta1 352.367012 352.36703 352.36703 351.753645 348.523186 348.187756 350.9888575 352.976636 352.49045 339.127606
ba3 310.400398 307.659928 304.55408 279.650228 231.115653333 201.602722 180.253064 153.177768 146.210852 150.969038
zi4 181.92642 208.579662 228.122703333 248.711822 257.658478333 256.170364 244.63056 228.534266 204.604538333 197.050194
ji3 199.639032857 206.002368333 201.871025714 189.668503333 179.560181429 170.171796667 159.733788571 155.56009 160.328371429 167.06475
shuo1 182.921937143 210.66554 239.639148571 268.612741667 292.631997143 290.033301429 282.000223333 287.297415714 290.762496667 285.194212857
cheng2 249.314325 235.150045 222.256607143 210.233905 202.950805 186.946818333 166.208838333 164.787891429 179.746248333 199.014138333
shi4 209.869176667 211.353728333 211.350043333 211.341861667 211.333562857 211.295758333 205.488541667 186.114771667 167.59949 165.18792
ge5 172.765056667 180.161045 180.001145714 167.677636667 162.346955 160.653641667 159.600378333 159.82348 161.648071667 178.752175
wei4 208.34985 234.346795 266.318404286 292.523175714 290.791905 276.72951875 255.772875714 236.71217 220.8944225 210.696981429
mian3 204.4009225 202.28995 203.1706525 196.3543525 178.181472222 158.582885 144.06632125 140.7503875 133.765395 142.42026125
zao1 174.07757 205.709761667 234.00682 257.98343 265.935755 267.281036667 268.594746667 272.746376 278.767995 272.263955
ci2 239.123967143 230.117807143 222.815648571 215.51349 207.6028225 199.692162857 192.905555714 188.846527143 191.053602857 199.35563
tui4 222.011891111 266.142585556 311.656256667 339.078685556 324.091958889 281.9652825 227.888005556 168.779417778 91.3251533333 62.4362488889
er2 189.907001667 190.31312 192.834871667 193.802365 193.168161667 193.152416667 196.033868333 203.364213333 219.545728333 230.42217
guo4 218.391 185.824398571 154.86935 197.760728571 349.8096925 355.69079 339.016201429 298.91247 240.544518571 203.40739
fen4 195.569595 201.833862857 213.492458333 223.284661429 223.176918333 208.8967 189.749864286 174.739731667 166.136058571 168.588121667
mai4 176.71088 186.709564 203.12454 213.48015 212.731846667 204.771248 190.31358 175.030182 160.661791667 152.809974
li4 152.246586 159.282511667 169.839604 170.230808333 163.587578 152.349786 160.110695 172.867668 183.871956667 197.493972
gong1 216.145864 240.257711667 260.599274 269.69752 277.95675 280.175622 281.295038 284.311594 289.519801667 288.712688
zuo4 284.585676 287.770152 296.1250775 300.291144 297.341382 281.39765 263.609884 238.2370425 207.722184 176.010316
de5 161.872723333 159.899005 159.173666667 158.139946667 152.42205 147.16574 142.530553333 136.349393333 133.8853 133.077673333
ren2 130.037734444 150.825366667 143.662976 133.938582222 130.71126 131.65777 136.19791 143.807015 153.961962222 189.64551
