liu4 324.693944 333.878945 347.560552 354.622742 352.725794 342.8319475 326.453968 304.231934 285.1597675 264.786042
shi2 249.1690375 248.181682 250.6640175 254.019185 257.960916 261.9026425 265.2732475 268.6017775 273.397172 277.837755
wu3 277.711856667 269.801716 253.546578333 233.894988 210.016593333 184.548708 151.553528333 126.584082 114.204665 108.477002
gong1 272.953 272.718754 270.738625 269.80486 271.93554 277.265808 279.880304 281.70253 282.823206 283.993584
jin1 285.504665 291.775684286 298.871501667 301.852664286 301.7541 300.081546667 298.891282857 295.842411667 292.826442857 285.06641
yi3 271.786216 252.550026 226.088024 203.353096 180.777092 165.6471725 157.032794 145.211468 141.87901 151.91427
shang4 172.329067143 214.18396375 259.636917143 297.984732857 313.96545875 314.53017 292.482251429 257.456651429 221.66043875 199.890272857
ji2 190.6921225 186.6936325 181.86573875 177.58528375 170.7962775 166.73746625 168.60202375 173.727265 172.3186375 150.31635
nei4 229.613508 245.3488125 288.800066 325.380586 345.385132 348.18062 344.49339 329.088892 308.32689 282.440192
meng2 250.25246 232.078774 221.322686667 210.302878 198.307883333 196.390898333 208.319728 230.044736667 245.845958 245.38324
gu3 222.712873333 217.106035 214.676596667 203.471431667 174.878181667 155.979428 144.177261667 129.686368333 126.6158 151.574831667
qing4 183.017248571 205.51744125 226.970402857 246.773148571 268.22613125 287.37564875 295.671568571 276.895502857 238.80409 203.9434
ge2 192.109464 185.185746 175.791314 166.020108 153.880318 143.2822325 139.555524 140.90064 148.7161 162.867048
le4 195.90687 231.047258571 265.40143625 264.274701429 229.247255714 184.687512857 140.770677143 94.41941375 75.1827042857 69.7358471429
dui4 244.966003333 244.569418571 234.60978 207.574635714 189.525961667 176.789068333 165.751738571 160.369718333 165.951194286 181.940175
hu2 176.502151667 154.148343333 131.321766667 124.425768333 149.856535 174.713144 184.91924 213.236316667 248.158326667 258.754593333
bei3 255.299026667 247.879682 240.186178333 230.591391667 199.835696667 163.352476 138.878295 124.561125 122.657198 127.821908333
de5 140.020998 150.921654 153.650493333 150.383784 148.666038 150.59364 154.756072 157.46746 162.09912 167.77752
zhang1 182.380382857 193.146482857 206.460566667 257.804322857 288.817241429 292.273975714 292.807147143 297.137888333 303.303818571 301.802481429
jing4 294.00352 291.432245 289.052134 278.542806667 246.366284 214.690312 179.212966667 152.162176 138.702108333 140.30689
kui2 197.498081 269.528193 227.192419 159.542311 142.641490909 122.75851 131.269272 141.412924 171.75558 210.251381
