shei2 258.98801 258.98801 258.98801 258.712038333 245.96688 229.958363333 229.206411667 239.474698333 249.105128333 254.567835
zhi1 260.047711429 284.07031625 302.934827143 304.862174286 302.98499125 299.736745 297.454834286 297.019231429 297.50913125 297.814872857
na4 301.48015 312.432452 330.778245 341.61401 340.989592 337.475018 329.332666 317.5105375 302.120434 278.318466
ge5 255.426282 252.453218 259.711471667 269.739606 268.765326 255.55381 244.5619 240.349183333 240.974684 246.36168
hui4 250.303776667 255.852546 263.75767 280.546386 298.380956667 317.55138 340.844716667 342.59585 322.770713333 297.632588
shuo1 278.347802857 268.504115 283.171277143 303.009342857 322.50364 329.4234275 332.092934286 336.338317143 339.63333375 332.967015714
huang3 283.733635 207.49597 177.454761429 204.490203333 225.728675 212.157031667 177.584723333 150.337781429 139.582221667 136.088971667
hua4 132.57432 138.07611 155.00706625 162.79633125 210.121526667 257.15885125 256.70667 235.4383275 212.1072425 193.7272425
de5 178.583838 177.593642 186.352768333 187.338168 184.794032 182.81358 182.96252 184.717206667 187.342596 189.308348
wei1 195.767348 209.305788 231.867418 266.106812 300.910694 311.411098 318.725176 323.537616 322.44338 311.617536
ni2 294.703298 282.15178 262.601296 235.753682 206.704735 184.807582 180.465042 183.928672 195.421478333 205.69157
si1 215.836736667 235.2485 255.377511667 275.506515 297.64841 320.528746667 336.230043333 337.61961 324.9329 298.902823333
ren2 254.775714286 222.570926667 195.847748571 170.639538571 151.577624286 144.1282 143.03593 146.260654286 142.737636667 146.035595714
hao2 155.898961111 160.01946375 164.12254 168.499155556 172.875772222 176.94465625 177.907267778 165.560261111 172.18082625 216.500441111
bu4 235.113042 244.913005 259.667206 274.2958075 280.905784 278.6285925 260.414904 234.755915 201.11833 186.02349
chi2 178.7 178.7 178.7 178.7 178.7 178.588081667 172.296892857 171.955842857 204.143533333 226.88569
yi2 228.087286 220.374076 211.656335 202.539472 181.553636 150.062786 133.038574 132.47755 134.44577 136.43097
de5 139.53696 144.123305 147.094853333 147.1812925 146.02866 145.003956667 143.3430025 142.36829 144.31686 151.79847
hui2 162.903358333 165.20003 161.520501667 157.485495 153.019622857 140.847653333 125.360198333 123.315321667 140.932188571 158.321213333
da2 166.449656 170.1056775 169.89457 164.2553025 144.10022 134.064294 133.1033 131.921072 131.5383275 137.35405
dao4 154.879078333 172.46109 175.206058333 163.360295 137.53283 100.422833333 67.7320883333 66.1977033333 132.979728333 187.49761
