san1 351.67499 351.67499 351.67499 353.051315 355.817525 355.527218333 354.562948333 352.820227143 347.939706667 296.835803333
qi1 217.325065 229.365518333 258.890928333 288.916758333 318.942596667 345.324091667 353.770885 353.771108333 345.867706667 322.682125
de5 315.921951667 308.437502 284.185745 256.523905 239.885695 229.290486 221.6573 217.956821667 219.668832 228.086255
yao4 238.104095714 258.007808333 299.166227143 332.72697 338.437415714 332.802353333 315.818932857 286.328036667 258.035641429 232.79175
li3 211.420506667 200.431196667 194.810005 191.292976667 187.54689 184.54811 182.205973333 180.93892 178.537476667 172.282666667
yan2 158.965678889 154.384077778 153.10916125 152.182001111 152.478916667 145.832394444 137.621 149.1175125 177.598067778 206.189663333
jiu1 223.06981625 246.583185 271.28029625 289.11613125 293.771275 295.8695575 299.03821 300.074775 295.57048375 287.6300525
bu4 295.145485714 305.15115 314.322996667 323.49486 333.500514286 344.75576 366.406548571 371.671213333 352.894534286 306.531874286
shao3 271.501765714 257.834 243.118 225.86301 194.600208571 157.585025714 126.117764286 73.81409875 65.7478814286 78.4129157143
hai2 91.891645 105.337862 122.136873333 138.935882 155.734881667 170.667456667 179.138372 193.622481667 214.237644 218.520538333
chu3 216.790086667 215.278 213.775003333 212.272002 210.93601 204.194788333 176.96585 155.931111667 146.890282 135.314361667
yu2 128.703623333 149.014938571 166.69487 148.595997143 135.344738333 140.104293333 152.965264286 166.768096667 187.56973 194.38154
tian2 194.69236375 195.63793 196.827287778 198.0067325 197.18938 175.71018125 143.33976875 142.635015556 168.21696375 201.76741375
kong4 226.110852857 264.016587143 288.353325 304.312722857 330.756224286 332.26907 299.879351429 254.90011875 201.42719 177.292338571
jie1 190.951434 202.665152 209.912874 209.414582 195.169736 184.068252 182.108586 181.206658 180.782456 181.751252
duan4 191.263637143 200.377613333 201.37958 194.522258571 170.410215714 140.283415 111.224372857 66.82144 76.8570483333 80.4511085714
