shi2 233.91513375 240.57701 240.57701 239.7853075 226.95317375 217.08066625 221.0435775 235.93053625 249.80361625 248.89667875
zhun3 257.171282857 272.838195714 274.008717143 248.833887143 205.008374286 183.739165714 167.962635714 162.079277143 163.720612857 181.153184286
ba4 203.606112 259.33975 296.971684 307.521572 318.186331667 323.82575 319.548578 306.481542 288.409214 261.352342
ba5 234.895905 231.624735 231.431182 230.328845 218.0682425 199.1557375 188.35767 182.654704 180.4762225 180.646745
men5 181.444641429 180.449671429 176.148032857 170.552057143 166.832812857 166.110308571 167.025694286 167.632117143 165.604718571 149.002298571
liao2 128.34136 164.989813333 206.796694286 213.308956667 200.943307143 190.034545 188.989035714 203.160213333 226.200915714 229.977355
jie3 223.231632 225.991722 232.065251667 233.501258 221.447974 198.920738 173.020852 156.698916667 151.517002 144.929206
le5 142.214846667 145.462828 154.550656667 158.162554 158.42178 160.019624 163.917306667 169.054272 178.399565 193.692142
hu4 204.989071429 220.131108333 245.624375714 271.39264 297.160898571 327.33215 352.15064 351.76445 335.046168333 301.261474286
li3 260.91317 232.588795 216.986676667 207.21645 201.99169 193.648195 180.810205 169.793366667 159.3125675 146.68374
ying1 139.966124286 140.05956 154.146684286 192.004475714 240.617372857 275.689758333 292.452517143 302.57812 304.963191667 295.968954286
er2 279.773218 260.00268 228.333143333 194.27376 172.754314 159.312642 153.934086 156.966023333 163.251868 167.466268
de5 172.24929 184.05874 192.664168 193.6940125 190.9580675 186.4470225 182.0355825 178.635938 177.7199575 179.910995
yi4 183.931186 187.5873125 197.02028 219.652215 229.587876 226.962315 215.861834 204.753235 197.072098 194.728665
xie1 197.41899 209.773255 223.432997143 235.924774286 243.00267125 245.11385125 247.78317 246.408684286 245.92700125 239.87581
ji1 328.72 328.72 328.72 328.836598333 334.289811667 343.161908333 352.875366667 356.193898 352.32367 333.399961667
ben3 298.84884 260.10565 232.521354 199.483415 169.866134 147.94452 137.82411 132.062354 129.5154525 133.564924
zhi1 146.888785 164.392155 176.005312 187.618463333 198.980701667 201.583356667 199.015205 197.727122 202.743938333 204.981125
shi5 201.546554286 198.831668571 195.96131875 193.09096 186.812745714 159.107401429 122.39239 94.50443875 139.457368571 240.038477143
