yi4 311.921735 313.960675 313.311165 307.7266075 298.006415 291.2326575 280.453065 262.7717825 232.90015 224.0070625
chang3 223.073993 223.06801 224.690023 218.474012222 199.142304 188.548091 188.157432222 184.738997 185.68523 193.707144
tu1 204.218898333 227.645625714 253.628888333 277.250046667 304.391065714 336.040995 348.593811667 349.27267 346.0707 350.233805
jiang4 364.580988333 374.278625 375.810611429 365.351421667 348.66569 324.293625 291.830028333 258.157761429 238.639858333 221.855005
de5 211.673505 210.826146667 210.1601825 209.4394 206.3665325 204.670146667 204.9385525 205.71892 207.504895 208.73448
da4 204.284526667 202.396566667 239.065335 322.723043333 337.480571667 334.28796 320.825033333 292.817141667 262.21314 233.60196
xue3 205.814908889 201.601904444 204.369071 207.191646667 205.543393333 188.395918889 172.320965556 163.660418 160.569012222 157.256965556
shi2 157.625495714 170.910327143 178.466672857 183.9023 189.503475714 194.637891667 199.772302857 204.800121429 214.516478571 219.932327143
bei3 212.186531667 209.726796 207.341568333 203.269052 185.754351667 163.454164 113.688463333 73.240282 73.63209 78.952806
jing1 112.3619525 161.539585 210.68609875 244.39974875 249.379627778 252.884075 253.9562125 258.92239875 261.16256625 254.0025675
jing1 246.278493333 256.249103333 270.084215 283.206128333 287.719038333 285.689755 283.938756667 284.080595 286.089666667 284.279251667
shou4 279.813521667 285.574515 298.415304286 310.037863333 307.780226667 281.171248333 239.70606 211.786911429 195.700073333 183.090208333
le5 177.47347 169.1436675 164.274098 160.250508 156.18682 153.50315 152.007238 150.47193 149.91889 153.23081
yi2 155.5066325 155.03828 155.0892975 165.11473 178.5907975 182.8720475 184.83107 186.3711425 187.225612 190.037175
ci4 193.392876 197.652516 201.82382 208.1792 213.913786 216.466936 208.224088 190.288955 175.128716 169.631042
kao3 170.570658333 172.71755 174.6825 176.647461667 178.715511667 177.022956667 159.999921667 140.370188 82.0073416667 66.7080716667
yan4 164.694381111 208.420041 240.2388 246.004454444 218.531888 165.510587778 130.701362222 111.938511111 126.398278 199.897632222
