ying1 300.558974 307.028005 309.520014 309.660078 309.637018 309.60784 310.461058 311.866618 311.992 312.388378
gai1 319.507405714 316.0480725 309.529601429 306.585655714 303.66216375 303.2757225 303.85655 305.189604286 304.40298 300.865582857
zhu3 290.08439625 280.430794286 270.81776125 260.05879125 238.34881625 216.718407143 182.50197625 151.70945625 150.19931 154.26035875
shu2 160.703844545 169.476476364 177.810484 185.619451818 184.185469091 176.686586364 194.769932727 234.179354 270.906281818 294.52028
chao3 230.427015 230.42702 230.42702 230.42702 226.912725 195.9463025 156.879631429 135.476675 127.871372857 141.09044125
shu2 157.3574 160.324988 162.103327778 163.881668 165.294426 165.054803 165.92042 173.407284444 188.887022 231.822757
huo4 248.20006125 265.448181429 283.50483375 290.0317 253.91746625 220.046538571 194.57964875 173.88457875 169.294797143 180.15597625
zha2 197.036775 203.151583333 202.95816 201.814496667 189.45686 171.090255 159.562388333 162.705886667 181.907406667 209.851808333
tou4 223.467847143 245.528724286 278.17982 311.627251429 347.844591429 362.942694286 350.87273 319.384933333 280.490334286 238.649627143
hou4 211.022181667 211.382628333 226.263884286 240.674873333 242.83424 230.342833333 209.73846 175.927652857 146.7926 144.334193333
zai4 158.4199 177.047525 195.608856 207.10883 204.689158 196.344804 177.388866667 150.546904 138.679841667 125.833356
chi1 240.5320075 240.53201 240.53201 240.01450875 231.890228889 229.0859075 230.574465 236.4714525 242.347692222 260.32997125
