ta1 344.000006 344.0 344.0 343.98442 343.568 343.1499575 345.307682 349.36849 350.5132 342.7536825
men5 327.924263333 321.957678 314.70586 304.846956 282.266663333 259.226465 243.192374 236.446281667 238.59544 244.93429
zai4 258.810916667 277.917647143 283.051453333 272.385421667 260.612741429 253.51241 246.226041667 240.056046667 240.076407143 248.000893333
ge4 269.53891 285.270711667 300.094238333 316.537956667 342.674865 348.219211667 336.18195 311.632945 285.98056 269.453908333
zi4 267.584915714 269.061183333 270.717377143 272.456007143 271.37588 260.371905 251.46765 239.514794286 229.49236 216.947577143
wu2 195.657965 163.710184286 161.22552875 192.27753 198.432465 203.80138 231.21291375 272.256458571 318.85602125 335.392802857
fa3 328.660126667 314.988063333 300.862798333 286.996448333 237.838175714 177.290513333 147.312801667 141.146156667 143.921375 156.481081667
ni4 171.115951667 196.708867143 227.719598333 256.428425714 278.540716667 283.258303333 269.910698571 241.803798333 222.635527143 199.563093333
zhuan3 199.402868333 215.51232 215.551603333 198.617163333 175.644575714 149.036031667 123.613488333 70.414445 67.06657 71.6773066667
de5 74.257134 82.571456 108.2671775 145.642854 155.758724 157.518976 160.48975 164.27731 166.0366 168.708628
cuo1 180.021131429 199.171001667 218.751002857 240.110997143 261.471002857 286.141791667 318.096958571 326.252398571 333.695551667 328.183801429
zhe2 290.528784 272.751772 257.384736 241.459484 209.85984 176.773604 151.92691 140.411186 138.726884 140.645986
zhong1 167.72180375 194.263025556 192.8832375 185.936238889 186.642475 187.0823725 188.393202222 196.53009 216.13596 231.82047125
