da4 197.876616 260.433525 352.162488 366.853838 359.052546667 343.610388 325.62561 302.722382 276.87591 235.281828
dan3 184.199158 182.937 184.818326 178.033316 160.4693 145.452184 138.487836 131.052698 128.167034 129.1701
de5 131.749836667 133.98345 136.43831 138.71316 143.25355 149.37897 154.828856667 164.24447 175.068533333 185.946326667
shi4 199.569658 219.684136667 242.774502 265.864861111 282.241478 263.543756 212.570813333 160.294509 124.486903333 136.325542
da4 173.002815714 96.8753314286 109.13066625 195.128301429 308.26079 329.776621429 311.728261429 276.26957875 229.655574286 201.85039
dan3 180.935533333 181.304208 179.175385 164.136518 144.480901667 133.585473333 129.591404 126.707708333 136.259084 148.721915
de5 166.526666667 181.614743333 191.966395 198.37289 202.33675 207.838173333 215.079426667 219.8344075 219.452903333 212.826223333
chuang3 201.125439 199.106860909 198.011644 197.090318 192.866057273 156.985147 122.541199 99.082072 81.84639 128.900799
da4 191.292485714 207.25431 243.10932875 291.916795714 324.706538571 326.813752857 317.207767143 293.59007125 269.936724286 234.161105714
dan3 194.822876 178.490956 180.770326 183.384538 175.412238 152.197085 128.178892 109.47124 85.193734 65.766912
de5 65.38552 68.7095233333 80.7456375 97.91232 108.91875 117.35289 129.852676667 143.05536 152.718993333 156.376
gan4 171.64867125 209.541001429 248.292105 268.67559875 260.0649075 227.010098571 173.35435 126.051095 115.570614286 101.3876975
