yi1 323.858 323.96823 325.983115 331.61129 339.2522225 344.38588 345.56104 340.7515275 328.66964 326.3527275
zhao4 340.218876667 354.011286667 343.320288333 313.023183333 281.604178333 258.571473333 243.55695 232.760413333 226.632708333 225.758881667
xing2 220.3545825 215.403804286 214.53256375 213.59432875 212.3883725 207.920977143 209.1467675 233.85233375 279.069297143 292.15533625
fa3 282.642782857 270.11029375 253.045115714 204.68901125 158.819731429 138.242732857 134.7367075 126.422821429 104.13886875 122.576548571
guan1 184.26972 198.0920625 214.385208 233.08468 256.298456 283.525795 290.76776 294.36512 296.81315 297.25526
yu2 294.553318571 276.90534 250.441867143 230.336695714 213.049447143 202.940181667 204.507265714 211.611598571 223.998468571 231.927178571
zou3 234.092887143 234.817931667 235.534618571 236.193917143 217.741407143 183.239876667 150.027645714 128.183095714 116.445066667 89.6388485714
si1 100.186046 132.260975 165.064882 194.223912 227.027818333 259.211786 276.302308 281.243972 281.256348333 280.140886
zui4 286.66926625 301.677738571 307.0862 295.150722857 263.41408625 217.66842875 185.549585714 167.07738125 171.174265714 195.80094125
huo4 249.538536667 338.793066 380.953861667 372.823632 348.080531667 323.05628 308.368958 290.842585 266.338812 231.237161667
zhe3 202.820145714 205.251681667 201.606274286 175.164015 155.278515714 142.559265 129.81119 119.81928 121.574175714 143.824095
fei1 177.727832857 212.696651667 247.665458571 285.813245714 315.410957143 321.368638333 324.453931429 327.661477143 331.487196667 326.388638571
fa3 298.684344286 279.551233333 260.877912857 242.588068333 208.541225714 167.351091667 144.131538571 135.892751667 135.626594286 144.534596667
jing1 160.998406667 183.605622 207.44446 231.283296 255.122136667 278.288196 290.057353333 297.288902 299.347283333 296.200518
ying2 284.372153333 260.577263333 232.124833333 202.153898333 170.18418 164.687391667 172.738208333 185.689205 204.115091667 215.934955
zui4 227.751902 251.8715 276.7497575 296.415404 301.121484 292.314276 269.213576 248.4711075 229.369152 200.39231
de5 185.835866667 183.3459475 182.28402 178.44811 170.75051 167.566693333 163.911545 161.514893333 161.4049 164.28742
gui1 177.385626667 195.974 215.218346667 238.963252 261.441541667 274.559301667 278.621936 282.514581667 287.375098 287.789928333
ding4 287.705406667 297.120245 298.749863333 281.044743333 250.482475 209.77706 155.171926667 107.316853333 102.24801 102.248006667
