ai1 321.32406 327.2374025 338.4917675 346.16189 352.173462 359.846525 366.4740975 370.397095 370.59609 363.15097
bo2 343.815718 320.169442 296.52316 272.87686 253.58819 238.8911475 214.110736 202.851106 205.393966 218.062206
la1 238.917956 258.890454 277.284216 288.455106 292.91592 300.59654 304.540166 306.98446 310.403686 295.892872
bing4 236.709296667 247.864145714 292.193385 323.454968571 326.598616667 317.302555 285.438888571 243.238681667 214.24286 192.176298333
du2 185.843494 184.64652 183.407974 177.97153 165.496864 159.3769975 161.037836 167.4388975 176.326832 185.93827
de5 192.07177 207.597713333 226.042215 232.919746667 233.0608675 232.227773333 229.2627775 226.22137 222.5146925 218.902566667
xing2 207.022565556 199.75626375 196.55119 193.34610875 189.522838889 171.608137778 156.95631375 164.982374444 188.24916 222.076877778
zhuang4 251.638166667 288.166648889 296.216313 262.666822222 209.772517778 156.655578889 129.089418889 105.019527 113.069566667 123.271826667
wan3 206.075362 206.9068775 204.196756 197.4758 187.49177 177.370585 168.70785 160.837352 153.1229625 146.025816
ru2 142.813121429 143.403231429 158.48645125 165.763247143 149.445727143 145.527632857 147.046648571 156.24859375 171.89475 185.551524286
zhong1 195.718843333 234.511636667 283.26471 309.604623333 312.503608333 312.643206 314.495365 319.311471667 321.791971667 312.852211667
guo2 292.354537143 266.787171667 237.119081429 200.519531667 175.054765714 160.873797143 163.051451667 175.169408571 194.838653333 200.306091429
gu3 190.18305 194.379541429 200.8298 206.188698571 205.471013333 185.449666667 153.176704286 130.443053333 118.84442 129.369728333
dai4 172.279873333 215.835942 253.395823333 264.500071667 264.033365 261.108054 248.380068333 226.94229 203.794272 184.588916667
de5 175.02618 171.485163333 166.203135 154.7623075 144.848645 137.982746667 134.9126475 133.1521475 132.68719 132.881045
ru2 133.862351429 132.587755 130.061392857 131.810631667 133.25762 126.921264286 121.68866 133.16061 156.154905 187.473142857
yi4 211.009831429 235.7694025 266.017 275.92633 261.656211429 233.323911429 191.82161625 153.471195714 126.05346 110.174141429
