ta1 259.37701 259.37701 259.37701 259.37701 255.35383 241.6003525 231.0630575 228.0456775 231.298114 235.7157375
xin4 238.05652125 243.67832875 251.107287778 252.84857625 233.9276875 200.94939625 177.084585 170.918991111 170.79244125 180.32490625
zai4 211.093635 240.17178 284.642913333 319.513684 324.181775 319.095286667 303.349798 277.85876 251.228074 225.695358333
ci4 201.207506 199.316988 200.78716 202.578236 204.593196667 206.287258 204.415572 188.566412 174.476204 170.893176
qiang2 175.36795 187.331785714 198.699481667 205.20258 190.492792857 157.022672857 153.906682857 155.282885 163.32773 180.490288571
diao4 197.534824 232.828105 251.154536 248.41942 231.622236667 209.532838 189.86962 170.848454 158.858796667 152.713974
le5 147.470056667 146.022537143 144.16435 143.07237 141.373836667 139.847553333 138.913484286 157.615791667 238.081387143 241.70188
tai4 358.086 358.086 358.086 358.086 355.183816667 336.690866667 310.445445 284.333122 250.13423 206.244663333
guo2 189.773928571 189.068252857 187.171881667 178.352722857 175.579285714 175.60987 176.317548571 178.429178333 182.58645 193.471682857
huan1 209.842841429 236.28570875 263.443197143 288.511634286 314.61570375 322.8529125 325.863015714 327.659537143 322.01146375 295.940265714
ying2 279.885836 248.928611667 221.575322 196.364235 175.963898 165.53732 163.988363333 172.351954 189.658056667 210.538118
wai4 226.817018 248.3261275 259.797 259.19165 252.080566 236.743676 214.730375 192.508956 176.3250925 169.965426
guo2 171.629372 175.4509775 175.677504 175.166866 171.526288 166.6036275 166.351022 167.371508 173.21675 183.120848
tou2 186.509498571 183.86203 180.169067143 176.476091667 172.783125714 169.279515 161.853298571 154.336528333 158.45857 168.126331667
zi1 185.22491 197.260386 213.544631667 233.859884 254.203445 283.839183333 303.574116 306.986138333 300.395826 281.054233333
de5 268.063995 260.745666667 253.2213375 241.61512 221.5933225 195.3482725 176.175856667 164.2274775 160.028216667 159.3270875
li4 162.035028 173.39169 180.760132 181.6086475 177.39017 159.25719 145.5705 141.576984 139.7929975 134.970484
chang3 83.8386871429 83.1659 83.1659 83.1659 80.60079 73.1596728571 70.85506 99.33567125 116.445991429 118.572008571
