cheng2 256.047 256.047 256.047 256.030013333 254.622272 251.548022 259.412321667 280.005914 300.142475 324.768594
wei1 341.55588 350.21868 352.74125 352.80194 351.84149 350.821016667 350.76099 350.76099 350.5704825 349.142203333
wo3 342.282013333 317.53191 292.816823333 273.285688 249.763411667 220.059936667 178.4416 155.259218333 150.324852 150.69733
guo2 171.676295 185.499327143 191.51218 180.7379675 179.7376975 181.935634286 182.94990625 177.42929375 163.894628571 193.37845875
shi2 231.22476 228.51673875 223.76861625 219.02049625 213.933235556 208.84596625 205.43103375 210.066765 233.5821375 236.47825625
da4 203.553311667 281.390551429 341.267593333 333.689345714 315.698073333 292.943721667 268.666524286 244.624088333 223.83582 206.549761667
niu3 201.366531429 199.04785375 195.042501429 187.488524286 172.5668425 156.1105 135.389095714 126.230264286 126.2338025 149.59632
kui1 259.65370875 270.60999 270.60999 270.60999 280.37587 288.207888571 290.20680375 291.86685125 291.468238571 274.78674875
dian3 236.821486667 236.403616667 236.680375 235.786503333 223.187071667 203.541972 174.397573333 146.267711667 111.544188333 69.3839716667
xing2 74.37925375 81.2453875 104.155706667 138.60339625 170.45701 184.98299125 185.71917375 205.449721111 242.958155 264.65929
qi3 262.736345 258.92619 255.093195 251.807785 247.974806 244.14182 240.8564125 237.5710025 221.59018 188.065565
ye4 146.334178571 116.016973333 113.813617143 135.063918333 167.314432857 179.488357143 177.652935 164.358085714 147.910533333 144.022418571
zhi1 164.08753 185.448982 196.874668 208.402722 217.585994 222.321325 225.718428 228.384386 230.667324 230.867474
yi1 217.247005 217.89379875 242.129 251.3344875 250.82182875 249.67590875 250.08136875 251.7425925 267.15920875 283.530645
