yi3 238.986088571 238.366018571 235.28289625 231.834405714 228.989091429 226.830112857 226.071877143 225.70444625 227.113875714 230.146397143
song4 244.77660375 278.351405 312.84965875 347.3479275 379.090193333 384.84752 364.90496125 319.49839 273.3125725 262.64204125
da4 275.388802 294.765232 296.822188 288.839364 273.494665 257.154146 240.318722 217.868606 194.993184 188.246552
cheng2 195.121788889 201.005418889 205.271574444 208.148142222 195.044912222 182.953052222 181.625097778 184.715114444 191.654641111 209.820674444
shuang1 229.996735714 245.698907143 274.278364286 303.63593 334.74818 349.497445714 348.196708571 343.308591429 338.685777143 338.24645
weng4 342.891967143 348.25334 349.83071 352.978028333 347.928954286 314.399608333 266.978627143 226.367716667 199.254122857 192.66636
cheng2 200.951014286 202.715413333 202.465695714 202.17954 201.544875714 190.99688 183.403408571 185.962812857 198.224865 207.357695714
yi2 211.92373 209.317532 200.811891667 198.23791 199.459756667 203.8684 224.354226667 249.283864 252.026375 234.928502
zhi3 222.836668571 213.730675714 204.624671429 192.788004286 174.806335714 162.886218571 155.100242857 142.034142857 140.96379 143.277228571
wei2 156.029074 166.659104 174.97361 182.002852 182.506198 181.637674 182.791942 186.7496125 199.205492 210.532948
yi1 212.279958333 220.635066 238.501075 259.463005 280.225823333 283.489312 282.574323333 282.423503333 280.659766 275.95133
tuo1 276.560225 278.56961 280.613066667 282.656525 284.286427143 281.993638333 274.16678 272.534993333 273.390923333 263.531455
de5 248.363916667 246.0138 229.742604 208.848658333 193.735955 187.585498333 181.602101667 178.260304 180.95739 185.681113333
song4 403.8650125 403.86502 403.86502 403.146205 388.30739875 369.3484525 324.18322 274.39451375 231.5074225 214.3598325
dai4 213.801045 229.480016667 238.301213333 229.531938333 215.205721429 200.832335 187.489696667 172.016465 171.500676667 175.631935
wen2 156.631344 152.55027 168.310018 180.253524 183.036904 184.25449 183.912028 181.552622 179.582185 180.305866
hua4 195.48184 235.410767778 266.12315625 297.079056667 331.57272375 350.96330875 335.50014 296.82797375 249.419496667 204.86660125
zhan3 190.4004 193.42744 207.833082857 217.123735714 205.01155 176.370536667 152.827718571 145.178528571 99.54156 122.363974286
shi4 176.140835 193.139361429 208.247276667 221.981733333 235.683497143 235.606808333 217.248135 196.887651667 185.65998 191.620593333
zhong1 213.710602 240.471795 264.952034 274.564654 272.857452 267.734345 265.768838 267.635078 269.1044825 267.279814
xin1 250.036671111 255.658202222 270.332805556 277.316372222 274.465632222 269.590554444 267.392978889 271.117253333 267.229936667 257.732375556
