xue4 390.73599 390.73599 390.73599 390.73599 390.6420275 387.829794286 377.588597143 349.718008571 306.666047143 272.409177143
shui3 253.79040625 251.872115 250.48092375 248.81989125 235.43433 196.51997125 161.8430625 142.426275 139.82831125 150.03643375
shun4 173.972082857 204.016775 235.806584286 267.596395 299.233185714 321.60529 324.861541667 314.273842857 289.813248333 266.728417143
zhe5 239.3159075 237.98379 240.050273333 239.855595 230.3905525 218.9435225 212.809845 211.057283333 209.263185 209.80205
ku4 215.391167143 237.313378571 261.686973333 286.060571429 312.649935714 339.47087 358.827104286 356.193711667 327.152371429 271.256947143
jiao3 217.669325 217.482914444 220.0875825 207.029073333 187.23962 165.1991375 140.957974444 133.63125 151.455376667 166.52699
di1 303.15601 303.15601 303.15601 303.15601 303.246985714 305.189548571 304.077014286 301.128555 297.858642857 298.341195714
di1 297.441978 296.402465 295.96699 295.740425 294.507288 291.512822 290.5375725 290.52499 289.97525 287.7057
da1 288.983704 295.947531667 296.55326 292.4409 290.060176667 289.34486 288.954928 288.8732 290.67975 285.400446
da1 279.015105 292.228732857 299.09338 297.8051275 296.145565 295.331472857 295.62779 297.3823175 291.395247143 250.05939375
liu2 163.65524 107.795738571 135.66755375 192.100544286 192.53595875 180.6841375 171.967307143 176.92839 196.702494286 216.73466125
dao4 233.759584 274.640651667 298.2609 297.216628 287.304636667 267.240904 249.029624 233.784622 223.069496667 220.395802
di4 223.14907 247.910941429 284.613724286 315.26808 321.46203125 303.810934286 264.182561429 215.58499 169.881448571 159.19604
shang5 148.79139625 126.706635714 103.85536875 83.38702 71.5610825 71.5148675 104.634477143 124.4497 168.957762857 222.1771975
