yi3 243.112286667 242.861706 240.555195 236.72364 233.416993333 230.420484 228.57182 228.98139 230.021282 222.407001667
que4 219.211781667 239.329004 265.932998333 292.536992 319.140995 344.945692 358.447195 358.923312 345.771236667 313.203778
bao3 281.216212857 254.612544286 229.578884286 195.899967143 175.60793 157.967991429 152.654794286 153.00234 154.590485714 154.586001429
liang2 154.344493333 158.406585714 169.334368333 171.883932857 169.157158333 166.186016667 168.534508571 174.528266667 195.454724286 231.755558333
shi5 252.555081429 265.54615875 280.087114286 293.498002857 298.48905125 267.237385 235.955881429 222.892844286 218.559165 211.671995714
gou4 331.542674 351.68002 351.68002 350.303694 346.451964 342.459254 329.997518 307.9090575 277.251262 234.836018
de2 202.03116 193.290123333 189.736175 188.016065 183.0768425 175.14437 171.7781475 170.59464 170.68628 174.602915
jin4 203.698454444 246.212758 284.50042 287.792035 252.760282222 210.057745556 167.935482 138.120391111 99.53885 59.7766288889
guan3 210.661006667 209.127506667 201.053566 186.32578 169.196128333 152.933721667 142.44917 140.687138 148.851165 159.63346
de5 183.664956667 208.8071925 223.324883333 233.0201725 248.18489 268.648446667 290.8852 302.075256667 302.704055 298.939943333
hao4 280.316932222 249.181096667 223.36986875 209.739943333 173.863252222 141.561377778 135.816035556 125.54441875 147.115916667 209.277432222
tiao2 340.76599 340.683604 336.739258333 331.038526 324.073524 309.223986 288.113904 262.864475 231.746488 203.286638
de2 185.777933333 181.346726667 175.385905 163.33618 156.01704 153.01179 149.658476667 147.9637725 148.454703333 152.71987
chu1 183.541541111 209.200136667 230.727599 252.880692222 267.664364444 266.615082222 267.012868889 271.375977 272.493153333 251.728684444
yong4 275.965738333 291.094995 305.460271667 329.917331667 331.30777 317.025642 290.703941667 258.88651 228.280458333 195.304615
de5 175.425346667 168.37216 157.239575 144.747733333 137.26116 133.746553333 133.353 134.8533175 143.382276667 153.74872
shang4 166.68106625 196.945345 232.27947 261.3803225 259.04952875 224.1058725 170.93213 113.863218889 83.84473375 72.17921125
