wu3 233.681 233.338192 230.467068 224.343446 213.675863333 203.44057 196.780608 193.949832 192.944802 192.37032
dun1 191.801986667 228.525656667 286.73292 301.470661667 315.230616667 325.390776 325.070011667 320.542613333 322.96395 323.888108333
tui1 324.74528 330.117625 337.000356667 343.974701667 353.230341667 359.559915 358.975583333 357.115911667 355.657955 344.289135
li4 328.91976 327.19901 326.982886 316.0605 282.532536667 249.817491667 224.582106667 210.14835 198.265306667 185.327028333
zhou2 226.636268 228.708554 220.551044 201.794122 189.029564 188.1933725 191.127152 206.419338 238.025012 258.309038
cheng2 256.768794 249.289005 241.243006 233.346015 228.267188 224.456262 209.954786667 182.722394 180.679235 192.203906
shi2 204.397121667 205.73393 204.14634 204.392402 205.232983333 206.089488 206.569085 204.56436 198.871275 201.373092
yan4 207.519824 213.7227 225.991754 229.103214 221.403205 207.735508 194.327756 180.832326 179.865552 184.45363
tai2 187.955291 182.981455556 175.833981 160.231722222 145.43616 136.789616 140.627393333 155.409236 159.431363333 183.89237
he2 194.60837 207.49790625 221.56014 228.44284875 203.66269125 185.82867625 180.21764 181.42488875 188.62159875 195.98829625
ba1 320.82401 320.82401 320.800656 318.925802 314.189088 313.71493 316.951968 321.621338 324.591106 318.491294
dun1 310.083135 321.572793333 328.307061667 327.703841667 328.35057 328.493195 325.64421 322.467713333 324.982015 322.129515
tui1 319.179661667 323.274628333 328.548945 333.73583 336.29124 327.925211667 317.70953 318.811106667 320.920973333 312.737826667
li4 298.381226 295.15358 290.248998 281.85091 263.62545 238.2950675 214.266956 188.925472 173.820885 168.91763
zhou2 168.10929 172.200373333 176.879846 179.547695 176.331618333 169.829786667 171.901133333 183.30565 200.536155 209.815093333
cheng2 211.95241625 215.41257625 219.21642375 216.80424875 181.8612575 163.350894286 164.8562575 172.85974 185.92571875 207.2549425
su4 216.872891667 236.534435714 260.733598333 284.935811429 309.138011667 330.933161667 343.739652857 338.269758333 318.611812857 293.562295
liao4 264.678686 253.759686 251.651526 249.7037 243.691803333 228.11717 207.250202 190.133036 178.752372 172.968308
wa3 169.105024 169.364835 170.019744 165.563641667 160.144804 153.65082 144.0376 139.711334 140.171405 148.388586
xing4 163.2335 181.55904375 208.007748571 232.589064286 259.21881625 283.80014125 306.222011429 306.470202857 275.5923375 235.874075714
neng2 214.763215 202.9965375 188.90321 171.453035 151.664115 143.822255 141.09859 143.1973825 151.1659 160.6072525
shi2 169.583516667 172.246052 171.257385 169.277558333 167.264163333 165.452108 163.640058333 160.493106667 155.407704 154.990053333
yan4 158.55982 163.161554 165.740815 165.02899 161.109394 149.96339 137.591226 136.0285175 141.177202 158.209324
tai2 175.533344286 173.09800375 165.754181429 158.62425625 152.064727143 139.0154 120.11268 124.789661429 104.24908375 95.6627
