she4 401.444005 401.444 401.444 401.444 400.941698571 392.614953333 381.780223333 358.790243333 324.973083333 276.790525
ji2 232.299112222 224.440891111 214.695817778 203.917022222 198.81063 199.93588125 206.221875556 214.967041111 223.831423333 213.35328
min2 142.58096375 178.90543625 222.71431 216.1901425 207.51910125 206.5621725 218.9897575 250.593321429 281.86790375 287.79443875
zu2 271.394267143 259.639228571 246.305538571 223.434115714 206.353442857 199.923868571 201.189617143 205.233874286 210.892414286 205.847721429
zong1 213.388235714 254.814222857 298.183253333 330.50945 335.287571429 336.01157 339.759575714 343.794311667 342.005545714 333.785145714
jiao4 328.724206667 332.769585 336.69114 336.955423333 318.914525 284.431285 253.146396667 222.497488 201.144781667 192.958451667
yin1 194.457433333 196.600038 200.085133333 216.883256 236.493355 245.963471667 244.968942 242.402268333 243.065048 247.171398333
su4 248.889671667 249.644362 255.468388333 265.7265 275.98461 281.47803 268.26199 239.764306 212.545913333 187.096538
de5 174.59325 173.08486 174.473336667 174.644086667 175.19925 175.479173333 175.504343333 175.492446667 175.639045 176.231396667
wen4 180.70434 200.018961667 228.45173 238.512076667 234.978228 220.181344 199.718195 180.800748 167.883453333 165.013588
ti2 168.666913333 169.291395556 169.410605556 167.816204444 161.239781 163.100687778 163.938528889 169.175474444 186.69506 200.260746667
de2 196.50627 196.362185 200.227122 204.19993 204.49566 196.036582 189.601954 187.653252 189.404318333 195.569284
dao4 205.70632 233.577234286 239.59738 223.520715714 196.296002857 174.332272857 162.557442857 160.330466667 161.586604286 165.485828571
tuo3 220.636993333 220.63699 220.63699 220.63699 218.89838 199.987155 178.412138333 152.856185714 132.543681667 143.442293333
shan4 181.501085 214.908371429 255.991825 293.934558571 300.42231125 284.262065 258.120711429 215.26304125 187.711215714 187.40640875
chu2 188.50732 188.6186125 188.83104 189.055554286 189.29878375 189.9216 192.515862857 202.706184286 241.053795 276.539462857
li3 286.037435714 289.881601667 279.00238 240.872811667 176.917484286 131.106971667 111.128058571 110.583401667 97.3053242857 88.5329016667
