cun1 334.474 334.474 334.474 334.474 335.701997143 338.736245714 336.313488571 334.69936 333.60141 325.931234286
zong3 309.728663333 301.661346 287.282843333 254.151572 202.985518333 172.915538333 157.993586 152.323386667 154.416006 163.726315
dian4 176.41932 208.579203333 246.57823 265.161423333 270.598698333 259.323795 234.940596667 208.738181667 192.538655 189.036585
biao3 198.311297143 194.32656375 180.529511429 169.374015714 153.22066875 149.60866375 145.250222857 144.935595714 157.48604125 184.835655714
yu3 192.391101667 186.479085 186.334142857 187.955733333 179.486888333 164.878376667 153.579785 152.502351429 160.02462 182.083178333
fen1 207.0256675 223.74334 241.03967 258.3360075 273.16143 287.9868775 301.0656675 307.122738 310.2918175 312.235955
hu4 314.671504286 319.151552857 315.610503333 276.503515714 271.472674286 305.485394286 324.359391429 309.621486667 270.931827143 234.773134286
dian4 218.709476667 228.667916 243.186518333 247.48301 244.750398333 225.462266667 206.69527 189.782301667 175.399898 170.504923333
biao3 178.89649 191.083122 195.059616667 180.678506 165.476851667 146.860721667 131.80653 127.768945 127.664948 135.685141667
de5 161.6453525 165.103796667 164.441195 163.362083333 158.66894 149.6038775 148.137273333 148.8336275 150.866823333 154.101775
cha1 164.936945714 180.640077143 196.343218571 212.046357143 227.71833 237.538356667 238.670184286 239.607867143 238.33983 236.114844286
ju4 235.8193775 235.139571429 234.0607725 226.9320925 200.1511675 167.402812857 134.75592625 113.23710875 119.709041429 123.17277875
yong4 214.562854286 216.197543333 211.071345714 200.163558333 189.498975714 178.783264286 174.420806667 171.758548571 168.714143333 173.557897143
mei3 188.745238333 194.606008333 197.691735 191.102546667 179.57692 166.244858333 152.397183333 143.792771667 139.691751667 139.132728333
hu4 164.453121429 197.926014286 222.527994286 247.089601429 271.651188571 293.370025 303.409127143 295.879728571 265.800791429 232.753048571
mei3 208.602338 204.267292 197.990544 191.46775 181.54679 169.33656 155.544118 144.668986 136.748036 133.066534
yue4 132.085075 141.092243333 173.64880125 199.45092 218.55129625 215.16956875 190.396657778 170.8467925 164.684606667 166.66831375
yi4 169.956872 183.332723333 210.59947 242.647531667 268.496656 289.150914 290.990533333 284.191724 267.682971667 236.72131
qian1 224.858558333 232.846696667 247.804273333 262.972671667 278.141058333 291.792594 306.683008333 318.293263333 319.875316667 319.80772
wa3 319.41146 314.92156 302.555045714 279.388905714 251.066815714 207.331738333 161.708192857 133.542791429 126.299018333 139.924172857
shi2 161.758702857 171.60444375 179.703825714 187.18018 195.2016875 197.83503875 184.885931429 180.09934 185.58420125 198.206434286
bian4 216.540225 261.385503333 305.637241429 319.090165 320.478485 311.095555 285.159673333 248.71191 211.429006667 195.86059
sun3 186.66894 183.748743333 181.78349 179.823191667 178.100998571 170.89272 153.19897 142.919895714 135.684458333 134.108701429
lai2 134.759884 135.339764 137.114376667 141.999302 142.8507 142.05603 143.755842 151.67585 167.066338 190.770658
mi2 201.449961667 200.752488 192.008668333 175.874694 163.67998 160.499328333 165.644966 181.759808333 200.948986 208.171933333
bu3 210.770715714 205.197101429 191.215977143 174.15281 153.217232857 137.471488333 130.30337 113.327271429 106.092381429 95.0584757143
chuo4 314.67401 314.67401 314.67401 314.67401 314.67401 314.85367 314.000071667 294.708893333 263.109735 224.082821667
chuo4 196.683046667 194.649108333 194.722466667 194.826995 194.930046667 194.897928333 188.981336667 167.368068333 145.373573333 142.556098333
you3 142.905755714 146.390985 157.615478571 158.187353333 154.102904286 146.329176667 138.947131429 133.768905 93.59271 66.47402
yu2 68.3662425 70.40235625 114.8565525 140.1520475 137.67986875 139.782324286 146.09962125 162.0392325 186.0906775 183.994015
