wang4 353.992286 362.21108 362.063268 360.230354 358.52842 348.1928225 328.123668 300.821752 283.989448 274.96544
zhe5 272.92281 275.596238333 267.452108333 253.715393333 239.924812857 230.669446667 224.03723 220.670166667 221.934683333 230.039096667
yi4 235.555924 243.074342 257.931222 274.05556 285.300384 286.697392 282.7828 271.065112 258.846236 248.78389
pai2 239.719506667 230.705998 221.692491667 212.67899 203.665495 195.7891 190.242301667 198.185934 226.088095 253.655634
pai2 251.936218889 238.040093 223.530387778 207.74817 180.031588 168.52934 171.009042222 176.518794444 185.28475 197.676104444
kuan1 198.600447778 223.06667 250.28665125 277.506656667 308.597456667 331.789617778 332.977501111 336.60532875 341.087205556 335.377706667
chang5 305.561376364 272.073367 239.567614545 208.686513636 168.72936 160.307902 160.442778182 167.221431818 196.491216 224.050836364
zheng3 229.933381429 239.512067143 241.235054286 214.726727143 183.018381429 147.491368571 129.501737143 121.744438571 131.906577143 140.3907
qi2 138.659448333 141.394258333 144.89793 148.401601667 151.905283333 155.408961667 159.089726667 170.253683333 177.361533333 182.721453333
de5 193.772406 215.585736667 218.918564 211.320228333 200.88448 192.810962 186.815636667 184.784688 187.493118333 201.232514
shu1 210.269734286 228.878634286 255.210628571 281.58588 307.961128571 327.666812857 328.60803 327.778011429 329.91261 328.836978571
cai4 322.781084286 318.511845714 314.255375714 310.137472857 306.70850625 286.181967143 244.359668571 208.707317143 192.273648571 177.682697143
lian2 172.28524 175.002111667 174.212754286 165.222355 155.915481429 161.673795 181.926527143 220.760988333 256.434457143 268.48452
ti3 264.092604 258.478195 252.839504 247.200805 240.48338 219.279632 199.9529575 285.445912 353.72741 352.977912
da4 327.862214 286.571856 245.955504 223.283448 215.087306 199.460494 187.50487 163.615398 139.382412 136.12482
peng2 139.585486 145.245877778 150.47298 146.635543333 143.960457 146.57732 152.755455556 171.496376 206.47255 230.559917
