ni3 242.782006 241.305938 235.579373333 230.097006 225.15105 220.555784 215.837206 214.459755 215.23849 217.63928
cong2 221.763117143 227.810155714 233.91377 239.787295714 237.1378625 211.952457143 208.176114286 218.72243 243.323815714 267.583542857
shen2 265.261716 257.772028 253.942433333 250.19809 246.869776 243.541466 239.680148 223.835235 202.377596 199.83973
me5 203.4486075 207.6406 211.3506325 216.7974 228.4061925 241.11664 251.3986875 264.5201425 268.822253333 267.7778175
di4 256.517406667 260.568162 321.59424 370.88136 375.774476667 369.388994 346.884486667 321.066656 281.799701667 248.213532
fang5 222.964008333 225.098593333 231.445388333 231.495095 207.211941429 187.421605 177.05041 168.825836667 164.453368333 166.87742
xue2 185.76415125 198.637348571 197.37996125 193.658802857 189.74970375 186.64246875 184.731508571 174.3589575 169.915971429 184.6297375
de5 206.506347143 224.168191429 219.222401429 204.418775714 186.254477143 171.21265 160.035977143 156.989305714 161.126298571 171.151951429
fo2 192.195751111 204.484639 215.875975556 224.816403333 198.335409 179.111676667 175.090971111 179.535425556 217.821096 264.493036667
ya5 276.57251 286.93184 296.693051111 276.299638889 242.691752222 209.694121111 176.582266667 152.208586667 142.503008889 118.450773333
mo2 106.480307778 123.063753333 184.046489 197.674315556 188.807025556 178.45039 173.407857778 178.276094 203.07189 262.458176667
ya5 290.741398333 298.490357143 324.913101667 334.412036667 326.326968571 304.427033333 274.177516667 237.35528 194.03411 177.886108333
zhe4 181.8257725 187.0620825 191.4709275 197.497925 203.08767 205.3734275 204.50556 200.06614 193.16943 188.1787675
xie1 187.219258 187.671215 191.689494 197.867405 204.168944 210.803618 213.26858 214.60979 214.6001775 214.703454
dong1 217.387871667 234.560912 262.601656667 267.900266 270.24613 271.534786667 272.240646 274.073395 278.50815 275.528041667
xi5 256.600211429 238.413345714 220.568238571 202.723118571 186.387151429 162.836403333 122.554931429 99.5153857143 94.1532 94.1532
