yi2 244.612735 247.595335 250.9603425 253.7139075 261.154275 269.3349525 282.1530025 287.252015 291.98915 296.401085
zuo4 313.87299 346.589115714 352.05815125 334.93164125 315.78946625 298.988121429 285.49491625 276.39388875 273.52924 272.06702
wei4 274.928538333 295.420882 336.337345 369.823536667 375.117703333 372.04845 355.510853333 319.834365 281.022558 248.114101667
min2 221.419614286 206.282957143 198.084872857 192.558625714 184.201227143 178.892812857 182.329435714 203.442268571 227.7441 244.865698571
zao4 259.843015 293.13823 329.72908 347.57691 339.702087143 316.12652 289.443853333 262.305261667 235.483085 214.259088333
fu2 201.347062222 196.75615875 192.429131111 187.915128889 186.787326667 192.84347 197.7667 206.067163333 218.3126775 237.5872
sui1 257.02972875 277.747862857 298.49460625 319.241328571 339.9427325 354.994122857 359.28805875 360.835305714 361.55485625 354.782231429
si3 337.45426 317.44119 295.145935 274.877495 252.58223 230.286966667 209.567103333 194.204058333 181.118181429 167.837626667
wu2 161.422822857 150.916167143 150.883518571 155.728951429 162.756295714 175.931095714 204.772675714 239.600064286 282.765271429 308.846375714
hui3 303.750278571 294.289298571 285.145525714 276.001752857 265.592424286 222.063058571 173.860508571 138.493821429 125.076188571 120.960632857
de5 127.2422175 139.9150125 149.132385 150.425845 150.43201 150.854045 154.7252475 159.08944 161.1558775 165.3249175
ji4 184.437124 203.510676 217.241326 233.684254 251.964848333 262.248564 262.0182 250.345268 223.885318 197.906404
nian4 191.382798333 192.787774 200.537216667 204.884363333 200.25759 190.296044 173.883815 146.885361667 140.137546 150.159735
bei1 175.02927 208.56300375 238.398804286 251.0603325 255.438555714 257.962222857 262.97452875 267.332414286 269.39644375 271.928178571
