shi4 200.782006667 200.78201 200.78201 200.78201 200.78201 200.78201 200.18953 195.83063 184.392378333 172.229571667
fou3 181.802125714 206.418496667 228.808418571 230.758354286 205.067971429 186.94382 175.502242857 172.649238571 173.22282 182.744871429
du1 200.696713333 228.073544 273.761851667 294.209566 297.860336667 301.231102 306.961703333 314.100178 317.196028333 317.649578
hui4 319.828532857 329.508163333 341.028337143 346.29729 319.406737143 280.532633333 251.022875714 227.343241667 218.414092857 216.85488
zai4 221.592597778 253.7708175 261.913156667 237.8511275 216.982475556 203.1037425 194.021135556 190.2468825 189.429424444 193.81928625
zha1 205.39618 230.045157143 241.11546 271.098088333 306.200408571 307.952343333 311.937483333 313.405995 313.227017143 307.169575
zha1 298.551076667 302.132618333 309.048973333 311.607463333 310.929781667 309.852193333 309.645575 312.630141667 315.978195 316.657586667
li3 314.210151429 303.637292857 276.932172857 252.29021 226.031681429 198.38263 171.379107143 147.821437143 143.156485714 146.539317143
zan4 180.764286667 220.465188333 256.525173333 273.620718333 278.415953333 282.477313333 278.010238333 254.566381667 226.143205 204.902838333
sheng1 198.589027143 206.776848333 224.541187143 244.22235 256.112088571 253.434848333 247.909045714 247.422585714 252.363255 250.079272857
zhong1 232.799586667 242.088453333 258.703098333 261.386835 257.757851667 253.05303 252.410321667 255.840228333 261.80445 257.383215
si3 241.874983333 229.52459 217.310331667 205.096072857 192.881808333 181.924963333 159.820462857 123.849525 112.35698 120.240645
qu4 140.928014444 168.584002222 196.239998889 223.701052222 236.051304444 206.65527875 170.983111111 170.131998889 196.641407778 232.564174444
