sun1 351.04099 351.04099 351.04099 351.04099 348.33707125 344.413865 344.21007625 342.478324286 346.4242025 345.76332375
pu2 336.199773333 321.788778333 305.269062 289.729206667 266.796165 230.534698333 219.377031667 230.155856 252.612216667 268.742843333
yun2 260.187303333 240.334407 210.90029 174.433297 171.583277778 168.35025 166.441266 187.852706667 219.096634 250.539504444
kan4 267.075661667 283.764775 300.721938333 317.679113333 334.347894286 338.713528333 311.374988333 269.769826667 250.35043 244.586658333
zhong4 245.197116 267.74089 283.696638 280.685592 263.950858333 242.178482 228.096234 216.494748 208.233706 201.952586
le5 196.61822 193.71333 191.331495 186.9612275 181.7254 179.367646667 177.407795 174.5654225 172.083393333 171.1781875
yuan2 171.275415 171.57572 172.211613333 177.177963333 179.034995 176.07299 170.042278333 167.648431667 172.449916 190.898976667
mou2 234.932802 252.209518 234.533968889 205.27828 176.580721 164.868285 166.660398 169.864513333 185.192676 202.053339
de2 200.201227143 203.045175714 207.694061429 209.06693 198.093545714 187.413111667 185.768034286 193.233028571 216.816801429 223.659158571
tian1 224.530242857 242.958778571 264.81286 286.666927143 310.754495714 329.837706667 330.959425714 331.882145714 330.702917143 321.658425714
du2 312.9071 307.318231667 301.534076 282.620075 231.201478333 191.016398333 178.606686667 186.927916 219.51942 240.68106
hou4 250.119431667 267.104145 287.315647143 307.734055 330.717778333 336.043508333 313.374155 280.385324286 251.748526667 220.368175
de5 194.174923333 197.046558333 196.060396667 187.752458333 181.617001667 180.020053333 181.622905 187.080955 190.958698333 191.664711667
qi4 193.274832857 211.535458571 240.325058571 269.171888571 298.01874 326.865557143 350.243121429 351.875432857 331.005171429 283.949881429
hou4 244.201748 233.75901 233.638244 233.606316667 233.57439 226.554268 199.700795 177.40108 166.292253333 161.264282
zi1 166.818755 182.790338 200.300018333 219.693305 233.130595 238.5994 243.585335 245.87257 239.94063 224.389841667
yuan2 215.378317778 206.793097778 174.860787778 146.684248889 137.843576 137.310903333 140.62876 146.080555556 159.227174444 176.497712222
he2 206.319014286 206.31902 206.31902 206.560374286 206.22919875 198.848671429 195.89111 199.134982857 206.034377143 209.548534286
wu2 204.106198333 190.498255714 177.829986667 188.820166667 204.538321429 207.311278333 212.074681667 224.188795 244.872518571 264.728226667
wu1 277.344538 287.53644 299.776101667 314.59167 335.895424 344.3746 351.186602 355.692595 352.688002 341.84742
ran3 311.378658333 285.77679 278.008174 249.266856667 193.772546667 156.626081667 128.545096667 119.822604 113.488116667 111.959751667
de5 117.892723333 123.287556667 125.94146 127.997086667 131.883806667 138.07275 142.339243333 145.769875 149.872866667 156.709783333
huan2 170.9818225 178.3275975 180.11399625 181.78609875 177.34988 155.6418525 148.6623775 150.9520275 172.65284 204.72079625
jing4 223.037301429 251.921418571 279.610085714 282.306742857 249.726424286 206.981726667 167.20369 127.242624286 95.1089014286 87.1840728571
