ju4 394.786016 394.78601 394.78601 394.78601 392.448284 384.080604 378.51694 364.734846 343.5206775 325.564082
you2 287.65627625 251.05131125 227.2768125 193.271395 181.385945556 181.56377625 188.858135 201.47533875 224.659875 249.07527625
zhong3 253.17062 252.677934286 252.1487875 251.550285714 237.8518175 204.755587143 175.11105625 160.784254286 149.4651775 147.020417143
lei4 150.674668571 165.193648333 193.53538 223.885031667 229.432091429 220.164028571 203.667893333 187.114077143 179.914888333 182.946957143
fan2 190.96041625 212.65749 205.100088571 188.00933125 172.54320125 171.58986625 179.9077125 195.384848571 231.3264125 253.55991125
duo1 262.54704 307.322084286 315.9335625 316.525472857 319.478328571 321.709015714 323.555677143 325.02170125 326.506128571 323.897102857
shu3 307.26883625 289.565538571 274.448875 259.332228571 244.2155675 228.07412125 205.848275714 170.1886125 150.360405714 144.03730625
xing4 162.7406475 189.247124286 215.83687125 242.426628571 265.68687375 271.814295714 254.8070025 225.962525714 212.0277225 210.544935714
ge4 211.296838 226.945508333 263.69702 293.497664 302.02512 296.860486 281.992738 260.966204 235.747463333 220.163432
yi4 213.755678889 227.9213425 264.769985556 275.0074575 249.612583333 209.03081375 170.34235 141.26973 157.713201111 167.18700125
shu4 375.02499 375.02499 375.02499 375.02499 375.02499 375.02499 372.43739875 354.451268571 321.86454875 281.442465714
liang4 245.976698333 253.71907 264.844932 276.294251667 278.619005 271.84605 251.575876667 229.093052 207.940328333 191.052605
ju4 188.214871667 193.568598571 203.86143 229.48189 256.485366667 267.329188333 255.893462857 228.692105 208.462114286 199.00251
da4 207.5298375 234.787375714 237.7240275 215.545595714 193.0135025 165.316618571 143.0481275 136.630528571 136.778 136.778
guan2 213.7840025 213.392144 208.5878475 203.58319 198.8120425 194.290155 194.04733 197.760295 209.869848 227.0528125
li3 255.217651429 286.777023333 297.643258571 301.170755 293.857828571 259.162778333 202.906862857 162.398391667 153.555271429 153.877393333
fu4 168.966598333 197.65518 227.068533333 256.481881429 285.895235 312.634655 337.289462857 342.85362 328.854818571 291.172715
za2 263.562538333 247.246106 231.157076667 215.338083333 189.436038333 155.313314 144.265766667 140.095796667 148.438016 170.986765
de5 185.16408 190.374783333 194.440946667 198.23704 203.2242825 209.265286667 211.48759 211.655 208.887206667 198.51825
te4 190.934571667 195.466388 206.210303333 217.198392 227.983015 233.984218 225.811438333 195.668912 169.62332 164.971314
dian3 168.439558333 166.996655714 158.686151667 153.794488571 155.2212 180.88215 182.029867143 128.365766667 88.4853328571 85.7556
