ran2 233.6460025 233.2642775 229.99336 225.706425 224.136778 225.28121 232.34067 245.270065 263.11979 285.72891
hou4 286.04840375 175.535112857 116.85821125 308.946045 371.306875 345.970265714 316.66182 286.16915 261.625592857 244.84214
che3 236.535003333 236.535 236.535 236.535 235.804126667 223.211938 183.101401667 143.731118 135.084513333 135.0234
kai1 141.355758333 156.215822 173.319651667 192.32391 211.328166667 229.888936 254.825076667 268.729365 275.08778 274.834536667
ku4 309.789006 309.789 309.789 309.789 311.328074 323.02512 327.5628525 311.478052 284.387145 242.72677
tou2 218.96895125 207.9674525 196.6660725 184.70075 166.50050375 163.9490375 164.99919625 164.96415875 175.0530325 200.1549975
hua1 204.849735 201.481993333 198.992045 212.894308333 281.563746667 299.385943333 297.43625 296.271545 298.187993333 299.03299
la1 299.07479 299.948954 302.512885 304.85476 305.089758 303.608855 301.7173375 301.1959075 300.761718 300.32721
la5 300.928975714 304.797485714 307.122898571 305.83201 302.363498571 301.779711429 302.133877143 301.410387143 300.707584286 291.408224286
li4 312.307695 316.17472 326.14521 328.914128 321.262565 303.93653 282.552142 261.45984 240.71014 212.2631575
zai4 179.210975714 158.084244286 198.42018625 200.98927 185.931978571 175.809277143 166.439642857 164.3961425 167.634357143 172.488485714
dang1 194.929377143 225.410445 260.74583 272.807781667 277.545254286 278.85406 277.142411429 277.73798 280.423364286 279.190966667
jie1 275.11536 274.47358 273.87765 268.684701429 266.07533 266.22321 267.142568571 267.8769275 267.888402857 265.44780625
mi1 261.705561667 275.489332857 287.918855 300.246721429 309.509785 310.093656667 310.41395 312.48015 313.871388571 312.948836667
mi1 312.17629 312.678406 314.106208 316.898628 319.361125 319.56116 318.811618 316.132532 308.51355 286.83857
de5 259.919078 244.174168 230.3243375 214.314686 186.868488 165.331216 156.740332 154.643375 157.392132 164.560474
sa1 176.174301667 198.858255 223.299401667 247.740536667 268.547815 274.017161667 272.256395 272.033081667 274.176495 275.805606667
niao4 280.066742222 284.21837125 281.769537778 263.848721111 229.280865556 171.01431625 135.325744444 113.961858889 115.24393875 180.942296667
