da2 206.033312 215.58502 215.581422 214.397258 208.573971667 205.306812 204.425642 210.209088 226.964718 235.654418
dao4 240.955132857 293.89589125 311.671581429 292.011322857 261.76389625 240.60995375 223.389488571 212.451275714 208.62164375 208.248555714
quan2 207.2713575 210.716815 214.99223375 219.26129875 221.55222625 213.668201429 208.8803325 220.8995025 262.35438 302.55009375
tuan2 301.52502125 280.93274375 259.661875 240.91186 209.37304625 185.979444286 181.4001175 181.85475375 197.8945875 226.7773075
kai1 237.212416667 250.24459 268.944823333 287.697173333 308.32475 328.286356667 343.892873333 346.46499 344.81695 337.765471667
de5 330.993486667 328.1860875 324.06133 319.290173333 314.76015 310.37131 305.684466667 302.96633 302.42055 303.068166667
dong4 317.124212222 342.849526667 345.605418889 319.002484444 271.157067778 216.256364444 174.191705556 157.562056667 152.903293333 194.774172222
da3 224.6147 232.41213875 216.1402275 187.27287375 176.6065475 187.2517525 167.88984625 156.3900675 155.1333475 166.406795
de5 183.32623 196.889875 215.78767 236.0341325 255.5311525 266.4893725 283.5688325 297.75747 301.4473775 291.327595
zhun3 272.843758 258.231353333 243.835694 208.777209 169.832552 148.808804444 146.551367 138.503615 105.71876 97.863808
lian2 200.571 196.224281429 191.62182 199.011598571 196.207518571 192.106982857 189.354825714 190.445465 210.172202857 234.071827143
de5 253.562156667 279.471803333 297.228975 304.66686 307.19151 307.269716667 306.808653333 306.259915 304.602966667 298.13567
shang4 291.79534 307.770996 329.514006667 343.635456667 318.36882 250.03207 159.81337 138.168636667 185.720826 205.940931111
