lao2 228.0492575 229.4633075 232.658736 243.139965 264.06589 288.526785 312.9267025 333.256612 339.92892 338.602205
bai3 330.48326 320.567318 307.958618 300.75786 269.057662 225.946204 190.968722 174.386498 172.89528 177.612402
xing4 194.1637 219.801203333 256.173602222 290.509952222 299.834173333 287.082437778 266.088617778 244.279016667 237.461615556 243.330818889
jiu4 253.348525 270.136426 290.8914425 311.8204 332.52417 339.9276475 338.16922 328.528375 312.614594 278.243475
ba3 243.614278333 238.879103333 235.565612857 216.718956667 194.247828333 177.30194 168.849826667 162.893577143 153.312756667 155.377855
xiang1 184.27291 211.86124875 245.308564444 278.85407625 311.887948889 328.249954444 328.76636 331.514757778 336.904895 342.584282222
huo3 331.0756375 312.1490675 291.12008125 270.0910725 243.684005 202.989628571 178.5810925 161.306865 156.689905 161.561785
la4 179.742101667 221.78987 266.596703333 302.611602857 311.404143333 308.786595 292.344701429 266.175208333 230.828494286 202.712223333
zhu2 191.247585 188.86806125 184.098995556 173.85324 160.96868 161.9076075 173.1968225 185.019416667 207.87789375 222.22847
cha1 299.64099 299.64099 299.64099 299.64099 299.641094 299.644214 299.627042 299.3623 299.243354 295.50333
zai4 284.910816667 286.598771429 289.101211667 276.68744 251.950861667 240.247075 233.082915714 229.280341667 228.398222857 232.111653333
miao4 241.951263333 262.64016 286.701071667 312.726888333 339.02426 348.297765 344.380375 324.771203333 290.720555 251.016088333
men2 218.3525125 208.849556667 200.274205 193.089795 186.9762925 182.410723333 177.9856625 172.0997875 169.797336667 169.9028725
wai4 175.67420125 193.8504475 237.74611 280.2224775 317.56521 322.975965 304.71056625 274.1928175 238.25732625 203.8456075
de5 186.3801775 188.471846 192.762255 192.830688 189.991225 187.206915 187.151852 189.5491225 193.81057 200.6709725
di4 213.708626667 244.040651667 277.901155 311.86641 342.390168571 347.774226667 332.751845 300.765131667 260.392201667 222.197338333
shang5 202.20257 195.634658 188.438925 181.243192 173.651444 155.25922 137.322252 128.11188 130.937952 156.688224
shao1 179.518092222 196.97293 215.341218889 210.5558225 200.667064444 196.184376667 195.6486225 200.717252222 204.23571625 210.213017778
