zai4 386.71399 386.71399 386.71399 385.904332 380.890782 375.0647525 367.634498 352.137458 334.918745 328.90354
zhe4 332.206212 342.397992 353.267156 361.613916 366.409298333 365.292188 354.935322 339.24333 316.302418 288.732244
li3 246.69271 228.273885 221.075668571 205.500274286 193.331632857 186.455938333 182.883134286 181.149461429 183.821998333 187.343855714
neng2 188.878941667 194.192882 196.223148333 193.508524 192.10647 193.020184 195.153766667 196.860368 200.001571667 204.714962
sheng1 213.6356025 226.7863875 239.813563333 270.842915 303.17695125 326.2710725 318.77674875 307.801427778 309.84886875 311.46877625
dong4 309.941516 310.999746667 308.30547 292.912994 265.489803333 241.535316 224.762456 212.436304 207.231326667 203.157578
ti3 194.371323333 198.430582 208.809978333 218.678266 220.909515 210.60876 188.92775 169.119303333 167.296946 174.167983333
xian4 184.69255 209.58181 236.514034286 251.247101667 243.548924286 224.122414286 200.449855 190.166094286 191.124808333 192.172692857
qi2 194.22686625 197.10181375 200.0957675 201.99012 197.2854475 193.02195875 190.67426875 192.24484625 201.2280375 212.9926375
shan4 230.952465 253.799606667 276.757008333 299.714431667 324.952262857 344.278976667 345.72257 340.375013333 325.468443333 297.526031667
liang2 263.019542857 225.98198625 201.182315714 193.108975714 173.62902375 159.2270575 155.232538571 151.533617143 164.45943875 183.372427143
de5 188.954356667 194.27917 204.201476667 210.767646667 211.907903333 211.89734 211.612783333 209.618836667 203.040726667 196.034726667
ben3 194.908898 197.3205925 199.885062 202.874402 203.45149 193.2174 171.018062 158.073314 149.1175175 140.593252
xing4 142.956194545 173.575451667 203.926511818 230.962255833 257.460769091 261.357158182 216.482373333 148.640601818 91.3162491667 101.443329091
he2 240.6800025 240.68001 239.96463125 222.77718125 211.3110625 204.381801429 202.02891625 203.16131625 212.3102525 219.9131425
duo1 229.001505 253.894563333 294.214944286 326.062763333 331.819265 332.937051667 337.223236667 344.927914286 350.413805 341.589538333
cai3 320.819431429 298.275221429 275.430708571 252.586194286 230.226592857 217.437205 194.102044286 151.947 131.965835714 132.366272857
de5 137.2923975 142.204136667 150.074755 153.934315 154.918515 155.66653 157.659915 160.9218575 162.821193333 164.7385825
min2 168.119143333 172.139121667 172.303233333 167.923251667 166.059971429 165.696263333 169.651415 181.3186 197.112601667 207.237293333
feng1 219.215476667 248.70199875 281.017364444 296.5745075 293.860722222 292.617564444 294.1268875 298.246574444 303.05765875 309.80486
