zhe4 309.71899 309.71899 308.490635 299.13401 283.4397575 270.1211425 261.691356667 250.7714425 244.441203333 240.73913
yi2 220.04645375 202.80688375 209.8127575 209.59651875 203.25886875 199.53290375 203.10894 208.32611125 209.43949875 201.81357875
ning2 162.81683 177.34809 216.82801375 213.19008875 205.16928125 200.289364286 205.08268125 231.1482625 268.77677375 296.524295
ju4 313.458992 321.232464 329.599181667 334.227104 331.054744 320.005776 298.02314 272.940938333 247.433034 230.270104
min2 210.26446 199.46249 193.02003 186.398424 178.713223333 171.135766 168.774878333 170.651252 178.86428 189.989502
xin1 211.2384075 239.7995 254.1111475 277.258855714 301.97047875 328.47076375 345.6119 347.11933875 340.777622857 334.70541375
de5 324.525786667 319.48405 313.591425 301.8455 285.21832 271.357136667 262.12395 247.8564625 230.875883333 208.29479
ju3 187.640403333 185.018466667 186.732782 188.824246667 189.471386667 180.768831667 159.517573333 137.644818 130.345116667 137.218503333
cuo4 152.445643333 177.453663333 202.629436667 226.552246667 229.272616667 197.867811111 174.623984444 153.518638889 119.223855556 80.03032
zhi2 216.494012 216.49402 216.49402 215.02627 205.984496 199.43664 196.245316 195.3853525 193.707884 195.297675
de2 198.38011 200.425586 200.076105 194.8539825 187.173532 180.735945 180.592085 183.0921275 186.265088 187.2666475
ken3 186.471831429 187.448762857 189.846901667 192.46055 195.068534286 192.672524286 152.409972857 76.351765 71.83391 119.607241429
ding4 177.110774286 184.629484286 195.73402875 197.933874286 186.134657143 167.766644286 143.584517143 89.17041625 116.695534286 160.863071429
