chu2 259.008 259.008 255.701555 229.653882857 218.359925 216.86236375 218.271865714 222.59406375 235.036242857 246.94486875
gai1 261.821945 288.160998 314.772331667 325.382478 326.756031667 330.053864 336.184961667 344.7244 350.205561667 349.400586
wang3 320.359616667 286.943838571 271.0013 226.335741667 186.770057143 169.059345 161.805611667 156.407406667 158.732985714 171.671823333
zhan4 220.384741111 263.7804025 254.753893333 225.432446667 201.701158889 187.1878725 180.498456667 176.758897778 180.19573 190.021254444
ji2 193.54473 201.187208571 210.801995 205.359964286 200.830255714 200.152682857 201.438664286 209.321985 217.082062857 212.345347143
tai2 211.873078333 212.969496667 214.196001429 215.422508333 216.518925 216.600603333 208.808841667 196.7065 200.380628333 214.680148333
wan1 241.96296 258.26592 284.70657875 316.164441429 326.76987 332.974828571 340.61232 343.893952857 338.12264875 323.946335714
ji3 308.162462 295.840694 283.566796 271.292902 248.145804 214.0914725 185.96759 165.235784 156.301156 162.049114
jia1 190.60273 220.4325125 237.052336 239.0970975 238.297038 237.2967875 238.743292 244.1371975 251.25784 257.98754
wang3 258.167011429 243.55838 231.703052857 196.516108571 166.96686625 147.830061429 141.056618571 165.279345714 173.641581429 171.000895714
zhan4 206.572048571 242.77927875 242.905945714 215.88644125 193.19012 181.841074286 170.97505125 162.374532857 159.53292625 134.582837143
wei2 71.5802411111 84.817336 155.299185556 191.824158889 189.42878 183.179162222 182.356007778 186.277678889 198.99399 208.657934444
zhong1 213.406804286 249.888497143 293.098267143 324.325367143 329.58088625 330.391361429 335.499725714 343.440818571 344.07553 329.502167143
wen2 293.167576667 255.049882857 211.374083333 175.626656667 159.437977143 159.52781 160.076118333 163.256193333 180.479955714 206.503128333
ye4 222.86565 232.77887 253.479818 272.467952 277.349318333 266.292794 243.355852 216.927236 197.548902 187.51914
mian4 184.85727 186.7721 193.041855 198.370266 197.979394 191.787078 181.453888 170.8617175 159.440734 147.464628
wai4 143.82582625 153.605701429 167.55159 164.29545125 154.65401125 145.051864286 94.80747125 68.39876625 152.306295714 211.77323875
