you3 234.390818 238.153973333 231.875806 221.95825 210.94623 200.717442 192.203535 190.049048 191.723458333 192.512518
de5 196.233601667 234.962728333 266.678055 278.866098333 289.03212 296.565802 304.089371667 307.374435 309.105521667 308.370956667
hai2 296.112425714 287.756478571 280.666477143 273.84471 248.88979625 209.219114286 200.352452857 204.928005714 220.123202857 235.302474286
bu2 237.023751667 233.906532 230.312283333 226.71804 221.310991667 203.682486 195.480053333 205.46018 221.768803333 235.682556
duan4 256.40786 301.189041429 330.3816 340.42992 335.29246 311.66334 276.424025 238.801541667 210.509234286 196.650915
de5 187.35886 185.025704 181.86364 176.861842 172.589348 172.421644 175.5213 182.30118 189.681586 196.669216
he2 193.936162857 193.919528571 197.390047143 200.837232857 199.47430125 188.967518571 186.711057143 187.809227143 192.516941429 197.823921429
ting1 206.230448571 223.7337675 245.736478571 266.046662857 288.250555 315.1220775 326.787628571 328.43491 332.92841 335.059882857
zhong4 338.661286 341.9304375 340.428126 322.7899475 299.185946 269.2956325 243.358814 220.37894 204.134682 195.8979375
xi2 191.839128333 188.3852 184.914465 181.320206667 177.366515714 174.201566667 176.963135 182.739808333 191.685963333 204.736408333
shang4 218.78315 242.250635714 263.723348333 268.76465 256.490121429 236.550898333 219.466353333 206.586205 199.940848571 193.900561667
de5 190.9848625 189.39539 187.9189775 184.223022 181.081925 179.80917 179.03082 179.4399875 183.989722 188.37789
shu2 189.397317143 190.80030125 193.962027143 197.09655 200.49228 205.698235 213.81664 227.93746 266.11572375 289.517155714
ren2 289.950727143 291.018455 256.803354286 193.55218125 159.921548571 150.601871429 151.46214625 164.391847143 187.06273875 204.490564286
da3 209.773968333 205.666348 202.873076667 200.086196667 193.763945 167.404712 150.059415 146.84436 145.76686 148.480223333
zhao1 172.583016667 200.165807143 226.838926667 243.201314286 250.21566 253.762148333 256.37668 264.105693333 274.445878571 277.29649
hu5 261.451787143 235.310254286 218.847761429 202.385258571 187.10442125 166.21073 131.087095714 118.843154286 129.762871429 191.096652857
