guang3 269.328 269.028485 241.374134286 212.442076667 198.400682857 190.491465714 186.12045 184.908561429 190.8452 210.280064286
dong1 226.703026 255.50105 302.32019 323.677088 335.78537 347.5534725 353.233522 363.227784 365.7954625 363.956838
sheng3 341.386773333 308.6676475 278.066463333 240.198055556 194.251148889 180.06393 183.42579 196.601043333 224.33330875 245.02241
ti3 234.5282 233.505405 233.534968571 233.563545 232.841205 216.07933 182.747971667 157.92573 156.74757 162.943588333
yu4 180.601848 199.971784 219.974715 234.373472 239.651266 237.997468 225.690056 209.26462 198.827108 195.82077
ju2 197.776538333 198.815236 195.80138 191.101228333 186.881065 185.729842 186.570461667 195.181515 207.531506 206.667466667
ju2 201.145701667 199.18286 196.847916667 194.14219 191.486571667 189.994514 192.113701667 204.474608 215.365818333 213.368594
zhang3 215.082087778 230.686065556 203.292474444 172.859455556 155.91083 158.879396667 166.138194444 184.06642 216.452677778 236.422521111
dong3 231.188141667 233.981682857 233.937336667 217.001668571 195.762855 178.812035 162.017022857 150.986573333 146.419731429 142.746801667
liang2 135.84309625 135.633154286 142.8646 141.090998571 136.5506 144.3641225 173.334442857 221.23747375 273.093117143 294.85271875
tian2 289.656453333 274.316712857 255.091188333 237.554588333 216.96304 178.646506667 149.999185 142.731561667 150.25559 167.276956667
ren4 197.113471667 228.917836 252.726121667 271.847064 287.379103333 290.004972 278.229178333 249.841824 215.614463333 185.95884
wei2 160.994213333 141.425655714 128.77234 112.956155 108.484725714 112.601081667 110.38526 93.760595 77.0183314286 76.745
