hai4 392.771015 392.77103 392.77103 392.734845 388.030081667 375.893462 361.07951 334.67031 301.994556667 288.283845
pa4 292.1397 299.58734 307.175513333 315.606805 323.031031667 324.59728 312.91661 288.728845 273.006988 261.587551667
zang1 255.022686667 274.788511667 305.258836667 327.839538333 332.749663333 333.108224 333.120165 334.200093333 338.354386667 335.235286667
shui3 311.243345556 282.157844444 253.679167778 224.900857778 185.859445556 153.24103125 143.195666667 98.8238388889 87.8452288889 102.309337778
ming2 191.242044 193.602114 194.70003 195.994956 197.279292 199.987536 208.370184 223.0604875 235.993676 242.599368
tian1 247.95958 257.677746 272.941575 288.205414 297.577438333 297.70811 294.510114 291.521646667 289.951316 290.198288333
wo3 291.819892 292.223196667 286.050812 266.629648333 237.337544 218.145804 206.358016667 187.509644 175.608526667 164.907458
men5 162.66089 160.90225 160.448876667 158.953323333 154.40362 152.327163333 152.370703333 152.846976667 154.31609 157.965806667
hai2 165.985798333 170.316004 169.82168 169.050778333 168.318538333 168.07307 171.270793333 184.871116667 206.50834 213.322175
gan3 201.784185 203.47039 207.063626667 202.28119 176.822616667 148.796928333 130.859518 111.641071667 109.980974 141.019518333
chi1 174.200045 193.206072857 207.18787 220.56711 235.284268571 250.001438333 263.380676667 276.989803333 285.494395714 287.242048333
shen2 286.256122 280.4901675 264.737288 245.57583 226.356222 204.318328 185.4832225 156.296434 134.4099675 133.25187
me5 134.679978571 144.548338333 151.592881429 151.113398333 152.743217143 161.026191667 171.84809 188.647785 200.53417 212.844875
