lao3 219.524998 218.6264025 214.50383 205.381548 195.713568 191.6252375 188.614918 186.893866 189.101545 199.15819
xin4 215.555784286 244.062083333 275.080448571 308.918665714 340.522587143 350.538411667 340.575178571 307.288074286 280.07616 256.822522857
ke4 235.25698375 240.254857143 248.5350975 256.51265625 252.78975625 226.300591429 209.01522125 197.54464125 189.608407143 188.79689875
you4 197.08932375 203.9107675 231.86097125 224.8477725 209.4693875 194.869128571 186.26337625 181.365915 180.7667675 186.17568875
gao4 194.044022 219.918581667 258.240966 269.909185 266.144128 256.644882 242.371715 225.025508 211.899498333 205.924138
su4 190.46602 187.27052 189.10627 191.5461775 193.495762 193.062776 188.610535 184.675544 184.064115 186.742108
ta1 197.448736667 212.427993333 226.560495 237.386022222 235.768776667 234.229881111 234.746448889 234.78015375 238.738631111 248.502665556
yan2 326.921447778 295.99777 214.30633 196.064028889 183.980558889 173.11895625 174.146971111 201.616867778 258.297332222 294.576396667
tu2 288.4842175 273.945794286 259.74878125 246.322691429 213.7221875 191.712528571 192.02663875 212.58862 243.57858625 255.611342857
ke3 257.037945 251.202848 244.474831667 237.896334 234.102056667 230.49649 204.001883333 154.285398 126.820201667 125.034524
zhu4 143.49254 176.719146667 210.417831429 234.214093333 233.627445714 219.710251429 202.852698333 188.525144286 181.357935 181.249958571
na2 185.31023 186.670564286 186.285073333 181.075407143 172.407571667 169.089193333 184.773351429 231.211685 281.717002857 305.669146667
ji3 303.215422 293.15772 282.33866 272.636304 250.998973333 208.560556 164.645586 132.254786 113.56485 104.768516
jia1 242.232383333 261.98901 261.444058333 255.203201667 252.405755714 252.929941667 254.62971 256.993585 263.89607 265.61852
xiao3 255.377835714 244.685627143 234.771851429 224.858084286 213.13397125 166.662074286 127.217404286 75.07036 58.0043 57.43165
lv2 148.16641 153.1870025 161.4544675 171.160455 183.2233625 197.81746 215.004695 234.1664675 244.3508475 246.06435
guan3 244.61619 242.123116667 239.519485714 222.606798571 190.347647143 154.018063333 104.727041429 94.9332 94.9332 94.9332
