fei1 375.652015 375.65201 375.65201 375.65201 374.455068333 367.20701 366.681265 372.826242857 375.85607 372.800403333
niao3 356.962092222 316.299112222 268.181306667 231.160351111 200.639027778 177.806373333 165.868135556 155.768448889 155.021891111 169.236503333
da4 192.441814 221.755985 256.5801 281.467706 286.230115 282.251872 272.714096 259.902352 247.57738 235.472444
dou1 222.588984 233.2194775 262.962822 272.6790925 275.246242 278.9635325 282.38902 284.2743675 284.400322 282.155685
cheng2 269.512678571 249.914314286 230.29611 211.417477143 200.21119 188.045837143 177.571418571 179.799935714 188.946254286 197.490884286
le5 200.9827175 200.486754 196.50467 189.119322 182.2415925 177.2787 172.778736 171.1835975 170.216848 167.9952575
wan2 167.739311667 176.663015 180.331538333 181.033183333 182.014018571 180.908305 177.527708333 178.774795 195.253451667 230.181745
niao3 263.800553333 284.336047143 292.705893333 289.56551 273.062247143 228.267698333 172.195236667 135.899771667 132.908031429 143.34911
ren2 151.976139 152.105619 151.25699 146.568155 144.232664 147.544257 158.116717 178.779963333 200.251879 208.87657
niao3 210.182163333 220.635293333 218.875806667 204.334195 189.218652857 177.2621 163.399781667 154.299356667 152.607101667 149.838576667
long2 146.363755714 144.520646667 147.298594286 147.046723333 153.672461429 176.927691667 201.730201429 219.915338333 227.912608571 226.705148333
li3 222.157211667 211.218366 194.02229 178.315098 158.432636667 141.684996 133.304581667 131.814 125.043443333 102.568114
ju2 193.776003333 193.776 193.776 193.207861667 186.191511667 183.775806 184.589726667 195.77738 220.883258 231.818191667
cu4 238.520035714 249.91943 263.288287143 276.657144286 290.025995714 303.941438333 316.370972857 302.659691429 269.091102857 233.252731429
de5 205.5033275 200.465893333 195.4859075 176.645435 155.181225 144.302246667 138.488645 132.8249125 127.267106667 123.8056875
qiu2 125.383282857 138.998942857 156.49104125 173.954595714 184.284682857 175.894567143 152.919602857 148.6611275 160.502431429 190.350202857
tu2 189.465067 165.375403636 145.101156 143.658889 134.876643636 129.866816 132.898827 147.438863 174.431520909 213.25378
