jin4 397.875 397.875 397.875 394.043532 385.707135 372.784014 347.295766 316.563478 294.362125 259.95611
kou3 217.410363333 214.267273333 218.74598 222.909465 222.14625 199.326065 178.65218 175.335153333 173.795195 173.408893333
jing1 187.503466 205.349002 219.769 234.141716 247.956272 256.199688 262.045356 266.243865 268.134614 264.727868
ying2 251.355434 232.96257 215.761188 194.423932 174.485434 170.565988 176.912598 189.115196 198.661152 200.750676
zhe3 201.36961 203.023558571 197.271447143 175.47344 150.2593675 136.471301429 104.658484286 58.7143414286 56.5515785714 133.606752857
ping2 201.176883 203.286703 206.34693 208.650817 200.16941 191.83235 192.738308 204.749022 222.729877 238.861982
jin4 240.303926667 259.943532857 303.72226 339.219321667 348.923211429 347.27413 331.145571667 301.458038333 268.867054286 232.947458333
kou3 199.862792857 196.068945714 199.6285 203.188054286 203.229005714 185.960136667 162.32352 155.571177143 160.405622857 152.034042857
pei4 323.79338375 333.42599 333.42599 333.39221875 325.81083875 294.614 252.46625125 206.78137 170.0643325 154.04997375
e2 147.6431875 145.4998275 145.5423725 147.401715 151.1941 154.65154 164.22817 180.83381 197.2733125 209.0618
guan2 218.700112 222.4735825 222.95465 223.1016175 220.372216 207.80037 194.026025 186.504148 186.56987 196.507
li3 222.843738 240.040105 245.545572 246.08975 238.809094 210.63449 177.4908975 155.952088 139.67696 122.264312
bu4 117.1836825 127.8973425 152.003066 177.0015925 197.63542 208.716715 209.9934 204.92303 193.1625575 185.5475625
men2 179.949237143 169.207568571 157.125943333 148.133295714 143.429972857 143.495964286 143.456465714 146.235456667 162.885564286 193.516011429
fa1 202.895828333 203.579754 204.4513 233.792108 288.510828333 292.906682 291.072983333 292.282868 295.455638333 296.392
fang4 297.956024286 309.171505 321.3687 318.124856667 287.832785714 253.39995 212.449847143 178.661446667 156.152997143 143.31928
de5 141.341664 143.058642 143.61758 140.394152 136.947361667 131.203638 117.312954 109.512554 115.047728 153.853202
pei4 212.011782222 243.370997 266.753983333 288.761505556 307.917284 297.112182222 246.437008889 194.227511111 146.58429 140.33506
e2 152.3918625 155.9619 157.4309775 158.20242 159.087295 160.78106 163.905163333 167.42069 174.486036667 182.774625
zheng4 195.223305 216.484143333 248.926671429 261.992031667 245.94803 220.436436667 193.442645 162.260571429 144.10811 137.722011667
ming2 133.845572857 130.867194286 124.35675 108.035142857 112.03642 123.03231 138.203467143 152.488987143 165.242215714 170.549317143
