shang4 360.31799 360.31799 360.31799 360.31799 360.296005714 358.613934286 344.827996667 315.080792857 278.515828333 252.19018
su4 234.693421667 242.168027143 267.271413333 290.180833333 295.987467143 270.64219 234.023913333 200.075851667 181.972431429 178.836665
fa3 155.138816667 100.611946667 95.7573983333 155.140103333 187.251101667 175.677298 152.24556 141.923628333 142.051938333 148.976923333
yuan4 153.346988333 159.063126667 179.286431429 211.18669 219.415095 214.665395 197.757975 180.987015714 166.611335 156.573931667
de5 150.5606675 150.233 150.233 149.7934175 147.9795825 147.0167575 146.895945 147.114666667 147.9364325 149.739455
cai2 159.81434125 166.352994286 171.67360875 177.4034925 182.76674125 181.462832857 168.3913025 169.70504 198.721092857 231.25298875
jue2 227.3248425 228.515726667 229.96250875 201.45874875 156.076055556 142.55593875 144.56532875 146.7311125 140.238305556 138.42
chui1 304.863015 304.86301 304.86301 304.86301 306.279868333 316.443164 323.309826667 325.242676667 325.93733 321.357813333
san3 317.02774 318.208984 320.571338 322.560168 322.791778 311.653168 282.607508 256.040042 235.672548 215.082846
le5 200.144256667 186.111181667 174.236525714 163.931508333 150.80755 142.091926667 139.701943333 144.640371429 149.096743333 162.542268333
ya1 177.367393333 192.183503333 208.758124 235.078211667 250.42791 250.079843333 249.26595 250.381884 254.309638333 245.375243333
zai4 219.68478 235.646187143 243.623843333 221.474998571 187.735711429 164.881002857 154.4682 157.223945 162.695717143 162.712144286
wei1 162.872066 178.064283333 202.53377 235.429551667 271.40632 287.947484 299.018926667 305.476148 307.170871667 302.226002
ruan3 279.208556667 268.038961667 265.791545 240.613101667 198.145074286 153.063821667 127.607423333 116.121891667 113.997751667 140.597231667
tou2 185.973055714 198.92284 195.730647143 191.380407143 187.025284286 177.470055 156.148734286 148.938774286 151.164805 168.951417143
shang4 195.150451429 222.50268 252.499415714 279.029358333 283.127944286 267.191206667 238.61605 205.482673333 179.070845714 160.453856667
de5 147.381454 145.502825 144.76247 141.70823 135.595658 131.55688 131.360496 135.431058 139.6062 146.223928
fen1 165.107081429 192.572471429 220.074705714 247.576941429 269.71151625 269.921342857 259.928722857 255.369804286 257.332972857 253.56383
chai1 242.19845 245.549372857 251.169004286 256.788628571 260.228817143 253.985707143 247.198095714 240.816882857 238.929361429 239.478414286
yin1 234.649831667 231.231208 231.496456667 247.114756667 257.83249 263.880982 266.948536667 268.071925 271.199906 272.158403333
yun2 259.219922222 218.603695556 173.963983 148.422611111 146.963935556 145.296488889 146.834113333 152.934565 175.368866667 189.728353333
