ta1 292.82501 292.82501 292.82501 292.82501 292.27077 289.3193725 287.873 288.80365 289.583302 287.7419125
pei2 275.538746667 258.51617 241.451766667 226.777986 219.180953333 208.124576 183.525518333 173.037072 173.129098333 179.60282
zhe5 193.439994 208.5524 213.050338333 208.89314 201.203072 190.831602 185.192266 185.134136667 188.426532 188.871184
kan1 185.385053333 175.675683333 174.685411667 205.327515 257.179063333 289.635908 300.673476667 303.327013333 304.464215 298.900075
cha2 281.98232 262.138911667 242.264731667 222.390573333 202.516405 187.161538 173.888896667 165.543103333 171.962735 189.376643333
dui4 199.11268625 256.1690675 288.31169875 274.72125375 238.1867275 190.23728375 151.05239 103.4958925 103.3805 173.67585
pao3 198.08001 198.08002 198.08002 198.08002 197.408318571 185.237651667 163.886363333 142.555655 137.42693 141.691753333
bian4 278.65711 290.76004 290.709948 290.32929 290.557898 292.236365 291.906122 283.951116 269.798575 252.182504
le5 230.679948 212.325662 198.994434 191.67609 187.329642 182.22125 177.128328 176.755962 183.650154 189.898826
shang4 196.043112857 216.7430375 251.831721429 287.40966875 316.588778571 315.784644286 287.702015 250.758584286 219.71051375 209.199515714
zhuang1 207.777494286 235.421915 270.606458571 274.034092857 274.631857143 277.337075 282.501495714 285.200924286 285.373458333 277.261911429
de5 258.281524 252.154728333 233.399632 203.597098333 183.03243 173.516912 169.367163333 168.521318 171.601308333 178.531978
gou1 189.543155714 208.66734625 247.29501 285.353388571 310.42250375 314.38949875 314.002205714 314.500035714 314.98514625 305.190374286
gou1 298.187023333 303.552943333 312.277115 317.042425 315.516371667 314.982526 315.52774 317.063345 318.99779 311.890273333
kan2 290.9263775 270.714678571 250.54319625 228.820085 206.51425125 173.511814286 159.4282025 171.13381375 208.965635714 244.139415
kan3 244.71921 235.169295714 225.13808 216.018796667 205.482834286 174.24106 126.34883 94.4977116667 81.0712985714 80.9099
