dui4 372.491 372.491 363.512491429 345.643625 333.151305714 316.919465714 300.55817375 291.217087143 288.1267575 285.700247143
shou4 285.852148571 301.614045 323.377191429 347.118818571 370.813325714 385.643676667 383.781235714 366.957384286 338.959771667 301.616738571
hai4 274.536272857 257.082535 260.305148571 272.013001667 284.230632857 293.952993333 291.923475714 270.174201667 242.013494286 214.731573333
ren2 195.18059 180.449785714 177.048528333 165.774387143 151.956398571 148.759718571 156.855652857 175.066508333 198.421107143 216.551797143
de5 221.021393333 243.551645 249.117183333 235.553943333 217.370655714 205.466243333 200.353091667 199.207933333 199.57617 201.502406667
zhu4 200.26153 220.76536875 259.364552857 295.730337143 333.49702125 347.74028 335.667215714 305.983164286 267.86600375 236.612168571
yuan4 225.989425714 244.029281667 269.72259 283.840648333 280.020201429 264.081545 238.327334286 219.247501667 207.670038571 204.723285
yi1 203.979735 210.912141429 246.585763333 288.591133333 299.155665714 287.908431667 299.680246667 315.767536667 321.847537143 310.675496667
liao2 288.45943 267.387608571 247.00435375 206.638462857 185.9936375 185.637004286 189.4557575 192.897542857 208.48059625 224.530067143
jian4 228.125064286 244.71829 272.146702857 302.144342857 334.553438571 349.941108333 343.288397143 313.299131429 287.089646667 284.905165714
ding4 294.274633333 317.726856667 335.77302 339.809936667 335.615743333 311.128745 271.697991667 234.537765714 211.829836667 197.404746667
deng3 181.106372 177.141804 175.252601667 165.015044 146.055902 133.085482 129.40405 137.254025 157.131368 173.098068
fei4 184.789064 201.06935 222.295158 243.600568 263.219282 270.1213375 268.552326 257.483596 241.286318 222.196152
yong4 196.936805 175.16051 172.03183125 177.9099225 167.86893 159.733495 154.2453125 97.461695 144.2585525 219.6369425
ying1 264.69 265.904382 270.973962 276.0614 279.236343333 280.00927 280.292248 283.872186 287.607048 285.326744
yu3 268.328704286 251.02840625 231.99797 208.562697143 185.2426775 167.8593975 160.2067 158.603011429 156.87522375 161.698782857
zhuo2 187.353992857 196.19404625 196.666092857 197.132215 197.347977143 192.918622857 193.344035 215.632148571 261.14125375 287.835658571
qing2 279.800971429 259.3086075 238.478434286 220.3283975 209.265728571 187.167977143 174.420875 179.265311429 199.249335 213.302582857
pei2 202.382815 199.754845 199.209241667 198.663638333 198.118043333 194.321493333 168.953783333 158.480251667 168.288155 185.154336667
chang2 190.81991625 190.98122 191.16910375 191.30129125 179.340725 168.7399775 179.57248625 166.324715 171.4178575 182.94211875
