wei4 363.732426 373.0015175 384.710522 388.3337875 385.8418 373.900288 353.9785375 322.754718 279.6649275 232.691088
ge2 215.47291 210.15882 205.859368 201.66509 198.651388 196.49591 196.48571 197.280088 199.51771 208.017462
deng1 218.005864 236.8898375 277.343816 293.07431 294.521718 295.276478 296.75937 298.658366 301.10147 301.004944
xian1 295.678033333 295.193638333 300.207193333 305.885015 309.520531667 304.228728333 294.006993333 290.891751667 292.539106667 294.375745
sheng5 282.943964444 273.46617125 266.794631111 234.7643 199.436743333 179.0537375 169.421841111 157.48640875 125.013805556 71.0708875
mei3 167.391186 193.1354 210.397126 208.520522 197.472304 188.49875 178.63534 169.532418 165.6292475 167.461132
ting1 188.157448333 209.93816 227.721586 245.504996667 264.210676667 272.349445 275.521713333 279.123732 280.164861667 275.295486667
dao4 271.65168 268.528626 264.529785 250.402382 229.461834 208.859172 196.139854 190.323053333 189.01698 190.321168
qian2 196.836685 201.384216667 204.638 208.19833 211.434995 214.617726667 216.039161667 199.452825714 184.931763333 191.802195
men2 222.46209 246.486855 258.42986 260.275066667 254.376581667 239.1367 220.720836667 215.672408333 220.43898 229.798638333
de5 247.38665 269.625366667 281.47367 283.66276 283.744336667 283.46268 283.062226667 281.29413 276.642293333 268.859193333
xiao3 255.39915 249.016215714 245.432735 242.035408571 233.67599 199.277064286 155.321137143 134.414308333 132.461237143 134.37049
ling2 134.991275556 138.711422 147.541942222 147.300347 148.370851111 152.603898889 164.046421 177.119115556 194.113682 209.54931
fa1 217.631752 234.352515 242.975988 247.945992 245.169096667 242.145406 239.951514 240.096332 240.023868333 234.62513
chu1 221.51164 215.74454 227.9930975 243.517545714 249.450938571 244.114325714 237.982022857 237.85031375 239.541788571 223.911938571
qing1 223.7859675 245.346598571 269.3004 293.254201429 312.34859375 314.30921125 307.610247143 305.3237625 304.169567143 304.63999875
wei1 316.8101175 318.25888 317.911904 317.941255 318.7121375 319.156515 318.70057 315.422624 307.3800275 283.4409325
de5 257.709281667 251.067086667 239.847272 220.145183333 198.75021 185.42985 177.340098333 172.743668 171.341426667 174.140778333
ding1 191.324971429 220.886818571 259.100775714 292.162637143 300.77884625 303.161814286 303.67215 303.626257143 306.13102 307.83104
dang1 308.35138 314.302861667 316.759708 316.951476667 317.825634 318.769532 319.478571667 320.010064 316.766673333 297.44687
sheng1 276.711523 257.865208889 237.910768 206.4393 194.209949 192.033887778 191.240529 190.410705556 201.08036 218.539911111
