zai4 349.454014286 346.66998875 326.518258571 307.296108571 292.44192125 278.9502725 263.848541429 253.089035714 254.7366025 258.869474286
ha1 254.21311 263.681975714 281.691813333 300.103315714 321.642873333 330.831681667 330.65404 329.966365 324.821507143 309.95631
er3 290.7635375 271.8319475 252.10619 233.005495 212.1625475 196.9614575 189.7346275 187.642195 187.337935 190.4444475
bin1 198.343218571 227.184712857 267.1122275 282.987658571 291.99517 295.18253 298.021388571 304.53218 310.572242857 302.974428571
bei3 284.33773 274.38281 264.823053333 252.361576 219.984816667 182.244586667 146.679904 125.008721667 118.708976 117.780101667
huan2 125.901018333 138.188303333 146.482018333 154.658713333 163.668398333 164.169036 160.118486667 158.580015 161.762625 164.486701667
lu4 175.177588571 210.714062857 258.07513 286.784344286 323.75603125 328.92535 305.567797143 262.944368571 220.455174286 198.111835714
shang5 192.87648 197.532517143 204.7649775 202.30770375 179.19004625 158.508415714 149.31430375 140.63816 139.071982857 149.3425625
hui1 183.36221375 142.510732222 125.43315375 202.3278 281.9464 310.02998625 302.73285 296.88215 294.69566 293.34042875
qiao1 300.16289375 300.89837375 300.20795 299.5916125 297.766207778 286.8125775 277.14722 274.313945 275.32350875 276.265225
lun1 277.155971429 287.239224286 307.918314286 331.620631429 338.80047 340.754115 340.827615714 342.51304 342.447911429 329.561365714
gao3 305.24538 276.96772875 242.365267143 189.86071 139.203675714 76.0912371429 58.0459075 60.9647171429 67.42958625 67.4952071429
