dan4 288.617918571 286.159236667 279.047972857 266.877043333 255.093974286 244.112585 235.185472857 232.481058333 231.898182857 230.049216667
wei4 219.132572 213.477988333 236.913898 269.503546 318.243183333 334.75323 332.49502 319.97357 298.534356667 273.600182
le5 251.46438 247.60162 247.4475525 245.75656 240.70484 237.190926667 236.918905 237.91937 238.2650625 233.55148
bao4 226.685555 252.028452 303.433151667 321.20004 318.15156 306.235938333 285.220632 259.284345 232.673388 211.970108333
da2 196.995482857 195.51067375 188.723968571 174.64793875 167.34093 169.004128571 180.61775375 194.503457143 217.1248825 233.137115714
hai3 232.3675375 229.624861429 226.79871125 223.922735 221.581615 203.845187143 173.31662375 160.98709375 155.337641429 148.88550125
wai4 164.25722 194.64924125 238.506312857 260.416562857 253.799505 242.02706625 220.803267143 200.687342857 197.05671625 198.151664286
qiong2 194.75746625 200.643495556 205.278515 209.899424444 214.01655 210.4061475 196.202063333 199.06391625 231.533616667 247.96602375
ji2 227.475898 227.4455375 232.584886 234.9593725 230.658624 220.7317875 217.13844 216.445315 216.783038 219.4232725
xiang1 234.86599 260.071516667 285.474882857 308.84377 312.902635714 309.881393333 305.514862857 309.24418 312.8967 306.842675714
qin1 243.651 243.651 243.651 240.631925 202.994271111 174.022455 159.61896 149.41788125 142.338962222 144.690695
dui4 305.31299 305.31299 304.13644 286.35311125 265.582737143 249.603525714 234.292105 223.208798571 219.06925875 212.459027143
qiong2 200.036363333 207.840264444 217.58581125 227.259155556 230.45496 206.344075556 192.890135556 195.88909625 225.751397778 266.638463333
ju4 289.581318333 308.326792 327.23679 343.135192 344.763896667 331.073491667 305.358662 280.498241667 256.222862 218.578463333
de5 207.16376 209.401528 207.502126 201.782698 196.126728 192.809195 191.053824 190.665484 191.358576 194.455474
re4 200.272268571 229.51995625 279.960757143 340.6688075 363.528162857 349.42385 310.66749625 268.778521429 240.33472375 223.302014286
ai4 212.734115 206.0657175 189.648364 175.895315 171.08392 164.8591275 150.2390425 140.680404 142.03082 148.8448975
zhi1 158.814002 169.869998 182.307995 194.746 205.802 215.972208 222.81007 223.495281667 210.741856 203.336662
qing2 205.859839 213.658926667 217.661292 181.503585556 145.146189 136.64958 135.096327778 142.205754 152.329901111 161.19276
