huo3 203.704 208.547446667 233.687643333 260.641065 272.769075714 251.054413333 216.6686 197.302285 190.885453333 195.429026667
yao4 227.020438333 245.00509 271.593415 312.768846 326.836758333 328.378694 322.63993 305.414136 281.434213333 264.184216
wei4 256.8801925 257.475761429 269.901305 274.59961125 263.56837375 246.296187143 229.09123625 214.86488625 206.590198571 199.75145125
zhi2 195.329111667 201.03937 211.58928 222.269058333 228.940015714 218.497163333 212.489223333 219.44473 236.94245 259.998158333
chong1 294.05639 309.827705714 325.207925714 340.588142857 354.96435875 350.688447143 345.615765714 351.389101429 350.788481429 331.3111
bi2 301.575608333 272.161688 249.754636667 220.208522 178.558446667 155.819324 156.986516667 160.10565 166.1127 178.952092
zi5 188.42326625 199.99537375 210.974365 209.58886 179.616108889 183.70890375 259.15481125 261.56193125 250.66115 223.77704
ci4 346.966 346.966 346.966 346.966 346.966 346.951218 340.245595 316.410908 281.705191667 258.732154
tong4 266.0552125 285.031415714 304.5721975 316.017347143 286.51584 252.88559 233.48285625 217.599708571 212.10406625 216.572644286
xin4 228.93719875 244.876 274.2427675 305.5342025 336.7195625 354.998677143 350.01728 312.86482875 262.86253125 225.07203625
ding3 198.36513 190.111182 185.090521667 174.342104 157.55539 142.396766 132.902531667 129.195236 131.39139 136.519596
men2 134.32542125 131.7919 128.43803125 129.68753 135.1483575 139.2012425 145.697776667 167.96764875 203.86951 229.28063125
