dou1 383.177015 379.269102 362.9252525 354.280912 354.8858175 355.4703575 354.399742 352.5524875 348.498472 336.79531
mei2 327.46514 317.6957325 300.872768 280.331866 255.438376 231.58863 215.292676 211.47154 216.0909225 228.682388
you3 233.766898571 230.023333333 222.753342857 201.06813 172.219301429 156.098318333 154.616235714 157.658462857 159.406573333 161.018112857
shi4 175.247105714 197.815405 223.22282 248.630208333 274.03762 301.744041429 321.491263333 321.82972 303.751256667 269.823398571
gu4 223.172541667 214.429524 225.251525 234.431082 232.25847 218.032342 205.529441667 197.635 196.815576667 206.761118
ying4 212.534826667 227.59954 266.296136667 295.159715714 297.237406667 282.005608333 249.362228571 218.639865 201.54036 192.941518333
ji2 193.871761667 200.070981429 204.70415 195.692805 186.97673 183.885551667 183.272536667 185.431173333 189.899648571 195.05695
zhao4 210.319718 253.407041667 296.524324 309.240116667 304.16324 289.697088 264.536053333 238.51208 214.514863333 194.792758
ming2 180.608974286 174.353033333 165.952167143 159.844333333 160.691041429 164.594758333 169.168747143 181.809096667 200.158584286 214.447245
deng1 223.514382857 272.53745 291.949031429 292.985827143 291.385152857 288.993866667 288.162661429 291.008118571 292.464775714 274.071307143
he2 218.458004286 218.45801 218.45801 214.809607143 201.362505714 195.476127143 193.304272857 197.348567143 209.698862857 226.802447143
shu1 234.06346 253.303722857 280.910295714 308.55573 335.056121429 346.030811667 346.957387143 347.373937143 349.307282857 349.008275714
san4 344.105818571 343.539515714 343.03215 333.198568571 294.293051429 252.887834286 210.964548571 178.437782857 164.518232857 168.046811429
zhi3 185.409398 194.931285 193.16591 188.2453675 182.835342 176.336422 168.857065 151.604948 140.0018575 135.338294
shi4 137.74964 148.610925 153.255921667 157.741245 162.675095714 167.608951667 171.109995 169.742596667 162.356698333 167.614545
biao1 194.858492857 225.376615 253.211217143 267.657688333 271.668095714 272.577982857 273.726786667 277.619832857 281.976703333 274.921204286
zhi4 254.035221667 252.181737143 251.332485 249.142411429 224.360728333 187.798933333 151.157917143 120.261291667 102.331328571 81.7809366667
