ju4 386.2240075 386.224 386.224 386.224 386.224 382.5177525 372.9856025 366.187222 354.1480475 340.146285
you2 303.65519875 259.1369825 228.375415714 201.67107625 188.56877375 188.256455 193.10958375 200.616492857 216.01498375 240.6668325
duan3 247.36281 249.507935714 252.179123333 253.24435 242.63671 219.115821667 197.1976 175.0436 162.68408 154.823948333
xin4 153.239972222 172.18833625 204.76922 237.07637875 270.023064444 301.94098 315.584828889 299.25613125 258.948584444 230.18448125
shou2 211.153524286 206.591365 205.796727143 204.929838571 203.864677143 199.539686667 195.779672857 205.199412857 242.135728333 289.693518571
xie2 291.05732 274.739814444 257.567665556 236.817965556 203.88453 185.110097778 185.92348 187.098095556 200.996216667 221.555244444
duan3 219.516895 231.897575 249.992578333 256.143535 246.204225 224.304466667 198.250443333 170.6872 148.502058333 136.897248333
xin4 161.475191429 189.09232875 209.650665714 234.813598571 262.26284625 284.12545375 285.26163 254.999377143 223.0560225 205.953892857
qun2 202.655675714 206.318382857 210.299961667 214.117798571 211.308348571 193.574241429 190.975245714 193.809401667 216.338541429 233.713088571
fa1 239.301428571 275.10417 323.0737575 327.349351429 319.28245 316.466392857 317.968375714 320.6743 321.902164286 323.578962857
duan3 239.287 239.287 239.287 239.287 235.445313333 224.999845 210.26305 192.841663333 176.008704286 164.534403333
xin4 162.43245 171.3428325 196.329367778 231.761862222 267.556148889 298.7661775 304.139592222 277.571105556 254.01633 240.437965556
yu4 220.579951667 237.438276 275.39536 307.712 325.586593333 332.620345 329.165644 311.563298333 288.251946 268.485068333
zhi4 253.106017778 271.26512375 295.615745556 316.07537625 315.178712222 280.13544375 231.202574444 189.6773925 155.350134444 125.62181375
duan3 109.331885714 139.308731667 176.230471429 216.029212857 235.084971429 223.200763333 204.455884286 182.942827143 161.082115 153.958511429
xin4 153.72909 173.46247125 200.463315 218.53550125 237.2605025 255.45607375 261.1429925 240.82251375 219.03825125 205.64912
lian2 197.779805 196.618852 200.046823333 199.980651667 193.411931667 189.188554 186.749571667 186.805838333 193.981164 213.14042
shou1 238.106577143 252.069285 272.768885714 298.77713 324.809875714 346.85784 349.400371667 347.296858571 350.080556667 351.879748571
deng3 338.73885 319.70378 295.55253 271.402578 229.063674 186.413136 157.85157 136.8200825 108.289292 98.310192
gong1 101.922952 136.50777 190.492656 227.483196 230.892364 226.432562 224.307014 227.508778 233.313732 237.598208
neng2 239.387084286 230.283698571 211.80083375 182.72577 132.467365714 63.8177928571 61.1849 61.28446125 59.9448614286 59.1611414286
