chuan1 320.36303 320.36304 320.36304 320.36304 319.339478333 306.284993333 296.098016667 293.162402 292.08203 289.383995
suo1 286.063252 287.626311667 295.894254 303.951875 304.313234 296.142516 291.19725 291.13482 291.126845 285.054054
yu2 261.059302857 229.004692857 203.289903333 176.496594286 153.686341429 154.369288571 157.719334286 159.394263333 172.03929 193.885992857
si4 203.147505714 223.46401 246.647605 269.831218571 295.122418571 320.36343 336.147688571 327.28304 286.31051 229.789662857
chuan1 252.79435 254.88602 254.88602 254.680671667 245.628637143 229.705615 229.996151667 236.296108333 244.216451429 241.186411667
pen2 216.299691667 204.732268333 199.27124 194.654068333 183.82175 156.16184 134.199461667 131.096631667 137.064615 149.516843333
di4 163.2142375 194.49962 197.33267375 185.894858571 163.35465375 149.3078625 142.371477143 123.76468875 112.59 120.21240625
chai2 198.820997143 198.821 198.821 198.821 198.778405714 194.119973333 186.244407143 194.994442857 217.313011667 236.629892857
da2 226.764564 226.6036725 241.140728 246.0335925 243.577002 242.091684 246.8204175 258.799664 269.836095 277.31068
mu4 287.27298 297.164746 307.493104 317.298066 319.00188 313.78424 295.783978 264.241362 235.803634 216.939176
pen2 206.29405 199.944878333 186.098111429 170.564628333 156.443286667 142.50639 134.20051 134.085758571 138.343528333 143.065876667
di4 164.494425 183.383395 183.570782857 181.539821667 169.041825 155.927906667 139.06165 115.7587 108.369806667 115.733848333
ta2 206.700998333 206.701 206.701 206.701 206.644291667 204.879064 202.409776667 213.447681667 244.362438333 279.774066667
li3 299.59928 304.587805 309.1658575 308.7232525 302.382132 287.5151975 259.99715 231.849815 204.3252525 177.378195
mu4 164.541424 164.111152 167.147568 170.165324 170.285444 166.8740425 157.168234 147.298004 144.635524 145.722482
pen2 150.963158333 157.987491429 165.002123333 172.016747143 178.269688333 178.825645 167.570612857 162.717036667 166.0545 179.517003333
di4 195.857675714 217.247995714 218.06706375 198.207995714 172.908171429 150.723924286 135.444051429 105.91557625 141.111118571 237.927802857
zhun3 209.835016667 209.83502 209.454185 200.172185 187.241281667 168.343116667 147.889321667 135.830903333 134.992496667 136.006755
ga2 148.704681429 164.697765 160.714447143 156.865403333 172.40657 212.177731667 251.663684286 260.31773 252.385178571 218.456203333
er3 182.92765 159.88023 136.924876667 120.8402 114.75833 114.43545 115.31228 116.919803333 118.673463333 120.427123333
pen2 123.496026667 127.880173333 132.70273 137.52529 141.396928333 142.862195 142.86435 142.226927143 142.170225 144.194928333
di4 167.364363333 176.010035 179.03935 185.387028333 181.202165 166.953838 145.713151667 114.162085 107.061253333 109.082446667
