zhi2 249.261016667 249.26102 249.26102 249.26102 249.035991667 248.753475 258.238184 282.848705 300.7548 301.966095
xiang2 298.490961429 293.676134286 290.446744286 286.644177143 256.129372857 235.570325 237.523288571 251.192368571 266.274707143 265.971978571
ba3 248.270275 245.074672 233.571778333 199.758136 173.284385 157.810621667 151.034086 149.29278 151.001512 164.634351667
si2 174.478434286 178.285004286 181.715781667 185.146557143 188.889222857 192.642494286 198.859837143 209.454105 222.747938571 214.434255714
zhe3 206.97982 215.920811111 210.05343 174.32373375 148.863013333 138.4572225 130.22495125 82.95638625 63.0317811111 80.29070875
lian2 130.919508333 172.611756667 192.840731667 198.202716667 195.194856667 188.5839 188.117388333 193.616546667 205.480716667 220.744561667
tong2 223.417651429 225.816428571 229.396788571 231.877647143 218.524238571 195.981071667 192.295888571 194.853051429 201.723877143 213.7164
si2 208.600317143 209.125608571 215.170582857 221.452381429 226.6791075 211.606191429 206.890157143 211.779587143 212.723007143 213.670531429
ben3 214.17345 209.836838 202.809868 181.62289 162.2847 150.6321025 140.127182 131.947248 130.319996 133.308846
shen1 154.928617778 187.992005 222.111003333 255.349501 268.362641111 264.000341111 266.674872 269.922132222 271.754602 198.700341111
cong2 104.361176364 106.38888 155.475554545 202.785885455 196.947142727 174.396021 172.327863636 176.973516364 187.520621818 198.628404545
ren2 195.054235 180.828652 174.7804775 174.239382 174.1719125 174.0222675 173.5184 173.1947325 173.513646 179.4154425
men5 198.173368 216.724645 228.549736 238.73543 245.136946 245.048578 239.525785 227.249766 219.896965 213.201574
de5 208.432896667 205.785146667 203.06653 197.11 189.247753333 184.46453 179.86481 173.41992 162.685193333 153.58468
tou2 151.401232857 156.602468333 163.873125714 171.804747143 179.437368571 181.847121667 177.241194286 183.246504286 212.031165 257.19461
nao3 281.968964 287.233195 286.095716 270.246158333 245.987402 205.045682 155.420233333 120.273982 112.481388333 126.584136
zhong1 149.927867778 180.82699375 210.61261 219.189696667 217.482163333 216.20711 216.581715556 216.68949 219.02216625 208.546887778
yi4 265.395965 267.745025 269.5892725 269.3180525 265.8909775 259.2239025 247.17738 234.5225625 214.77465 195.8748975
bi2 198.73794 197.68186 177.929476 152.819096 141.859958333 142.573052 152.13635 167.935206 180.852983333 188.354306
mo3 188.821772 186.962006667 182.59358 170.573298 146.37414 123.680188 110.62536 103.803008 107.255061667 122.389374
diao4 143.71744875 170.7404975 187.691795 188.0609 171.10042875 137.9129275 109.33638625 107.344 107.344 107.34400125
