bei3 239.026993333 239.02699 239.02699 238.563623333 227.980833333 212.732688333 202.776431667 200.833454 203.234711667 200.383198333
jing1 197.73347 216.743351429 253.549998333 290.169578571 311.429488333 317.482166667 319.588481429 321.433633333 321.558271429 320.153941667
ying1 311.41599 299.957684 304.95912 318.416576 324.239428 324.348742 321.052196 319.593016 318.432722 317.688466
gai1 323.201704 328.7138775 327.502954 321.2640625 318.402832 319.291944 321.64615 323.15174 323.0967875 312.755664
zai4 295.828475 298.8535 305.400902857 301.83979 276.786135 253.975778333 242.204866667 235.363897143 236.595331667 234.510668333
zhe4 229.142518333 251.34103 284.671002 318.263951667 347.188908333 350.97969 337.544021667 314.4526 282.80113 253.29231
fang1 244.483072 249.302672 258.777746 265.365562 265.475696 259.428248 255.3691 252.838632 251.80064 254.04667
mian4 260.0215825 258.44970375 247.51964375 230.71113 209.49545625 195.49698 187.31821 176.9469575 184.29557125 194.78260375
si1 202.45837 223.035373333 245.414468 267.793565 292.659235 317.458816667 335.37377 340.28925 339.607211667 332.744981667
xiang3 314.98359125 297.266388571 279.01254 262.834977143 223.7824725 171.249345714 154.50969125 136.897812857 122.97245 158.458372857
geng4 220.232513333 271.433386667 287.753667143 289.111813333 274.658291667 250.674193333 228.625475 208.031302857 194.029461667 191.862091667
jie3 198.075132 204.525413333 208.67283 211.809005 209.498968 201.381638 179.208465 138.118248 116.699401667 97.57703
fang4 295.115158333 310.20499 310.20499 310.20499 307.069218333 300.861276667 299.240326 286.54695 262.493304 235.193281667
yi4 208.851165 189.6944025 171.3908525 152.7541275 124.1694475 80.209675 72.083625 71.193055 71.074435 73.3252625
xie1 88.6463125 112.462828571 136.37855875 159.1868075 162.64306 150.519267143 145.01508625 145.9173625 192.099918571 227.1407225
