di4 400.148025 400.14804 395.8356625 381.9212725 369.2099825 356.700655 345.507415 335.8834375 328.022925 324.367735
fang1 328.845203333 350.389571667 366.997064 367.421861667 359.77271 357.34674 356.491135 357.77917 363.10031 357.072426667
te4 352.097898 355.35268 360.171684 364.467298 367.344285 361.265496 331.4796 304.206146 280.393131667 266.71908
se4 267.871038333 278.598112 292.403435 304.010118 304.532771667 291.16428 273.530834 246.317241667 221.49143 215.786365
xian1 215.288651667 225.061787143 246.959543333 269.66789 292.37626 312.98635 328.722888571 334.941481667 340.316542857 339.662878333
ming2 332.881815556 309.575826 250.264891111 201.956551 173.5856 158.728994444 164.65067 170.8754 182.869233 149.001747778
er2 191.3501975 191.969523333 192.3944375 192.304443333 191.849335 191.647673333 192.570195 196.976556667 204.2542275 208.498253333
you4 209.696724286 217.078671667 218.924518571 207.215401667 196.602121429 187.898655 181.63728 181.065678333 192.346464286 207.215663333
hun2 212.804765714 217.370154286 220.158315714 222.913275714 220.536425714 197.438215714 190.198817143 200.55838 229.656395714 253.440497143
ran2 263.7572175 262.4603575 249.901556 237.2635925 229.1111725 227.3108 227.7952775 231.332442 238.382095 249.77558
yi4 270.881713333 291.879518 301.214665 308.14191 316.022268333 317.485878 305.174051667 276.98134 241.499421667 207.836704
ti3 174.980471111 153.153323333 130.803538889 108.453754444 89.7292311111 77.7391775 67.1805077778 57.6225566667 59.2278666667 76.1060911111
