bo1 377.659018 377.485415 368.918342 350.409124 349.393854 352.400355 356.270986 359.506282 360.92132 359.865884
hei1 345.841246667 341.502568 344.792495 348.70564 352.625091667 354.59107 353.770136 354.156425 355.560292 351.408686667
sai4 338.32688 340.775241667 350.093065 356.393416667 347.15278 308.6862 273.158705 245.198231667 223.226536667 201.335956667
zu2 182.946248333 181.904082 180.654945 178.468755 175.450903333 173.127492 175.343048333 187.227996667 195.385348 199.20344
qiang1 210.011868571 238.0419925 267.395287143 294.490647143 317.43495375 320.27263 319.058484286 320.279152857 328.78074375 334.504495714
shou3 326.81353375 300.793117778 269.47149125 238.091961111 203.68978375 160.1461375 130.721516667 97.09172125 77.2879377778 93.69556625
bao1 123.919716667 150.223206667 176.52669 202.83017 227.088392857 237.11717 242.880575 255.137936667 263.789226667 259.589216667
wei2 238.38149 225.384865 217.727814 201.731085 184.639672 162.222542 145.7614575 138.159952 137.329085 138.963772
le5 147.029665 164.601836667 174.811616667 171.029113333 159.409511667 151.255584 145.850195 142.629053333 142.879125 156.829795
sa4 178.87672 205.073028571 236.531035714 267.809147143 285.423962857 269.360151667 233.913278571 199.233892857 170.56176 170.663554286
la1 181.2347775 186.47397 194.374736 200.316315 203.069925 204.67474 205.72011 207.79874 215.3266825 223.9112975
re4 229.4492175 230.3732575 231.451805 231.88769 228.70548 227.2490875 222.420655 208.0794375 193.215565 174.2849025
wo1 146.021911111 126.41602 139.142032222 174.012414444 202.172687778 223.581575 238.876714444 245.775197778 251.236825556 246.687218889
