san1 364.992005 364.992 364.992 363.876636667 358.660858333 356.467916 356.62825 356.097233333 351.954792 329.967873333
qi1 253.469474 238.246883333 262.620008 294.852235 326.994498 348.47664 354.659733333 356.80489 359.435248333 353.674098
suo3 332.70018375 306.46027 278.801371111 251.262105 227.4217175 195.67088875 167.70266375 151.698668889 148.366 148.85982375
na2 158.170125 166.518072 168.683435 157.762548 140.836675 140.903898 148.21525 158.93035 176.63012 192.300494
chu1 197.699226667 204.098868333 217.647441667 231.874403333 247.524051429 263.354375 269.395223333 270.147913333 270.907116667 265.236615
le5 257.718233333 252.499856 240.983351667 217.378978333 196.792356667 183.641026 177.981531667 177.380473333 181.319256 188.06512
shi2 189.172333333 189.490001667 191.050408 193.579008333 196.399001667 199.219001667 201.420168333 200.328922 197.46489 203.708743333
er4 225.051404 255.214862 283.440048333 298.516772 300.179264 291.862164 269.207262 236.786153333 207.385192 192.795272
xiang4 192.416968889 205.460725556 220.4578 221.576865556 195.030425 171.63974 163.937938889 162.713852222 161.510245556 155.70563
ying1 190.134348571 218.244751667 258.332691429 285.951598333 307.887997143 316.623581667 321.935221429 329.910193333 333.849168571 333.419011667
yong4 330.553982 332.570818 332.918815 326.662506 307.42013 275.079144 242.348382 217.0297475 196.064648 180.077694
xing2 176.499768571 175.640565 173.352002857 170.2332 166.897052857 161.117276667 156.425344286 161.179105714 181.703511667 196.867954286
cheng2 191.921 192.323505714 195.301877143 198.05896 188.145287143 146.06155 139.742822857 151.531344286 176.215974286 204.424012857
guo3 235.331734286 264.862203333 217.927191429 160.27937 115.178755714 100.624025 100.45301 100.45301 100.45301 100.453007143
