ka3 230.951008 230.95102 230.95102 230.95102 230.309084 217.955504 202.847218 200.386391667 204.045768 211.742114
nuo4 238.888841429 276.060428571 312.842197143 344.343517143 354.112437143 349.579065 329.041578571 295.919844286 259.332082857 237.252978571
ye3 226.87459 214.824486 206.264396667 205.498106 205.455338 200.028628 179.68541 165.129278333 161.414546 161.111222
ceng2 163.814638333 174.460658571 186.81103 198.007455 205.362741429 201.419005 199.35142 213.248203333 238.394417143 237.7508
ju3 224.4814925 219.787804 215.392855 210.997902 206.6029425 202.04129 185.08883 164.859235 155.008438 153.8619975
xing2 156.35135 161.147001429 165.967756667 170.27721 172.090132857 165.677708333 163.940635 173.787985 192.836594286 205.874608333
guo5 211.913996667 224.740758571 224.170528333 210.776493333 197.767124286 188.715338333 183.410393333 182.719756667 189.774018571 197.255593333
fan3 200.12963 205.88851 213.540575 215.98175375 202.444115 195.721625714 209.5930825 254.74278 293.3265 309.16591875
mei3 304.868865 295.6409 281.56086 267.748185 243.8443825 224.673625 199.12088 179.6468575 163.777505 148.8449975
you2 140.512701667 139.225714286 140.854908333 144.063512857 149.275746667 148.528938333 143.664087143 147.475091667 169.916918571 214.597758333
xing2 225.66172 217.917047 209.527573 195.9712 161.462233636 149.794549 155.324479 166.813203 196.166431 231.764473
