ta1 265.717025 265.71704 265.71704 265.71704 265.446885 259.5383525 251.6095775 250.200463333 250.8728275 254.4400275
yao4 257.1005325 257.010508 252.438905 239.661758 228.347885 216.573875 203.44822 191.69144 185.989666 185.515405
ti2 194.766886667 202.323346 206.415181667 210.417208 211.067426667 200.208168 191.5521 192.95982 200.52078 203.51352
ba2 201.622541667 202.701338571 200.72517 175.582515714 161.534568333 162.484336667 164.342782857 164.888245 168.53843 184.083253333
shen3 189.056953333 189.325046667 190.881441667 193.265343333 195.655875 197.902396667 198.453715 189.271366667 171.66842 159.482181667
yang2 152.980751667 154.067205 159.108908333 157.201203333 147.792621667 143.517064 144.724838333 153.610161667 169.035745 187.47765
shi4 207.1869075 221.808331429 244.41485375 270.08331375 290.8733075 286.78093 257.47236125 237.23784625 227.739645714 205.04021875
ke4 327.352928 338.58801 338.58801 338.58801 338.58801 341.97321 352.228466667 350.82845 335.16746 308.45916
yun4 284.059604 268.515882 263.823768 261.035168 251.169772 233.177368 213.554914 196.93168 187.911234 186.111082
ji2 186.962696 187.463506 187.43432 187.391434 187.36168 189.407898 196.535668 202.11992 206.269498 207.042544
tuan2 208.17074 210.373137 207.117546 176.547751 153.129461 143.850111111 145.176055 152.328649 169.177116 190.928138
yuan2 196.659 197.27487875 196.972471429 190.1321 182.58910375 176.31105 177.48765 192.137285714 215.23835375 225.926187143
zong3 215.130931667 211.042478 209.272081667 207.501682 203.434518333 185.864011667 159.449504 140.626503333 133.946292 140.239178333
jing1 153.804451667 178.340481429 205.996191667 232.50125 258.718808333 280.731021667 295.779867143 298.784416667 298.259865714 294.718216667
li3 275.681951667 253.511228333 230.999095714 204.0456 179.007266667 154.431835 139.933896667 138.20701 148.129916667 167.993866667
xia4 197.178171429 225.998357143 255.28087 284.563381429 312.741998571 323.279497143 309.494888571 277.794457143 247.518288571 217.319528571
ren4 203.882876667 201.01446 210.30657 220.78755 212.155018333 195.815811667 179.638918 154.915195 137.935894 141.011203333
fan2 157.574447778 155.615811111 150.702733333 136.673081111 123.328651111 125.53831625 135.262081111 143.428908889 164.558122222 185.085315556
