bing4 366.762284 382.4385 379.136156 376.493622 360.818045 331.88269 305.549274 286.00566 269.002558 248.609668
gei3 242.389072857 241.513995 225.287047143 200.341758333 173.940187143 162.092265 161.008232857 166.193391667 173.051154286 176.6495
chu1 193.658558333 215.094171429 239.05424 263.103275714 287.152313333 309.258931667 337.609294286 350.929885 351.121207143 330.016638333
ban3 314.22583 306.6722925 295.13418 280.7057175 254.5934475 222.19624 198.1648375 178.8893 165.151625 159.42765
wu4 156.355468571 156.599934286 167.528385 194.69732 221.182225714 241.076268571 241.944242857 232.084021667 214.604654286 194.717367143
de5 193.042016 197.626756 194.561506 189.97632 185.438306667 181.373734 179.44669 179.667682 181.795982 185.80037
cha1 197.18353 217.553395714 240.297451429 263.041515714 285.785575714 308.218768571 319.89143 322.338438571 327.848788571 328.440497143
cuo4 271.873326667 248.573147143 270.669348333 295.003673333 319.843042857 328.189616667 306.199128333 266.940553333 234.854544286 222.014748333
ren4 228.628846667 243.558271429 273.718168333 320.390808333 349.080641429 349.529016667 332.40859 295.256795 262.953712857 247.509088333
ding4 247.208948 260.991451667 264.936228 255.380556667 234.58217 213.579886 196.54424 179.428466 168.172223333 169.52704
gong1 194.426786667 219.343038 222.89082 222.164524 220.199728333 218.04615 220.209536 227.035338333 232.639756 232.161746667
zuo4 231.34007875 239.22418625 241.27453875 213.66802375 184.67690125 157.31925625 135.576805 114.69826375 94.2689025 78.14625625
dai4 97.2646257143 137.382691667 179.021437143 224.44551 268.55632 287.250571667 279.883305714 254.585568571 220.3432 190.835775714
lai2 176.14299 163.770148571 150.893418571 144.815527143 142.401942857 141.65528 142.358114286 149.21124 159.464665714 173.128918571
zhu1 195.262624286 211.656253333 229.097508571 246.538758333 268.192225714 283.2511 284.444814286 285.836923333 288.929414286 290.111926667
duo1 291.69199 300.947656667 303.930986 299.380328333 297.31053 298.48197 302.762078333 307.515704 309.202271667 300.263806
ma2 284.384736667 266.06837 242.755628333 209.576785 161.858083333 133.533755 129.158061667 132.647251667 144.211418333 171.703615
fan5 188.14742875 196.2899 200.6075225 181.52095375 149.24072 99.5585285714 101.44132375 147.70944125 172.55271375 208.4805725
