ba3 263.1629975 262.76126 259.2180625 248.672755 237.505006 228.1317525 221.17611 218.3057525 217.1828025 217.58003
zi4 223.19805 239.221372 264.937506 291.30489 317.300298 333.471654 335.311052 326.983566 300.889268 264.781306
ji3 251.393421667 241.812896667 232.096333333 216.717103333 205.041765 195.644164 184.091805 173.267808333 172.547343333 179.994275
dui4 193.336337143 235.033768571 264.085165714 262.273917143 248.47058875 231.32254 221.854934286 216.972197143 217.339012857 214.702942857
fo2 208.512871429 207.221034286 205.972462857 204.723871429 203.215995714 198.376546667 192.313467143 194.570835714 224.485292857 265.65897
de5 280.148765 287.35076 290.664735 290.118995 284.5503925 271.002653333 254.705495 238.692335 227.531723333 211.4104675
can1 201.061615 215.310796667 235.364284 255.479868333 277.830521667 300.181163333 319.862133333 324.749698 324.462996667 324.039138333
wu4 322.98939 327.01718875 330.0470725 321.24548625 311.723675556 281.59660625 239.173265 200.621435 184.92779 189.1129375
he2 196.479595 198.390761667 200.290568333 202.19037 203.673291667 202.060706667 193.585716667 192.551001667 200.965013333 214.406381667
li2 229.090084286 222.90244 210.730802857 207.193887143 202.885821429 207.644611667 233.554702857 279.931541429 313.330621667 317.753271429
jie3 263.479 263.34571875 239.555712222 198.2815625 164.19683375 154.88938125 143.96568875 195.653094444 249.42432375 233.782485
hong2 212.264194444 212.477777778 215.626426 218.7579 217.430858889 196.310911111 190.287361111 210.262235 257.710787778 281.676002222
yang2 277.30479 270.778513333 248.907136 203.76834 173.446864 164.004966 161.822865 162.605864 169.784498333 182.697622
yu2 190.302712 192.01732 187.805724 174.59149 159.27417 148.759326 145.78363 147.335508 156.444884 169.96202
shi4 185.44965 202.262257778 219.042185 235.822121111 250.979035556 235.96099 180.164526667 120.7426075 114.745325556 120.251855556
