sheng2 259.12701 259.12701 259.12701 259.063795714 255.334145714 259.86348 289.464285714 326.8261075 355.593395714 358.30462
wei3 353.210296 330.484736 297.545826 259.141816 218.653058333 192.311788 175.337664 164.792272 162.038844 163.57573
chang2 168.68134 177.508895714 186.51420875 195.50304 198.99189375 178.9981225 177.636422857 214.89323625 265.79955 287.57917875
wei3 287.626717143 273.60929375 241.571165714 196.493035 160.763407143 143.756597143 137.458875 132.519675714 125.15095875 107.142814286
jiang1 100.0820225 163.650793333 246.35471375 270.0500725 264.116715556 264.85742625 268.2806525 269.42542125 272.151725556 277.999565
zhong4 293.470648333 320.443358 348.931426667 369.465661667 370.818558333 362.871728 342.37968 312.942435 277.288282 245.852251667
dian3 215.464397143 209.769958571 202.611357143 182.073881429 161.55364 147.45018 139.702148571 138.228254286 145.623997143 161.11442
jiu4 192.42075125 219.05097875 235.345732222 227.2567625 206.09195125 192.79934375 185.4582625 181.981891111 180.83109 185.574155
ji4 190.767186 200.317688 232.211551667 270.682044 304.91847 335.321618 345.929694 343.447925 326.666942 297.33697
shu4 277.673512 274.514056 272.209416 269.904786 266.860814 256.61289 240.256156 229.588568 208.18517 193.387112
gai3 197.211546 205.344981667 200.772514 186.362946 163.847045 145.961464 140.034936 142.347856 149.439123333 150.519576
zao4 160.05549 189.239182857 217.44918875 222.939621429 208.62583 196.645805 184.186948571 173.654405 175.219268571 189.5612
he2 190.49216 188.00911 188.939175 189.947312857 190.708607143 191.357397143 189.353008571 185.75029125 191.357301429 199.557505714
jiu4 204.587791429 224.198371667 255.05403 285.968353333 317.252977143 348.237568333 358.205072857 352.543141667 339.512787143 330.871276667
ye4 322.8458 320.3413675 324.651904 336.1862325 349.847816 351.440918 343.892935 323.737426 302.35919 275.577058
deng3 258.963016667 248.7230075 238.483 230.291013333 214.904485 189.950386667 174.167656667 163.664586667 148.3383775 137.06928
wen4 124.448181667 117.298784286 132.11803 158.107484286 193.17375 201.710398333 198.31804 187.900503333 176.645857143 171.510585
ti2 184.90173625 186.26751625 181.6860125 179.256065 178.52047375 182.02409375 187.80068375 189.378965 203.79841 242.60632125
kai1 254.98976375 264.644835714 274.5757475 284.506684286 294.958355 315.758104286 331.676445 339.749305714 344.08090625 326.618982857
zhan3 296.379118333 275.83171 260.411658 250.6681 203.623836667 144.894803333 132.761015 104.79115 62.3453433333 60.5820283333
diao4 63.247192 114.95892 205.198558 249.931671667 251.731576 243.841952 227.507665 201.352492 174.46828 163.4845
yan2 156.369797778 150.385505 139.973086667 132.730577 132.714455556 136.877937778 144.706537 163.580005556 193.855563 212.017401111
