quan2 245.147 245.147 245.147 242.986291429 225.5333775 222.33855 248.988021429 290.916811429 317.81330375 319.038435714
guo2 315.00221 316.1415025 317.3063475 315.8548725 307.58352 302.2021025 298.9991825 297.120805 295.39222 293.901955
ren2 291.874315 281.222895 264.461795 254.55827 249.002402 243.451 234.32112 231.41061 231.482185 232.962585
min2 237.419588333 239.562033333 237.575351667 229.59282 214.281355714 204.107146667 202.332175 205.411555 218.996383333 234.821163333
dai4 249.917354 270.90121 311.71972 345.443794 352.175628333 351.18484 344.649042 328.51632 304.040914 263.176518
biao3 219.71273 219.134426 222.096036 213.814424 196.045858 180.4738575 161.681622 148.453852 151.327382 160.742904
da4 183.180346 204.457516667 219.405094 221.553616 218.891891667 211.174636 196.85177 180.740488 172.013651667 176.297474
hui4 184.7648125 189.63781 197.14819 204.16594875 202.35074875 186.7604125 176.17719625 176.28866375 180.7303325 186.81422
chang2 211.832011429 211.83202 211.83202 211.83202 210.465065714 195.677724286 185.95717 193.5150575 219.46745 262.503168571
wu4 296.090418 313.9579725 325.86211 338.471656 348.458864 352.220785 350.342566 339.385926 321.8984225 298.529224
wei3 269.822968 230.416926 200.49312 189.69972 182.834928 175.389782 159.167206 141.399826667 134.25817 133.53752
yuan2 135.174208 140.87961 141.652156 136.8844 136.496456 138.030232 139.5220675 141.786418 147.0666325 155.787038
hui4 176.25141125 201.100687143 227.05024625 254.65591 263.81805875 231.332205 202.227141429 185.49374375 176.804065714 179.3546425
ren4 180.122712857 184.335745 240.741338571 272.420741667 307.145851429 339.101413333 340.936384286 314.450225 280.702557143 248.920936667
mian3 222.92035 200.309611667 182.681954286 162.15422 147.676726667 138.247728333 133.66642 96.9138928571 71.4209916667 117.416518333
ming2 142.487534 144.943282 147.36621 149.419874 151.076416 152.81145 156.71715 163.117074 177.32395 192.919972
dan1 205.50360125 237.1522025 240.858097143 237.7240625 235.04366 236.87329125 242.05561125 244.70191 245.72321375 248.82224625
