guo4 372.26199 371.5709675 365.888948 360.815046 354.394972 336.96316 315.724158 288.783562 271.1793125 267.656354
qu4 275.48269 291.690296667 307.01939 319.892598889 310.120256667 276.938212222 241.789398889 214.35648375 202.821552222 203.272136667
shi4 200.968237 212.24419 227.332254 238.611231 228.06766 205.947607 190.040508 182.066195 177.666752 113.944417
ying2 118.785287143 189.376406667 209.557764286 199.617084286 193.75218 195.64826 211.36069 244.64187 273.095571667 292.736507143
song4 304.149188571 320.342285714 336.832741429 350.738381429 350.265364286 323.239832857 280.237705714 244.940418571 224.270244286 218.196828571
tai4 215.88622 230.515621667 253.047361667 275.265293333 286.398131429 274.653741667 237.46595 207.303866667 194.363208333 188.689293333
gong1 194.541696667 237.82731875 274.133188889 276.4612125 276.412672222 276.400007778 278.05596625 282.706395556 274.649395 265.567206667
qiu2 266.81749125 255.140593333 242.02460625 229.783005 216.757376667 203.20977625 184.5919 184.48669375 225.718797778 271.64112125
shen2 272.352215 253.638078889 232.81231125 213.50533875 188.749575556 168.95886 167.50266625 175.85335625 199.70704 230.41715875
bai4 255.098496667 306.602946667 340.96683 342.892063333 336.401081667 317.722833333 288.15244 252.798746 225.980715 203.292366667
fo2 182.891592857 180.290258571 178.934492857 177.57873 173.383755 162.740148571 161.133864286 164.667048571 166.425728571 190.019121429
sheng4 219.469418571 239.689345 265.537681429 291.392521667 316.911587143 330.539543333 316.849778571 277.93173 242.149275714 207.91845
xing2 187.021722727 185.514142727 186.705036364 175.375374545 157.695858182 151.458588182 151.028561818 161.871341818 195.811659091 216.814964545
