he2 209.81501 209.81502 209.81502 209.81502 209.850545 211.540663333 221.09364 256.689033333 296.20514 302.09117
lu3 292.932288 284.722704 282.62184 274.953938 250.070508 209.141672 174.668856 170.88852 172.100716 163.347182
li4 148.9732425 196.2635275 224.5928275 219.31013625 194.11962 162.273134286 135.967825 103.589155 87.02732125 86.6566
cheng2 208.146005714 208.14601 208.14601 208.14601 204.981675714 186.65756 183.792118571 192.37231 209.340552857 228.127928333
si1 237.475326667 251.758332857 266.89525 279.92982 283.550327143 280.90377 284.277933333 285.638161667 269.918897143 263.452688333
wei1 289.22653 298.270294286 297.11933875 296.229688571 295.01621625 294.363242857 294.15040125 294.429765714 293.646125 292.197098571
xu3 287.644367778 276.330236667 262.567737778 248.769097778 234.970455556 222.03423625 204.704756667 168.164675556 141.23187 151.304508889
jia1 179.355967143 211.871578333 246.353681429 278.221355 290.674088571 293.657894286 292.208053333 291.333962857 294.441935 300.857605714
lu4 303.697015 309.6876375 325.3013675 304.25671875 256.170342222 200.42178625 159.80842375 127.323045 149.57557875 210.29527
jiang3 232.8410025 232.841 232.841 226.075815 202.13877375 173.15075 143.38379375 126.8497375 124.165664286 141.792625
zheng4 188.908908 215.732945 248.271574 282.49981 299.024744 300.086015 291.251516 273.599062 257.1845225 240.28782
hua2 217.629468 199.641024 194.476291 188.20464 166.635667 155.282373 162.212666 179.624337 201.827375 238.441841
wan4 325.807295 340.922801667 364.577126 368.387868333 364.02914 347.990498333 312.142736667 269.06097 236.10496 210.800931667
guo2 193.2984275 189.628304 190.4417875 191.8315625 192.667464 194.081175 200.602425 216.613215 239.502566 246.3524075
quan2 239.102626364 221.620695455 208.791716364 190.529149091 165.117560909 165.435624545 163.39129 179.372040909 211.571832727 245.102248182
zhou1 354.353 354.353 345.804336667 335.595593333 337.110941667 341.202422 346.905573333 351.581573333 350.88907 331.564625
tie3 314.728866667 297.152338 277.898 258.643672 239.389333333 218.025816 189.35906 158.012928 149.925775 156.662756
nong2 157.830814444 148.152975 151.431181111 155.0035225 151.035314444 155.922522222 174.90732 203.907967778 218.15744875 205.371877778
wang2 259.263074286 219.402832857 191.861141429 185.42566 185.272122857 188.214116667 203.630957143 244.116777143 278.055317143 290.476545714
wen2 286.05272 277.1547325 269.2079475 257.548405 223.620516 194.1332925 181.2531975 179.6425425 184.40327 194.0648975
yuan2 208.440858571 218.414381429 213.447837143 198.290208571 171.8687225 145.611405714 140.143837143 142.846801429 154.99386 176.076384286
chu1 192.054844 204.191352 214.557038 224.966786 235.333166 242.359732 238.955706 228.574388 226.952 226.220576
xi2 215.516777143 205.51146125 196.975927143 189.096962857 179.133735 157.7643175 83.3301314286 59.6416257143 61.18032625 61.4732085714
