bo2 230.442008 231.2433925 236.154066 240.09854 247.232716 264.68083 287.572532 313.6946175 333.8888 343.63487
hai3 343.12047 328.487902 306.68565 284.845088 267.108105 241.214606 192.97807 165.693056 156.004318333 152.687248
wan1 154.09961875 177.873642857 219.65435125 243.170755714 256.15547875 262.7845925 264.602697143 270.487865 279.760407143 283.86711125
he2 287.516142857 287.25149 282.938664286 277.471775714 251.956857143 213.229551667 201.528795714 198.792085714 201.854226667 205.020585714
qiong2 201.471245 204.075034286 210.839885 217.679905714 222.35014875 211.587285 198.049688571 204.867895 228.34907 248.4187525
zhou1 262.32639 281.671814 303.7193 322.765466 328.059338 332.188398 334.843046 337.735425 337.323312 326.776672
hai3 310.895511667 290.842081667 269.549455 248.309431667 229.934735 195.449101667 165.345598333 153.42883 153.251448333 159.207973333
xia2 162.5074725 168.1428475 174.560597778 180.30522875 178.98366875 167.63817875 164.08776 170.994322222 185.55148125 200.07065625
ke4 207.728055714 223.833395714 249.798618571 276.174434286 302.550241429 328.192586667 358.363014286 356.545065714 327.492732857 276.833908571
gun3 243.802196667 233.399318333 222.98362 206.740908333 187.784065 173.467998 158.63115 147.901581667 143.616781667 149.847436667
chuan2 170.707457143 180.577517143 189.89650125 199.198417143 204.596985714 196.776377143 180.325927143 178.08015875 186.040475714 196.264472857
yun4 198.54473 192.969018333 194.557398 243.42064 286.467706667 307.043025 312.060115 300.584358 283.056456667 266.31663
shu1 254.053213333 255.473411667 269.779695 286.026576667 302.27344 316.331375 320.108291667 320.145166667 319.78559 317.418943333
shi4 316.980306 322.826244 331.450832 340.111498 347.22046 346.90529 330.174272 291.48133 251.426522 209.827846
chang3 199.61796875 195.256335714 189.9818 184.707262857 179.22863625 164.855995714 144.28639125 123.33348 128.96375125 142.631697143
zhuan1 274.685 274.685 275.029652 286.113886 297.61333 300.1690225 301.505236 303.396966 306.691602 308.648358
xiang4 307.67245 297.801801667 293.868774286 292.883625 292.049295714 276.117452857 231.974131667 185.403371429 155.142611667 153.910455714
zheng3 163.432848 166.9947575 170.271242 171.5716875 169.145644 163.7837525 154.395252 142.19169 124.900118 111.5546975
dun4 152.496741429 187.114748333 214.20488 225.561733333 222.917885714 211.514176667 193.651865714 168.056803333 136.159904286 123.795
