219.240 221.719 222.678 210.699 198.056 172.861 171.338 168.318 155.597 167.177
186.521 198.675 228.295 251.797 271.966 273.984 276.877 277.801 279.440 284.803
290.723 297.190 301.379 267.926 243.664 210.034 200.694 191.808 183.959 198.042
214.937 217.048 242.947 268.350 306.250 318.106 335.774 339.766 339.482 337.382
321.458 302.035 289.690 250.223 215.053 168.413 143.629 139.167 125.139 139.274
158.646 174.751 199.173 220.504 229.707 212.574 190.985 172.843 154.031 159.157
182.047 181.308 184.616 190.934 197.735 188.860 170.143 145.896 125.696 118.733
126.046 123.329 133.771 144.107 163.045 158.652 156.485 159.851 155.844 161.878
182.013 174.527 184.180 189.569 197.345 180.839 165.850 156.487 147.916 153.146
197.635 190.343 202.077 200.313 200.005 171.724 152.859 149.204 147.619 151.632
170.215 179.489 190.383 178.950 170.462 141.237 122.085 119.433 104.468 115.616
142.686 159.424 182.763 195.544 192.485 181.337 153.446 148.322 141.255 147.429
124.161 149.009 163.023 181.200 171.622 145.761 99.897 98.288 85.249 105.100
218.876 218.341 224.929 214.150 203.890 175.639 174.708 170.114 160.260 172.487
198.692 207.261 237.736 257.210 278.297 276.180 280.638 281.572 285.388 286.130
296.716 299.894 303.829 270.001 245.129 209.737 199.474 190.243 184.079 196.965
219.231 220.335 246.883 272.511 309.645 320.599 338.524 340.826 341.813 335.878
326.406 304.193 292.558 252.801 217.461 170.849 144.254 139.902 126.908 139.240
164.514 180.121 205.362 226.184 236.725 216.459 196.137 175.344 157.844 159.448
186.460 183.981 187.866 192.801 200.317 189.377 170.489 144.523 126.163 117.231
128.155 121.896 135.146 146.834 166.410 161.901 159.840 161.288 157.220 161.814
195.288 181.533 192.110 199.716 209.781 186.624 162.160 147.019 127.967 135.245
176.147 188.946 215.907 232.700 254.232 242.080 234.923 226.426 212.442 202.685
195.197 189.877 193.880 184.973 176.949 149.045 120.043 114.953 103.918 120.410
138.337 151.670 174.507 189.807 187.760 177.966 146.864 145.822 133.290 141.761
126.413 147.101 160.580 176.758 165.789 149.818 100.624 98.783 83.475 107.306
217.199 219.909 221.877 213.028 205.112 180.011 176.746 169.444 156.891 170.069
190.992 203.803 233.120 257.648 274.551 275.693 281.331 282.948 282.776 284.964
296.595 304.322 303.976 274.213 245.687 214.002 205.717 195.260 186.952 201.541
220.030 222.537 249.138 278.233 309.572 319.653 338.993 341.296 339.595 336.109
325.499 306.722 290.081 255.136 214.329 168.449 147.224 139.024 126.681 140.407
162.428 182.220 203.748 229.259 233.147 216.406 198.865 178.174 157.517 161.776
186.758 187.257 188.872 196.802 199.345 190.324 172.076 147.083 123.396 117.886
124.895 120.058 126.081 139.707 147.515 141.167 145.282 146.970 150.685 164.317
191.917 206.899 232.788 263.743 297.423 315.464 317.740 301.004 266.217 231.552
229.193 211.008 200.019 197.084 194.169 178.584 175.096 186.866 191.092 204.007
222.874 228.343 228.128 214.438 183.495 149.048 122.089 114.669 96.523 113.096
135.198 154.370 168.056 186.783 177.482 170.414 143.585 149.262 131.454 144.662
129.544 158.414 165.928 192.786 172.799 153.000 108.365 114.572 90.272 121.325
222.392 225.594 223.192 213.643 203.894 177.553 179.486 177.301 162.922 174.067
193.482 206.397 233.542 257.105 275.357 278.416 281.199 284.952 284.232 286.245
293.812 301.205 300.944 269.548 242.957 212.217 202.937 195.679 185.830 200.058
215.250 218.637 242.817 269.808 304.743 317.756 335.934 340.634 338.826 336.952
320.952 302.816 286.374 251.163 214.015 168.904 145.910 141.751 127.340 139.688
159.548 176.986 196.911 220.785 228.641 214.317 193.690 177.722 156.104 159.999
181.348 182.062 180.968 189.782 194.253 187.840 169.079 148.434 123.880 115.607
118.308 111.096 114.961 127.162 134.536 131.400 126.251 138.816 137.989 151.881
175.451 182.693 186.302 193.249 206.999 203.906 200.582 215.884 229.477 240.417
251.048 241.443 230.691 223.972 216.691 199.979 190.461 209.128 207.027 207.982
215.380 219.345 214.678 203.534 176.930 145.075 115.688 114.831 98.052 114.574
128.410 145.624 159.695 175.716 170.464 167.562 139.011 149.047 131.683 145.469
128.969 150.325 156.607 172.515 159.916 142.264 95.670 98.350 82.595 114.834
224.259 222.813 224.685 210.475 203.827 176.561 176.468 166.399 165.544 170.895
193.925 203.595 231.943 257.344 271.507 272.607 276.825 274.445 281.508 279.850
299.148 303.710 303.991 272.971 242.683 210.427 201.040 190.189 186.886 195.716
221.830 222.739 247.344 275.552 307.714 321.094 337.914 339.548 344.016 335.109
329.391 308.804 292.172 254.592 213.025 169.192 145.100 136.681 129.796 138.492
170.477 184.270 205.191 228.734 230.643 216.538 197.494 176.016 162.805 161.814
191.330 188.556 189.467 196.862 196.685 188.163 169.668 140.609 125.890 113.898
127.956 120.705 126.125 135.551 141.821 136.648 137.507 140.410 147.011 153.488
190.746 218.496 262.662 293.752 310.624 299.579 274.035 243.796 208.992 191.961
212.516 215.604 228.953 243.645 252.199 250.326 254.445 256.810 261.827 255.564
264.537 256.431 245.240 216.915 182.227 152.083 124.184 119.441 105.326 121.998
136.746 155.920 170.805 188.080 175.851 173.129 145.769 145.055 133.453 140.259
125.571 149.506 166.989 186.386 166.874 150.876 107.995 103.719 89.453 113.089
227.869 228.894 231.991 215.617 201.976 177.601 176.117 171.559 163.879 171.414
192.334 205.645 235.922 259.845 276.667 282.613 284.887 287.071 290.917 288.437
298.785 304.603 305.599 272.514 243.962 213.989 204.356 195.781 192.769 202.009
218.547 221.331 248.824 275.797 308.065 320.763 336.725 341.814 343.174 336.959
324.671 305.049 290.626 252.002 212.570 168.390 145.018 138.275 129.529 138.476
160.275 179.012 202.032 225.789 231.954 216.428 196.455 177.342 161.392 161.188
184.712 184.898 187.383 193.434 195.808 188.678 169.319 144.194 125.615 114.962
121.431 117.920 126.390 134.909 145.025 139.512 140.481 143.956 149.531 156.934
184.271 216.410 263.592 299.517 323.197 317.787 294.384 265.425 227.897 207.922
212.387 209.704 216.793 222.712 232.357 223.957 219.814 208.958 200.509 186.719
186.583 185.559 189.310 179.594 162.953 139.887 116.887 111.889 103.341 118.105
136.426 155.683 175.067 193.454 183.733 177.683 152.223 152.823 138.809 145.920
122.262 152.009 158.556 184.982 167.090 155.115 109.036 104.128 93.285 113.821
220.500 218.049 224.883 209.061 201.683 173.376 169.752 161.119 153.557 166.910
188.158 197.650 229.738 250.689 270.207 267.419 270.763 267.934 274.242 276.979
296.957 298.403 305.565 270.034 245.154 204.902 195.567 182.658 179.432 190.852
218.167 218.431 248.650 274.012 311.489 318.933 333.291 333.709 334.882 329.080
322.905 302.026 291.626 250.742 212.654 164.155 139.102 129.596 120.684 133.317
166.192 178.797 206.902 225.690 233.126 207.834 187.134 163.381 147.668 150.251
184.419 180.683 189.200 193.346 201.349 188.277 167.128 139.732 120.932 111.232
127.430 115.791 127.253 131.968 145.053 134.615 133.529 135.005 140.425 150.685
189.681 196.815 225.787 248.664 289.453 293.771 301.998 305.404 305.768 288.792
291.826 265.136 252.889 218.833 191.452 155.177 132.789 134.777 135.621 147.994
183.302 191.024 201.345 184.991 169.852 139.005 115.030 112.669 96.646 113.138
137.546 156.280 179.666 194.654 189.270 175.715 144.736 142.222 129.895 139.476
122.614 150.902 167.004 187.371 179.088 152.018 108.804 106.100 85.198 110.697
220.192 221.482 219.721 210.155 198.921 174.480 171.887 166.162 160.070 171.168
190.745 203.109 230.210 255.017 270.097 270.848 275.467 277.381 277.145 280.269
295.838 302.754 302.100 272.925 244.210 212.121 203.710 194.408 186.094 200.238
219.593 221.848 247.256 276.534 308.112 318.202 337.608 340.301 338.820 334.496
324.860 305.898 289.260 254.402 214.418 168.093 146.411 139.202 126.725 139.594
162.608 181.120 202.079 227.168 232.253 215.052 196.727 177.029 156.409 159.362
186.594 186.173 187.358 195.671 198.985 190.006 171.529 147.018 122.758 115.189
125.171 117.238 123.064 136.452 144.348 136.450 138.565 141.773 147.315 161.289
198.480 214.387 241.036 271.439 307.967 325.313 331.492 314.726 280.971 237.417
227.948 210.105 200.306 189.522 173.533 148.120 134.447 140.936 143.233 156.972
182.213 192.623 201.241 194.459 177.068 143.927 124.869 116.604 100.811 112.813
137.744 154.798 175.650 193.569 188.470 176.093 149.351 146.454 135.888 143.104
123.570 154.184 160.886 190.273 174.922 158.236 109.802 105.065 91.536 108.387
219.205 219.759 218.035 208.916 199.750 175.501 170.845 165.589 162.073 171.834
195.403 206.092 234.055 262.561 280.564 284.003 288.003 287.692 290.571 287.074
299.291 303.576 303.204 273.382 246.588 215.498 205.642 195.121 189.739 200.878
222.234 222.886 247.861 275.678 309.369 320.780 339.821 341.782 343.451 336.161
328.064 306.522 290.003 252.893 215.113 170.204 146.804 140.103 129.332 139.674
164.781 180.143 201.199 225.014 232.848 216.987 196.906 176.864 159.750 160.151
186.931 184.936 185.601 193.346 197.978 190.090 170.794 145.210 125.003 114.623
123.273 113.555 120.744 128.700 140.642 134.197 132.544 137.029 139.029 145.676
168.901 168.831 179.720 183.752 195.731 180.240 172.624 181.187 205.442 223.070
251.843 258.170 273.513 296.673 307.490 289.592 266.292 238.283 211.525 187.359
181.032 177.284 180.732 176.698 167.074 145.942 115.445 111.334 105.674 123.017
132.719 147.779 165.269 182.485 177.908 170.718 137.332 138.744 130.701 138.943
120.264 146.401 155.054 173.674 162.375 145.167 95.290 88.433 84.832 106.373
220.728 222.455 223.167 211.120 203.859 176.966 172.825 169.849 162.838 177.070
191.903 203.970 233.579 256.628 275.011 277.839 281.229 282.851 284.989 288.452
294.156 302.300 303.546 272.758 243.184 211.779 202.616 193.657 185.912 201.785
217.799 219.557 245.285 271.656 306.510 318.622 338.280 340.962 339.586 337.642
323.998 305.928 290.452 253.757 214.111 169.339 146.290 140.461 126.606 140.180
158.919 178.376 198.516 223.020 227.775 214.407 194.549 174.819 154.340 160.160
179.988 180.705 183.546 190.272 195.948 186.746 172.405 146.996 126.612 119.545
118.845 115.687 124.992 136.381 146.582 140.410 143.452 147.638 150.940 166.077
187.996 202.956 234.333 270.323 307.802 320.320 309.378 289.755 256.126 227.469
228.056 216.215 221.490 232.806 241.648 222.724 200.528 181.887 162.560 162.705
160.602 168.180 177.439 176.701 168.168 145.140 118.921 113.983 99.698 120.347
128.383 146.560 161.930 178.862 171.723 167.657 138.732 143.525 130.421 143.494
116.863 146.640 159.358 179.666 166.279 151.758 105.506 108.517 87.862 116.346
220.690 220.925 221.477 205.510 197.223 171.454 165.371 161.243 158.321 164.553
189.146 198.659 227.604 250.381 268.012 268.982 270.204 267.733 273.485 275.199
297.092 300.353 304.061 270.365 243.220 208.009 197.957 186.626 184.378 194.004
219.637 218.176 246.477 272.423 307.107 316.483 332.606 334.302 338.999 331.958
323.977 303.003 291.750 250.595 212.513 165.706 141.621 133.965 125.134 134.971
162.817 176.258 201.415 222.786 228.368 210.337 190.588 170.120 155.271 154.782
185.155 181.931 185.990 191.579 194.946 185.732 166.358 139.652 123.159 110.781
121.884 112.531 122.309 128.862 138.150 130.998 128.049 132.391 137.446 142.464
173.225 172.461 185.020 185.679 200.021 192.234 189.056 194.097 219.248 224.236
249.323 230.213 221.325 207.718 197.374 171.642 158.215 164.300 172.724 180.631
209.648 214.853 223.952 207.066 185.315 145.770 115.687 104.049 92.758 102.227
131.848 142.409 167.454 179.691 179.596 168.175 139.309 141.353 135.001 138.780
129.139 152.022 164.355 182.459 165.843 141.309 96.159 93.758 87.155 102.370
231.422 233.029 226.942 217.543 207.063 183.535 178.631 175.388 163.506 171.249
203.916 214.436 240.971 267.971 284.284 287.890 290.997 293.393 296.418 291.088
303.210 307.555 304.279 274.631 243.600 213.602 204.344 195.201 189.837 199.976
222.861 221.869 245.661 274.215 305.209 318.741 338.501 340.085 342.061 335.686
326.430 306.742 287.118 253.001 212.496 169.607 146.777 140.581 129.892 139.348
164.566 181.118 197.651 223.773 226.452 216.066 197.220 178.491 160.916 160.762
186.398 184.751 183.386 192.111 193.652 187.015 172.206 146.681 129.392 117.931
123.821 118.120 122.872 136.445 144.004 139.473 143.025 146.265 153.417 163.225
193.576 210.586 236.268 271.294 301.304 323.583 325.578 306.958 275.795 234.692
243.434 214.462 194.490 184.779 177.794 161.002 153.622 160.693 169.112 185.783
216.308 222.237 226.505 210.093 182.873 149.669 122.551 111.464 97.126 108.444
134.855 148.075 162.266 181.058 171.135 169.852 148.121 146.907 135.428 145.538
126.648 159.367 164.849 190.851 175.865 168.623 126.183 119.771 105.538 126.594
235.130 232.626 231.525 215.343 207.184 177.371 176.872 170.608 160.644 171.152
194.245 205.144 234.976 256.121 274.353 276.151 278.563 279.683 283.566 285.663
298.867 304.176 306.397 270.847 243.508 210.244 201.614 190.947 187.036 199.879
220.358 220.811 248.175 273.070 307.670 320.365 339.006 340.684 343.022 338.727
328.384 307.799 295.221 254.530 216.341 169.915 146.779 139.221 129.322 140.790
164.662 180.719 204.360 225.313 230.831 215.134 197.244 175.977 160.963 164.172
189.350 186.454 190.170 195.811 197.941 189.329 172.922 145.767 128.814 120.291
130.459 124.739 137.197 147.448 160.247 155.857 158.002 159.106 158.395 164.314
184.991 185.588 201.146 198.889 192.336 166.048 141.064 124.863 108.294 117.356
143.377 156.693 179.319 201.712 221.426 226.233 225.864 215.117 204.057 190.677
190.505 188.058 195.820 186.333 171.758 144.507 126.057 115.112 105.679 121.180
141.517 154.861 178.519 194.111 186.269 179.490 161.277 153.471 140.379 148.207
131.559 153.302 173.327 194.319 174.708 155.221 121.805 110.028 88.624 115.241
218.915 219.668 216.439 204.735 195.472 175.141 173.218 171.386 159.853 169.177
186.800 199.391 224.553 250.663 267.584 271.832 274.484 274.436 276.243 277.931
294.508 298.425 298.531 269.164 243.693 211.635 202.475 194.003 186.891 198.015
217.105 220.875 242.437 270.698 307.028 320.876 337.052 340.950 340.082 335.273
323.181 303.115 285.213 249.748 212.346 169.289 145.462 138.845 127.808 138.179
166.521 179.793 200.143 222.732 230.740 213.601 193.143 173.110 154.821 157.197
184.789 183.811 182.931 190.788 197.103 188.709 170.361 145.499 124.333 113.483
125.732 117.049 122.972 130.884 144.070 138.529 136.794 144.678 145.623 153.008
184.377 199.269 229.690 256.300 283.893 287.973 286.295 285.738 291.295 296.799
303.488 287.062 281.387 277.554 278.741 261.052 244.765 224.831 197.876 184.845
173.796 172.955 178.098 169.614 158.551 137.861 117.977 116.818 103.991 121.796
140.863 157.658 178.377 194.564 188.767 179.740 153.925 152.557 137.050 144.848
122.397 148.180 170.448 186.874 179.870 156.874 115.806 113.666 87.347 112.196
215.975 214.861 215.901 204.267 198.395 172.793 166.670 161.157 152.405 166.033
191.369 203.612 232.636 258.691 277.965 279.444 281.997 280.691 283.027 281.890
294.021 299.331 300.809 270.395 243.181 208.955 200.173 189.972 182.100 194.097
217.550 220.186 245.758 273.625 309.505 320.635 336.712 339.009 338.370 333.318
325.819 305.347 288.984 251.557 211.346 165.453 141.465 133.980 124.369 136.546
166.334 182.767 205.702 226.786 233.373 211.998 191.472 170.633 151.115 154.774
180.552 180.719 186.445 192.911 202.799 191.221 174.770 147.979 126.769 115.940
123.033 113.589 123.059 132.597 143.260 135.050 130.643 136.758 138.104 147.360
173.395 185.030 212.843 238.007 261.524 259.229 255.482 251.963 249.688 254.368
265.556 259.041 265.086 276.036 282.257 263.060 259.726 261.133 256.241 253.343
251.187 242.901 235.060 214.225 189.340 156.276 125.024 119.192 100.204 120.065
128.398 143.522 165.650 181.142 178.565 172.710 145.931 147.106 127.851 144.245
124.325 147.980 171.745 187.225 175.026 156.551 120.804 115.947 92.008 123.751
232.531 227.888 228.744 212.384 202.775 175.655 174.398 165.687 158.263 166.148
197.386 207.660 237.394 261.055 279.984 281.801 284.737 282.352 289.289 282.119
301.550 302.576 303.991 272.233 245.912 210.692 200.574 188.925 186.036 192.569
221.966 221.962 246.786 273.957 308.886 320.432 336.152 337.038 340.581 330.099
327.658 305.380 290.896 252.384 213.287 169.314 142.804 134.380 127.307 134.210
170.788 182.091 203.109 222.549 229.693 209.755 189.987 168.507 154.926 152.881
184.536 182.582 188.141 194.072 203.983 192.646 174.320 144.253 129.055 112.991
130.398 116.410 126.923 136.462 149.392 140.869 138.378 140.678 145.520 147.495
173.976 185.379 210.886 231.323 257.770 253.880 252.518 243.924 254.055 250.587
276.794 262.941 268.437 255.663 245.807 207.828 179.464 159.957 143.795 139.270
154.568 161.207 177.717 172.953 170.882 145.918 121.515 112.482 105.151 116.845
149.126 162.298 188.650 203.516 205.130 197.028 164.654 158.282 153.033 148.787
133.032 151.468 176.576 188.601 177.698 153.200 99.898 99.524 87.904 110.086
226.420 223.766 219.113 211.037 197.516 176.584 172.353 167.994 159.180 168.973
195.788 206.603 231.004 258.986 271.588 273.149 276.618 275.313 279.416 278.776
298.707 302.449 300.805 273.959 242.389 208.248 198.241 189.391 182.814 192.450
221.025 222.509 244.447 276.085 307.878 320.545 335.896 337.651 339.187 331.247
325.439 305.514 288.008 253.775 212.313 168.933 143.912 136.902 126.765 135.811
170.064 184.137 203.690 229.653 231.032 213.558 192.426 171.450 153.724 153.750
188.767 187.004 183.867 193.383 191.521 182.744 163.777 137.962 121.313 110.178
129.026 125.177 135.287 151.328 165.560 159.011 156.128 157.472 150.332 151.495
175.547 182.791 199.994 232.730 268.861 290.345 300.123 303.951 304.064 294.800
294.137 262.721 238.568 211.016 189.546 150.077 139.382 148.831 159.942 185.686
216.830 221.504 224.862 204.333 178.597 144.631 119.621 116.958 95.467 109.120
143.863 159.698 180.379 198.850 193.321 184.570 160.647 159.481 141.390 143.539
134.846 153.633 172.077 187.731 172.985 150.415 106.583 110.362 82.913 109.943
217.441 220.485 224.091 206.745 196.517 171.117 169.399 162.851 157.593 167.955
197.706 206.724 239.288 260.006 279.393 278.343 279.761 279.942 285.222 285.853
295.825 300.831 305.390 269.223 242.268 207.951 198.446 187.315 182.709 194.989
217.428 217.178 247.183 271.119 305.754 315.971 333.392 335.386 337.378 334.323
322.330 302.615 291.866 250.443 211.992 164.671 141.947 133.488 124.252 136.625
160.036 176.027 201.164 221.655 227.187 209.434 190.126 168.845 153.184 156.615
185.134 182.313 187.727 190.945 192.111 182.809 164.824 139.068 122.070 114.920
118.044 117.363 134.343 140.779 158.317 151.703 150.327 149.165 143.914 150.839
173.112 170.612 182.742 183.198 196.423 187.721 182.940 194.001 221.040 241.181
238.266 228.305 228.305 203.837 185.110 147.598 138.580 147.876 167.079 191.429
209.390 214.177 227.026 202.286 183.006 144.836 119.333 108.123 95.386 111.439
136.925 153.464 180.665 189.458 190.470 180.163 152.929 148.452 143.006 148.064
131.831 151.944 167.942 183.516 178.306 149.850 100.297 91.771 83.236 104.325
215.815 219.476 217.866 208.083 198.140 175.781 174.474 169.578 160.922 169.565
195.810 207.321 231.497 257.053 269.856 274.482 278.079 280.059 283.046 283.622
294.950 302.292 299.896 271.952 241.773 213.697 204.963 196.991 190.558 201.352
220.112 221.787 244.523 274.291 304.145 318.789 337.530 341.245 343.135 337.605
325.722 307.149 287.436 253.119 212.375 169.633 147.650 141.633 130.704 140.644
163.688 180.269 198.368 224.563 226.487 215.568 197.245 180.387 163.804 164.190
185.938 186.826 183.245 194.520 194.108 189.443 172.805 148.442 128.178 117.228
124.205 117.533 121.345 133.092 140.592 136.543 137.422 143.290 143.883 151.120
174.563 174.358 178.600 185.331 190.211 178.507 175.845 191.142 216.599 235.336
260.738 281.677 294.748 304.444 289.207 261.625 242.191 219.398 197.943 183.040
178.687 181.897 185.076 182.773 166.431 145.184 125.485 118.199 112.202 126.871
140.837 161.729 178.357 198.770 189.450 183.822 164.483 162.297 151.456 151.535
128.892 159.579 168.927 187.592 169.539 154.698 116.940 109.938 98.111 120.142
223.221 224.269 231.046 211.390 203.553 175.189 171.556 165.165 161.271 167.569
194.326 202.539 233.122 251.262 273.215 273.111 271.924 273.447 281.278 278.663
294.317 296.160 302.793 268.152 246.023 210.737 199.316 190.231 187.502 194.851
218.789 218.009 245.913 268.599 307.260 318.696 333.199 336.704 341.144 333.573
323.861 300.940 291.412 248.367 215.006 168.585 142.079 136.292 127.571 134.087
161.921 174.371 199.508 218.335 231.099 212.437 191.264 171.647 158.135 154.873
183.638 179.742 183.873 187.811 196.256 187.617 166.861 141.327 127.707 112.719
129.987 116.864 132.519 141.049 159.214 154.209 152.279 154.291 161.593 163.526
175.681 171.171 182.151 186.232 196.012 186.681 164.076 141.744 129.616 120.606
154.047 172.038 203.459 220.836 235.597 212.429 194.511 184.508 176.060 168.232
168.800 173.091 188.191 181.917 175.665 148.007 122.451 113.622 107.181 117.066
136.140 153.571 174.873 192.774 193.178 187.625 157.810 154.561 147.802 147.899
130.643 152.158 161.358 174.562 164.569 146.667 97.912 90.018 78.084 102.148
225.665 228.647 230.101 220.639 209.755 182.363 177.693 170.825 158.294 173.061
196.487 207.565 237.366 261.773 281.833 283.057 286.663 286.685 287.332 286.651
298.839 302.756 303.370 270.062 243.371 209.337 200.560 190.729 183.158 196.834
216.403 219.938 246.762 273.611 309.445 320.415 336.634 339.466 336.623 334.401
321.947 303.021 288.081 250.865 211.791 167.022 144.126 135.606 124.452 137.629
164.764 180.122 203.973 225.561 232.204 212.110 192.835 170.728 152.096 157.622
184.404 183.979 187.622 194.401 200.693 190.236 171.323 146.100 122.876 115.340
125.528 116.383 124.308 130.503 138.957 131.531 130.041 136.106 139.756 152.288
183.574 193.552 224.261 253.757 294.016 300.320 308.540 310.255 310.518 301.762
298.443 271.902 253.112 224.052 199.261 166.863 148.242 149.092 145.622 156.686
179.224 188.789 194.938 185.494 168.269 141.436 120.085 117.098 100.474 118.940
138.072 158.331 179.605 195.923 189.786 182.466 155.138 154.887 141.030 152.801
129.319 151.439 172.386 190.638 180.733 159.163 115.843 113.281 91.750 118.547
224.136 227.777 225.010 218.677 205.946 186.391 180.867 171.953 158.577 170.922
192.700 206.222 236.234 262.946 280.225 284.941 289.904 289.708 291.096 291.336
300.249 306.845 304.731 274.080 244.131 213.993 204.931 194.498 187.758 201.176
221.675 223.356 248.962 278.030 309.237 321.495 340.010 341.540 341.649 337.975
326.707 307.971 290.328 254.547 213.634 169.280 147.454 139.214 128.341 141.488
164.819 182.508 203.864 228.544 231.123 216.931 198.508 178.376 160.319 163.942
188.167 187.456 188.069 196.743 197.634 189.763 172.288 146.773 125.594 118.493
125.333 119.471 125.606 134.754 142.466 136.034 136.480 139.877 141.757 151.992
193.479 195.630 200.470 201.252 199.703 184.669 186.719 211.674 249.503 273.298
287.229 267.835 253.636 229.982 198.150 164.636 146.209 145.233 143.709 154.802
194.166 202.082 208.752 197.451 177.305 147.533 126.507 117.460 104.742 117.649
140.837 156.400 181.195 194.476 189.066 179.671 153.485 147.953 139.324 145.978
123.660 146.017 161.884 176.777 160.347 144.362 94.967 92.033 80.780 101.890
227.056 228.385 226.103 214.411 203.061 178.214 171.017 166.486 160.162 165.417
192.004 203.690 233.280 257.832 275.630 277.057 280.232 280.826 286.493 284.754
300.290 303.877 304.538 273.307 243.581 211.124 200.444 191.587 188.863 197.915
220.007 222.420 248.036 276.726 309.079 322.981 337.314 340.179 342.577 335.328
325.635 305.869 289.973 252.674 211.662 167.967 143.964 135.648 128.846 137.470
168.103 183.574 206.055 228.796 232.583 214.620 193.913 173.226 159.336 159.807
187.304 186.351 189.116 195.978 199.623 190.882 171.321 144.388 126.750 114.014
127.593 121.451 128.898 135.830 146.539 139.347 139.066 143.633 146.765 151.977
188.676 209.168 248.724 275.736 297.988 298.140 296.978 298.104 301.662 295.860
309.407 298.619 294.543 289.146 276.924 243.197 216.054 192.964 171.616 159.570
160.695 166.830 177.911 170.721 158.390 138.585 117.533 113.107 103.815 119.200
137.864 157.530 178.985 195.270 188.786 180.071 152.489 149.468 142.117 145.232
119.623 148.230 168.344 184.603 169.153 147.307 100.082 98.186 87.612 110.661
221.614 219.976 219.124 210.462 202.309 177.254 172.274 167.104 158.525 167.632
197.453 206.561 232.953 261.183 278.705 281.240 285.236 283.840 289.058 283.472
300.428 302.538 300.889 272.179 244.282 211.931 202.375 192.263 187.476 196.781
221.730 222.844 244.926 274.226 308.890 322.062 339.008 340.346 341.879 333.406
327.621 305.597 287.647 252.043 212.878 170.326 145.595 137.691 128.728 137.265
170.615 182.430 200.737 222.542 228.880 211.509 192.260 172.127 156.293 156.455
185.968 184.028 185.555 194.030 201.173 191.329 174.848 147.038 129.038 115.078
128.339 117.563 124.879 137.523 150.760 144.570 144.389 149.016 150.225 152.204
190.001 208.917 242.443 269.922 294.452 294.609 294.374 294.905 296.310 284.570
275.252 248.478 231.608 215.728 197.609 171.482 160.511 167.124 170.677 181.086
203.772 209.543 211.959 195.433 170.578 141.064 115.304 109.969 94.030 112.643
141.516 158.220 177.850 193.187 184.951 177.684 151.719 150.923 136.517 144.144
133.422 150.387 166.966 183.744 166.898 144.988 103.582 105.072 84.120 110.473
218.209 219.348 225.125 210.826 204.064 173.553 170.331 160.613 152.806 167.514
193.173 203.273 236.500 256.774 277.724 274.543 277.272 276.465 279.961 281.598
296.572 301.288 306.196 271.023 244.687 207.704 199.042 186.339 179.502 192.469
218.546 220.029 250.778 276.227 311.668 320.020 335.245 336.300 335.749 331.049
323.729 303.935 292.879 252.374 212.908 164.847 141.427 131.050 121.837 135.133
166.826 182.399 209.891 229.074 235.119 210.939 191.769 167.298 150.376 154.692
186.516 184.151 193.345 196.692 203.775 189.914 170.268 142.178 121.915 114.083
127.169 119.309 130.843 133.858 145.408 134.080 135.760 136.740 140.914 153.299
183.453 190.683 220.644 242.267 275.814 283.820 294.270 294.998 296.258 291.052
320.757 305.936 303.839 293.202 288.461 256.611 232.500 209.860 184.555 176.811
178.955 177.629 189.041 174.812 163.139 136.290 118.496 110.475 97.211 119.312
141.990 161.478 189.894 202.695 197.515 179.576 154.826 149.190 133.786 143.761
130.886 151.473 173.241 182.079 175.941 144.394 103.915 96.750 82.258 109.704
218.971 219.249 216.265 206.537 195.728 174.044 171.291 168.054 156.946 172.546
188.522 201.828 231.296 257.359 274.930 279.546 283.654 283.080 282.569 287.326
293.528 302.141 302.356 270.901 242.519 211.863 203.322 193.416 183.814 201.213
218.059 220.962 246.574 274.627 308.510 320.470 340.141 342.085 340.148 338.991
324.793 306.654 290.578 254.143 214.678 169.157 147.298 140.407 126.214 142.100
161.339 180.382 201.829 225.691 230.649 215.734 196.689 177.037 156.408 163.717
185.243 184.866 187.263 195.467 199.147 190.718 173.609 149.819 124.763 120.571
121.918 115.951 123.211 132.945 141.723 135.113 136.301 142.002 140.081 155.131
179.070 182.733 190.420 192.088 204.061 190.756 188.592 196.922 208.747 229.472
248.985 260.458 274.916 294.680 300.228 285.909 272.014 252.676 227.804 214.480
196.168 191.601 190.010 184.949 167.581 146.282 122.298 120.104 106.045 130.411
140.835 160.542 177.002 197.798 187.100 180.101 153.200 155.374 137.381 150.005
128.274 158.894 158.643 182.975 162.576 146.422 99.331 102.112 86.098 114.593
217.129 216.718 217.676 202.783 197.225 175.874 174.663 169.526 156.539 169.659
188.847 201.153 231.497 254.919 276.516 278.479 280.617 282.189 281.946 284.431
291.345 297.658 301.376 268.707 244.134 210.190 200.398 191.926 183.568 197.283
214.931 218.603 245.836 271.177 309.945 319.549 336.564 340.975 338.472 334.565
320.592 301.055 288.165 249.594 215.457 168.674 143.652 139.298 124.750 136.702
157.686 176.017 197.916 218.365 231.358 212.751 191.373 175.334 153.715 157.410
178.052 177.900 186.000 190.091 203.893 192.279 176.326 151.794 129.731 119.295
121.640 116.427 130.749 142.256 157.654 151.415 153.067 160.141 163.699 173.681
197.529 215.333 249.496 277.285 312.742 312.126 304.630 283.674 249.831 215.640
209.612 186.175 177.352 167.200 159.981 140.004 133.256 140.406 142.161 154.961
173.846 185.417 194.977 188.237 173.510 142.160 124.578 116.892 99.142 112.043
134.911 151.956 171.821 194.385 190.558 182.283 156.923 152.125 138.669 149.097
128.539 152.551 160.134 190.950 175.247 155.817 111.754 103.325 84.288 106.341
215.536 218.093 217.669 208.455 200.940 175.003 173.607 168.724 155.645 170.706
189.417 201.953 227.660 252.404 270.929 273.629 275.705 277.403 278.055 282.626
293.598 299.009 300.030 268.763 243.161 209.809 201.059 192.433 183.925 197.465
216.451 218.025 242.724 268.993 305.193 316.084 333.736 337.764 336.708 334.589
319.905 301.050 286.080 249.280 212.991 167.124 144.173 139.019 124.808 137.861
157.507 173.894 195.586 219.184 227.970 211.792 191.232 173.310 152.354 156.130
180.103 179.536 180.619 187.724 193.301 185.218 166.452 143.478 121.475 113.322
118.051 111.484 118.603 128.226 140.928 133.830 134.253 139.463 144.645 157.748
184.794 205.122 241.942 273.717 305.116 309.415 300.651 283.941 255.424 228.432
231.662 224.801 228.307 229.938 230.089 201.711 184.535 170.360 161.497 164.692
161.679 167.856 181.215 174.914 167.703 140.043 118.595 110.714 97.185 111.824
131.109 142.673 167.085 181.692 179.524 169.415 144.513 146.369 134.663 140.548
125.997 146.704 160.054 181.101 172.033 146.773 104.115 100.275 86.929 103.576
219.539 222.106 227.128 210.315 200.309 175.290 175.380 170.744 162.144 166.169
196.606 207.765 235.497 258.592 274.783 276.243 277.007 277.242 282.855 280.669
295.459 299.266 302.297 270.442 243.453 209.984 200.466 190.797 188.050 195.392
217.374 220.074 246.959 274.213 308.258 320.993 334.242 338.247 340.444 333.529
322.672 303.127 288.387 250.092 210.249 166.649 142.296 134.245 127.633 135.099
165.596 180.360 204.258 226.273 231.418 212.587 191.377 170.989 157.577 157.243
184.776 184.509 187.606 193.167 197.986 189.135 169.215 143.027 125.864 112.123
124.548 117.044 126.648 134.026 146.133 140.494 137.606 143.069 148.359 152.845
187.059 197.031 230.768 257.555 293.863 300.579 302.836 302.625 310.864 302.594
292.563 265.373 249.576 224.700 199.620 164.677 140.443 137.810 139.225 144.578
174.522 183.424 196.687 178.678 171.296 141.385 121.608 110.345 101.989 115.779
154.319 169.320 199.697 207.768 205.326 190.212 159.724 149.537 143.892 145.940
127.212 146.535 174.230 183.064 175.950 153.165 110.124 104.203 87.891 104.170
222.534 220.227 222.952 210.401 198.344 176.259 171.792 163.796 159.398 168.502
194.888 205.378 238.600 261.004 277.442 278.982 283.503 282.511 287.640 287.852
298.321 304.445 307.570 275.458 245.600 212.547 202.510 192.032 188.835 199.999
221.954 222.754 251.539 277.818 311.073 323.395 340.146 341.418 344.545 337.928
328.934 308.961 295.158 255.292 215.739 170.167 145.106 138.631 129.454 139.732
164.590 183.714 206.063 226.919 231.236 215.791 194.577 175.448 160.199 163.008
185.384 184.089 191.963 195.488 202.759 192.299 176.061 147.941 131.718 120.658
126.626 125.428 137.485 149.399 159.710 154.949 157.084 160.222 166.406 174.166
205.316 225.818 260.650 295.954 325.113 327.173 309.061 275.574 241.701 209.086
212.200 196.067 193.932 185.549 179.374 153.593 134.878 133.077 138.865 150.595
180.015 192.100 202.692 187.517 173.288 141.220 122.006 108.255 99.123 113.541
148.535 164.567 192.103 200.992 191.334 177.513 150.623 144.906 141.089 148.196
124.744 152.421 170.733 188.290 171.133 148.953 104.969 98.263 88.268 107.585
221.137 221.438 221.330 207.175 201.135 171.093 171.056 165.023 156.199 166.077
190.409 200.886 231.211 254.382 273.928 271.006 275.268 274.790 275.219 276.124
293.867 299.076 302.534 270.585 245.127 208.364 198.864 188.073 179.498 191.713
217.897 217.854 246.415 271.985 308.207 315.197 333.555 335.710 335.250 328.765
320.788 300.950 288.411 250.137 213.566 165.720 141.181 135.396 122.404 133.907
160.155 177.495 201.225 224.088 233.107 213.225 192.620 171.631 149.865 151.259
182.858 180.953 186.360 189.691 197.210 184.973 167.245 141.359 120.627 111.042
118.305 110.774 124.630 133.809 147.027 137.289 138.362 141.502 146.020 157.493
188.698 197.417 228.531 259.765 299.705 313.677 315.144 301.211 276.485 246.264
238.895 219.145 223.255 229.116 235.360 210.711 195.425 179.608 162.710 160.829
161.379 166.162 176.676 173.127 164.157 136.726 112.775 107.405 93.504 110.881
132.685 147.993 172.061 189.907 186.251 176.162 146.763 144.917 130.874 137.485
118.539 139.229 158.831 180.311 159.053 140.691 94.651 93.784 72.665 99.579
219.348 222.969 223.022 211.992 199.084 172.193 170.586 163.015 155.145 167.239
193.568 205.155 233.948 259.694 276.019 275.782 279.810 280.200 280.924 284.189
294.298 299.826 302.108 272.907 245.194 211.041 200.809 191.521 183.691 196.977
218.189 220.349 246.481 275.328 309.984 319.583 337.354 339.360 338.402 333.331
322.077 303.021 287.669 251.819 213.995 167.662 143.236 138.473 124.213 137.191
159.891 179.170 201.118 226.114 233.646 216.336 194.652 175.108 152.723 156.136
181.746 181.336 185.788 192.099 199.195 187.992 170.615 146.310 124.663 116.131
119.474 113.994 124.116 136.008 148.467 139.759 140.986 145.105 149.502 162.935
192.667 209.101 237.067 268.986 304.879 321.980 324.028 310.513 280.932 242.964
232.331 198.496 182.577 167.963 169.333 153.693 153.597 171.331 185.544 201.697
209.653 215.928 220.057 202.056 178.350 143.451 113.813 106.566 91.774 109.412
130.241 149.723 168.927 182.878 181.926 174.201 143.517 144.561 131.824 140.152
124.539 154.449 159.926 175.919 164.179 148.518 98.027 96.426 87.651 108.623
218.255 217.911 220.477 210.179 202.181 176.108 171.754 165.852 158.775 172.941
188.864 198.891 226.586 248.650 271.102 273.657 275.389 278.524 279.494 283.095
292.158 296.020 299.689 266.010 244.635 211.368 200.955 193.166 185.365 198.690
215.386 218.325 242.817 266.735 307.552 319.985 336.794 341.291 339.929 336.269
321.655 300.408 287.207 247.623 216.189 170.409 144.372 141.060 126.351 138.472
159.345 174.107 197.835 218.158 232.863 215.142 191.824 174.135 153.982 156.769
181.015 178.289 181.409 186.494 197.653 189.241 168.792 145.240 121.920 112.812
119.456 109.355 117.598 125.425 139.145 133.440 131.154 138.899 142.780 155.735
180.250 196.812 227.278 264.000 314.233 326.577 317.049 296.171 260.086 233.004
243.032 228.843 227.574 229.170 236.336 224.253 208.108 214.389 203.984 206.361
179.352 174.224 177.424 168.082 161.336 138.116 114.030 112.816 98.074 115.370
138.274 151.246 170.643 183.593 181.015 169.318 142.183 147.743 128.052 140.215
131.908 146.102 154.192 175.444 169.958 152.449 106.615 110.647 92.152 118.261
229.692 226.572 222.932 208.051 197.663 176.059 176.871 168.668 159.697 167.729
196.925 207.235 233.285 259.897 276.195 283.016 284.930 284.155 287.109 283.720
300.868 303.860 301.916 271.199 243.527 211.908 203.401 192.760 188.020 197.430
219.825 220.572 244.708 272.065 304.705 318.859 335.154 337.973 338.263 333.884
323.742 303.806 286.109 250.917 210.341 168.055 145.495 136.250 127.868 136.868
168.263 180.298 200.271 222.578 226.904 211.427 193.960 172.792 158.185 158.582
186.810 185.619 185.317 192.798 196.629 189.036 171.764 144.739 126.564 114.323
127.442 117.793 123.124 130.100 139.034 133.971 134.462 138.262 143.530 150.430
183.748 190.159 220.557 249.648 284.678 290.885 297.238 297.791 302.976 298.190
313.556 299.773 298.041 292.096 278.055 257.645 241.703 230.773 214.620 207.101
184.775 180.506 178.564 168.217 153.492 137.210 117.692 117.133 107.749 123.584
147.452 161.272 181.455 199.154 189.435 184.238 157.511 153.829 141.982 147.419
127.814 142.238 157.934 174.608 165.270 148.715 105.621 96.856 87.958 103.989
220.142 221.146 224.907 209.910 202.592 176.545 175.605 168.119 158.406 168.933
192.251 203.149 232.961 254.459 277.205 276.668 279.202 280.861 284.564 284.943
292.454 298.811 303.276 271.799 247.380 212.010 201.357 192.714 184.536 196.919
216.364 217.459 243.376 267.665 307.611 317.331 335.016 338.634 339.039 333.326
321.622 301.531 288.537 249.642 215.012 168.762 142.428 139.653 125.277 135.997
158.670 176.051 198.151 220.721 232.011 214.728 191.855 172.732 151.748 153.870
177.786 177.388 181.351 186.885 197.517 186.011 169.291 144.198 125.130 114.799
118.711 112.008 123.700 134.919 151.375 143.422 143.964 148.409 151.658 161.758
181.470 203.296 243.605 280.623 316.683 314.485 292.415 266.573 231.349 209.895
216.411 206.736 215.646 223.346 238.806 222.240 207.486 195.120 184.154 177.318
171.135 171.942 176.040 171.485 164.398 139.169 112.103 111.899 100.612 118.241
129.833 146.481 163.182 181.937 178.722 170.252 138.740 144.024 131.153 140.895
118.785 144.813 160.707 179.667 172.634 154.136 108.991 112.525 93.914 117.677
225.233 221.384 222.043 209.371 197.180 173.503 167.913 157.170 156.234 163.823
192.152 200.797 229.499 254.619 268.947 272.792 275.285 272.434 279.867 278.270
299.789 300.611 302.375 268.744 239.318 206.119 196.573 185.441 184.903 192.947
219.843 220.009 246.774 273.737 306.344 318.953 334.497 336.119 340.003 332.380
325.339 304.992 289.739 250.851 209.695 165.700 142.455 132.272 127.136 135.901
168.925 181.153 204.057 225.250 227.599 210.283 191.545 169.227 157.822 157.230
188.753 185.945 188.919 194.692 196.448 187.856 169.394 140.833 126.561 113.399
128.308 121.136 128.214 134.471 142.625 136.227 136.056 138.651 145.215 151.752
180.296 191.955 225.869 254.305 279.801 287.316 287.864 287.214 297.550 299.019
315.549 297.002 290.177 286.813 282.851 257.456 228.439 206.182 184.954 171.766
176.623 176.850 179.670 168.259 153.598 137.112 113.628 114.791 107.792 125.307
142.316 161.924 183.303 198.441 185.976 182.991 152.963 153.245 143.656 147.596
127.953 147.623 163.765 179.081 168.550 150.967 104.637 106.933 93.273 118.829
221.719 224.077 221.679 212.879 202.790 175.568 174.672 168.825 157.281 170.402
195.310 205.566 231.160 258.292 272.978 272.951 278.346 274.278 275.597 279.684
295.421 301.334 301.378 272.354 244.400 210.100 202.388 190.070 180.419 195.107
218.483 220.663 245.317 273.977 307.325 317.305 335.122 336.424 333.298 331.883
322.652 303.706 288.285 253.285 211.888 166.805 144.830 135.095 122.783 136.845
166.151 180.438 202.506 226.233 229.456 208.755 192.046 168.689 149.340 155.506
185.264 184.228 186.151 195.290 198.646 188.032 170.391 144.847 120.851 115.047
126.049 117.325 123.407 134.539 144.681 137.035 138.699 141.625 139.970 152.601
184.399 197.353 221.952 250.242 286.705 291.886 305.523 308.748 303.555 289.028
283.623 261.149 248.448 226.115 212.369 190.660 187.634 198.473 195.300 205.573
212.498 216.758 216.325 201.258 172.627 142.735 117.296 116.384 96.151 118.775
135.558 150.828 169.936 186.003 179.698 173.882 145.061 151.139 132.826 145.789
125.370 148.018 160.003 178.965 170.012 144.568 92.877 97.821 78.394 105.891
226.939 228.786 230.161 217.291 206.306 179.265 175.722 169.918 158.418 173.252
201.553 210.775 240.192 264.007 283.283 280.787 283.935 281.894 283.877 283.279
299.695 302.865 304.225 271.464 243.592 207.979 199.579 187.411 180.571 193.072
218.557 219.814 248.141 275.249 309.092 317.513 334.105 336.117 333.745 329.965
322.993 303.475 289.696 252.600 211.617 165.443 142.785 132.687 122.241 135.228
166.413 180.902 205.190 226.754 231.732 209.018 192.010 168.486 150.285 154.297
186.435 184.500 190.112 196.536 201.536 189.797 170.843 143.556 121.303 113.538
127.866 118.788 127.824 135.007 146.540 136.990 138.741 140.425 140.349 150.921
183.866 192.865 223.960 251.007 284.530 286.583 297.436 297.319 298.109 289.453
312.479 303.722 301.154 293.725 285.162 254.534 233.728 214.787 188.598 180.487
178.003 176.458 182.026 171.749 156.040 134.270 114.290 112.128 96.511 118.748
140.581 157.266 180.224 193.738 181.735 170.572 147.149 146.260 128.405 141.351
122.254 146.598 170.108 191.185 176.732 164.246 123.683 115.475 98.577 123.560
221.967 221.253 221.613 205.851 198.638 173.270 172.028 161.247 157.341 168.290
196.090 206.171 237.659 257.767 276.936 277.221 280.461 279.648 283.599 286.968
296.306 302.219 305.445 269.695 244.440 209.082 200.893 188.984 183.571 196.688
216.709 217.136 246.093 269.985 305.351 316.425 333.859 336.395 336.975 335.559
321.816 302.506 290.774 250.886 212.815 165.663 143.766 135.672 125.565 137.918
159.569 176.046 200.564 221.849 228.310 210.930 192.381 171.281 154.203 158.158
184.991 182.398 186.282 189.499 191.503 181.471 164.088 139.365 121.800 115.238
116.177 115.552 131.971 138.721 159.355 152.435 151.750 151.764 145.831 152.657
174.931 172.698 183.709 184.359 199.979 190.182 188.057 204.025 230.151 246.807
252.214 244.392 244.618 228.436 223.243 199.314 197.480 207.438 217.719 222.137
232.090 230.911 236.554 212.490 187.636 146.868 120.631 107.254 94.354 108.466
131.311 145.191 170.707 177.379 177.322 164.356 138.637 136.122 127.257 137.723
118.837 141.419 159.536 175.397 168.901 144.356 103.240 95.508 81.146 104.076
212.138 215.820 219.196 204.779 198.891 170.452 167.117 157.919 148.293 163.288
189.107 200.395 232.870 253.870 273.388 272.024 274.661 274.607 277.194 279.842
293.263 298.910 304.438 269.393 245.189 208.621 199.652 187.764 180.664 194.106
217.529 217.029 245.899 270.248 306.821 316.155 334.201 335.805 337.293 333.607
322.966 302.497 291.720 250.578 214.165 165.828 142.008 135.071 123.942 136.801
160.838 176.341 202.057 222.159 230.709 210.746 189.580 168.325 150.793 154.775
184.489 180.989 186.529 190.604 195.689 184.678 165.466 139.443 119.827 112.658
118.886 113.993 129.978 136.722 155.207 145.307 141.182 142.651 138.693 147.948
170.305 166.798 180.154 181.543 199.106 186.004 174.528 185.161 205.572 227.616
238.944 255.574 279.910 299.226 313.022 294.195 276.290 251.747 225.592 198.563
184.257 178.392 183.542 175.602 165.596 137.791 109.456 105.400 101.873 121.922
135.210 151.458 173.294 187.366 182.199 173.448 142.176 143.658 132.987 141.710
122.217 148.067 160.369 182.867 171.529 158.588 109.895 102.953 89.588 115.732
