xin1 3.223645324707031250e+02 3.297915039062500000e+02 3.089254150390625000e+02 3.156367187500000000e+02 3.281306152343750000e+02 3.227431640625000000e+02 3.099418334960937500e+02 3.036620788574218750e+02 3.037089538574218750e+02 2.904826049804687500e+02
zang4 2.708557128906250000e+02 2.864386596679687500e+02 2.742490234375000000e+02 2.785983276367187500e+02 2.795239868164062500e+02 2.542971649169921875e+02 2.349760437011718750e+02 2.212920379638671875e+02 2.226004791259765625e+02 2.116669616699218750e+02
bing4 2.055904693603515625e+02 2.299431152343750000e+02 2.363348388671875000e+02 2.535671691894531250e+02 2.674125366210937500e+02 2.504089965820312500e+02 2.299359436035156250e+02 2.180527038574218750e+02 2.218932189941406250e+02 2.086118927001953125e+02
tu1 2.228462219238281250e+02 2.405855712890625000e+02 2.389790649414062500e+02 2.577386169433593750e+02 2.938065490722656250e+02 2.931965942382812500e+02 2.861592712402343750e+02 2.829804687500000000e+02 2.850938415527343750e+02 2.674112243652343750e+02
fa1 2.588114318847656250e+02 2.725711975097656250e+02 2.648658447265625000e+02 2.809214477539062500e+02 3.018961181640625000e+02 2.966759338378906250e+02 2.885835571289062500e+02 2.826765441894531250e+02 2.826937866210937500e+02 2.659433288574218750e+02
he2 2.513333740234375000e+02 2.369580993652343750e+02 2.124409484863281250e+02 2.144238128662109375e+02 2.341046142578125000e+02 2.325833892822265625e+02 2.179929199218750000e+02 2.105819702148437500e+02 2.202626953125000000e+02 2.108716583251953125e+02
qi2 2.127928619384765625e+02 2.203999938964843750e+02 2.067823638916015625e+02 2.174707794189453125e+02 2.313725280761718750e+02 2.303064270019531250e+02 2.141972961425781250e+02 2.126997680664062500e+02 2.233741760253906250e+02 2.160112457275390625e+02
ta1 2.093399810791015625e+02 2.310177001953125000e+02 2.339665679931640625e+02 2.636663513183593750e+02 2.964654541015625000e+02 2.967800598144531250e+02 2.894037780761718750e+02 2.855611267089843750e+02 2.852009277343750000e+02 2.608999633789062500e+02
mao2 2.519517669677734375e+02 2.382586517333984375e+02 2.067342681884765625e+02 1.940804290771484375e+02 1.925185241699218750e+02 1.790586547851562500e+02 1.725481872558593750e+02 1.781582031250000000e+02 1.948255920410156250e+02 1.964561614990234375e+02
bing4 2.567519226074218750e+02 2.710745544433593750e+02 2.619203796386718750e+02 2.664975585937500000e+02 2.675047607421875000e+02 2.509969635009765625e+02 2.254722747802734375e+02 2.087387237548828125e+02 2.165292053222656250e+02 1.936399078369140625e+02
ru2 2.072658233642578125e+02 2.094722900390625000e+02 1.931962280273437500e+02 1.993148803710937500e+02 2.153635864257812500e+02 2.144919586181640625e+02 2.178526611328125000e+02 2.241774749755859375e+02 2.379508209228515625e+02 2.237734680175781250e+02
wan4 2.203947906494140625e+02 2.374611968994140625e+02 2.404613647460937500e+02 2.525505828857421875e+02 2.671070556640625000e+02 2.557892303466796875e+02 2.340885314941406250e+02 2.212217254638671875e+02 2.219050750732421875e+02 2.046003875732421875e+02
guan3 2.220723724365234375e+02 2.282908935546875000e+02 2.110852050781250000e+02 2.099823760986328125e+02 2.091134796142578125e+02 1.831107482910156250e+02 1.573524627685546875e+02 1.477099304199218750e+02 1.569332427978515625e+02 1.525935821533203125e+02
zheng1 1.719264373779296875e+02 2.039574890136718750e+02 2.178522338867187500e+02 2.436297912597656250e+02 2.709307250976562500e+02 2.677506408691406250e+02 2.585970153808593750e+02 2.578731384277343750e+02 2.604712524414062500e+02 2.467025604248046875e+02
hou4 2.403299102783203125e+02 2.449458160400390625e+02 2.402932739257812500e+02 2.591461486816406250e+02 2.773838500976562500e+02 2.702851257324218750e+02 2.481162872314453125e+02 2.210157775878906250e+02 2.185841827392578125e+02 2.005697326660156250e+02
cu4 1.963255004882812500e+02 2.070686950683593750e+02 2.044718017578125000e+02 2.257986450195312500e+02 2.543420257568359375e+02 2.531149902343750000e+02 2.411177673339843750e+02 2.215075531005859375e+02 2.168559875488281250e+02 1.965145263671875000e+02
deng3 1.802474212646484375e+02 1.883880462646484375e+02 1.589280242919921875e+02 1.505722808837890625e+02 1.440828247070312500e+02 1.160314331054687500e+02 1.013234634399414062e+02 9.834800720214843750e+01 1.166770553588867188e+02 1.218966140747070312e+02
