zai4 3.122536926269531250e+02 3.236505737304687500e+02 3.075561828613281250e+02 3.086806030273437500e+02 3.168614807128906250e+02 2.982193298339843750e+02 2.876995239257812500e+02 2.724586791992187500e+02 2.770015869140625000e+02 2.563495483398437500e+02
ha1 2.514274291992187500e+02 2.637362976074218750e+02 2.632218627929687500e+02 2.887267761230468750e+02 3.280937194824218750e+02 3.221607055664062500e+02 3.227954711914062500e+02 3.125004882812500000e+02 3.166473693847656250e+02 2.894989013671875000e+02
er3 2.542133636474609375e+02 2.468176574707031250e+02 2.238642272949218750e+02 2.112408294677734375e+02 2.173974151611328125e+02 2.023484191894531250e+02 1.837352905273437500e+02 1.762839965820312500e+02 1.803254852294921875e+02 1.666012420654296875e+02
bin1 1.750668640136718750e+02 2.037575531005859375e+02 2.138404693603515625e+02 2.423094177246093750e+02 2.769918518066406250e+02 2.764951477050781250e+02 2.759322204589843750e+02 2.789707031250000000e+02 2.819450683593750000e+02 2.547529144287109375e+02
bei3 2.382061462402343750e+02 2.388421783447265625e+02 2.217086791992187500e+02 2.121670227050781250e+02 2.128076171875000000e+02 1.946524200439453125e+02 1.754164123535156250e+02 1.681734619140625000e+02 1.771151275634765625e+02 1.658618011474609375e+02
huan2 1.813912963867187500e+02 1.923718872070312500e+02 1.809544372558593750e+02 2.000643463134765625e+02 2.231813049316406250e+02 2.206614074707031250e+02 2.078670501708984375e+02 2.064997406005859375e+02 2.195950317382812500e+02 2.180527191162109375e+02
lu4 2.096007843017578125e+02 2.302994079589843750e+02 2.302027740478515625e+02 2.473790740966796875e+02 2.651241760253906250e+02 2.572551574707031250e+02 2.410122222900390625e+02 2.250908508300781250e+02 2.279102935791015625e+02 2.077582397460937500e+02
shang5 2.164725799560546875e+02 2.233549499511718750e+02 2.152301483154296875e+02 2.234853363037109375e+02 2.353231506347656250e+02 2.161828460693359375e+02 1.925953216552734375e+02 1.795438690185546875e+02 1.876639251708984375e+02 1.837059783935546875e+02
hui1 2.005742797851562500e+02 2.170356292724609375e+02 2.185282440185546875e+02 2.461315612792968750e+02 2.859302368164062500e+02 2.903999328613281250e+02 2.818767395019531250e+02 2.757143249511718750e+02 2.751889953613281250e+02 2.633245239257812500e+02
qiao1 2.500824584960937500e+02 2.628953857421875000e+02 2.567258605957031250e+02 2.779358215332031250e+02 3.009526672363281250e+02 2.956298828125000000e+02 2.877575378417968750e+02 2.795450134277343750e+02 2.777807922363281250e+02 2.637730407714843750e+02
lun1 2.508902130126953125e+02 2.593429565429687500e+02 2.515908050537109375e+02 2.673025512695312500e+02 2.849020996093750000e+02 2.793828735351562500e+02 2.743644409179687500e+02 2.728669128417968750e+02 2.709396057128906250e+02 2.508063354492187500e+02
gao3 2.132348327636718750e+02 2.146916961669921875e+02 1.718923034667968750e+02 1.586739501953125000e+02 1.462100067138671875e+02 1.177067947387695312e+02 1.008851013183593750e+02 8.973916625976562500e+01 1.128922653198242188e+02 1.112059478759765625e+02
