tang2 2.436988677978515625e+02 2.439802703857421875e+02 2.313225555419921875e+02 2.317987976074218750e+02 2.341776733398437500e+02 2.235986328125000000e+02 2.142378540039062500e+02 2.251691284179687500e+02 2.464617919921875000e+02 2.465420837402343750e+02
dai4 2.446792602539062500e+02 2.728322448730468750e+02 2.821116943359375000e+02 2.863294677734375000e+02 2.928522033691406250e+02 2.797359619140625000e+02 2.583835754394531250e+02 2.486854858398437500e+02 2.533113861083984375e+02 2.355528869628906250e+02
shi1 2.432485504150390625e+02 2.561165771484375000e+02 2.576301269531250000e+02 2.814359436035156250e+02 3.194007873535156250e+02 3.190621032714843750e+02 3.231570739746093750e+02 3.166636047363281250e+02 3.192614440917968750e+02 2.892146301269531250e+02
ren2 2.639428405761718750e+02 2.562742919921875000e+02 2.223756408691406250e+02 2.153490600585937500e+02 2.201083221435546875e+02 2.192679290771484375e+02 2.163522796630859375e+02 2.168873748779296875e+02 2.367469940185546875e+02 2.258396911621093750e+02
liu2 2.152329254150390625e+02 2.227460327148437500e+02 2.074068908691406250e+02 2.097615051269531250e+02 2.160521545410156250e+02 2.173031005859375000e+02 2.157671966552734375e+02 2.237636566162109375e+02 2.454121551513671875e+02 2.366094207763671875e+02
yu3 2.350806732177734375e+02 2.308202514648437500e+02 2.073835906982421875e+02 1.971857604980468750e+02 1.957384490966796875e+02 1.852853851318359375e+02 1.638796997070312500e+02 1.535635833740234375e+02 1.673065032958984375e+02 1.534532318115234375e+02
xi1 1.718789062500000000e+02 1.950142669677734375e+02 1.962763214111328125e+02 2.248486480712890625e+02 2.539326934814453125e+02 2.570855102539062500e+02 2.438635711669921875e+02 2.415583953857421875e+02 2.370765228271484375e+02 2.250945434570312500e+02
ceng2 2.382754974365234375e+02 2.396044769287109375e+02 2.213245849609375000e+02 2.257655029296875000e+02 2.382494506835937500e+02 2.258252410888671875e+02 2.102670593261718750e+02 2.105806274414062500e+02 2.291963195800781250e+02 2.222236480712890625e+02
jing1 2.324137878417968750e+02 2.539662322998046875e+02 2.563117370605468750e+02 2.810729980468750000e+02 3.070052490234375000e+02 3.036104736328125000e+02 3.001115417480468750e+02 2.969255065917968750e+02 2.975920410156250000e+02 2.723783264160156250e+02
ru2 2.391795806884765625e+02 2.337014770507812500e+02 2.042006378173828125e+02 2.011025543212890625e+02 2.130045776367187500e+02 2.128791046142578125e+02 2.139163208007812500e+02 2.155555419921875000e+02 2.312395172119140625e+02 2.174017791748046875e+02
ci3 2.263715057373046875e+02 2.215593719482421875e+02 2.046082916259765625e+02 2.047985687255859375e+02 2.111179046630859375e+02 2.006058807373046875e+02 1.741750640869140625e+02 1.554408721923828125e+02 1.602925415039062500e+02 1.495196685791015625e+02
shuo1 1.612688751220703125e+02 1.847895812988281250e+02 1.902986450195312500e+02 2.199909973144531250e+02 2.559690704345703125e+02 2.601852111816406250e+02 2.547840118408203125e+02 2.491368255615234375e+02 2.461208496093750000e+02 2.300746002197265625e+02
guo5 1.956566772460937500e+02 2.026256408691406250e+02 1.812967529296875000e+02 1.720251464843750000e+02 1.711633148193359375e+02 1.431730346679687500e+02 1.243352813720703125e+02 1.122455520629882812e+02 1.316640319824218750e+02 1.302839813232421875e+02
