wei4 2.945357666015625000e+02 3.022975463867187500e+02 2.912388610839843750e+02 2.984006958007812500e+02 3.108647155761718750e+02 3.016197814941406250e+02 2.939468994140625000e+02 2.760307006835937500e+02 2.859477539062500000e+02 2.627634887695312500e+02
shi4 2.595000305175781250e+02 2.702778625488281250e+02 2.637156066894531250e+02 2.818084106445312500e+02 2.998236389160156250e+02 2.882401733398437500e+02 2.737628784179687500e+02 2.583092651367187500e+02 2.592828369140625000e+02 2.347462615966796875e+02
jie4 2.385774841308593750e+02 2.571490783691406250e+02 2.544485626220703125e+02 2.683647766113281250e+02 2.818503723144531250e+02 2.680183715820312500e+02 2.511045074462890625e+02 2.337802734375000000e+02 2.350333251953125000e+02 2.191119079589843750e+02
jing1 2.162339019775390625e+02 2.409142608642578125e+02 2.481187591552734375e+02 2.712679748535156250e+02 3.034342651367187500e+02 2.980878295898437500e+02 2.924502868652343750e+02 2.910924072265625000e+02 2.951480712890625000e+02 2.723703613281250000e+02
ji4 2.686937866210937500e+02 2.786487426757812500e+02 2.662788391113281250e+02 2.738504333496093750e+02 2.863200988769531250e+02 2.733456726074218750e+02 2.579902648925781250e+02 2.415695343017578125e+02 2.416502685546875000e+02 2.185133361816406250e+02
de5 2.093713531494140625e+02 2.223895568847656250e+02 2.142125091552734375e+02 2.176833496093750000e+02 2.307263488769531250e+02 2.193047332763671875e+02 2.125851440429687500e+02 2.093193206787109375e+02 2.162518005371093750e+02 2.042561340332031250e+02
jin4 1.941844787597656250e+02 2.225939178466796875e+02 2.324338378906250000e+02 2.566965637207031250e+02 2.749685058593750000e+02 2.659673156738281250e+02 2.514909667968750000e+02 2.399062042236328125e+02 2.396633605957031250e+02 2.144476013183593750e+02
zao3 2.189649200439453125e+02 2.252737121582031250e+02 2.096289825439453125e+02 2.100035552978515625e+02 2.070845642089843750e+02 1.834546356201171875e+02 1.633028411865234375e+02 1.532518768310546875e+02 1.670202941894531250e+02 1.614564056396484375e+02
fu4 1.581899414062500000e+02 1.873776550292968750e+02 1.998427276611328125e+02 2.244493865966796875e+02 2.532118835449218750e+02 2.503889312744140625e+02 2.391922760009765625e+02 2.295213317871093750e+02 2.250525512695312500e+02 2.049529876708984375e+02
su1 2.111068572998046875e+02 2.288044128417968750e+02 2.296103668212890625e+02 2.561015014648437500e+02 2.764345703125000000e+02 2.703553466796875000e+02 2.567205200195312500e+02 2.541430969238281250e+02 2.453317260742187500e+02 2.316931304931640625e+02
da3 2.240335083007812500e+02 2.354090423583984375e+02 2.167296447753906250e+02 2.075197753906250000e+02 2.076168212890625000e+02 1.896654357910156250e+02 1.726103515625000000e+02 1.684047546386718750e+02 1.783558654785156250e+02 1.652488861083984375e+02
kai1 1.840136718750000000e+02 2.071024627685546875e+02 2.089447631835937500e+02 2.403221893310546875e+02 2.817153320312500000e+02 2.819090881347656250e+02 2.841563415527343750e+02 2.788104553222656250e+02 2.815003967285156250e+02 2.594327697753906250e+02
le5 2.381644134521484375e+02 2.345206451416015625e+02 2.192534027099609375e+02 2.230064392089843750e+02 2.416152954101562500e+02 2.331464691162109375e+02 2.265731201171875000e+02 2.164793090820312500e+02 2.229916992187500000e+02 2.039779968261718750e+02
yi2 2.010237731933593750e+02 1.991372985839843750e+02 1.830597381591796875e+02 1.895570373535156250e+02 2.076605682373046875e+02 2.075886535644531250e+02 2.047325592041015625e+02 2.107104034423828125e+02 2.233441619873046875e+02 2.134387207031250000e+02
ge4 2.062158660888671875e+02 2.309308624267578125e+02 2.302484588623046875e+02 2.457009277343750000e+02 2.571153869628906250e+02 2.502589874267578125e+02 2.323167266845703125e+02 2.190246429443359375e+02 2.166504516601562500e+02 1.973387145996093750e+02
shi2 2.082433166503906250e+02 2.075123138427734375e+02 1.939175109863281250e+02 1.996741790771484375e+02 2.167442932128906250e+02 2.119350128173828125e+02 1.972905731201171875e+02 1.954105682373046875e+02 2.057089691162109375e+02 1.993640289306640625e+02
jian1 2.035097961425781250e+02 2.313353118896484375e+02 2.398362731933593750e+02 2.606670227050781250e+02 2.850079040527343750e+02 2.794841918945312500e+02 2.671594848632812500e+02 2.617975463867187500e+02 2.610769653320312500e+02 2.497892608642578125e+02
chuang1 2.389191741943359375e+02 2.505975189208984375e+02 2.448119812011718750e+02 2.650724487304687500e+02 2.905634460449218750e+02 2.856286926269531250e+02 2.742918090820312500e+02 2.653690795898437500e+02 2.636819763183593750e+02 2.499843292236328125e+02
kou3 2.138097991943359375e+02 2.077660980224609375e+02 1.704247741699218750e+02 1.637328948974609375e+02 1.651497192382812500e+02 1.376293487548828125e+02 1.166001510620117188e+02 1.032930068969726562e+02 1.126321945190429688e+02 1.135149536132812500e+02
