da4 3.079149169921875000e+02 3.152896423339843750e+02 3.053227233886718750e+02 3.114550781250000000e+02 3.134145812988281250e+02 3.006128845214843750e+02 2.830212097167968750e+02 2.734848632812500000e+02 2.748128356933593750e+02 2.552318267822265625e+02
qing4 2.537510833740234375e+02 2.687953491210937500e+02 2.660820617675781250e+02 2.867909545898437500e+02 3.029571838378906250e+02 2.903602905273437500e+02 2.738842163085937500e+02 2.589659423828125000e+02 2.578563232421875000e+02 2.325121917724609375e+02
de5 2.295101776123046875e+02 2.397816772460937500e+02 2.310016326904296875e+02 2.346432952880859375e+02 2.488875732421875000e+02 2.385526428222656250e+02 2.344463195800781250e+02 2.258192443847656250e+02 2.345859832763671875e+02 2.132081909179687500e+02
yang2 2.119689025878906250e+02 2.121411895751953125e+02 1.967360076904296875e+02 1.962665252685546875e+02 2.064652099609375000e+02 2.007560577392578125e+02 2.010513458251953125e+02 2.082830047607421875e+02 2.301448364257812500e+02 2.253049316406250000e+02
qun2 2.277016143798828125e+02 2.325587158203125000e+02 2.133773651123046875e+02 2.157215576171875000e+02 2.173609313964843750e+02 2.079615173339843750e+02 2.016718597412109375e+02 1.955982818603515625e+02 2.134902038574218750e+02 2.052157592773437500e+02
ze2 2.207902374267578125e+02 2.385432739257812500e+02 2.247906494140625000e+02 2.282332153320312500e+02 2.370157165527343750e+02 2.346649322509765625e+02 2.360299224853515625e+02 2.363218994140625000e+02 2.500641479492187500e+02 2.383454284667968750e+02
shi4 2.278503112792968750e+02 2.394148864746093750e+02 2.435648193359375000e+02 2.652465209960937500e+02 2.874401245117187500e+02 2.827319335937500000e+02 2.709337463378906250e+02 2.599257507324218750e+02 2.563972167968750000e+02 2.332769927978515625e+02
rong2 2.261131439208984375e+02 2.247073059082031250e+02 2.017194213867187500e+02 2.018928070068359375e+02 2.112723693847656250e+02 2.042202606201171875e+02 2.011735076904296875e+02 2.093191070556640625e+02 2.276833953857421875e+02 2.231118927001953125e+02
hua4 2.106870117187500000e+02 2.229449615478515625e+02 2.261986389160156250e+02 2.483404388427734375e+02 2.747453308105468750e+02 2.723562622070312500e+02 2.568494873046875000e+02 2.394337615966796875e+02 2.381665344238281250e+02 2.234604339599609375e+02
zai4 2.180905761718750000e+02 2.375244903564453125e+02 2.409374847412109375e+02 2.577019653320312500e+02 2.710464782714843750e+02 2.609313659667968750e+02 2.463146972656250000e+02 2.306673126220703125e+02 2.339658660888671875e+02 2.140260772705078125e+02
yan2 2.050213012695312500e+02 2.094550476074218750e+02 1.872621459960937500e+02 1.934221496582031250e+02 2.103863677978515625e+02 2.009486846923828125e+02 2.032315216064453125e+02 2.117955017089843750e+02 2.308139038085937500e+02 2.260050354003906250e+02
jian3 2.278084259033203125e+02 2.362848052978515625e+02 2.209657440185546875e+02 2.166456604003906250e+02 2.149139404296875000e+02 1.914990234375000000e+02 1.626977081298828125e+02 1.513024597167968750e+02 1.595977783203125000e+02 1.537041320800781250e+02
tan1 1.646289062500000000e+02 1.953791503906250000e+02 2.071216430664062500e+02 2.376138153076171875e+02 2.742919006347656250e+02 2.731744995117187500e+02 2.689527282714843750e+02 2.623337097167968750e+02 2.677999572753906250e+02 2.517683258056640625e+02
shang4 2.436015014648437500e+02 2.584290771484375000e+02 2.547209167480468750e+02 2.693891906738281250e+02 2.794906616210937500e+02 2.644576721191406250e+02 2.417436676025390625e+02 2.214822540283203125e+02 2.178390197753906250e+02 2.015240020751953125e+02
de5 1.981882476806640625e+02 2.085187072753906250e+02 1.992243041992187500e+02 2.129031219482421875e+02 2.250170898437500000e+02 2.141232299804687500e+02 2.067748718261718750e+02 1.985173950195312500e+02 2.051017608642578125e+02 1.903869476318359375e+02
yi2 1.912132110595703125e+02 1.944573974609375000e+02 1.783962707519531250e+02 1.883025207519531250e+02 2.033301544189453125e+02 2.018983154296875000e+02 1.994122619628906250e+02 2.061452178955078125e+02 2.189871978759765625e+02 2.122427215576171875e+02
pian4 2.034229888916015625e+02 2.274864349365234375e+02 2.323271026611328125e+02 2.551580200195312500e+02 2.743141174316406250e+02 2.721638488769531250e+02 2.474293212890625000e+02 2.284290466308593750e+02 2.254649505615234375e+02 2.074773254394531250e+02
pian4 2.097644653320312500e+02 2.244553985595703125e+02 2.264492187500000000e+02 2.493338775634765625e+02 2.731290283203125000e+02 2.688596496582031250e+02 2.511322021484375000e+02 2.287941741943359375e+02 2.254075469970703125e+02 2.068065185546875000e+02
he4 2.064812622070312500e+02 2.107724609375000000e+02 2.047351837158203125e+02 2.293348388671875000e+02 2.593500061035156250e+02 2.612282104492187500e+02 2.505285797119140625e+02 2.278441162109375000e+02 2.208730010986328125e+02 2.016222076416015625e+02
se4 1.983059997558593750e+02 2.103969421386718750e+02 2.096384735107421875e+02 2.327655334472656250e+02 2.560695800781250000e+02 2.547487030029296875e+02 2.437544708251953125e+02 2.233090515136718750e+02 2.140462646484375000e+02 1.915792388916015625e+02
de5 1.873600006103515625e+02 1.974961700439453125e+02 1.877154998779296875e+02 1.922137908935546875e+02 1.990429077148437500e+02 1.880390625000000000e+02 1.813692474365234375e+02 1.729457092285156250e+02 1.810284271240234375e+02 1.728088531494140625e+02
yin1 1.845814666748046875e+02 1.946745147705078125e+02 2.015517425537109375e+02 2.267910308837890625e+02 2.506535797119140625e+02 2.519700927734375000e+02 2.507731933593750000e+02 2.479434051513671875e+02 2.508844299316406250e+02 2.280087738037109375e+02
ying3 2.033758392333984375e+02 2.052058105468750000e+02 1.628556060791015625e+02 1.488110809326171875e+02 1.418822937011718750e+02 1.178850708007812500e+02 9.917935180664062500e+01 8.942353820800781250e+01 1.109190444946289062e+02 1.187987136840820312e+02
