xiao1 3.123532714843750000e+02 3.161995849609375000e+02 3.001369018554687500e+02 3.149241638183593750e+02 3.327035217285156250e+02 3.241332397460937500e+02 3.172825622558593750e+02 3.167080993652343750e+02 3.126741027832031250e+02 2.924717102050781250e+02
xiao3 2.694660339355468750e+02 2.637557983398437500e+02 2.356902313232421875e+02 2.328202362060546875e+02 2.344063262939453125e+02 2.063591918945312500e+02 1.857699279785156250e+02 1.772798919677734375e+02 1.807008056640625000e+02 1.687384185791015625e+02
liang2 1.815947113037109375e+02 1.922188262939453125e+02 1.809153900146484375e+02 1.890529327392578125e+02 1.994421386718750000e+02 1.899447937011718750e+02 1.832030944824218750e+02 1.960902252197265625e+02 2.149072113037109375e+02 2.180149993896484375e+02
pai1 2.125068206787109375e+02 2.352583160400390625e+02 2.405023345947265625e+02 2.637674865722656250e+02 2.944757690429687500e+02 2.926977844238281250e+02 2.845531921386718750e+02 2.783204650878906250e+02 2.825468750000000000e+02 2.683032226562500000e+02
she4 2.598138427734375000e+02 2.632882080078125000e+02 2.521664581298828125e+02 2.680014648437500000e+02 2.841368408203125000e+02 2.744029541015625000e+02 2.577937622070312500e+02 2.359330139160156250e+02 2.342789306640625000e+02 2.154171142578125000e+02
de5 2.042985534667968750e+02 2.151920928955078125e+02 2.057578277587890625e+02 2.131546173095703125e+02 2.242898101806640625e+02 2.128839263916015625e+02 1.996684722900390625e+02 1.943172760009765625e+02 2.026633148193359375e+02 1.929712066650390625e+02
xiang1 1.959128875732421875e+02 2.196988525390625000e+02 2.305945587158203125e+02 2.576462707519531250e+02 2.919776611328125000e+02 2.888194274902343750e+02 2.808869628906250000e+02 2.731118164062500000e+02 2.774124450683593750e+02 2.632651367187500000e+02
ban4 2.585863342285156250e+02 2.697229919433593750e+02 2.613872985839843750e+02 2.653162231445312500e+02 2.704936828613281250e+02 2.524658203125000000e+02 2.263341369628906250e+02 2.098653564453125000e+02 2.111620941162109375e+02 1.970723419189453125e+02
hong2 2.077012023925781250e+02 2.104884643554687500e+02 1.937626800537109375e+02 2.082662200927734375e+02 2.302362213134765625e+02 2.240975952148437500e+02 2.118235626220703125e+02 2.108083496093750000e+02 2.253793792724609375e+02 2.267378082275390625e+02
chuan2 2.220057373046875000e+02 2.319872741699218750e+02 2.136543426513671875e+02 2.230208435058593750e+02 2.334636077880859375e+02 2.254501342773437500e+02 2.158265228271484375e+02 2.155333862304687500e+02 2.319299163818359375e+02 2.306673126220703125e+02
deng3 2.325006103515625000e+02 2.420914306640625000e+02 2.215489501953125000e+02 2.106436157226562500e+02 2.011071777343750000e+02 1.776287384033203125e+02 1.556139221191406250e+02 1.463055267333984375e+02 1.655910186767578125e+02 1.590309143066406250e+02
zuo4 1.567647857666015625e+02 1.877336730957031250e+02 2.021940460205078125e+02 2.284079284667968750e+02 2.515774383544921875e+02 2.504819946289062500e+02 2.373107604980468750e+02 2.303363952636718750e+02 2.284111328125000000e+02 2.061822052001953125e+02
pin3 2.155166168212890625e+02 2.185936126708984375e+02 2.031083374023437500e+02 2.053380584716796875e+02 2.162241821289062500e+02 1.991864318847656250e+02 1.732239074707031250e+02 1.554419097900390625e+02 1.639302368164062500e+02 1.581044769287109375e+02
huo4 1.538713073730468750e+02 1.813578338623046875e+02 1.871020660400390625e+02 2.171236877441406250e+02 2.456777343750000000e+02 2.450124511718750000e+02 2.249861297607421875e+02 2.064801330566406250e+02 1.956933593750000000e+02 1.831101684570312500e+02
er4 2.422404479980468750e+02 2.506598815917968750e+02 2.404671173095703125e+02 2.491709899902343750e+02 2.621037597656250000e+02 2.492057495117187500e+02 2.393677978515625000e+02 2.254357910156250000e+02 2.190980529785156250e+02 1.950847778320312500e+02
deng2 1.907935638427734375e+02 2.024277496337890625e+02 1.841236114501953125e+02 1.838050994873046875e+02 1.934252319335937500e+02 1.817838134765625000e+02 1.815837249755859375e+02 1.906966400146484375e+02 2.137571258544921875e+02 2.117282867431640625e+02
jiang3 1.860457000732421875e+02 1.930374908447265625e+02 1.691825561523437500e+02 1.533617553710937500e+02 1.439723052978515625e+02 1.147298889160156250e+02 9.576239013671875000e+01 9.158332824707031250e+01 1.032464370727539062e+02 1.089084320068359375e+02
