er2 2.309411926269531250e+02 2.367589416503906250e+02 2.245913391113281250e+02 2.326969299316406250e+02 2.526910400390625000e+02 2.489893035888671875e+02 2.597591857910156250e+02 2.659306335449218750e+02 2.793621215820312500e+02 2.617868041992187500e+02
bu2 2.511157073974609375e+02 2.583933715820312500e+02 2.451083831787109375e+02 2.470113372802734375e+02 2.548717956542968750e+02 2.486709899902343750e+02 2.477249145507812500e+02 2.442649230957031250e+02 2.655021972656250000e+02 2.502593841552734375e+02
xiang4 2.418218841552734375e+02 2.600396423339843750e+02 2.670875549316406250e+02 2.851088562011718750e+02 3.014216308593750000e+02 2.909511108398437500e+02 2.726528015136718750e+02 2.559104766845703125e+02 2.559928131103515625e+02 2.327326354980468750e+02
mei3 2.387698364257812500e+02 2.371887664794921875e+02 2.199933929443359375e+02 2.127930908203125000e+02 2.153885803222656250e+02 1.970134735107421875e+02 1.740415191650390625e+02 1.636948242187500000e+02 1.728109893798828125e+02 1.657149505615234375e+02
ying1 1.682075195312500000e+02 1.939577331542968750e+02 2.031871032714843750e+02 2.314402618408203125e+02 2.706391601562500000e+02 2.725381164550781250e+02 2.677838745117187500e+02 2.744297790527343750e+02 2.750121765136718750e+02 2.592769775390625000e+02
na4 2.552950897216796875e+02 2.669055175781250000e+02 2.611895446777343750e+02 2.634524230957031250e+02 2.706083374023437500e+02 2.542485656738281250e+02 2.333216247558593750e+02 2.198346405029296875e+02 2.199670410156250000e+02 2.090643920898437500e+02
yang4 1.948607482910156250e+02 2.132154846191406250e+02 2.209665832519531250e+02 2.432733001708984375e+02 2.624952392578125000e+02 2.538687896728515625e+02 2.375327453613281250e+02 2.249530029296875000e+02 2.243680877685546875e+02 2.088772735595703125e+02
xi3 2.191806640625000000e+02 2.160440521240234375e+02 2.035904998779296875e+02 2.060696258544921875e+02 2.227792510986328125e+02 2.101215972900390625e+02 1.827672576904296875e+02 1.672130279541015625e+02 1.726283874511718750e+02 1.629012145996093750e+02
huan5 1.651379852294921875e+02 1.831479492187500000e+02 1.816404571533203125e+02 2.078197631835937500e+02 2.354543914794921875e+02 2.307005767822265625e+02 2.118885803222656250e+02 1.999975738525390625e+02 2.036885528564453125e+02 1.983564300537109375e+02
zhai1 2.056324920654296875e+02 2.308197174072265625e+02 2.385150604248046875e+02 2.634259643554687500e+02 2.857116088867187500e+02 2.810585021972656250e+02 2.740533142089843750e+02 2.722241516113281250e+02 2.678722229003906250e+02 2.529449005126953125e+02
tao2 2.388804321289062500e+02 2.291625518798828125e+02 1.999482116699218750e+02 2.001317138671875000e+02 2.010087890625000000e+02 1.907528228759765625e+02 1.754712677001953125e+02 1.713204803466796875e+02 1.875269927978515625e+02 1.869774932861328125e+02
zi5 1.599223175048828125e+02 1.820870513916015625e+02 1.655136566162109375e+02 1.676311950683593750e+02 1.720167388916015625e+02 1.497028045654296875e+02 1.373990631103515625e+02 1.288509979248046875e+02 1.449351654052734375e+02 1.453577575683593750e+02
