nan2 2.284445495605468750e+02 2.399973754882812500e+02 2.273186798095703125e+02 2.284389190673828125e+02 2.472940063476562500e+02 2.397307891845703125e+02 2.415060882568359375e+02 2.554718475341796875e+02 2.737695007324218750e+02 2.667666625976562500e+02
hai3 2.720463562011718750e+02 2.666503295898437500e+02 2.452991638183593750e+02 2.363368682861328125e+02 2.383002624511718750e+02 2.156581573486328125e+02 1.877823791503906250e+02 1.745239257812500000e+02 1.868937835693359375e+02 1.778870391845703125e+02
de5 1.826102142333984375e+02 2.029325714111328125e+02 2.044481201171875000e+02 2.172580718994140625e+02 2.333021087646484375e+02 2.320506744384765625e+02 2.221186218261718750e+02 2.226286315917968750e+02 2.330720672607421875e+02 2.229100646972656250e+02
wan4 2.085850830078125000e+02 2.270213317871093750e+02 2.377692565917968750e+02 2.552007141113281250e+02 2.754166870117187500e+02 2.690504455566406250e+02 2.504827423095703125e+02 2.381109771728515625e+02 2.411185150146484375e+02 2.228980255126953125e+02
qing3 2.303294525146484375e+02 2.335095214843750000e+02 2.204663085937500000e+02 2.217520904541015625e+02 2.298857421875000000e+02 2.077507324218750000e+02 1.832545318603515625e+02 1.738303527832031250e+02 1.818974609375000000e+02 1.751552276611328125e+02
bi4 1.697767791748046875e+02 1.980572204589843750e+02 2.099098358154296875e+02 2.313683319091796875e+02 2.538762969970703125e+02 2.506236724853515625e+02 2.399085235595703125e+02 2.323545837402343750e+02 2.334238433837890625e+02 2.150174102783203125e+02
bo1 2.175022583007812500e+02 2.391976623535156250e+02 2.467399749755859375e+02 2.658515319824218750e+02 2.926519775390625000e+02 2.873125915527343750e+02 2.801352539062500000e+02 2.810333862304687500e+02 2.801280822753906250e+02 2.598106079101562500e+02
juan2 2.425445251464843750e+02 2.455696411132812500e+02 2.186559448242187500e+02 2.180510559082031250e+02 2.232174682617187500e+02 2.109036560058593750e+02 2.044027404785156250e+02 2.044937896728515625e+02 2.251768341064453125e+02 2.227802734375000000e+02
qi3 2.256876068115234375e+02 2.306694488525390625e+02 2.185098419189453125e+02 2.196904144287109375e+02 2.297072296142578125e+02 2.162201995849609375e+02 1.934914398193359375e+02 1.746443023681640625e+02 1.819226989746093750e+02 1.699367218017578125e+02
yi4 1.552699890136718750e+02 1.774782714843750000e+02 1.857107849121093750e+02 2.145145263671875000e+02 2.473074035644531250e+02 2.491639251708984375e+02 2.434379577636718750e+02 2.418281250000000000e+02 2.409056091308593750e+02 2.188486328125000000e+02
wan4 2.116634368896484375e+02 2.276886749267578125e+02 2.273443145751953125e+02 2.453160858154296875e+02 2.617707824707031250e+02 2.536417999267578125e+02 2.358500823974609375e+02 2.204514770507812500e+02 2.195054321289062500e+02 2.022146911621093750e+02
duo3 2.017735443115234375e+02 2.091615753173828125e+02 1.920840301513671875e+02 1.914997558593750000e+02 1.952133178710937500e+02 1.741523132324218750e+02 1.594892730712890625e+02 1.500025177001953125e+02 1.603584136962890625e+02 1.502292022705078125e+02
bai2 1.629006042480468750e+02 1.744808502197265625e+02 1.675189361572265625e+02 1.802547454833984375e+02 1.912953643798828125e+02 1.860296936035156250e+02 1.810832214355468750e+02 1.877141113281250000e+02 2.002056427001953125e+02 1.990372924804687500e+02
lang4 1.901565704345703125e+02 2.168001403808593750e+02 2.192309570312500000e+02 2.303728027343750000e+02 2.365285034179687500e+02 2.193752288818359375e+02 1.911534576416015625e+02 1.717218322753906250e+02 1.770709381103515625e+02 1.649726867675781250e+02
hua1 1.740692596435546875e+02 1.893225708007812500e+02 1.798368530273437500e+02 2.053480377197265625e+02 2.308563232421875000e+02 2.235736236572265625e+02 2.165560150146484375e+02 2.047962036132812500e+02 1.982872467041015625e+02 1.942486572265625000e+02
