ri4 3.033278808593750000e+02 3.079614257812500000e+02 2.908292541503906250e+02 3.001980285644531250e+02 3.106378173828125000e+02 3.055000305175781250e+02 2.993872070312500000e+02 2.899237365722656250e+02 2.942814941406250000e+02 2.665649414062500000e+02
ben2 2.576966857910156250e+02 2.606959533691406250e+02 2.375222625732421875e+02 2.363612060546875000e+02 2.464106903076171875e+02 2.377630920410156250e+02 2.347311859130859375e+02 2.345473480224609375e+02 2.586661376953125000e+02 2.440484771728515625e+02
mou3 2.452399291992187500e+02 2.472372589111328125e+02 2.265539855957031250e+02 2.144360809326171875e+02 2.149322052001953125e+02 1.911885681152343750e+02 1.670972595214843750e+02 1.582607421875000000e+02 1.727879486083984375e+02 1.666760101318359375e+02
xie1 1.812690887451171875e+02 2.027064819335937500e+02 2.111062927246093750e+02 2.381151580810546875e+02 2.785126342773437500e+02 2.771981811523437500e+02 2.761086730957031250e+02 2.700246887207031250e+02 2.765633544921875000e+02 2.598286743164062500e+02
shi4 2.532858276367187500e+02 2.595438537597656250e+02 2.558940277099609375e+02 2.689479064941406250e+02 2.863135986328125000e+02 2.803904418945312500e+02 2.711800842285156250e+02 2.502534942626953125e+02 2.527440643310546875e+02 2.298488311767578125e+02
li5 2.201650848388671875e+02 2.235651855468750000e+02 2.113343200683593750e+02 2.223227539062500000e+02 2.374425506591796875e+02 2.310640716552734375e+02 2.259916839599609375e+02 2.200587158203125000e+02 2.309454650878906250e+02 2.155517425537109375e+02
bu4 2.102345123291015625e+02 2.306914825439453125e+02 2.335744628906250000e+02 2.532860565185546875e+02 2.685534667968750000e+02 2.605295104980468750e+02 2.472155609130859375e+02 2.326751708984375000e+02 2.364076232910156250e+02 2.133092651367187500e+02
jin2 2.128714447021484375e+02 2.233136901855468750e+02 2.080791168212890625e+02 2.164467620849609375e+02 2.292282409667968750e+02 2.189553680419921875e+02 2.181105346679687500e+02 2.174868621826171875e+02 2.370943298339843750e+02 2.277928466796875000e+02
di3 2.216873321533203125e+02 2.251091766357421875e+02 2.114049377441406250e+02 2.036977996826171875e+02 2.046116790771484375e+02 1.874496154785156250e+02 1.717676239013671875e+02 1.641549224853515625e+02 1.751704406738281250e+02 1.647460937500000000e+02
lai4 1.569835357666015625e+02 1.836013793945312500e+02 1.965455474853515625e+02 2.179873504638671875e+02 2.378189392089843750e+02 2.345130920410156250e+02 2.211046905517578125e+02 2.120105285644531250e+02 2.166890716552734375e+02 2.044437866210937500e+02
dui4 1.983461761474609375e+02 2.245336303710937500e+02 2.312033996582031250e+02 2.447336730957031250e+02 2.559834747314453125e+02 2.449678192138671875e+02 2.266599426269531250e+02 2.139992218017578125e+02 2.183161163330078125e+02 2.021910552978515625e+02
zhan4 2.031630554199218750e+02 2.302742614746093750e+02 2.368171081542968750e+02 2.483977813720703125e+02 2.571463317871093750e+02 2.412250213623046875e+02 2.149082489013671875e+02 1.979381713867187500e+02 2.011703948974609375e+02 1.882257080078125000e+02
zheng1 2.040881652832031250e+02 2.289275207519531250e+02 2.380660552978515625e+02 2.600442199707031250e+02 2.863806762695312500e+02 2.810209960937500000e+02 2.710728759765625000e+02 2.715967712402343750e+02 2.733115844726562500e+02 2.582247009277343750e+02
shou4 2.536553039550781250e+02 2.613092041015625000e+02 2.570553283691406250e+02 2.675496826171875000e+02 2.796926879882812500e+02 2.690533142089843750e+02 2.420066986083984375e+02 2.225869140625000000e+02 2.165703735351562500e+02 2.052759704589843750e+02
hai4 2.011555023193359375e+02 2.100783691406250000e+02 2.114475555419921875e+02 2.385520935058593750e+02 2.687832946777343750e+02 2.675384216308593750e+02 2.539125976562500000e+02 2.322338562011718750e+02 2.252349548339843750e+02 2.032944946289062500e+02
zhe3 2.017704620361328125e+02 2.040802917480468750e+02 1.956379394531250000e+02 1.947164459228515625e+02 2.036208648681640625e+02 1.856621551513671875e+02 1.678735961914062500e+02 1.528515167236328125e+02 1.603279571533203125e+02 1.517758026123046875e+02
de5 1.515066833496093750e+02 1.684116821289062500e+02 1.634695892333984375e+02 1.811723785400390625e+02 1.941632995605468750e+02 1.908380432128906250e+02 1.829500579833984375e+02 1.854831848144531250e+02 1.899073791503906250e+02 1.812531890869140625e+02
pei2 1.907808074951171875e+02 1.983436584472656250e+02 1.790752258300781250e+02 1.926898498535156250e+02 2.041895446777343750e+02 1.997348175048828125e+02 1.872933197021484375e+02 1.834433746337890625e+02 1.944955444335937500e+02 1.986267700195312500e+02
chang2 1.808413696289062500e+02 1.929057922363281250e+02 1.618169250488281250e+02 1.646331176757812500e+02 1.669197387695312500e+02 1.452529296875000000e+02 1.362319183349609375e+02 1.341649322509765625e+02 1.537237396240234375e+02 1.659181671142578125e+02
