ta1 3.212702636718750000e+02 3.245257568359375000e+02 3.080884704589843750e+02 3.166631164550781250e+02 3.292641601562500000e+02 3.237085876464843750e+02 3.145005187988281250e+02 3.090950317382812500e+02 3.054053344726562500e+02 2.886936645507812500e+02
hai2 2.728532409667968750e+02 2.602312927246093750e+02 2.322141418457031250e+02 2.305531311035156250e+02 2.394806518554687500e+02 2.305467376708984375e+02 2.107785949707031250e+02 2.085420837402343750e+02 2.232777862548828125e+02 2.205659332275390625e+02
quan4 2.123358154296875000e+02 2.369278869628906250e+02 2.450333862304687500e+02 2.674256591796875000e+02 2.866156616210937500e+02 2.769291687011718750e+02 2.590282592773437500e+02 2.436758270263671875e+02 2.405637359619140625e+02 2.205904083251953125e+02
wang2 2.194651641845703125e+02 2.195238342285156250e+02 1.972351226806640625e+02 2.016795806884765625e+02 2.114969482421875000e+02 2.070086059570312500e+02 2.046914367675781250e+02 2.090577697753906250e+02 2.315192413330078125e+02 2.269943695068359375e+02
fu2 2.257781066894531250e+02 2.321486816406250000e+02 2.155947875976562500e+02 2.196009826660156250e+02 2.301959075927734375e+02 2.288877105712890625e+02 2.218599853515625000e+02 2.215627899169921875e+02 2.370155181884765625e+02 2.251739044189453125e+02
qin2 2.284812622070312500e+02 2.358537750244140625e+02 2.198507843017578125e+02 2.267223968505859375e+02 2.367039947509765625e+02 2.316934509277343750e+02 2.180324401855468750e+02 2.159114990234375000e+02 2.299471282958984375e+02 2.250553283691406250e+02
da4 2.197247009277343750e+02 2.505328979492187500e+02 2.598404235839843750e+02 2.635740966796875000e+02 2.709386291503906250e+02 2.599043579101562500e+02 2.350384979248046875e+02 2.232518005371093750e+02 2.247803955078125000e+02 2.038671417236328125e+02
jie3 2.126148071289062500e+02 2.157465515136718750e+02 2.024191894531250000e+02 1.989208374023437500e+02 2.026311492919921875e+02 1.852618713378906250e+02 1.660056762695312500e+02 1.497031097412109375e+02 1.575363616943359375e+02 1.483086547851562500e+02
zhen4 2.539930572509765625e+02 2.711050109863281250e+02 2.718891601562500000e+02 2.713334350585937500e+02 2.759771423339843750e+02 2.602554016113281250e+02 2.463221588134765625e+02 2.311648101806640625e+02 2.325266571044921875e+02 2.111735839843750000e+02
zuo4 2.196675872802734375e+02 2.332957458496093750e+02 2.359864501953125000e+02 2.507262725830078125e+02 2.668731384277343750e+02 2.603539428710937500e+02 2.472126617431640625e+02 2.330798034667968750e+02 2.319754638671875000e+02 2.060984497070312500e+02
qi3 2.159947357177734375e+02 2.116326599121093750e+02 1.979956054687500000e+02 1.951091308593750000e+02 2.120734558105468750e+02 1.946457214355468750e+02 1.727290954589843750e+02 1.598984680175781250e+02 1.689786834716796875e+02 1.550646667480468750e+02
lai2 1.409772491455078125e+02 1.480463562011718750e+02 1.218280334472656250e+02 1.228438491821289062e+02 1.310771026611328125e+02 1.197120285034179688e+02 1.231197357177734375e+02 1.314694213867187500e+02 1.523434295654296875e+02 1.541000671386718750e+02
