xi3 2.512976379394531250e+02 2.446152954101562500e+02 2.317012634277343750e+02 2.360363922119140625e+02 2.440811309814453125e+02 2.252701263427734375e+02 2.114631958007812500e+02 2.146385040283203125e+02 2.226444396972656250e+02 2.137781982421875000e+02
ai4 2.101871490478515625e+02 2.373923492431640625e+02 2.521133575439453125e+02 2.695436401367187500e+02 2.862867736816406250e+02 2.834885559082031250e+02 2.711332397460937500e+02 2.638568115234375000e+02 2.679468688964843750e+02 2.492569122314453125e+02
rui4 2.448748168945312500e+02 2.581192932128906250e+02 2.619118957519531250e+02 2.796090087890625000e+02 2.991805114746093750e+02 2.925421142578125000e+02 2.768963928222656250e+02 2.646069335937500000e+02 2.650716857910156250e+02 2.381688232421875000e+02
dian3 2.376957092285156250e+02 2.406419982910156250e+02 2.217900543212890625e+02 2.093835906982421875e+02 2.045604858398437500e+02 1.851557769775390625e+02 1.614470214843750000e+02 1.562043914794921875e+02 1.683153228759765625e+02 1.638055267333984375e+02
ping1 1.728288879394531250e+02 2.025619659423828125e+02 2.108641204833984375e+02 2.397654113769531250e+02 2.756148376464843750e+02 2.758322753906250000e+02 2.728240356445312500e+02 2.695810241699218750e+02 2.718373413085937500e+02 2.536482238769531250e+02
tan2 2.433680572509765625e+02 2.432366027832031250e+02 2.190565490722656250e+02 2.228206787109375000e+02 2.317307434082031250e+02 2.229967803955078125e+02 2.140360260009765625e+02 2.096515197753906250e+02 2.304559631347656250e+02 2.250912475585937500e+02
ming2 2.210933532714843750e+02 2.266161651611328125e+02 2.102629089355468750e+02 2.094694519042968750e+02 2.149188842773437500e+02 2.068561248779296875e+02 2.037018585205078125e+02 2.088484039306640625e+02 2.297903594970703125e+02 2.249320678710937500e+02
jiang4 2.186447601318359375e+02 2.490314178466796875e+02 2.585799255371093750e+02 2.733836975097656250e+02 2.802710876464843750e+02 2.650080261230468750e+02 2.449204254150390625e+02 2.264046783447265625e+02 2.276869964599609375e+02 2.082275238037109375e+02
lao2 2.013752899169921875e+02 2.047405853271484375e+02 1.862968750000000000e+02 1.917742156982421875e+02 2.034835815429687500e+02 1.984145965576171875e+02 2.007332763671875000e+02 2.107693328857421875e+02 2.283919982910156250e+02 2.251935577392578125e+02
wa3 2.323868560791015625e+02 2.324779357910156250e+02 2.081050872802734375e+02 1.997411956787109375e+02 1.955302886962890625e+02 1.798043975830078125e+02 1.558055877685546875e+02 1.456544036865234375e+02 1.622196960449218750e+02 1.536631927490234375e+02
de5 1.515868835449218750e+02 1.757570648193359375e+02 1.710619964599609375e+02 1.815497131347656250e+02 1.962886352539062500e+02 1.880379028320312500e+02 1.822559661865234375e+02 1.824156799316406250e+02 1.915965118408203125e+02 1.756298522949218750e+02
zhong1 2.675538330078125000e+02 2.817319335937500000e+02 2.727021789550781250e+02 2.844160766601562500e+02 2.948955078125000000e+02 2.857100830078125000e+02 2.707258911132812500e+02 2.691965637207031250e+02 2.665491027832031250e+02 2.538054199218750000e+02
guo2 2.376537475585937500e+02 2.329286804199218750e+02 2.109611206054687500e+02 2.069691314697265625e+02 2.097646179199218750e+02 1.976862640380859375e+02 1.849473266601562500e+02 1.867734527587890625e+02 2.022925109863281250e+02 1.948122558593750000e+02
ping1 1.963539123535156250e+02 2.219536590576171875e+02 2.240856323242187500e+02 2.490101623535156250e+02 2.787196044921875000e+02 2.790878601074218750e+02 2.683448181152343750e+02 2.603082275390625000e+02 2.623103942871093750e+02 2.499604797363281250e+02
pang1 2.445488433837890625e+02 2.598716430664062500e+02 2.539236297607421875e+02 2.738552246093750000e+02 2.903978271484375000e+02 2.887663574218750000e+02 2.765513610839843750e+02 2.655104370117187500e+02 2.654314270019531250e+02 2.526153106689453125e+02
qiu2 2.372715606689453125e+02 2.343793029785156250e+02 2.062850952148437500e+02 2.075253295898437500e+02 2.126546478271484375e+02 2.015138854980468750e+02 1.884278411865234375e+02 1.838919982910156250e+02 2.021276702880859375e+02 1.943086853027343750e+02
mi2 1.746267547607421875e+02 1.777285614013671875e+02 1.519347686767578125e+02 1.419834289550781250e+02 1.441286315917968750e+02 1.323725128173828125e+02 1.338627014160156250e+02 1.402578735351562500e+02 1.606573944091796875e+02 1.638075103759765625e+02
