ren2 2.231305389404296875e+02 2.290954742431640625e+02 2.178539123535156250e+02 2.244185028076171875e+02 2.414176177978515625e+02 2.402524261474609375e+02 2.443238830566406250e+02 2.557497100830078125e+02 2.704317626953125000e+02 2.643845214843750000e+02
men5 2.470352783203125000e+02 2.622663574218750000e+02 2.600798339843750000e+02 2.634526977539062500e+02 2.729172668457031250e+02 2.614173889160156250e+02 2.498594970703125000e+02 2.411245422363281250e+02 2.544858856201171875e+02 2.421581115722656250e+02
dui4 2.428405151367187500e+02 2.630264282226562500e+02 2.724220886230468750e+02 2.821175537109375000e+02 2.952046203613281250e+02 2.866181030273437500e+02 2.713418273925781250e+02 2.599584350585937500e+02 2.629264526367187500e+02 2.382501831054687500e+02
ni3 2.365689392089843750e+02 2.306741790771484375e+02 2.138995056152343750e+02 2.056461334228515625e+02 2.115375671386718750e+02 1.964357757568359375e+02 1.833379516601562500e+02 1.733936309814453125e+02 1.813669433593750000e+02 1.703579864501953125e+02
de5 1.658777008056640625e+02 1.910022430419921875e+02 1.913425140380859375e+02 2.046451416015625000e+02 2.205848388671875000e+02 2.182883911132812500e+02 2.113074188232421875e+02 2.132834625244140625e+02 2.202921142578125000e+02 2.065766296386718750e+02
xin4 2.009804992675781250e+02 2.183108673095703125e+02 2.259393463134765625e+02 2.512874145507812500e+02 2.821499633789062500e+02 2.776318664550781250e+02 2.660310058593750000e+02 2.525692443847656250e+02 2.510436248779296875e+02 2.249765167236328125e+02
ren4 2.226560821533203125e+02 2.370550537109375000e+02 2.333935089111328125e+02 2.470359344482421875e+02 2.601520996093750000e+02 2.485480651855468750e+02 2.355035858154296875e+02 2.212870178222656250e+02 2.248766021728515625e+02 2.116068267822265625e+02
yong1 2.111767883300781250e+02 2.268864898681640625e+02 2.301666717529296875e+02 2.568232116699218750e+02 2.850809020996093750e+02 2.823666687011718750e+02 2.737281188964843750e+02 2.735185546875000000e+02 2.733096923828125000e+02 2.562560424804687500e+02
dai4 2.558238220214843750e+02 2.656943054199218750e+02 2.588241577148437500e+02 2.476670989990234375e+02 2.404020690917968750e+02 2.116964874267578125e+02 1.790221405029296875e+02 1.649749908447265625e+02 1.709497680664062500e+02 1.617774810791015625e+02
you3 2.124426116943359375e+02 2.175207977294921875e+02 2.012744598388671875e+02 2.061186218261718750e+02 2.154722595214843750e+02 2.046735687255859375e+02 1.854113464355468750e+02 1.827616882324218750e+02 1.895866394042968750e+02 1.824156341552734375e+02
wu2 1.866455535888671875e+02 1.937934112548828125e+02 1.781268920898437500e+02 1.933704223632812500e+02 2.136604461669921875e+02 2.247465972900390625e+02 2.231575775146484375e+02 2.349619598388671875e+02 2.484065399169921875e+02 2.386327819824218750e+02
shui3 2.466583709716796875e+02 2.458467407226562500e+02 2.284364776611328125e+02 2.216641082763671875e+02 2.210526733398437500e+02 2.007376403808593750e+02 1.728781280517578125e+02 1.630305023193359375e+02 1.700477752685546875e+02 1.626144409179687500e+02
fen4 1.762957153320312500e+02 2.051163330078125000e+02 2.131598205566406250e+02 2.335145874023437500e+02 2.495558929443359375e+02 2.415831756591796875e+02 2.217899932861328125e+02 2.092409515380859375e+02 2.059573364257812500e+02 1.894159088134765625e+02
you3 2.137963256835937500e+02 2.189892883300781250e+02 2.050141143798828125e+02 2.006494903564453125e+02 2.085232543945312500e+02 1.926698760986328125e+02 1.699089965820312500e+02 1.661390838623046875e+02 1.763783874511718750e+02 1.683432617187500000e+02
duo1 1.878373260498046875e+02 2.123834838867187500e+02 2.200844879150390625e+02 2.446730194091796875e+02 2.760631713867187500e+02 2.749466552734375000e+02 2.724230651855468750e+02 2.790658569335937500e+02 2.744970703125000000e+02 2.536773529052734375e+02
shao3 2.462395935058593750e+02 2.426327667236328125e+02 2.218232879638671875e+02 2.158299102783203125e+02 2.181730499267578125e+02 1.976777343750000000e+02 1.699666290283203125e+02 1.602826690673828125e+02 1.679693908691406250e+02 1.594446105957031250e+02
shui3 2.028119812011718750e+02 2.050543975830078125e+02 1.932415618896484375e+02 1.916503143310546875e+02 2.030997467041015625e+02 1.806356811523437500e+02 1.567975311279296875e+02 1.415881500244140625e+02 1.477261657714843750e+02 1.435202026367187500e+02
fen4 1.188091430664062500e+02 1.534748535156250000e+02 1.601418609619140625e+02 1.787672119140625000e+02 2.009041290283203125e+02 1.849219970703125000e+02 1.665705871582031250e+02 1.537544555664062500e+02 1.483854064941406250e+02 1.494703979492187500e+02
