yao4 2.867469482421875000e+02 2.959216003417968750e+02 2.862084655761718750e+02 2.908733825683593750e+02 2.991640014648437500e+02 2.924125671386718750e+02 2.754362182617187500e+02 2.685327758789062500e+02 2.679851684570312500e+02 2.504529266357421875e+02
dao4 2.494108428955078125e+02 2.700960693359375000e+02 2.688121948242187500e+02 2.798723754882812500e+02 2.878559875488281250e+02 2.753722839355468750e+02 2.567330322265625000e+02 2.502279968261718750e+02 2.536158599853515625e+02 2.331277923583984375e+02
hai3 2.401320190429687500e+02 2.381126861572265625e+02 2.192840118408203125e+02 2.192825164794921875e+02 2.290588531494140625e+02 2.053553009033203125e+02 1.821021270751953125e+02 1.708846282958984375e+02 1.755450134277343750e+02 1.670111236572265625e+02
ba2 1.813579559326171875e+02 1.949036560058593750e+02 1.864160919189453125e+02 1.960513916015625000e+02 2.078720550537109375e+02 1.989968566894531250e+02 1.894400482177734375e+02 1.973105010986328125e+02 2.137690887451171875e+02 2.143122558593750000e+02
si4 2.030132598876953125e+02 2.260704498291015625e+02 2.339760131835937500e+02 2.543362121582031250e+02 2.738963928222656250e+02 2.717686157226562500e+02 2.560076599121093750e+02 2.428041534423828125e+02 2.403842010498046875e+02 2.230325317382812500e+02
qian1 2.231267852783203125e+02 2.443967742919921875e+02 2.473353729248046875e+02 2.695117187500000000e+02 3.025992736816406250e+02 2.963142089843750000e+02 2.919956054687500000e+02 2.852186279296875000e+02 2.898352355957031250e+02 2.723418273925781250e+02
duo1 2.646847229003906250e+02 2.759714050292968750e+02 2.698557128906250000e+02 2.861934814453125000e+02 3.065067138671875000e+02 3.009313964843750000e+02 2.964699096679687500e+02 2.995519409179687500e+02 2.953042297363281250e+02 2.718111572265625000e+02
mi3 2.494493408203125000e+02 2.374762115478515625e+02 2.128316192626953125e+02 1.985497894287109375e+02 2.042546844482421875e+02 1.856304931640625000e+02 1.677360534667968750e+02 1.571920013427734375e+02 1.661400299072265625e+02 1.566702880859375000e+02
gao1 1.674713897705078125e+02 2.019815673828125000e+02 2.177974548339843750e+02 2.440796203613281250e+02 2.715625000000000000e+02 2.663066101074218750e+02 2.601282348632812500e+02 2.566813354492187500e+02 2.622486877441406250e+02 2.430410308837890625e+02
de5 2.272718505859375000e+02 2.307683258056640625e+02 2.165961456298828125e+02 2.188642578125000000e+02 2.282793884277343750e+02 2.138377227783203125e+02 2.042499084472656250e+02 1.968667907714843750e+02 2.040689849853515625e+02 1.912615203857421875e+02
pu2 1.982127532958984375e+02 2.072350769042968750e+02 1.950716094970703125e+02 2.128526000976562500e+02 2.322055206298828125e+02 2.342346496582031250e+02 2.225124053955078125e+02 2.238591766357421875e+02 2.326981506347656250e+02 2.278034362792968750e+02
hu3 2.298375091552734375e+02 2.263865661621093750e+02 2.065390472412109375e+02 2.075789184570312500e+02 2.211591491699218750e+02 2.108121337890625000e+02 1.876083221435546875e+02 1.659302978515625000e+02 1.726378479003906250e+02 1.576907196044921875e+02
long2 1.666854553222656250e+02 1.807702789306640625e+02 1.724953765869140625e+02 1.833412628173828125e+02 1.942362365722656250e+02 1.933694152832031250e+02 1.922673492431640625e+02 1.985682067871093750e+02 2.192446746826171875e+02 2.149804992675781250e+02
dong4 2.095769500732421875e+02 2.439514617919921875e+02 2.504775695800781250e+02 2.545122833251953125e+02 2.589642944335937500e+02 2.411558227539062500e+02 2.123266754150390625e+02 1.939591522216796875e+02 2.008736877441406250e+02 1.846308593750000000e+02
shan1 2.052026519775390625e+02 2.281198730468750000e+02 2.252244567871093750e+02 2.532873229980468750e+02 2.689387207031250000e+02 2.621818847656250000e+02 2.463764495849609375e+02 2.318561401367187500e+02 2.303490447998046875e+02 2.184812469482421875e+02
cha2 2.209290771484375000e+02 2.230193634033203125e+02 2.013050994873046875e+02 2.080697631835937500e+02 2.216977996826171875e+02 2.110148315429687500e+02 1.888505554199218750e+02 1.883662719726562500e+02 2.032786712646484375e+02 1.933745880126953125e+02
kan4 1.968032379150390625e+02 2.126934814453125000e+02 2.159167480468750000e+02 2.397599639892578125e+02 2.661804504394531250e+02 2.599273681640625000e+02 2.416169891357421875e+02 2.227189788818359375e+02 2.121698303222656250e+02 1.946569519042968750e+02
yin1 1.887421264648437500e+02 2.024268188476562500e+02 1.994290161132812500e+02 2.243371734619140625e+02 2.560233459472656250e+02 2.602960815429687500e+02 2.533291625976562500e+02 2.533908538818359375e+02 2.499556427001953125e+02 2.377770538330078125e+02
he2 2.012357940673828125e+02 1.876991119384765625e+02 1.562177734375000000e+02 1.485475921630859375e+02 1.560984649658203125e+02 1.464967956542968750e+02 1.320355834960937500e+02 1.273392333984375000e+02 1.362002868652343750e+02 1.423243103027343750e+02
