zhe4 3.277715454101562500e+02 3.336895751953125000e+02 3.098971557617187500e+02 3.112255859375000000e+02 3.230258178710937500e+02 3.119342041015625000e+02 3.054208068847656250e+02 2.918774414062500000e+02 3.008637695312500000e+02 2.728876342773437500e+02
zhong3 2.674031066894531250e+02 2.677901306152343750e+02 2.407835388183593750e+02 2.270487365722656250e+02 2.268333892822265625e+02 2.003759155273437500e+02 1.818325958251953125e+02 1.805851440429687500e+02 1.924420166015625000e+02 1.865635223388671875e+02
jia4 1.836328125000000000e+02 2.170548095703125000e+02 2.291520233154296875e+02 2.468883056640625000e+02 2.637658386230468750e+02 2.524435424804687500e+02 2.374532012939453125e+02 2.232426605224609375e+02 2.289634094238281250e+02 2.187055511474609375e+02
gao1 2.210061187744140625e+02 2.450481109619140625e+02 2.539692382812500000e+02 2.731105346679687500e+02 2.989704589843750000e+02 2.909158935546875000e+02 2.841886596679687500e+02 2.808057556152343750e+02 2.859143066406250000e+02 2.640347290039062500e+02
leng3 2.374427642822265625e+02 2.346711730957031250e+02 2.109845581054687500e+02 2.010569000244140625e+02 2.042866210937500000e+02 1.865489501953125000e+02 1.678312072753906250e+02 1.656545410156250000e+02 1.749545135498046875e+02 1.693761596679687500e+02
dan4 1.700380554199218750e+02 2.051824035644531250e+02 2.217657470703125000e+02 2.364279632568359375e+02 2.488511810302734375e+02 2.351534118652343750e+02 2.214368438720703125e+02 2.095597686767578125e+02 2.163492889404296875e+02 2.062307128906250000e+02
zai4 2.030687408447265625e+02 2.260495910644531250e+02 2.329082794189453125e+02 2.495807189941406250e+02 2.638727111816406250e+02 2.507961578369140625e+02 2.340421447753906250e+02 2.189941864013671875e+02 2.212720947265625000e+02 2.019698944091796875e+02
ti2 2.073323516845703125e+02 2.110445709228515625e+02 1.961540679931640625e+02 2.083859558105468750e+02 2.303180847167968750e+02 2.261969146728515625e+02 2.162458648681640625e+02 2.165617218017578125e+02 2.264701843261718750e+02 2.207338104248046875e+02
jia4 2.094401397705078125e+02 2.376111755371093750e+02 2.474193115234375000e+02 2.626539306640625000e+02 2.754270935058593750e+02 2.634044799804687500e+02 2.424208831787109375e+02 2.288155059814453125e+02 2.276291656494140625e+02 2.129498596191406250e+02
geng4 2.077578735351562500e+02 2.303996582031250000e+02 2.408273010253906250e+02 2.620419921875000000e+02 2.770933227539062500e+02 2.668435668945312500e+02 2.504981689453125000e+02 2.378559112548828125e+02 2.367503814697265625e+02 2.134735565185546875e+02
leng3 2.153543701171875000e+02 2.156911926269531250e+02 1.961318969726562500e+02 1.928602294921875000e+02 1.980551757812500000e+02 1.783991699218750000e+02 1.597936553955078125e+02 1.538958282470703125e+02 1.692523803710937500e+02 1.658258209228515625e+02
dan4 1.659903411865234375e+02 2.002299041748046875e+02 2.211482849121093750e+02 2.382248382568359375e+02 2.505370330810546875e+02 2.423443145751953125e+02 2.228831024169921875e+02 2.140624542236328125e+02 2.129680328369140625e+02 1.995776062011718750e+02
de5 1.960120544433593750e+02 2.055225677490234375e+02 1.994202880859375000e+02 2.083910369873046875e+02 2.205930480957031250e+02 2.110143432617187500e+02 2.027639160156250000e+02 1.993812255859375000e+02 2.029713745117187500e+02 1.942912902832031250e+02
e4 1.867372283935546875e+02 2.041244049072265625e+02 2.062149200439453125e+02 2.278247985839843750e+02 2.456441650390625000e+02 2.435515594482421875e+02 2.329241027832031250e+02 2.202039031982421875e+02 2.180916595458984375e+02 2.018459625244140625e+02
xing4 1.966634979248046875e+02 2.128328857421875000e+02 2.110571441650390625e+02 2.378254241943359375e+02 2.608713989257812500e+02 2.536144256591796875e+02 2.383457641601562500e+02 2.137380371093750000e+02 2.098372039794921875e+02 1.889483489990234375e+02
xun2 2.034235076904296875e+02 2.016706695556640625e+02 1.824120178222656250e+02 1.890205230712890625e+02 2.009477081298828125e+02 1.930256805419921875e+02 1.832372894287109375e+02 1.790692291259765625e+02 1.925414123535156250e+02 1.959284057617187500e+02
huan2 1.811529846191406250e+02 1.891313629150390625e+02 1.578590850830078125e+02 1.610078277587890625e+02 1.663116455078125000e+02 1.507458953857421875e+02 1.404705352783203125e+02 1.367134399414062500e+02 1.560016174316406250e+02 1.659744720458984375e+02
