ke3 2.534928741455078125e+02 2.461457061767578125e+02 2.343476715087890625e+02 2.328427581787109375e+02 2.442621917724609375e+02 2.215998840332031250e+02 2.019700927734375000e+02 2.015118255615234375e+02 2.164349670410156250e+02 2.109989013671875000e+02
jian4 2.051417541503906250e+02 2.330858764648437500e+02 2.528737945556640625e+02 2.746135559082031250e+02 2.986921691894531250e+02 2.902217712402343750e+02 2.790475769042968750e+02 2.708049926757812500e+02 2.711956481933593750e+02 2.527347259521484375e+02
yong4 2.462903289794921875e+02 2.598125000000000000e+02 2.613081054687500000e+02 2.805972900390625000e+02 2.992648925781250000e+02 2.878560791015625000e+02 2.716995239257812500e+02 2.605442504882812500e+02 2.625652465820312500e+02 2.388561248779296875e+02
hen3 2.473580322265625000e+02 2.409548187255859375e+02 2.206512756347656250e+02 2.208258819580078125e+02 2.301631011962890625e+02 2.097558288574218750e+02 1.818246459960937500e+02 1.671976318359375000e+02 1.730271911621093750e+02 1.637110748291015625e+02
cu1 1.768153381347656250e+02 1.995293884277343750e+02 2.059281005859375000e+02 2.337272033691406250e+02 2.755618896484375000e+02 2.794263000488281250e+02 2.777007751464843750e+02 2.767105407714843750e+02 2.767807922363281250e+02 2.555114898681640625e+02
de5 2.375806579589843750e+02 2.449437866210937500e+02 2.311224975585937500e+02 2.313360748291015625e+02 2.390252685546875000e+02 2.285350799560546875e+02 2.203549041748046875e+02 2.115510253906250000e+02 2.189314880371093750e+02 2.074754486083984375e+02
hei1 2.041327819824218750e+02 2.208529205322265625e+02 2.197107543945312500e+02 2.511872253417968750e+02 2.960141296386718750e+02 2.980356140136718750e+02 2.973169250488281250e+02 2.911499023437500000e+02 2.940039672851562500e+02 2.696940307617187500e+02
bi2 2.484638519287109375e+02 2.464225311279296875e+02 2.173818817138671875e+02 2.162558593750000000e+02 2.286020202636718750e+02 2.223665466308593750e+02 2.233092803955078125e+02 2.245195617675781250e+02 2.423917541503906250e+02 2.308257598876953125e+02
xie3 2.295855255126953125e+02 2.296170501708984375e+02 2.139806671142578125e+02 2.145029602050781250e+02 2.210001068115234375e+02 2.049101715087890625e+02 1.792935791015625000e+02 1.611056060791015625e+02 1.652192230224609375e+02 1.531408996582031250e+02
de5 1.510862274169921875e+02 1.721965637207031250e+02 1.706674652099609375e+02 1.862408142089843750e+02 2.034826812744140625e+02 1.979884033203125000e+02 1.886101379394531250e+02 1.902800140380859375e+02 1.962136840820312500e+02 1.823224639892578125e+02
chuan2 2.008079833984375000e+02 2.097012634277343750e+02 1.997805175781250000e+02 2.115592498779296875e+02 2.234566802978515625e+02 2.178110809326171875e+02 1.968685913085937500e+02 1.936368865966796875e+02 2.075268096923828125e+02 2.111982574462890625e+02
hu1 2.102809906005859375e+02 2.210101013183593750e+02 2.200557556152343750e+02 2.495286254882812500e+02 2.889849243164062500e+02 2.968833312988281250e+02 2.945209655761718750e+02 2.914447326660156250e+02 2.904371032714843750e+02 2.708400878906250000e+02
hao4 2.478209686279296875e+02 2.484017791748046875e+02 2.392966766357421875e+02 2.494923553466796875e+02 2.661226501464843750e+02 2.572349548339843750e+02 2.312900085449218750e+02 2.063875885009765625e+02 2.063791351318359375e+02 1.837229003906250000e+02
ma3 1.803276824951171875e+02 1.841146697998046875e+02 1.511071929931640625e+02 1.472675933837890625e+02 1.465386505126953125e+02 1.228896331787109375e+02 1.090942764282226562e+02 1.016652145385742188e+02 1.183908309936523438e+02 1.193531875610351562e+02
