chi1 3.304181518554687500e+02 3.297666015625000000e+02 3.106141967773437500e+02 3.214911499023437500e+02 3.335939941406250000e+02 3.359331665039062500e+02 3.243551025390625000e+02 3.217054443359375000e+02 3.175714111328125000e+02 2.970185546875000000e+02
le5 2.741042785644531250e+02 2.720581359863281250e+02 2.496270751953125000e+02 2.467807312011718750e+02 2.575807495117187500e+02 2.433372650146484375e+02 2.265704040527343750e+02 2.188848114013671875e+02 2.226598968505859375e+02 2.100592041015625000e+02
feng1 2.125844726562500000e+02 2.349368286132812500e+02 2.426501770019531250e+02 2.681614685058593750e+02 3.035229492187500000e+02 3.002129516601562500e+02 2.962836303710937500e+02 2.900127258300781250e+02 2.939501037597656250e+02 2.704911804199218750e+02
niu2 2.527615203857421875e+02 2.469796905517578125e+02 2.142333221435546875e+02 2.115837249755859375e+02 2.151920166015625000e+02 2.086621398925781250e+02 2.034550781250000000e+02 2.071426391601562500e+02 2.300463256835937500e+02 2.216740417480468750e+02
de5 2.075288238525390625e+02 2.259264526367187500e+02 2.171835479736328125e+02 2.226481781005859375e+02 2.320946807861328125e+02 2.249740295410156250e+02 2.167038574218750000e+02 2.128274383544921875e+02 2.205637969970703125e+02 2.071393432617187500e+02
rou4 1.947877655029296875e+02 2.169371643066406250e+02 2.264960784912109375e+02 2.458990325927734375e+02 2.632002258300781250e+02 2.539434814453125000e+02 2.381452026367187500e+02 2.252713775634765625e+02 2.282931213378906250e+02 2.129595336914062500e+02
huo4 2.065758972167968750e+02 2.138247985839843750e+02 2.100187072753906250e+02 2.361224822998046875e+02 2.681397705078125000e+02 2.630455322265625000e+02 2.538514251708984375e+02 2.331080627441406250e+02 2.302424316406250000e+02 2.091315765380859375e+02
nei4 2.059908294677734375e+02 2.267695922851562500e+02 2.300080718994140625e+02 2.424335021972656250e+02 2.543677673339843750e+02 2.409764709472656250e+02 2.249841613769531250e+02 2.080000762939453125e+02 2.099036102294921875e+02 1.970205993652343750e+02
zang4 2.019714202880859375e+02 2.251134185791015625e+02 2.320519561767578125e+02 2.384579467773437500e+02 2.391713409423828125e+02 2.134289245605468750e+02 1.887864990234375000e+02 1.717041168212890625e+02 1.766162414550781250e+02 1.649431610107421875e+02
er2 2.058779602050781250e+02 2.063426513671875000e+02 1.939029998779296875e+02 2.038952331542968750e+02 2.192068786621093750e+02 2.215007934570312500e+02 2.247076416015625000e+02 2.251502380371093750e+02 2.406551666259765625e+02 2.264711303710937500e+02
de2 2.115400238037109375e+02 2.205968017578125000e+02 2.036497344970703125e+02 2.097031555175781250e+02 2.178556976318359375e+02 2.210875091552734375e+02 2.237299804687500000e+02 2.316889801025390625e+02 2.431474914550781250e+02 2.293793029785156250e+02
nao3 2.306565704345703125e+02 2.352930908203125000e+02 2.134993133544921875e+02 2.039001770019531250e+02 1.982063446044921875e+02 1.764011688232421875e+02 1.558262939453125000e+02 1.509836425781250000e+02 1.640518035888671875e+02 1.583405914306640625e+02
bing4 1.639137420654296875e+02 1.973964996337890625e+02 2.129504241943359375e+02 2.335269470214843750e+02 2.495845794677734375e+02 2.441185455322265625e+02 2.332453613281250000e+02 2.195204162597656250e+02 2.220206909179687500e+02 2.022522583007812500e+02
de5 1.967514343261718750e+02 2.046898345947265625e+02 1.964736785888671875e+02 1.959886016845703125e+02 2.048108367919921875e+02 1.897553863525390625e+02 1.866745758056640625e+02 1.803973388671875000e+02 1.902513732910156250e+02 1.739757995605468750e+02
quan2 2.245561981201171875e+02 2.322456207275390625e+02 2.228030242919921875e+02 2.244715270996093750e+02 2.381564788818359375e+02 2.225544738769531250e+02 2.126382751464843750e+02 2.144672698974609375e+02 2.335043792724609375e+02 2.309023437500000000e+02
shi4 2.256437835693359375e+02 2.411099395751953125e+02 2.445562438964843750e+02 2.624244689941406250e+02 2.821087951660156250e+02 2.769721374511718750e+02 2.638696899414062500e+02 2.528036499023437500e+02 2.469130096435546875e+02 2.265564575195312500e+02
jie4 2.265775299072265625e+02 2.412624206542968750e+02 2.384527740478515625e+02 2.537043457031250000e+02 2.679443054199218750e+02 2.566379699707031250e+02 2.402509918212890625e+02 2.234047546386718750e+02 2.189892272949218750e+02 1.979669342041015625e+02
bu2 1.979737854003906250e+02 2.016988830566406250e+02 1.907361907958984375e+02 1.932310638427734375e+02 2.073420410156250000e+02 1.998342590332031250e+02 1.952636566162109375e+02 1.965545196533203125e+02 2.116120300292968750e+02 2.032404174804687500e+02
dao4 2.008243408203125000e+02 2.293543090820312500e+02 2.417613220214843750e+02 2.461618347167968750e+02 2.522501831054687500e+02 2.375749816894531250e+02 2.142424163818359375e+02 2.010672607421875000e+02 2.029773101806640625e+02 1.869765930175781250e+02
yi4 1.851981811523437500e+02 1.939960784912109375e+02 1.895504150390625000e+02 2.059906158447265625e+02 2.267573852539062500e+02 2.200186462402343750e+02 2.067548065185546875e+02 1.890286712646484375e+02 1.925797882080078125e+02 1.743131866455078125e+02
qian1 1.880518646240234375e+02 2.073334960937500000e+02 2.048884582519531250e+02 2.297063446044921875e+02 2.611656799316406250e+02 2.578370666503906250e+02 2.514693298339843750e+02 2.438822174072265625e+02 2.432467956542968750e+02 2.260751037597656250e+02
ren2 1.932721099853515625e+02 1.859428253173828125e+02 1.498916320800781250e+02 1.351202239990234375e+02 1.348052520751953125e+02 1.207403106689453125e+02 1.170785980224609375e+02 1.220879211425781250e+02 1.381399078369140625e+02 1.451968383789062500e+02
