wan3 2.262270202636718750e+02 2.312912597656250000e+02 2.172280120849609375e+02 2.094546966552734375e+02 2.144877777099609375e+02 1.994223480224609375e+02 1.909495849609375000e+02 1.891217956542968750e+02 1.984348144531250000e+02 1.920857849121093750e+02
chuan2 2.065283660888671875e+02 2.188788604736328125e+02 2.109643402099609375e+02 2.238379821777343750e+02 2.317214660644531250e+02 2.293246154785156250e+02 2.182200164794921875e+02 2.222845306396484375e+02 2.375697479248046875e+02 2.347953643798828125e+02
shou4 2.320915069580078125e+02 2.526466217041015625e+02 2.577073974609375000e+02 2.781670532226562500e+02 2.833890075683593750e+02 2.652505493164062500e+02 2.354842834472656250e+02 2.169050292968750000e+02 2.173039550781250000e+02 1.953358459472656250e+02
yang2 2.188868408203125000e+02 2.267862701416015625e+02 2.069863433837890625e+02 2.129826354980468750e+02 2.194309387207031250e+02 2.154573669433593750e+02 2.157375335693359375e+02 2.251220245361328125e+02 2.422682495117187500e+02 2.355619354248046875e+02
shu4 2.308816986083984375e+02 2.507108764648437500e+02 2.518640899658203125e+02 2.707571716308593750e+02 2.846665954589843750e+02 2.784636840820312500e+02 2.582440185546875000e+02 2.494804687500000000e+02 2.415608673095703125e+02 2.232512054443359375e+02
jun1 2.321995239257812500e+02 2.523480224609375000e+02 2.566870727539062500e+02 2.780138549804687500e+02 3.062924499511718750e+02 3.023813781738281250e+02 2.987880554199218750e+02 2.941905212402343750e+02 2.961861267089843750e+02 2.708897094726562500e+02
luo2 2.442393798828125000e+02 2.342972259521484375e+02 2.040206298828125000e+02 1.994144439697265625e+02 2.053631896972656250e+02 2.036449890136718750e+02 1.998262634277343750e+02 2.054994049072265625e+02 2.202943725585937500e+02 2.097695007324218750e+02
hong2 2.137653350830078125e+02 2.152849731445312500e+02 1.990023498535156250e+02 2.085515136718750000e+02 2.201389770507812500e+02 2.174451293945312500e+02 2.002146759033203125e+02 1.981064605712890625e+02 2.135267486572265625e+02 2.106747894287109375e+02
bo1 2.131447601318359375e+02 2.399889373779296875e+02 2.447785949707031250e+02 2.647290954589843750e+02 2.914500122070312500e+02 2.874949645996093750e+02 2.768352966308593750e+02 2.744988708496093750e+02 2.770771789550781250e+02 2.606853332519531250e+02
san1 2.565346984863281250e+02 2.685008544921875000e+02 2.633683471679687500e+02 2.852333374023437500e+02 3.050658874511718750e+02 2.973931579589843750e+02 2.917765197753906250e+02 2.813139343261718750e+02 2.800116882324218750e+02 2.572950744628906250e+02
ren2 2.368988952636718750e+02 2.239521636962890625e+02 1.896718597412109375e+02 1.828824310302734375e+02 1.864533996582031250e+02 1.763782501220703125e+02 1.774287719726562500e+02 1.780713043212890625e+02 1.939052429199218750e+02 1.870966644287109375e+02
yin1 2.503925933837890625e+02 2.663778991699218750e+02 2.552760467529296875e+02 2.724552612304687500e+02 2.924126281738281250e+02 2.871360778808593750e+02 2.730715332031250000e+02 2.777127990722656250e+02 2.702502136230468750e+02 2.578115844726562500e+02
dao4 2.480914611816406250e+02 2.611859436035156250e+02 2.494319915771484375e+02 2.439619445800781250e+02 2.453143615722656250e+02 2.177340393066406250e+02 1.930200958251953125e+02 1.782644500732421875e+02 1.826453247070312500e+02 1.741716308593750000e+02
qie4 1.862586822509765625e+02 2.051882781982421875e+02 2.047997436523437500e+02 2.302333984375000000e+02 2.542314453125000000e+02 2.542513427734375000e+02 2.389705963134765625e+02 2.208719940185546875e+02 2.158644256591796875e+02 1.973188934326171875e+02
zui4 1.935686035156250000e+02 2.122794799804687500e+02 2.182978363037109375e+02 2.320685272216796875e+02 2.458860321044921875e+02 2.376334838867187500e+02 2.204740142822265625e+02 2.043415069580078125e+02 2.043495483398437500e+02 1.858819274902343750e+02
ru4 1.768488464355468750e+02 1.862933502197265625e+02 1.833478851318359375e+02 1.990218811035156250e+02 2.159889984130859375e+02 2.109330291748046875e+02 1.941791687011718750e+02 1.785184478759765625e+02 1.808262939453125000e+02 1.682171478271484375e+02
yu4 1.515160522460937500e+02 1.695049896240234375e+02 1.572109985351562500e+02 1.669277496337890625e+02 1.824854888916015625e+02 1.650420989990234375e+02 1.469268798828125000e+02 1.335112457275390625e+02 1.385691833496093750e+02 1.401678466796875000e+02
