ken3 2.532686157226562500e+02 2.493519287109375000e+02 2.331267089843750000e+02 2.407252044677734375e+02 2.472653045654296875e+02 2.248053741455078125e+02 1.976578979492187500e+02 2.037954559326171875e+02 2.121929016113281250e+02 2.055581512451171875e+02
qu1 2.214418182373046875e+02 2.451947479248046875e+02 2.502735137939453125e+02 2.811987915039062500e+02 3.137898254394531250e+02 3.203522033691406250e+02 3.182183837890625000e+02 3.229009704589843750e+02 3.182959899902343750e+02 2.950581970214843750e+02
nai3 2.758782043457031250e+02 2.705614013671875000e+02 2.379821319580078125e+02 2.189708557128906250e+02 2.138516082763671875e+02 1.960265808105468750e+02 1.795198364257812500e+02 1.724460601806640625e+02 1.869604339599609375e+02 1.728323211669921875e+02
niu2 1.820554962158203125e+02 1.915817413330078125e+02 1.830496520996093750e+02 1.885639190673828125e+02 1.950578613281250000e+02 1.925432281494140625e+02 1.912163238525390625e+02 2.016052398681640625e+02 2.219210968017578125e+02 2.180984954833984375e+02
rou4 2.552530517578125000e+02 2.717139587402343750e+02 2.664615173339843750e+02 2.758957214355468750e+02 2.844861755371093750e+02 2.697183837890625000e+02 2.499809722900390625e+02 2.409679565429687500e+02 2.414542694091796875e+02 2.131530914306640625e+02
niu2 2.298745422363281250e+02 2.275605926513671875e+02 2.081827850341796875e+02 2.092644500732421875e+02 2.158056945800781250e+02 2.061782531738281250e+02 1.998601531982421875e+02 2.051187896728515625e+02 2.245115814208984375e+02 2.178333282470703125e+02
sheng1 2.172322845458984375e+02 2.401488342285156250e+02 2.471672058105468750e+02 2.701678161621093750e+02 2.990560302734375000e+02 2.954306030273437500e+02 2.852866516113281250e+02 2.790207214355468750e+02 2.827314453125000000e+02 2.662100524902343750e+02
zhu1 2.659460449218750000e+02 2.793327331542968750e+02 2.740775146484375000e+02 2.872537536621093750e+02 3.046468200683593750e+02 2.996877136230468750e+02 2.927381286621093750e+02 2.907411804199218750e+02 2.884108276367187500e+02 2.675880737304687500e+02
cun2 2.499598999023437500e+02 2.431759490966796875e+02 2.179649658203125000e+02 2.178820953369140625e+02 2.296106414794921875e+02 2.190204620361328125e+02 2.082602691650390625e+02 2.030541229248046875e+02 2.194963226318359375e+02 2.134256286621093750e+02
lan2 2.074064025878906250e+02 2.112431182861328125e+02 1.936271820068359375e+02 1.921383972167968750e+02 1.967275390625000000e+02 1.897393493652343750e+02 1.846652374267578125e+02 1.889313354492187500e+02 2.107525634765625000e+02 2.082109985351562500e+02
zeng1 2.045756225585937500e+02 2.332933349609375000e+02 2.426741943359375000e+02 2.674775085449218750e+02 2.912374877929687500e+02 2.879803161621093750e+02 2.785559692382812500e+02 2.737320251464843750e+02 2.763243713378906250e+02 2.573185119628906250e+02
zhang2 2.362699432373046875e+02 2.401577911376953125e+02 2.115315246582031250e+02 2.061619720458984375e+02 2.054105072021484375e+02 1.922176818847656250e+02 1.845951995849609375e+02 1.867881011962890625e+02 2.091523590087890625e+02 2.100262756347656250e+02
hen3 2.168251647949218750e+02 2.150993804931640625e+02 1.925729827880859375e+02 1.924319915771484375e+02 2.025690460205078125e+02 1.881622924804687500e+02 1.608344879150390625e+02 1.408871612548828125e+02 1.489020843505859375e+02 1.444080200195312500e+02
kuai4 1.212053527832031250e+02 1.566557464599609375e+02 1.602886199951171875e+02 1.885090789794921875e+02 2.184946899414062500e+02 2.032461242675781250e+02 1.826886901855468750e+02 1.679022674560546875e+02 1.588997497558593750e+02 1.553033294677734375e+02
