hu1 3.273374328613281250e+02 3.228363647460937500e+02 3.023669738769531250e+02 3.169286193847656250e+02 3.336185607910156250e+02 3.342982177734375000e+02 3.233293151855468750e+02 3.184360656738281250e+02 3.151848754882812500e+02 2.953020935058593750e+02
hu5 2.738783569335937500e+02 2.675627746582031250e+02 2.434521789550781250e+02 2.507880096435546875e+02 2.665823059082031250e+02 2.502687988281250000e+02 2.247734375000000000e+02 2.132487030029296875e+02 2.211379241943359375e+02 2.106212158203125000e+02
pen1 2.153094482421875000e+02 2.387792968750000000e+02 2.415428314208984375e+02 2.645917358398437500e+02 3.027759399414062500e+02 2.983562927246093750e+02 2.928727722167968750e+02 2.838348999023437500e+02 2.904284362792968750e+02 2.720968322753906250e+02
chu1 2.665422668457031250e+02 2.750762023925781250e+02 2.671810302734375000e+02 2.832446289062500000e+02 3.121048278808593750e+02 3.094605712890625000e+02 3.055830383300781250e+02 2.986748352050781250e+02 2.992039489746093750e+02 2.747187194824218750e+02
de5 2.519755554199218750e+02 2.558034667968750000e+02 2.342744903564453125e+02 2.306841888427734375e+02 2.385804748535156250e+02 2.231937408447265625e+02 2.098879089355468750e+02 2.001129760742187500e+02 2.086282501220703125e+02 1.987289276123046875e+02
jiao1 1.970797119140625000e+02 2.260550384521484375e+02 2.374159393310546875e+02 2.652456970214843750e+02 2.953172912597656250e+02 2.905050354003906250e+02 2.842099304199218750e+02 2.799035034179687500e+02 2.840452880859375000e+02 2.607398681640625000e+02
fen3 2.427348175048828125e+02 2.385760345458984375e+02 2.196840209960937500e+02 2.148787384033203125e+02 2.182707672119140625e+02 1.984673461914062500e+02 1.725322723388671875e+02 1.604961090087890625e+02 1.694025268554687500e+02 1.622108612060546875e+02
xun1 1.710061187744140625e+02 1.959040527343750000e+02 2.035415954589843750e+02 2.361490783691406250e+02 2.758072814941406250e+02 2.777612609863281250e+02 2.748514404296875000e+02 2.737156982421875000e+02 2.730149536132812500e+02 2.520436248779296875e+02
de5 2.347593231201171875e+02 2.369913482666015625e+02 2.208337707519531250e+02 2.233471679687500000e+02 2.325316925048828125e+02 2.166161193847656250e+02 2.091052398681640625e+02 1.991404876708984375e+02 2.058865661621093750e+02 1.898298950195312500e+02
ren2 1.892054138183593750e+02 1.929676513671875000e+02 1.788339233398437500e+02 1.843919830322265625e+02 1.973495025634765625e+02 1.941588439941406250e+02 1.911959533691406250e+02 1.987037506103515625e+02 2.129776611328125000e+02 2.094676666259765625e+02
tou2 2.150718841552734375e+02 2.195608825683593750e+02 2.063177185058593750e+02 2.146596374511718750e+02 2.219598083496093750e+02 2.158011169433593750e+02 1.976706695556640625e+02 1.925720214843750000e+02 2.076041564941406250e+02 2.093093414306640625e+02
yun1 2.079076232910156250e+02 2.211011810302734375e+02 2.255816192626953125e+02 2.525531616210937500e+02 2.815874328613281250e+02 2.823921813964843750e+02 2.771377563476562500e+02 2.758699035644531250e+02 2.745039672851562500e+02 2.565289306640625000e+02
mu4 2.452060546875000000e+02 2.508004760742187500e+02 2.360831604003906250e+02 2.387017669677734375e+02 2.449991149902343750e+02 2.236275024414062500e+02 1.973787536621093750e+02 1.733083496093750000e+02 1.757094726562500000e+02 1.664990234375000000e+02
xuan4 1.600057525634765625e+02 1.845425872802734375e+02 1.859590606689453125e+02 2.006439208984375000e+02 2.169474639892578125e+02 1.909192962646484375e+02 1.682118988037109375e+02 1.413022308349609375e+02 1.403784179687500000e+02 1.364799194335937500e+02
