hua4 2.953504028320312500e+02 3.005711975097656250e+02 2.852980346679687500e+02 2.982459411621093750e+02 3.117576599121093750e+02 2.979257507324218750e+02 2.858963623046875000e+02 2.682933959960937500e+02 2.751583862304687500e+02 2.517969512939453125e+02
qing1 2.502694854736328125e+02 2.662463684082031250e+02 2.684511718750000000e+02 2.928995971679687500e+02 3.252696228027343750e+02 3.183661804199218750e+02 3.173216857910156250e+02 3.094795227050781250e+02 3.137798767089843750e+02 2.899010925292968750e+02
xun2 2.729661560058593750e+02 2.635839538574218750e+02 2.346964569091796875e+02 2.346842651367187500e+02 2.445970306396484375e+02 2.314111785888671875e+02 2.158851165771484375e+02 2.106777954101562500e+02 2.278880615234375000e+02 2.229351043701171875e+02
zu1 2.164699249267578125e+02 2.394532775878906250e+02 2.452977600097656250e+02 2.675657348632812500e+02 3.008102722167968750e+02 2.998972473144531250e+02 2.938334960937500000e+02 2.956777648925781250e+02 2.982172851562500000e+02 2.692379760742187500e+02
niu3 2.481198272705078125e+02 2.443938293457031250e+02 2.188511199951171875e+02 2.071430816650390625e+02 2.052070617675781250e+02 1.858977355957031250e+02 1.611961669921875000e+02 1.555473785400390625e+02 1.679861755371093750e+02 1.614075012207031250e+02
kui1 1.736049652099609375e+02 1.993677673339843750e+02 2.052001190185546875e+02 2.355899353027343750e+02 2.761325073242187500e+02 2.798117980957031250e+02 2.759755859375000000e+02 2.708766174316406250e+02 2.727025146484375000e+02 2.553774566650390625e+02
tong2 2.425305786132812500e+02 2.423094177246093750e+02 2.182310485839843750e+02 2.202676391601562500e+02 2.293728790283203125e+02 2.165961456298828125e+02 2.038531494140625000e+02 1.993804779052734375e+02 2.188494567871093750e+02 2.161509246826171875e+02
jing1 2.131950683593750000e+02 2.397017517089843750e+02 2.464629516601562500e+02 2.736126403808593750e+02 3.029546203613281250e+02 2.989408264160156250e+02 2.915351257324218750e+02 2.910937805175781250e+02 2.903719177246093750e+02 2.674375610351562500e+02
ying2 2.477940979003906250e+02 2.396781005859375000e+02 2.030414581298828125e+02 2.015338134765625000e+02 2.117457733154296875e+02 2.057793273925781250e+02 2.066886901855468750e+02 2.110496520996093750e+02 2.314174346923828125e+02 2.270948944091796875e+02
niu3 2.312509002685546875e+02 2.354434967041015625e+02 2.169289245605468750e+02 2.058214721679687500e+02 2.017067260742187500e+02 1.799145202636718750e+02 1.528351745605468750e+02 1.404973297119140625e+02 1.587326660156250000e+02 1.498670043945312500e+02
kui1 1.676811370849609375e+02 1.882877197265625000e+02 1.949257202148437500e+02 2.294668731689453125e+02 2.714508056640625000e+02 2.787525329589843750e+02 2.765121765136718750e+02 2.729320983886718750e+02 2.707956542968750000e+02 2.517965240478515625e+02
de5 2.295653076171875000e+02 2.321018066406250000e+02 2.131073608398437500e+02 2.117458953857421875e+02 2.179324798583984375e+02 1.992261047363281250e+02 1.885534820556640625e+02 1.773620910644531250e+02 1.849765167236328125e+02 1.768959197998046875e+02
jie4 1.738632812500000000e+02 1.969177246093750000e+02 2.037095642089843750e+02 2.230344696044921875e+02 2.412032165527343750e+02 2.323387298583984375e+02 2.169701690673828125e+02 1.934452362060546875e+02 1.928272552490234375e+02 1.781962127685546875e+02
xian4 1.668351440429687500e+02 1.890439300537109375e+02 1.832545928955078125e+02 1.994769897460937500e+02 2.153549346923828125e+02 1.879588623046875000e+02 1.655022125244140625e+02 1.398921203613281250e+02 1.387293090820312500e+02 1.370671081542968750e+02
