zhi3 2.520250701904296875e+02 2.535348663330078125e+02 2.417455444335937500e+02 2.378952484130859375e+02 2.388226470947265625e+02 2.204146270751953125e+02 2.119438323974609375e+02 2.163089599609375000e+02 2.269033508300781250e+02 2.193806152343750000e+02
jian4 2.154312744140625000e+02 2.414663238525390625e+02 2.574970397949218750e+02 2.805038757324218750e+02 3.004162902832031250e+02 2.958494262695312500e+02 2.830379943847656250e+02 2.767954406738281250e+02 2.738972778320312500e+02 2.490502319335937500e+02
yi2 2.449893341064453125e+02 2.395447082519531250e+02 2.171715850830078125e+02 2.224544372558593750e+02 2.386853485107421875e+02 2.394674530029296875e+02 2.381062622070312500e+02 2.448150329589843750e+02 2.553013763427734375e+02 2.416841125488281250e+02
jia4 2.347434692382812500e+02 2.613817749023437500e+02 2.686540832519531250e+02 2.796489257812500000e+02 2.876382751464843750e+02 2.769326782226562500e+02 2.546611175537109375e+02 2.417303619384765625e+02 2.432774505615234375e+02 2.262966308593750000e+02
ju4 2.229062194824218750e+02 2.424647064208984375e+02 2.481549835205078125e+02 2.662678833007812500e+02 2.866243896484375000e+02 2.778293151855468750e+02 2.668654479980468750e+02 2.541464233398437500e+02 2.526194152832031250e+02 2.292529449462890625e+02
da4 2.267217254638671875e+02 2.474658660888671875e+02 2.517232818603515625e+02 2.607911987304687500e+02 2.693130493164062500e+02 2.546141662597656250e+02 2.387751312255859375e+02 2.261798706054687500e+02 2.284422302246093750e+02 2.109009857177734375e+02
wu2 2.037735748291015625e+02 2.042213439941406250e+02 1.870706787109375000e+02 1.988836517333984375e+02 2.195414276123046875e+02 2.229178466796875000e+02 2.218296203613281250e+02 2.279271392822265625e+02 2.429886627197265625e+02 2.315354614257812500e+02
bi3 2.302520446777343750e+02 2.329734954833984375e+02 2.158988189697265625e+02 2.072387237548828125e+02 2.076853027343750000e+02 1.923615264892578125e+02 1.721782226562500000e+02 1.604480590820312500e+02 1.729206085205078125e+02 1.604397583007812500e+02
de5 1.585992584228515625e+02 1.836753234863281250e+02 1.859986724853515625e+02 2.000611419677734375e+02 2.155712127685546875e+02 2.143572235107421875e+02 2.078221282958984375e+02 2.103662567138671875e+02 2.155652770996093750e+02 2.036660766601562500e+02
shu4 1.953765258789062500e+02 2.148757476806640625e+02 2.146209411621093750e+02 2.419783477783203125e+02 2.698459472656250000e+02 2.663211975097656250e+02 2.558038330078125000e+02 2.385328826904296875e+02 2.361654663085937500e+02 2.102841491699218750e+02
qin2 2.206178131103515625e+02 2.195451507568359375e+02 1.984776306152343750e+02 2.048197631835937500e+02 2.133653869628906250e+02 2.030226745605468750e+02 1.959311523437500000e+02 1.944414672851562500e+02 2.094553375244140625e+02 2.120279235839843750e+02
jia4 2.839743652343750000e+02 2.972692871093750000e+02 2.903167724609375000e+02 2.927196350097656250e+02 2.951393127441406250e+02 2.747350769042968750e+02 2.564740905761718750e+02 2.448569335937500000e+02 2.446172332763671875e+02 2.257735290527343750e+02
zai4 2.241100006103515625e+02 2.445979919433593750e+02 2.451789855957031250e+02 2.568772583007812500e+02 2.699200439453125000e+02 2.540551300048828125e+02 2.426485137939453125e+02 2.300112609863281250e+02 2.294986877441406250e+02 2.160807495117187500e+02
bu4 2.048732757568359375e+02 2.215884552001953125e+02 2.256554870605468750e+02 2.484683990478515625e+02 2.673580627441406250e+02 2.628550720214843750e+02 2.522734069824218750e+02 2.424720764160156250e+02 2.406788024902343750e+02 2.155010375976562500e+02
yuan3 2.171881256103515625e+02 2.179618225097656250e+02 2.010485992431640625e+02 1.961407623291015625e+02 2.009970703125000000e+02 1.801405181884765625e+02 1.603508911132812500e+02 1.505990905761718750e+02 1.632984313964843750e+02 1.549128417968750000e+02
de5 1.579568939208984375e+02 1.791533355712890625e+02 1.783394470214843750e+02 1.891038665771484375e+02 2.045713653564453125e+02 1.966008758544921875e+02 1.885229949951171875e+02 1.869108123779296875e+02 1.928809509277343750e+02 1.797092895507812500e+02
shan1 1.888001708984375000e+02 2.105678253173828125e+02 2.173622283935546875e+02 2.465524444580078125e+02 2.790548095703125000e+02 2.808054809570312500e+02 2.721714477539062500e+02 2.659255371093750000e+02 2.639815979003906250e+02 2.472581329345703125e+02
liang2 2.288002929687500000e+02 2.194392242431640625e+02 1.879635925292968750e+02 1.755169677734375000e+02 1.761042785644531250e+02 1.637518615722656250e+02 1.534563293457031250e+02 1.579233093261718750e+02 1.787187957763671875e+02 1.798646240234375000e+02
shang4 1.579709625244140625e+02 1.915355224609375000e+02 1.930464019775390625e+02 2.060694122314453125e+02 2.155608062744140625e+02 1.907351531982421875e+02 1.660994720458984375e+02 1.404616088867187500e+02 1.424373626708984375e+02 1.399034576416015625e+02
