san1 3.321696166992187500e+02 3.374276733398437500e+02 3.123633117675781250e+02 3.209559326171875000e+02 3.320355529785156250e+02 3.225943908691406250e+02 3.114179992675781250e+02 3.092066040039062500e+02 3.105908508300781250e+02 2.899791259765625000e+02
yue4 2.859993286132812500e+02 2.940763244628906250e+02 2.748218688964843750e+02 2.816846313476562500e+02 2.943275451660156250e+02 2.778434143066406250e+02 2.618575744628906250e+02 2.452785491943359375e+02 2.460924530029296875e+02 2.285889587402343750e+02
si4 2.261094970703125000e+02 2.415049591064453125e+02 2.447718048095703125e+02 2.639508972167968750e+02 2.848001708984375000e+02 2.778930969238281250e+02 2.643629455566406250e+02 2.488112945556640625e+02 2.428993225097656250e+02 2.194119262695312500e+02
ri4 2.221360626220703125e+02 2.330658264160156250e+02 2.278400421142578125e+02 2.330231628417968750e+02 2.409343109130859375e+02 2.249895324707031250e+02 2.039179229736328125e+02 1.936470794677734375e+02 1.964361724853515625e+02 1.790181884765625000e+02
zai4 2.797826538085937500e+02 2.904100341796875000e+02 2.832325744628906250e+02 2.811357116699218750e+02 2.832296752929687500e+02 2.687542114257812500e+02 2.483247222900390625e+02 2.367294921875000000e+02 2.432189636230468750e+02 2.215048828125000000e+02
nan2 2.236826324462890625e+02 2.230390930175781250e+02 2.059599456787109375e+02 2.069712219238281250e+02 2.137817382812500000e+02 2.037404937744140625e+02 1.952055816650390625e+02 2.029689788818359375e+02 2.203658752441406250e+02 2.155434265136718750e+02
jing1 2.092727508544921875e+02 2.323336334228515625e+02 2.428277893066406250e+02 2.670634155273437500e+02 2.965636596679687500e+02 2.927429199218750000e+02 2.860362854003906250e+02 2.830480346679687500e+02 2.895015869140625000e+02 2.651997375488281250e+02
huo3 2.430681152343750000e+02 2.330085601806640625e+02 2.108129272460937500e+02 2.135861511230468750e+02 2.241653900146484375e+02 2.083144683837890625e+02 1.810392761230468750e+02 1.670827941894531250e+02 1.705720062255859375e+02 1.587266387939453125e+02
che1 1.684764862060546875e+02 1.936579284667968750e+02 1.980151672363281250e+02 2.263453063964843750e+02 2.686719055175781250e+02 2.704836730957031250e+02 2.685317382812500000e+02 2.668047790527343750e+02 2.684503784179687500e+02 2.504899597167968750e+02
zhan4 2.396652832031250000e+02 2.604397277832031250e+02 2.610743408203125000e+02 2.651283264160156250e+02 2.683722534179687500e+02 2.512851867675781250e+02 2.282718963623046875e+02 2.126312103271484375e+02 2.156111755371093750e+02 2.034432983398437500e+02
bei4 2.016996307373046875e+02 2.245235900878906250e+02 2.289395446777343750e+02 2.460339050292968750e+02 2.595172729492187500e+02 2.490892028808593750e+02 2.308322906494140625e+02 2.140197906494140625e+02 2.172892303466796875e+02 2.033552093505859375e+02
tou1 2.082859497070312500e+02 2.262550354003906250e+02 2.344325866699218750e+02 2.591608581542968750e+02 2.930027160644531250e+02 2.896232604980468750e+02 2.830992736816406250e+02 2.761634216308593750e+02 2.795039978027343750e+02 2.603075561523437500e+02
de5 2.421222839355468750e+02 2.419599456787109375e+02 2.284862213134765625e+02 2.275206909179687500e+02 2.341273651123046875e+02 2.214864654541015625e+02 2.081061401367187500e+02 2.010361938476562500e+02 2.054987182617187500e+02 1.993444519042968750e+02
na4 1.889712982177734375e+02 2.109367828369140625e+02 2.168181762695312500e+02 2.380685882568359375e+02 2.510788269042968750e+02 2.429701690673828125e+02 2.243995056152343750e+02 2.081984252929687500e+02 2.097882843017578125e+02 1.905878143310546875e+02
ming2 1.974362945556640625e+02 2.002169647216796875e+02 1.852431182861328125e+02 1.899717712402343750e+02 2.006879882812500000e+02 1.927554779052734375e+02 1.877406005859375000e+02 1.892910308837890625e+02 2.124049377441406250e+02 2.114321441650390625e+02
zhong1 2.185397949218750000e+02 2.423755950927734375e+02 2.524355316162109375e+02 2.734440307617187500e+02 2.947256164550781250e+02 2.900497131347656250e+02 2.829053649902343750e+02 2.762716369628906250e+02 2.785049743652343750e+02 2.580733032226562500e+02
nian2 2.400661315917968750e+02 2.325815429687500000e+02 2.028199462890625000e+02 1.991248321533203125e+02 2.019061279296875000e+02 1.930610809326171875e+02 1.848360748291015625e+02 1.845941009521484375e+02 2.021987915039062500e+02 2.046969146728515625e+02
fu4 1.925676574707031250e+02 2.159844818115234375e+02 2.207265625000000000e+02 2.447102661132812500e+02 2.685006713867187500e+02 2.684622192382812500e+02 2.587314147949218750e+02 2.434790649414062500e+02 2.388018493652343750e+02 2.124412536621093750e+02
nv3 2.179496917724609375e+02 2.227793731689453125e+02 1.921239624023437500e+02 1.861742095947265625e+02 1.860305175781250000e+02 1.640302734375000000e+02 1.498888702392578125e+02 1.415289001464843750e+02 1.610803985595703125e+02 1.578379211425781250e+02
shi4 2.652127380371093750e+02 2.766280517578125000e+02 2.630110473632812500e+02 2.701783447265625000e+02 2.765202941894531250e+02 2.726267089843750000e+02 2.564750061035156250e+02 2.396874237060546875e+02 2.426190643310546875e+02 2.196431884765625000e+02
liu4 2.165954589843750000e+02 2.294798278808593750e+02 2.236739044189453125e+02 2.323251190185546875e+02 2.459264831542968750e+02 2.319090270996093750e+02 2.119190368652343750e+02 1.970869445800781250e+02 2.021086578369140625e+02 1.831544189453125000e+02
he2 2.000721282958984375e+02 1.936307067871093750e+02 1.779689331054687500e+02 1.854150848388671875e+02 2.087543029785156250e+02 2.125584259033203125e+02 1.968622741699218750e+02 1.920099639892578125e+02 1.984380340576171875e+02 1.918569335937500000e+02
xian4 1.843282470703125000e+02 2.034695892333984375e+02 2.078420257568359375e+02 2.277500915527343750e+02 2.530097198486328125e+02 2.474715881347656250e+02 2.300278472900390625e+02 2.110758361816406250e+02 2.039208526611328125e+02 1.818382568359375000e+02
ren2 1.583586425781250000e+02 1.566975402832031250e+02 1.276518859863281250e+02 1.225131759643554688e+02 1.275148773193359375e+02 1.165404205322265625e+02 1.181615905761718750e+02 1.244330062866210938e+02 1.392070007324218750e+02 1.444051971435546875e+02
