ming2 2.283350524902343750e+02 2.366675109863281250e+02 2.247221832275390625e+02 2.335082244873046875e+02 2.510739898681640625e+02 2.416872558593750000e+02 2.464660339355468750e+02 2.529041442871093750e+02 2.652405395507812500e+02 2.609144592285156250e+02
yu4 2.533442993164062500e+02 2.696732482910156250e+02 2.723354797363281250e+02 2.789482421875000000e+02 3.015342712402343750e+02 2.948456115722656250e+02 2.768094482421875000e+02 2.709500122070312500e+02 2.716097106933593750e+02 2.508398284912109375e+02
fu4 2.584007873535156250e+02 2.648669128417968750e+02 2.681408386230468750e+02 2.801495056152343750e+02 3.001688537597656250e+02 2.930784912109375000e+02 2.758046264648437500e+02 2.644188232421875000e+02 2.601982421875000000e+02 2.358293151855468750e+02
zhu3 2.392331085205078125e+02 2.406730194091796875e+02 2.290965270996093750e+02 2.199118194580078125e+02 2.175784149169921875e+02 2.015453338623046875e+02 1.868932189941406250e+02 1.734736022949218750e+02 1.802040100097656250e+02 1.702032012939453125e+02
xi2 1.890817260742187500e+02 1.936955566406250000e+02 1.866063232421875000e+02 2.010828704833984375e+02 2.140790252685546875e+02 2.195461425781250000e+02 2.100207366943359375e+02 2.172184448242187500e+02 2.210448913574218750e+02 2.140812225341796875e+02
li3 2.125013427734375000e+02 2.213014526367187500e+02 2.002044525146484375e+02 1.939456329345703125e+02 1.935856323242187500e+02 1.875613555908203125e+02 1.768478240966796875e+02 1.721694946289062500e+02 1.790998840332031250e+02 1.614712982177734375e+02
chen2 2.178299407958984375e+02 2.252425537109375000e+02 2.102133483886718750e+02 2.164216003417968750e+02 2.285769805908203125e+02 2.242581939697265625e+02 2.185375976562500000e+02 2.212036590576171875e+02 2.338872833251953125e+02 2.287525634765625000e+02
tian2 2.339334259033203125e+02 2.385643310546875000e+02 2.240903320312500000e+02 2.293689117431640625e+02 2.358283233642578125e+02 2.284796295166015625e+02 2.162654266357421875e+02 2.234393157958984375e+02 2.314625396728515625e+02 2.281931610107421875e+02
fu4 2.306730957031250000e+02 2.480578460693359375e+02 2.517006225585937500e+02 2.655165710449218750e+02 2.800989990234375000e+02 2.731127014160156250e+02 2.532019042968750000e+02 2.399366455078125000e+02 2.349847412109375000e+02 2.110143585205078125e+02
da2 2.163433990478515625e+02 2.186408996582031250e+02 1.994377746582031250e+02 1.962449798583984375e+02 1.940405731201171875e+02 1.824549560546875000e+02 1.895441741943359375e+02 1.964074401855468750e+02 2.141588592529296875e+02 2.049920959472656250e+02
chen2 2.245071258544921875e+02 2.329185333251953125e+02 2.199616241455078125e+02 2.208872985839843750e+02 2.354414062500000000e+02 2.251365203857421875e+02 2.165026550292968750e+02 2.201934814453125000e+02 2.340823059082031250e+02 2.244249877929687500e+02
zhong4 2.366399841308593750e+02 2.621611633300781250e+02 2.682839965820312500e+02 2.768742065429687500e+02 2.853091125488281250e+02 2.694031066894531250e+02 2.540299530029296875e+02 2.375945739746093750e+02 2.352218017578125000e+02 2.087859802246093750e+02
yi2 2.114867858886718750e+02 2.052389221191406250e+02 1.840741729736328125e+02 1.848513946533203125e+02 1.948750762939453125e+02 1.916065979003906250e+02 2.007210845947265625e+02 2.007492980957031250e+02 2.174370269775390625e+02 2.045885314941406250e+02
lie4 2.527331390380859375e+02 2.700297851562500000e+02 2.623594360351562500e+02 2.670720214843750000e+02 2.752669677734375000e+02 2.649189147949218750e+02 2.452316436767578125e+02 2.340734710693359375e+02 2.329502563476562500e+02 2.087472534179687500e+02
xi2 2.236634216308593750e+02 2.177019805908203125e+02 2.001706848144531250e+02 2.065700073242187500e+02 2.228443603515625000e+02 2.187498474121093750e+02 2.108982543945312500e+02 2.049596405029296875e+02 2.122134246826171875e+02 1.986311645507812500e+02
le5 1.929652404785156250e+02 1.980419464111328125e+02 1.879521026611328125e+02 1.909300231933593750e+02 2.045123748779296875e+02 1.964090118408203125e+02 1.848985290527343750e+02 1.820024414062500000e+02 1.842379608154296875e+02 1.738667907714843750e+02
hui4 1.698394317626953125e+02 1.827259979248046875e+02 1.832975463867187500e+02 2.106608886718750000e+02 2.404846649169921875e+02 2.423680114746093750e+02 2.237874908447265625e+02 2.025600280761718750e+02 1.961683044433593750e+02 1.794666442871093750e+02
yi4 1.630847320556640625e+02 1.806177368164062500e+02 1.666904907226562500e+02 1.727362518310546875e+02 1.901961364746093750e+02 1.728122406005859375e+02 1.558023834228515625e+02 1.433160400390625000e+02 1.490039367675781250e+02 1.498007507324218750e+02
