san1 3.224469299316406250e+02 3.275083923339843750e+02 3.086740417480468750e+02 3.153414916992187500e+02 3.377589721679687500e+02 3.245488891601562500e+02 3.137695922851562500e+02 3.052274169921875000e+02 3.082437133789062500e+02 2.857348022460937500e+02
qi1 2.810209045410156250e+02 2.910218505859375000e+02 2.816922912597656250e+02 2.979741210937500000e+02 3.290645141601562500e+02 3.244910278320312500e+02 3.228293151855468750e+02 3.157905273437500000e+02 3.188739013671875000e+02 2.928212890625000000e+02
de5 2.703349609375000000e+02 2.756936950683593750e+02 2.541488494873046875e+02 2.514801025390625000e+02 2.583608703613281250e+02 2.498720550537109375e+02 2.398448028564453125e+02 2.289254150390625000e+02 2.371570129394531250e+02 2.264373474121093750e+02
yao4 2.052682189941406250e+02 2.254558868408203125e+02 2.322882080078125000e+02 2.510320434570312500e+02 2.706292724609375000e+02 2.626222839355468750e+02 2.476815185546875000e+02 2.337811889648437500e+02 2.367002563476562500e+02 2.203699951171875000e+02
li3 2.130367736816406250e+02 2.134465484619140625e+02 1.981043701171875000e+02 1.974339447021484375e+02 2.080337524414062500e+02 1.965577239990234375e+02 1.823325958251953125e+02 1.782622528076171875e+02 1.839962310791015625e+02 1.708468475341796875e+02
yan2 1.789084167480468750e+02 1.878638458251953125e+02 1.742553100585937500e+02 1.834147033691406250e+02 1.993853149414062500e+02 1.947577362060546875e+02 1.874408874511718750e+02 1.983473358154296875e+02 2.137710876464843750e+02 2.164830474853515625e+02
jiu1 2.115353546142578125e+02 2.388958892822265625e+02 2.477469024658203125e+02 2.720177307128906250e+02 3.002344665527343750e+02 2.977211608886718750e+02 2.901623535156250000e+02 2.883698425292968750e+02 2.896758728027343750e+02 2.712534179687500000e+02
bu4 2.656779174804687500e+02 2.722994995117187500e+02 2.619289550781250000e+02 2.695174560546875000e+02 2.812348632812500000e+02 2.686602172851562500e+02 2.499411773681640625e+02 2.364008483886718750e+02 2.352515869140625000e+02 2.161516418457031250e+02
shao3 2.207163696289062500e+02 2.279804840087890625e+02 2.144115905761718750e+02 2.156850585937500000e+02 2.222269592285156250e+02 1.969870910644531250e+02 1.737278289794921875e+02 1.599269866943359375e+02 1.665010833740234375e+02 1.621426696777343750e+02
hai2 1.794198303222656250e+02 1.925023498535156250e+02 1.748109893798828125e+02 1.954958496093750000e+02 2.212059326171875000e+02 2.212314453125000000e+02 2.116616210937500000e+02 2.136988067626953125e+02 2.256523437500000000e+02 2.270817108154296875e+02
chu3 2.300551300048828125e+02 2.302269134521484375e+02 2.147673339843750000e+02 2.160514678955078125e+02 2.281305389404296875e+02 2.129213867187500000e+02 1.912078399658203125e+02 1.709187011718750000e+02 1.767682342529296875e+02 1.621255950927734375e+02
yu2 1.674427490234375000e+02 1.774635467529296875e+02 1.603582611083984375e+02 1.766830444335937500e+02 1.944306335449218750e+02 1.986658782958984375e+02 1.979125671386718750e+02 2.061255645751953125e+02 2.154480743408203125e+02 2.096682739257812500e+02
tian2 2.136657867431640625e+02 2.188819885253906250e+02 2.015801544189453125e+02 2.105146026611328125e+02 2.187282409667968750e+02 2.123397979736328125e+02 1.975872497558593750e+02 1.931480560302734375e+02 2.071719512939453125e+02 2.087101135253906250e+02
kong4 1.951929931640625000e+02 2.162117462158203125e+02 2.201256408691406250e+02 2.473715820312500000e+02 2.690183410644531250e+02 2.657286071777343750e+02 2.415946197509765625e+02 2.169742889404296875e+02 2.108366241455078125e+02 1.905806274414062500e+02
jie1 2.041230010986328125e+02 2.175896759033203125e+02 2.134848022460937500e+02 2.399044036865234375e+02 2.621535644531250000e+02 2.560841369628906250e+02 2.531006011962890625e+02 2.468359680175781250e+02 2.445847320556640625e+02 2.282033996582031250e+02
duan4 2.058829193115234375e+02 2.259794921875000000e+02 2.108008575439453125e+02 2.029132995605468750e+02 1.965815887451171875e+02 1.656277160644531250e+02 1.304944152832031250e+02 1.146087722778320312e+02 1.271309661865234375e+02 1.237658538818359375e+02
