da4 3.113693237304687500e+02 3.174498596191406250e+02 3.036543884277343750e+02 3.037532958984375000e+02 3.107857666015625000e+02 3.018330688476562500e+02 2.899886169433593750e+02 2.818808898925781250e+02 2.870359497070312500e+02 2.642594299316406250e+02
dan3 2.615187683105468750e+02 2.606651916503906250e+02 2.391603240966796875e+02 2.216489868164062500e+02 2.226427459716796875e+02 1.972719573974609375e+02 1.812498016357421875e+02 1.765458831787109375e+02 1.923690643310546875e+02 1.822270507812500000e+02
de5 1.808271942138671875e+02 2.024609680175781250e+02 1.996714172363281250e+02 2.113484497070312500e+02 2.297491912841796875e+02 2.226920471191406250e+02 2.174788513183593750e+02 2.165823822021484375e+02 2.287916564941406250e+02 2.157236022949218750e+02
shi4 2.082152862548828125e+02 2.283063964843750000e+02 2.363293457031250000e+02 2.566386718750000000e+02 2.847597961425781250e+02 2.793254699707031250e+02 2.700604553222656250e+02 2.588532714843750000e+02 2.603449096679687500e+02 2.328203735351562500e+02
da4 2.310401611328125000e+02 2.512813415527343750e+02 2.543433380126953125e+02 2.605987243652343750e+02 2.693395996093750000e+02 2.570323791503906250e+02 2.409457855224609375e+02 2.287080078125000000e+02 2.345813140869140625e+02 2.150960540771484375e+02
dan3 2.145388183593750000e+02 2.249039154052734375e+02 2.125332489013671875e+02 2.066136016845703125e+02 2.052732086181640625e+02 1.827235107421875000e+02 1.641184997558593750e+02 1.613318939208984375e+02 1.732237243652343750e+02 1.699851684570312500e+02
de5 1.655784759521484375e+02 1.859792938232421875e+02 1.843663787841796875e+02 2.016797332763671875e+02 2.192210540771484375e+02 2.168261566162109375e+02 2.121249237060546875e+02 2.178078765869140625e+02 2.238347015380859375e+02 2.095609588623046875e+02
chuang3 2.234962310791015625e+02 2.290017089843750000e+02 2.167698974609375000e+02 2.179452667236328125e+02 2.224273529052734375e+02 1.961360931396484375e+02 1.697831268310546875e+02 1.608195190429687500e+02 1.697434234619140625e+02 1.658590850830078125e+02
da4 1.629712219238281250e+02 1.992139282226562500e+02 2.177306060791015625e+02 2.380616912841796875e+02 2.537175598144531250e+02 2.447392272949218750e+02 2.305521697998046875e+02 2.218636627197265625e+02 2.199911041259765625e+02 2.018802947998046875e+02
dan3 2.101774902343750000e+02 2.176622009277343750e+02 1.999432678222656250e+02 1.972470092773437500e+02 1.958704376220703125e+02 1.668685150146484375e+02 1.515375823974609375e+02 1.426687622070312500e+02 1.559585571289062500e+02 1.485810852050781250e+02
de5 1.441773071289062500e+02 1.644804382324218750e+02 1.626114959716796875e+02 1.768499603271484375e+02 1.920443725585937500e+02 1.834152832031250000e+02 1.781791534423828125e+02 1.769275970458984375e+02 1.832803955078125000e+02 1.770267639160156250e+02
gan4 1.582504730224609375e+02 1.947445220947265625e+02 1.971397552490234375e+02 2.107896118164062500e+02 2.146398468017578125e+02 1.839436187744140625e+02 1.589131317138671875e+02 1.425585327148437500e+02 1.462825927734375000e+02 1.386766204833984375e+02
