dan4 3.062677307128906250e+02 3.152800903320312500e+02 2.982054748535156250e+02 3.020878601074218750e+02 3.109808654785156250e+02 2.968774719238281250e+02 2.854821777343750000e+02 2.762756042480468750e+02 2.797933654785156250e+02 2.611307067871093750e+02
yao4 2.552849121093750000e+02 2.705404968261718750e+02 2.626571655273437500e+02 2.742942199707031250e+02 2.853049011230468750e+02 2.723837890625000000e+02 2.534912414550781250e+02 2.394909667968750000e+02 2.463111267089843750e+02 2.323009948730468750e+02
wei4 2.301782531738281250e+02 2.445153656005859375e+02 2.450634918212890625e+02 2.588661804199218750e+02 2.773610229492187500e+02 2.676820678710937500e+02 2.495554046630859375e+02 2.321399688720703125e+02 2.395058288574218750e+02 2.238902282714843750e+02
qi1 2.282243194580078125e+02 2.441722106933593750e+02 2.467943725585937500e+02 2.680420227050781250e+02 3.051310119628906250e+02 3.035811157226562500e+02 3.033786010742187500e+02 2.951727600097656250e+02 3.008062438964843750e+02 2.728418884277343750e+02
nong2 2.472046356201171875e+02 2.446647949218750000e+02 2.113981933593750000e+02 2.096075134277343750e+02 2.137765502929687500e+02 2.055932312011718750e+02 2.069913787841796875e+02 2.102312011718750000e+02 2.318259582519531250e+02 2.217355957031250000e+02
ti2 2.192010650634765625e+02 2.255903472900390625e+02 2.086320953369140625e+02 2.169040679931640625e+02 2.302666778564453125e+02 2.263575897216796875e+02 2.153605499267578125e+02 2.134785003662109375e+02 2.291573486328125000e+02 2.230656738281250000e+02
gong4 2.101751098632812500e+02 2.425887451171875000e+02 2.526981048583984375e+02 2.644752197265625000e+02 2.726621398925781250e+02 2.571156311035156250e+02 2.369238891601562500e+02 2.201305694580078125e+02 2.255459136962890625e+02 2.122410736083984375e+02
ji4 2.135510864257812500e+02 2.310364379882812500e+02 2.337451782226562500e+02 2.518830871582031250e+02 2.718298950195312500e+02 2.654125366210937500e+02 2.519061431884765625e+02 2.371562042236328125e+02 2.393767547607421875e+02 2.177091522216796875e+02
shu4 2.170934753417968750e+02 2.284038085937500000e+02 2.273302307128906250e+02 2.472515411376953125e+02 2.712453002929687500e+02 2.668512268066406250e+02 2.520314788818359375e+02 2.345480194091796875e+02 2.336774139404296875e+02 2.145704956054687500e+02
xin4 2.147503356933593750e+02 2.271962890625000000e+02 2.288677978515625000e+02 2.509172363281250000e+02 2.746517639160156250e+02 2.697838439941406250e+02 2.523784942626953125e+02 2.319733734130859375e+02 2.301835632324218750e+02 2.121963043212890625e+02
xi1 2.226635742187500000e+02 2.321051635742187500e+02 2.304890747070312500e+02 2.554923553466796875e+02 2.916378784179687500e+02 2.920048522949218750e+02 2.908695983886718750e+02 2.873260192871093750e+02 2.849190979003906250e+02 2.609704284667968750e+02
he2 2.521109619140625000e+02 2.353203277587890625e+02 2.052307128906250000e+02 2.094369506835937500e+02 2.266377868652343750e+02 2.212077789306640625e+02 2.072062683105468750e+02 1.953509368896484375e+02 2.054922027587890625e+02 2.009497528076171875e+02
zi1 1.990968933105468750e+02 2.214671173095703125e+02 2.252929229736328125e+02 2.503672485351562500e+02 2.825751647949218750e+02 2.811128234863281250e+02 2.779027404785156250e+02 2.765371398925781250e+02 2.778562316894531250e+02 2.568898925781250000e+02
jin1 2.501623229980468750e+02 2.603067932128906250e+02 2.563406372070312500e+02 2.757856750488281250e+02 2.943412170410156250e+02 2.880452880859375000e+02 2.867543029785156250e+02 2.813316650390625000e+02 2.783481140136718750e+02 2.575029296875000000e+02
de5 2.345466918945312500e+02 2.322684326171875000e+02 2.124824523925781250e+02 2.073398437500000000e+02 2.140455322265625000e+02 1.959074707031250000e+02 1.859746856689453125e+02 1.739227600097656250e+02 1.809868011474609375e+02 1.692005615234375000e+02
fu2 1.783667907714843750e+02 1.837068328857421875e+02 1.709461669921875000e+02 1.803081207275390625e+02 1.909776306152343750e+02 1.844410400390625000e+02 1.810004272460937500e+02 1.815387420654296875e+02 1.925865173339843750e+02 1.973128967285156250e+02
chi2 1.783900909423828125e+02 1.878029174804687500e+02 1.561520843505859375e+02 1.624162139892578125e+02 1.670233764648437500e+02 1.488126678466796875e+02 1.417663726806640625e+02 1.415006103515625000e+02 1.571961975097656250e+02 1.687085418701171875e+02
