shei2 2.431462097167968750e+02 2.467295989990234375e+02 2.323435363769531250e+02 2.353167266845703125e+02 2.487251892089843750e+02 2.350310363769531250e+02 2.255251770019531250e+02 2.307271728515625000e+02 2.495602264404296875e+02 2.478524169921875000e+02
zhi1 2.368953247070312500e+02 2.621773986816406250e+02 2.658845825195312500e+02 2.865603942871093750e+02 3.152336120605468750e+02 3.117355041503906250e+02 3.072906799316406250e+02 3.065189514160156250e+02 3.095107421875000000e+02 2.884951171875000000e+02
dang1 2.702504272460937500e+02 2.909800109863281250e+02 2.852736816406250000e+02 2.974051208496093750e+02 3.117442932128906250e+02 3.022989196777343750e+02 2.963331604003906250e+02 2.953332519531250000e+02 2.966318359375000000e+02 2.820130920410156250e+02
ye4 2.766139221191406250e+02 2.807429809570312500e+02 2.629990234375000000e+02 2.733268737792968750e+02 2.878839111328125000e+02 2.764055786132812500e+02 2.615638122558593750e+02 2.420885772705078125e+02 2.397016143798828125e+02 2.258861236572265625e+02
dao4 2.119464721679687500e+02 2.380422973632812500e+02 2.430829315185546875e+02 2.548371582031250000e+02 2.655333557128906250e+02 2.472949829101562500e+02 2.312852020263671875e+02 2.160527648925781250e+02 2.198159027099609375e+02 2.059968414306640625e+02
zei2 2.003359832763671875e+02 2.116852264404296875e+02 1.990931091308593750e+02 2.077777709960937500e+02 2.218114013671875000e+02 2.148427886962890625e+02 2.133336486816406250e+02 2.195755462646484375e+02 2.377906036376953125e+02 2.294138336181640625e+02
ba3 2.266160430908203125e+02 2.320365753173828125e+02 2.166437377929687500e+02 2.095173950195312500e+02 2.058274383544921875e+02 1.828335266113281250e+02 1.599321594238281250e+02 1.519438781738281250e+02 1.639568786621093750e+02 1.587391357421875000e+02
dai4 1.537290344238281250e+02 1.906227722167968750e+02 2.075117645263671875e+02 2.254652099609375000e+02 2.414429016113281250e+02 2.317841186523437500e+02 2.194141387939453125e+02 2.099033660888671875e+02 2.142350921630859375e+02 2.038168334960937500e+02
ke4 1.989892425537109375e+02 2.100683593750000000e+02 2.075523986816406250e+02 2.360220336914062500e+02 2.686045227050781250e+02 2.683802795410156250e+02 2.599737243652343750e+02 2.404543762207031250e+02 2.364941101074218750e+02 2.112748870849609375e+02
de5 2.004786071777343750e+02 2.123069458007812500e+02 2.029856262207031250e+02 2.100921783447265625e+02 2.223191833496093750e+02 2.107589111328125000e+02 2.004592132568359375e+02 1.931445617675781250e+02 2.002307434082031250e+02 1.880083923339843750e+02
ji1 1.976719818115234375e+02 2.186089477539062500e+02 2.213063812255859375e+02 2.476539306640625000e+02 2.843742675781250000e+02 2.819812622070312500e+02 2.807080993652343750e+02 2.820207824707031250e+02 2.856840820312500000e+02 2.604339904785156250e+02
ya1 2.535128936767578125e+02 2.602407226562500000e+02 2.513920135498046875e+02 2.706602172851562500e+02 2.877265930175781250e+02 2.837960510253906250e+02 2.775066528320312500e+02 2.736332092285156250e+02 2.724167175292968750e+02 2.566800231933593750e+02
yu2 2.390167388916015625e+02 2.254094238281250000e+02 1.962713165283203125e+02 1.952728424072265625e+02 2.047531585693359375e+02 1.993297424316406250e+02 1.954649963378906250e+02 1.924304504394531250e+02 2.054591979980468750e+02 1.998231658935546875e+02
rou4 1.904121093750000000e+02 2.190328216552734375e+02 2.158873748779296875e+02 2.268776397705078125e+02 2.351193084716796875e+02 2.155935211181640625e+02 1.906275177001953125e+02 1.730113372802734375e+02 1.771961517333984375e+02 1.662981414794921875e+02
sao3 2.210421905517578125e+02 2.320476837158203125e+02 2.129845886230468750e+02 2.129384307861328125e+02 2.221998443603515625e+02 1.966739959716796875e+02 1.669652099609375000e+02 1.574496307373046875e+02 1.664978179931640625e+02 1.591526031494140625e+02
dang4 1.646450347900390625e+02 1.957275085449218750e+02 2.136082153320312500e+02 2.257426910400390625e+02 2.398491516113281250e+02 2.259140014648437500e+02 2.086176910400390625e+02 1.971561737060546875e+02 1.972212066650390625e+02 1.842177886962890625e+02
yi4 1.838067474365234375e+02 1.920729217529296875e+02 1.878444061279296875e+02 2.039695892333984375e+02 2.238444824218750000e+02 2.134653625488281250e+02 1.974734344482421875e+02 1.794187622070312500e+02 1.807188110351562500e+02 1.687010650634765625e+02
kong1 1.724931335449218750e+02 1.976447296142578125e+02 1.864140625000000000e+02 2.098350067138671875e+02 2.347465209960937500e+02 2.215403442382812500e+02 2.144677581787109375e+02 2.029938049316406250e+02 1.982442321777343750e+02 1.975027160644531250e+02
