zhe4 3.230009155273437500e+02 3.309273681640625000e+02 3.159756469726562500e+02 3.165352783203125000e+02 3.229944152832031250e+02 3.130260314941406250e+02 3.030758361816406250e+02 2.938849182128906250e+02 2.941644592285156250e+02 2.732766723632812500e+02
yang4 2.604000854492187500e+02 2.761293334960937500e+02 2.696671142578125000e+02 2.775831298828125000e+02 2.892190246582031250e+02 2.688977050781250000e+02 2.551759643554687500e+02 2.367087860107421875e+02 2.413690948486328125e+02 2.231979675292968750e+02
de5 2.174584655761718750e+02 2.328266754150390625e+02 2.269795989990234375e+02 2.315428466796875000e+02 2.465505676269531250e+02 2.369199371337890625e+02 2.299255523681640625e+02 2.224586029052734375e+02 2.297041320800781250e+02 2.157021179199218750e+02
yun4 2.022084655761718750e+02 2.231172180175781250e+02 2.326000976562500000e+02 2.500071411132812500e+02 2.703136596679687500e+02 2.611808471679687500e+02 2.447046203613281250e+02 2.319812622070312500e+02 2.333420257568359375e+02 2.159685058593750000e+02
dong4 2.194201660156250000e+02 2.439082794189453125e+02 2.511006927490234375e+02 2.550540924072265625e+02 2.601937255859375000e+02 2.394692535400390625e+02 2.189701995849609375e+02 2.054496002197265625e+02 2.134662780761718750e+02 1.957621612548828125e+02
hui4 2.070992736816406250e+02 2.172278442382812500e+02 2.176626434326171875e+02 2.378951110839843750e+02 2.562391357421875000e+02 2.422666931152343750e+02 2.144452514648437500e+02 1.889165496826171875e+02 1.870421142578125000e+02 1.702599334716796875e+02
zui4 2.766850891113281250e+02 2.892684631347656250e+02 2.793351135253906250e+02 2.807822875976562500e+02 2.827339172363281250e+02 2.630216979980468750e+02 2.382485046386718750e+02 2.286847229003906250e+02 2.277212829589843750e+02 2.105742492675781250e+02
tie1 2.238011932373046875e+02 2.415257110595703125e+02 2.403525695800781250e+02 2.621983947753906250e+02 2.953940734863281250e+02 2.936738586425781250e+02 2.874468688964843750e+02 2.817547302246093750e+02 2.812599792480468750e+02 2.614564208984375000e+02
jin4 2.539389648437500000e+02 2.650313720703125000e+02 2.586960754394531250e+02 2.641064147949218750e+02 2.721861877441406250e+02 2.510795745849609375e+02 2.276804962158203125e+02 2.094120025634765625e+02 2.087662811279296875e+02 1.876915740966796875e+02
zan2 1.970951080322265625e+02 2.072921295166015625e+02 1.953591918945312500e+02 2.003268280029296875e+02 2.082486267089843750e+02 1.969953308105468750e+02 1.945912017822265625e+02 1.953356933593750000e+02 2.163639526367187500e+02 2.110144348144531250e+02
nong2 2.049778289794921875e+02 2.095970306396484375e+02 1.931713562011718750e+02 1.897520599365234375e+02 1.941344604492187500e+02 1.872915039062500000e+02 1.854244689941406250e+02 1.915182952880859375e+02 2.160429077148437500e+02 2.084152526855468750e+02
min2 1.839803924560546875e+02 1.876256866455078125e+02 1.583390502929687500e+02 1.483002929687500000e+02 1.478751068115234375e+02 1.339541931152343750e+02 1.336071472167968750e+02 1.387147827148437500e+02 1.655412292480468750e+02 1.704765625000000000e+02
