duan1 3.138681640625000000e+02 3.251508483886718750e+02 3.127982177734375000e+02 3.154511413574218750e+02 3.205299377441406250e+02 3.155638732910156250e+02 3.070633850097656250e+02 2.988267517089843750e+02 3.068834228515625000e+02 2.885350036621093750e+02
diao4 2.789326782226562500e+02 2.972238464355468750e+02 2.884546813964843750e+02 2.891383972167968750e+02 2.931693420410156250e+02 2.715193481445312500e+02 2.584610595703125000e+02 2.384484863281250000e+02 2.459040222167968750e+02 2.225276031494140625e+02
le5 2.147929382324218750e+02 2.208808441162109375e+02 2.141645507812500000e+02 2.198701782226562500e+02 2.421637268066406250e+02 2.378179779052734375e+02 2.306762695312500000e+02 2.221659698486328125e+02 2.281510162353515625e+02 2.107519683837890625e+02
yi4 2.025227355957031250e+02 2.195759277343750000e+02 2.227869873046875000e+02 2.375178985595703125e+02 2.615701599121093750e+02 2.564550170898437500e+02 2.408029479980468750e+02 2.265114746093750000e+02 2.278966522216796875e+02 2.090645294189453125e+02
pi1 2.256551666259765625e+02 2.444701995849609375e+02 2.430996551513671875e+02 2.617111206054687500e+02 2.867138671875000000e+02 2.847378540039062500e+02 2.736007080078125000e+02 2.687676391601562500e+02 2.641091613769531250e+02 2.507201690673828125e+02
zhi4 3.075313415527343750e+02 3.145372619628906250e+02 3.003621520996093750e+02 2.977562255859375000e+02 3.049042968750000000e+02 2.885317687988281250e+02 2.681669006347656250e+02 2.606567382812500000e+02 2.587074279785156250e+02 2.323853759765625000e+02
jia3 2.427804107666015625e+02 2.432549133300781250e+02 2.256532592773437500e+02 2.181532745361328125e+02 2.214000091552734375e+02 1.967710876464843750e+02 1.735579681396484375e+02 1.649002227783203125e+02 1.720565032958984375e+02 1.669244537353515625e+02
shou4 1.706067504882812500e+02 1.985905303955078125e+02 2.144041748046875000e+02 2.408009490966796875e+02 2.682527465820312500e+02 2.633336486816406250e+02 2.499809570312500000e+02 2.397661743164062500e+02 2.343358612060546875e+02 2.131701202392578125e+02
jia3 2.262069396972656250e+02 2.279238433837890625e+02 2.177318115234375000e+02 2.152469329833984375e+02 2.178213806152343750e+02 1.948182220458984375e+02 1.692615509033203125e+02 1.554975891113281250e+02 1.648775329589843750e+02 1.563676605224609375e+02
wo1 1.544372100830078125e+02 1.781980133056640625e+02 1.836339874267578125e+02 2.145698852539062500e+02 2.543518524169921875e+02 2.618086242675781250e+02 2.551507110595703125e+02 2.613995361328125000e+02 2.553519439697265625e+02 2.396393280029296875e+02
dian3 2.024334259033203125e+02 2.092610473632812500e+02 1.689877319335937500e+02 1.504437561035156250e+02 1.418500671386718750e+02 1.123973007202148438e+02 9.797985076904296875e+01 9.419049072265625000e+01 1.122456054687500000e+02 1.149558792114257812e+02
