guo2 2.375653228759765625e+02 2.439200134277343750e+02 2.330274505615234375e+02 2.379546813964843750e+02 2.472068328857421875e+02 2.377414703369140625e+02 2.401905364990234375e+02 2.420075988769531250e+02 2.605307617187500000e+02 2.535471649169921875e+02
jia1 2.429097442626953125e+02 2.694688110351562500e+02 2.731037292480468750e+02 2.935288085937500000e+02 3.152226562500000000e+02 3.118428039550781250e+02 3.067460937500000000e+02 3.037577819824218750e+02 3.054307556152343750e+02 2.831599731445312500e+02
zhu2 2.637798461914062500e+02 2.639416503906250000e+02 2.383321838378906250e+02 2.384811096191406250e+02 2.423928070068359375e+02 2.328151397705078125e+02 2.297577667236328125e+02 2.284786376953125000e+02 2.401307678222656250e+02 2.268873291015625000e+02
nian2 2.250530395507812500e+02 2.273649139404296875e+02 2.075889587402343750e+02 2.055064697265625000e+02 2.065256958007812500e+02 1.977081909179687500e+02 1.952491912841796875e+02 2.012707366943359375e+02 2.205293579101562500e+02 2.131901702880859375e+02
jia1 2.114985351562500000e+02 2.386587066650390625e+02 2.452177124023437500e+02 2.700690002441406250e+02 2.913444213867187500e+02 2.863982543945312500e+02 2.764693298339843750e+02 2.720736083984375000e+02 2.731601562500000000e+02 2.511353302001953125e+02
da4 2.494123840332031250e+02 2.640089416503906250e+02 2.533973083496093750e+02 2.446683654785156250e+02 2.363982086181640625e+02 2.014094848632812500e+02 1.730646820068359375e+02 1.572464752197265625e+02 1.665455322265625000e+02 1.531354675292968750e+02
dui4 2.659833374023437500e+02 2.834459838867187500e+02 2.731181335449218750e+02 2.764200439453125000e+02 2.750185852050781250e+02 2.566379699707031250e+02 2.355474090576171875e+02 2.302476654052734375e+02 2.334231567382812500e+02 2.179278717041015625e+02
ke1 2.244932861328125000e+02 2.390809478759765625e+02 2.338816223144531250e+02 2.547740783691406250e+02 2.969366760253906250e+02 2.970005798339843750e+02 2.947295837402343750e+02 2.900336608886718750e+02 2.898949279785156250e+02 2.696569213867187500e+02
ji4 2.533812408447265625e+02 2.629497985839843750e+02 2.528010406494140625e+02 2.635927429199218750e+02 2.785133666992187500e+02 2.655532836914062500e+02 2.467144165039062500e+02 2.313577423095703125e+02 2.301166381835937500e+02 2.094072723388671875e+02
he2 2.171889801025390625e+02 2.130309753417968750e+02 1.946489562988281250e+02 2.037489776611328125e+02 2.279513244628906250e+02 2.283636169433593750e+02 2.125346984863281250e+02 2.106372985839843750e+02 2.189040985107421875e+02 2.137093658447265625e+02
jiao4 2.019612426757812500e+02 2.291730651855468750e+02 2.411475219726562500e+02 2.594769592285156250e+02 2.775398559570312500e+02 2.655568542480468750e+02 2.491094055175781250e+02 2.385187225341796875e+02 2.363037261962890625e+02 2.155088195800781250e+02
yu4 2.104921875000000000e+02 2.205631103515625000e+02 2.170328216552734375e+02 2.353035430908203125e+02 2.605802917480468750e+02 2.528011932373046875e+02 2.459460296630859375e+02 2.320862884521484375e+02 2.346160430908203125e+02 2.142069549560546875e+02
shi4 2.103996429443359375e+02 2.238705444335937500e+02 2.206090698242187500e+02 2.409256286621093750e+02 2.670518798828125000e+02 2.596802673339843750e+02 2.553101501464843750e+02 2.372844848632812500e+02 2.369096984863281250e+02 2.104905548095703125e+02
ye4 2.064864196777343750e+02 2.167116088867187500e+02 2.092836608886718750e+02 2.238642578125000000e+02 2.392993164062500000e+02 2.332122497558593750e+02 2.255192260742187500e+02 2.063914642333984375e+02 2.064447784423828125e+02 1.907226409912109375e+02
de5 1.799700622558593750e+02 1.946106109619140625e+02 1.844273834228515625e+02 1.881011352539062500e+02 1.965987701416015625e+02 1.802502746582031250e+02 1.759614868164062500e+02 1.661747894287109375e+02 1.749601287841796875e+02 1.600566406250000000e+02
zhi1 2.519577941894531250e+02 2.626440124511718750e+02 2.463523559570312500e+02 2.599339904785156250e+02 2.714609680175781250e+02 2.645358886718750000e+02 2.602169189453125000e+02 2.567651367187500000e+02 2.551267089843750000e+02 2.343995361328125000e+02
chi2 2.317073059082031250e+02 2.237338714599609375e+02 2.015193328857421875e+02 2.055315399169921875e+02 2.174518432617187500e+02 2.071801452636718750e+02 1.969692230224609375e+02 1.937246398925781250e+02 2.015170593261718750e+02 1.889965515136718750e+02
li4 1.894810028076171875e+02 2.071288146972656250e+02 2.019973297119140625e+02 2.118991699218750000e+02 2.181068572998046875e+02 2.132951354980468750e+02 1.927273864746093750e+02 1.804785766601562500e+02 1.825500183105468750e+02 1.732463378906250000e+02
du4 1.552606048583984375e+02 1.788642425537109375e+02 1.703040466308593750e+02 1.702750091552734375e+02 1.761018218994140625e+02 1.566263732910156250e+02 1.366121215820312500e+02 1.293716278076171875e+02 1.362941436767578125e+02 1.380353088378906250e+02
