shang4 3.055303039550781250e+02 3.128132019042968750e+02 3.090534362792968750e+02 3.086024475097656250e+02 3.161788635253906250e+02 3.005173034667968750e+02 2.831978454589843750e+02 2.760487976074218750e+02 2.740593872070312500e+02 2.551140136718750000e+02
mian5 2.543671112060546875e+02 2.624245605468750000e+02 2.495519104003906250e+02 2.504142913818359375e+02 2.605372009277343750e+02 2.437562103271484375e+02 2.302785186767578125e+02 2.238600921630859375e+02 2.347866668701171875e+02 2.252194824218750000e+02
yong4 2.204591522216796875e+02 2.397827453613281250e+02 2.464838409423828125e+02 2.615745239257812500e+02 2.786916809082031250e+02 2.686454162597656250e+02 2.538464050292968750e+02 2.402029724121093750e+02 2.445186614990234375e+02 2.261357116699218750e+02
cai3 2.349224395751953125e+02 2.316091156005859375e+02 2.182901000976562500e+02 2.186224212646484375e+02 2.248824615478515625e+02 2.044271087646484375e+02 1.799490661621093750e+02 1.674649658203125000e+02 1.766497039794921875e+02 1.704388275146484375e+02
se4 1.721218872070312500e+02 2.005348968505859375e+02 2.064436035156250000e+02 2.336994018554687500e+02 2.650880737304687500e+02 2.617007446289062500e+02 2.560618591308593750e+02 2.492592163085937500e+02 2.426384429931640625e+02 2.164074401855468750e+02
shui2 2.212103729248046875e+02 2.249800415039062500e+02 2.108578491210937500e+02 2.209553222656250000e+02 2.383108062744140625e+02 2.335900878906250000e+02 2.245543975830078125e+02 2.239847717285156250e+02 2.396584320068359375e+02 2.314186859130859375e+02
bi3 2.329366607666015625e+02 2.343969879150390625e+02 2.143206939697265625e+02 2.049426574707031250e+02 1.986969451904296875e+02 1.807474365234375000e+02 1.645530242919921875e+02 1.548154754638671875e+02 1.651273651123046875e+02 1.545342864990234375e+02
yi4 2.500808563232421875e+02 2.621293640136718750e+02 2.548754425048828125e+02 2.614451599121093750e+02 2.738939208984375000e+02 2.680433654785156250e+02 2.559905090332031250e+02 2.493585510253906250e+02 2.503116607666015625e+02 2.310416717529296875e+02
si1 2.408410491943359375e+02 2.604477539062500000e+02 2.565370483398437500e+02 2.749313659667968750e+02 3.093646850585937500e+02 3.081707458496093750e+02 3.062929992675781250e+02 3.035236816406250000e+02 3.073121337890625000e+02 2.820981445312500000e+02
bu4 2.712387695312500000e+02 2.783673706054687500e+02 2.685408630371093750e+02 2.705065002441406250e+02 2.818694458007812500e+02 2.668068542480468750e+02 2.487737579345703125e+02 2.335274658203125000e+02 2.351512451171875000e+02 2.157847442626953125e+02
gou3 2.201255035400390625e+02 2.288038787841796875e+02 2.147055511474609375e+02 2.140017089843750000e+02 2.139521636962890625e+02 1.887259368896484375e+02 1.720131835937500000e+02 1.608620147705078125e+02 1.716260681152343750e+02 1.641138153076171875e+02
de5 1.634689331054687500e+02 1.846615753173828125e+02 1.830645904541015625e+02 1.996290740966796875e+02 2.154073791503906250e+02 2.119967956542968750e+02 2.081952972412109375e+02 2.072695465087890625e+02 2.154338836669921875e+02 1.973038177490234375e+02
miao2 2.007376556396484375e+02 2.068988494873046875e+02 1.958218536376953125e+02 1.995163726806640625e+02 2.098081665039062500e+02 2.005700073242187500e+02 1.935546722412109375e+02 1.986590118408203125e+02 2.188441162109375000e+02 2.167564086914062500e+02
hua4 2.031889495849609375e+02 2.169584045410156250e+02 2.167985992431640625e+02 2.429124145507812500e+02 2.678028564453125000e+02 2.681299743652343750e+02 2.495363922119140625e+02 2.275484161376953125e+02 2.213940124511718750e+02 2.018289489746093750e+02
chu1 2.038522033691406250e+02 2.195604095458984375e+02 2.221484222412109375e+02 2.501780090332031250e+02 2.787820739746093750e+02 2.758736572265625000e+02 2.656826782226562500e+02 2.619409484863281250e+02 2.562993164062500000e+02 2.371946105957031250e+02
mei3 2.277538604736328125e+02 2.328884429931640625e+02 2.143072662353515625e+02 2.037327270507812500e+02 2.107346496582031250e+02 1.917888946533203125e+02 1.719656372070312500e+02 1.610910034179687500e+02 1.716191253662109375e+02 1.546160278320312500e+02
li4 1.663210296630859375e+02 1.887094879150390625e+02 1.942806701660156250e+02 2.152441101074218750e+02 2.343290405273437500e+02 2.388755798339843750e+02 2.306865234375000000e+02 2.220462493896484375e+02 2.225050964355468750e+02 2.022745361328125000e+02
de5 1.936429748535156250e+02 2.020373382568359375e+02 1.915826263427734375e+02 1.944642028808593750e+02 2.073294372558593750e+02 1.940904693603515625e+02 1.888255767822265625e+02 1.825300750732421875e+02 1.875328369140625000e+02 1.714182281494140625e+02
tu2 1.807696685791015625e+02 1.825765686035156250e+02 1.681971435546875000e+02 1.764112396240234375e+02 1.910912170410156250e+02 1.862778320312500000e+02 1.736651763916015625e+02 1.728135223388671875e+02 1.811396026611328125e+02 1.785351715087890625e+02
an4 1.573304748535156250e+02 1.868560028076171875e+02 1.872602996826171875e+02 1.903111877441406250e+02 1.948386077880859375e+02 1.707159729003906250e+02 1.487100372314453125e+02 1.318749389648437500e+02 1.396070861816406250e+02 1.340644073486328125e+02
