shei2 2.435377197265625000e+02 2.457229461669921875e+02 2.340470275878906250e+02 2.389789733886718750e+02 2.563980407714843750e+02 2.404970703125000000e+02 2.311454467773437500e+02 2.387008666992187500e+02 2.541449890136718750e+02 2.520719757080078125e+02
zhi1 2.437473297119140625e+02 2.670328674316406250e+02 2.700062866210937500e+02 2.909855651855468750e+02 3.178673400878906250e+02 3.149320678710937500e+02 3.101338195800781250e+02 3.112806701660156250e+02 3.143210754394531250e+02 2.903119201660156250e+02
na4 2.808107604980468750e+02 2.894818725585937500e+02 2.766812744140625000e+02 2.822075500488281250e+02 2.847269897460937500e+02 2.650336303710937500e+02 2.409151153564453125e+02 2.259521484375000000e+02 2.252572326660156250e+02 2.143399353027343750e+02
ge5 2.103691711425781250e+02 2.276082916259765625e+02 2.202976226806640625e+02 2.311113433837890625e+02 2.446722564697265625e+02 2.362190704345703125e+02 2.196100616455078125e+02 2.131802520751953125e+02 2.207280883789062500e+02 2.127529144287109375e+02
hui4 2.005249481201171875e+02 2.153209686279296875e+02 2.235497741699218750e+02 2.487550048828125000e+02 2.795376281738281250e+02 2.751723022460937500e+02 2.604345092773437500e+02 2.431680145263671875e+02 2.425761871337890625e+02 2.242810974121093750e+02
shuo1 2.284780426025390625e+02 2.437090911865234375e+02 2.450705566406250000e+02 2.660152282714843750e+02 3.011353759765625000e+02 2.972994689941406250e+02 2.933018798828125000e+02 2.891062622070312500e+02 2.907237243652343750e+02 2.684988098144531250e+02
huang3 2.472986450195312500e+02 2.407370452880859375e+02 2.170595855712890625e+02 2.165684509277343750e+02 2.225699157714843750e+02 2.018461914062500000e+02 1.766007385253906250e+02 1.617269287109375000e+02 1.707485656738281250e+02 1.637068023681640625e+02
hua4 1.606670989990234375e+02 1.787686920166015625e+02 1.847806854248046875e+02 2.169545745849609375e+02 2.550865783691406250e+02 2.572073059082031250e+02 2.465304412841796875e+02 2.334305877685546875e+02 2.265481719970703125e+02 2.047701110839843750e+02
de5 1.973435974121093750e+02 2.105115509033203125e+02 2.057455291748046875e+02 2.147694702148437500e+02 2.289910278320312500e+02 2.194234466552734375e+02 2.116914215087890625e+02 2.061608123779296875e+02 2.109473571777343750e+02 1.990459899902343750e+02
wei1 1.984899902343750000e+02 2.135222015380859375e+02 2.189420166015625000e+02 2.464186859130859375e+02 2.833458557128906250e+02 2.846364746093750000e+02 2.809455871582031250e+02 2.797794799804687500e+02 2.811896667480468750e+02 2.590395202636718750e+02
ni2 2.440390014648437500e+02 2.347462463378906250e+02 2.048561401367187500e+02 2.027618408203125000e+02 2.123824920654296875e+02 2.050255584716796875e+02 1.997872772216796875e+02 1.997687683105468750e+02 2.160284729003906250e+02 2.087521972656250000e+02
si1 2.089799957275390625e+02 2.261760864257812500e+02 2.270556030273437500e+02 2.566429443359375000e+02 2.917671203613281250e+02 2.935694885253906250e+02 2.937036743164062500e+02 2.901437988281250000e+02 2.908105773925781250e+02 2.636578674316406250e+02
ren2 2.407993011474609375e+02 2.297692260742187500e+02 1.973323974609375000e+02 1.937134399414062500e+02 1.987538909912109375e+02 1.913004455566406250e+02 1.899601440429687500e+02 1.891648406982421875e+02 2.064924163818359375e+02 2.014847717285156250e+02
hao2 2.080531311035156250e+02 2.111204833984375000e+02 1.925909423828125000e+02 2.046905670166015625e+02 2.169584808349609375e+02 2.150976104736328125e+02 1.999336395263671875e+02 1.927314910888671875e+02 2.062767181396484375e+02 2.090273284912109375e+02
bu4 1.969934082031250000e+02 2.303244323730468750e+02 2.272828521728515625e+02 2.428744812011718750e+02 2.496974487304687500e+02 2.349883270263671875e+02 2.103605651855468750e+02 1.918135986328125000e+02 1.913011322021484375e+02 1.764460601806640625e+02
chi2 2.251421508789062500e+02 2.282568359375000000e+02 2.142066955566406250e+02 2.209213867187500000e+02 2.431127319335937500e+02 2.395901031494140625e+02 2.341004638671875000e+02 2.281464996337890625e+02 2.444930725097656250e+02 2.281027221679687500e+02
yi2 2.173372192382812500e+02 2.174636383056640625e+02 1.990449523925781250e+02 2.022827301025390625e+02 2.137458190917968750e+02 2.148102874755859375e+02 2.189643554687500000e+02 2.199090423583984375e+02 2.327492218017578125e+02 2.151767425537109375e+02
de5 2.041535034179687500e+02 2.186515808105468750e+02 2.081907348632812500e+02 2.118799133300781250e+02 2.209412384033203125e+02 2.095966339111328125e+02 2.043382873535156250e+02 1.998240051269531250e+02 2.049825439453125000e+02 1.870816650390625000e+02
hui2 2.014638824462890625e+02 2.020818328857421875e+02 1.841842651367187500e+02 1.957037200927734375e+02 2.134726867675781250e+02 2.131170806884765625e+02 2.000505981445312500e+02 1.973232574462890625e+02 2.083487091064453125e+02 2.016649932861328125e+02
da2 1.906436462402343750e+02 1.984279022216796875e+02 1.790468750000000000e+02 1.730350189208984375e+02 1.719390258789062500e+02 1.580957336425781250e+02 1.573769073486328125e+02 1.638584594726562500e+02 1.812434082031250000e+02 1.741955108642578125e+02
dao4 1.538814392089843750e+02 1.891419677734375000e+02 1.913942108154296875e+02 1.898038482666015625e+02 1.882406005859375000e+02 1.634200592041015625e+02 1.391340942382812500e+02 1.215098342895507812e+02 1.320397186279296875e+02 1.269622955322265625e+02
