you3 2.224537658691406250e+02 2.290327148437500000e+02 2.134521636962890625e+02 2.183146362304687500e+02 2.240803070068359375e+02 2.154457397460937500e+02 2.076628875732421875e+02 1.984482269287109375e+02 2.163520202636718750e+02 2.034377899169921875e+02
yi2 2.123509063720703125e+02 2.150842895507812500e+02 2.034856262207031250e+02 2.153438568115234375e+02 2.347291107177734375e+02 2.377714843750000000e+02 2.367615356445312500e+02 2.475343017578125000e+02 2.635323486328125000e+02 2.504022216796875000e+02
kuai4 2.363553161621093750e+02 2.496831054687500000e+02 2.584923400878906250e+02 2.788861083984375000e+02 3.037903137207031250e+02 2.997046203613281250e+02 2.822103271484375000e+02 2.679377441406250000e+02 2.671520690917968750e+02 2.450285339355468750e+02
shang4 2.392055206298828125e+02 2.545757293701171875e+02 2.543354492187500000e+02 2.723698730468750000e+02 2.859266357421875000e+02 2.693980407714843750e+02 2.466240692138671875e+02 2.299655609130859375e+02 2.305725250244140625e+02 2.124018249511718750e+02
ping2 2.231106109619140625e+02 2.286403045654296875e+02 2.120324401855468750e+02 2.199104156494140625e+02 2.342661132812500000e+02 2.235772705078125000e+02 2.080084838867187500e+02 2.075838775634765625e+02 2.246578216552734375e+02 2.248900146484375000e+02
xiang1 2.222366943359375000e+02 2.474360198974609375e+02 2.538751068115234375e+02 2.799072875976562500e+02 3.065155029296875000e+02 3.020311279296875000e+02 2.916113891601562500e+02 2.881018066406250000e+02 2.858910217285156250e+02 2.714924316406250000e+02
zheng4 2.640638122558593750e+02 2.807487182617187500e+02 2.729614868164062500e+02 2.790895690917968750e+02 2.844408264160156250e+02 2.653851318359375000e+02 2.425061950683593750e+02 2.268887939453125000e+02 2.287139129638671875e+02 2.075513763427734375e+02
fu3 2.139458007812500000e+02 2.147994079589843750e+02 2.049782867431640625e+02 2.066593780517578125e+02 2.191737670898437500e+02 2.025793457031250000e+02 1.820293731689453125e+02 1.668621978759765625e+02 1.733602294921875000e+02 1.635199127197265625e+02
li4 1.483614959716796875e+02 1.726011962890625000e+02 1.825985260009765625e+02 2.098348236083984375e+02 2.362346191406250000e+02 2.359878997802734375e+02 2.280359802246093750e+02 2.256826629638671875e+02 2.236127471923828125e+02 2.021911163330078125e+02
de5 1.968978424072265625e+02 2.047941589355468750e+02 1.930712280273437500e+02 2.003904418945312500e+02 2.125841827392578125e+02 1.983220977783203125e+02 1.930690917968750000e+02 1.868565368652343750e+02 1.933001708984375000e+02 1.779934844970703125e+02
shi2 1.904000091552734375e+02 1.929600982666015625e+02 1.784939727783203125e+02 1.904916839599609375e+02 2.007635650634765625e+02 1.966305236816406250e+02 1.855372009277343750e+02 1.826537322998046875e+02 1.923542022705078125e+02 1.926714935302734375e+02
bei1 1.798278503417968750e+02 2.064592132568359375e+02 2.061136322021484375e+02 2.248777465820312500e+02 2.387341461181640625e+02 2.269455566406250000e+02 2.192956848144531250e+02 2.136104888916015625e+02 2.111974792480468750e+02 2.078599853515625000e+02
