wo3 2.282349700927734375e+02 2.314855041503906250e+02 2.126397857666015625e+02 2.073489685058593750e+02 2.223399353027343750e+02 2.154608459472656250e+02 2.096434936523437500e+02 1.962223510742187500e+02 2.240226440429687500e+02 2.119916381835937500e+02
ren4 2.142256317138671875e+02 2.339538574218750000e+02 2.441186828613281250e+02 2.649589843750000000e+02 2.892770690917968750e+02 2.884980773925781250e+02 2.790374755859375000e+02 2.709036865234375000e+02 2.786591186523437500e+02 2.516416015625000000e+02
wei2 2.452382354736328125e+02 2.425129089355468750e+02 2.185045776367187500e+02 2.204318084716796875e+02 2.389943847656250000e+02 2.370860290527343750e+02 2.355000762939453125e+02 2.378358154296875000e+02 2.574572143554687500e+02 2.437873840332031250e+02
lu3 2.460890197753906250e+02 2.419277954101562500e+02 2.199977111816406250e+02 2.055504455566406250e+02 2.092194366455078125e+02 1.967470703125000000e+02 1.750564727783203125e+02 1.699965209960937500e+02 1.845906829833984375e+02 1.773180694580078125e+02
xun4 1.694810485839843750e+02 1.963980102539062500e+02 2.102350006103515625e+02 2.361919403076171875e+02 2.583361206054687500e+02 2.559943237304687500e+02 2.410553741455078125e+02 2.252389373779296875e+02 2.264272155761718750e+02 2.135175170898437500e+02
guang1 2.138954010009765625e+02 2.427866210937500000e+02 2.522847442626953125e+02 2.669177856445312500e+02 2.903026733398437500e+02 2.810057067871093750e+02 2.720511779785156250e+02 2.696605834960937500e+02 2.749659729003906250e+02 2.616732177734375000e+02
kao4 2.493889617919921875e+02 2.556748199462890625e+02 2.493201751708984375e+02 2.690377197265625000e+02 2.876661376953125000e+02 2.793790588378906250e+02 2.605368652343750000e+02 2.408744354248046875e+02 2.386878051757812500e+02 2.225965881347656250e+02
yi4 2.177349395751953125e+02 2.260530700683593750e+02 2.224685058593750000e+02 2.439611816406250000e+02 2.647218322753906250e+02 2.615721130371093750e+02 2.474154052734375000e+02 2.322337493896484375e+02 2.348035278320312500e+02 2.168227539062500000e+02
dui1 2.184557037353515625e+02 2.408960876464843750e+02 2.467769470214843750e+02 2.635387878417968750e+02 2.874400329589843750e+02 2.800077209472656250e+02 2.749322814941406250e+02 2.728826599121093750e+02 2.737984924316406250e+02 2.551722717285156250e+02
za2 2.337661285400390625e+02 2.357251281738281250e+02 2.096960144042968750e+02 2.113384704589843750e+02 2.172809753417968750e+02 2.055665283203125000e+02 2.007603302001953125e+02 1.983239593505859375e+02 2.179736480712890625e+02 2.139992065429687500e+02
wen2 2.055213317871093750e+02 2.110140228271484375e+02 1.919288024902343750e+02 2.002541198730468750e+02 2.157283477783203125e+02 2.101576232910156250e+02 2.121535186767578125e+02 2.157758331298828125e+02 2.323530578613281250e+02 2.257747497558593750e+02
ji3 2.237986297607421875e+02 2.277651062011718750e+02 2.146744232177734375e+02 2.108189086914062500e+02 2.150469055175781250e+02 1.993405609130859375e+02 1.753857269287109375e+02 1.625619659423828125e+02 1.701462707519531250e+02 1.620271453857421875e+02
ge4 1.575434570312500000e+02 1.840419769287109375e+02 1.924725494384765625e+02 2.192952270507812500e+02 2.430854034423828125e+02 2.426125946044921875e+02 2.345502014160156250e+02 2.281935424804687500e+02 2.272942504882812500e+02 2.052194061279296875e+02
duan3 2.110146331787109375e+02 2.196130828857421875e+02 2.040603179931640625e+02 1.973797149658203125e+02 1.995580902099609375e+02 1.721858673095703125e+02 1.525020599365234375e+02 1.410464324951171875e+02 1.581685791015625000e+02 1.512873077392578125e+02
pian1 1.735346374511718750e+02 1.999278869628906250e+02 2.075114440917968750e+02 2.356943969726562500e+02 2.746453247070312500e+02 2.767965698242187500e+02 2.741550598144531250e+02 2.720305175781250000e+02 2.697744750976562500e+02 2.542610473632812500e+02
shi4 2.427257843017578125e+02 2.473244323730468750e+02 2.417957763671875000e+02 2.565430908203125000e+02 2.759476318359375000e+02 2.689775390625000000e+02 2.564317321777343750e+02 2.398868713378906250e+02 2.303402404785156250e+02 2.120951538085937500e+02
li4 2.035212249755859375e+02 2.168481597900390625e+02 2.102187042236328125e+02 2.256080474853515625e+02 2.367312927246093750e+02 2.275864868164062500e+02 2.203695373535156250e+02 2.011894989013671875e+02 2.036035003662109375e+02 1.835194396972656250e+02
bu2 1.885354461669921875e+02 1.895083770751953125e+02 1.743927917480468750e+02 1.780939636230468750e+02 1.849309387207031250e+02 1.758572387695312500e+02 1.800794830322265625e+02 1.775908050537109375e+02 1.924781951904296875e+02 1.885823516845703125e+02
zhu4 1.774451293945312500e+02 2.055397338867187500e+02 2.030791320800781250e+02 2.171895141601562500e+02 2.228583068847656250e+02 2.111020355224609375e+02 1.920924072265625000e+02 1.720419464111328125e+02 1.779687347412109375e+02 1.637894897460937500e+02
de5 1.563352355957031250e+02 1.734253845214843750e+02 1.493474731445312500e+02 1.470192108154296875e+02 1.512499237060546875e+02 1.267525329589843750e+02 1.203491210937500000e+02 1.195933837890625000e+02 1.308469543457031250e+02 1.278669433593750000e+02
