zhong1 3.286994934082031250e+02 3.311672668457031250e+02 3.150856933593750000e+02 3.208813476562500000e+02 3.286271972656250000e+02 3.207359008789062500e+02 3.103023986816406250e+02 3.049925537109375000e+02 3.007778320312500000e+02 2.859678344726562500e+02
guo2 2.684973754882812500e+02 2.659065246582031250e+02 2.376086425781250000e+02 2.317913055419921875e+02 2.334004974365234375e+02 2.189568786621093750e+02 2.086120147705078125e+02 2.077976837158203125e+02 2.213888397216796875e+02 2.131188201904296875e+02
dun1 2.123927917480468750e+02 2.416849517822265625e+02 2.490381469726562500e+02 2.678409118652343750e+02 2.936982727050781250e+02 2.906429138183593750e+02 2.794226989746093750e+02 2.825621643066406250e+02 2.844323730468750000e+02 2.678966064453125000e+02
cu4 2.597062377929687500e+02 2.661270751953125000e+02 2.515940704345703125e+02 2.683077697753906250e+02 2.876734924316406250e+02 2.761811523437500000e+02 2.615343322753906250e+02 2.394265289306640625e+02 2.398726348876953125e+02 2.171916198730468750e+02
fei1 2.228087463378906250e+02 2.428122100830078125e+02 2.425424957275390625e+02 2.671770324707031250e+02 2.990228271484375000e+02 2.952634277343750000e+02 2.885890808105468750e+02 2.885377502441406250e+02 2.894017639160156250e+02 2.668451232910156250e+02
lv4 2.631717224121093750e+02 2.710203247070312500e+02 2.576508178710937500e+02 2.540529785156250000e+02 2.606928100585937500e+02 2.365108489990234375e+02 2.119402618408203125e+02 1.948672790527343750e+02 2.025125885009765625e+02 1.859963531494140625e+02
bin1 2.120154724121093750e+02 2.353233489990234375e+02 2.356286621093750000e+02 2.574285888671875000e+02 2.710480346679687500e+02 2.636375427246093750e+02 2.521387329101562500e+02 2.491111450195312500e+02 2.478003387451171875e+02 2.393557739257812500e+02
qie4 3.011987304687500000e+02 2.972506103515625000e+02 2.826208496093750000e+02 2.898667602539062500e+02 2.995343627929687500e+02 2.851254272460937500e+02 2.603322753906250000e+02 2.468557891845703125e+02 2.424515686035156250e+02 2.207891693115234375e+02
shi2 2.288840484619140625e+02 2.260713348388671875e+02 2.084881744384765625e+02 2.150988159179687500e+02 2.321441497802734375e+02 2.250758819580078125e+02 2.092875823974609375e+02 2.101462554931640625e+02 2.215696868896484375e+02 2.139653167724609375e+02
zun1 2.131509857177734375e+02 2.383713836669921875e+02 2.469437713623046875e+02 2.671403198242187500e+02 2.925948181152343750e+02 2.882152099609375000e+02 2.779263305664062500e+02 2.772939758300781250e+02 2.797435302734375000e+02 2.619824218750000000e+02
zhong4 2.545434875488281250e+02 2.708452148437500000e+02 2.649132080078125000e+02 2.660630187988281250e+02 2.660305786132812500e+02 2.433939208984375000e+02 2.170079650878906250e+02 2.029512634277343750e+02 2.033876953125000000e+02 1.919834136962890625e+02
zhong1 2.090500335693359375e+02 2.357201995849609375e+02 2.453744049072265625e+02 2.685034179687500000e+02 2.908863830566406250e+02 2.841695556640625000e+02 2.766114807128906250e+02 2.718079223632812500e+02 2.757931213378906250e+02 2.567339782714843750e+02
guo2 2.359710388183593750e+02 2.355695648193359375e+02 2.141745758056640625e+02 2.127535705566406250e+02 2.194029235839843750e+02 2.101724090576171875e+02 2.041512145996093750e+02 2.027779846191406250e+02 2.207052307128906250e+02 2.123649139404296875e+02
ling2 2.019012908935546875e+02 2.089427490234375000e+02 1.941625671386718750e+02 1.962006530761718750e+02 2.038544158935546875e+02 1.996174316406250000e+02 2.001177825927734375e+02 2.041166229248046875e+02 2.260029602050781250e+02 2.196726684570312500e+02
tu2 2.144781036376953125e+02 2.208271636962890625e+02 2.018869323730468750e+02 2.112070922851562500e+02 2.260188140869140625e+02 2.252399139404296875e+02 2.188787689208984375e+02 2.181131744384765625e+02 2.314337158203125000e+02 2.223616333007812500e+02
zhu3 2.151635131835937500e+02 2.248513183593750000e+02 2.000887298583984375e+02 1.899606933593750000e+02 1.918447265625000000e+02 1.687838592529296875e+02 1.473793334960937500e+02 1.362628479003906250e+02 1.502141113281250000e+02 1.415662994384765625e+02
quan2 1.449873657226562500e+02 1.640689392089843750e+02 1.458630981445312500e+02 1.547846069335937500e+02 1.631996459960937500e+02 1.456635894775390625e+02 1.375519866943359375e+02 1.416072540283203125e+02 1.588367614746093750e+02 1.718029327392578125e+02
