ou1 3.132016296386718750e+02 3.155171508789062500e+02 2.983789978027343750e+02 3.097432556152343750e+02 3.188736572265625000e+02 3.218035888671875000e+02 3.098700866699218750e+02 3.129371948242187500e+02 3.056267395019531250e+02 2.883894348144531250e+02
yuan2 2.757261352539062500e+02 2.656614379882812500e+02 2.302940521240234375e+02 2.208721923828125000e+02 2.241807556152343750e+02 2.152791442871093750e+02 2.026622772216796875e+02 2.056498107910156250e+02 2.250112609863281250e+02 2.210607604980468750e+02
ti4 2.131654968261718750e+02 2.324647064208984375e+02 2.338434143066406250e+02 2.556524047851562500e+02 2.701352233886718750e+02 2.679672241210937500e+02 2.492493591308593750e+02 2.349526367187500000e+02 2.313720703125000000e+02 2.111640777587890625e+02
dai4 2.250345306396484375e+02 2.458577117919921875e+02 2.417492675781250000e+02 2.414551391601562500e+02 2.362124328613281250e+02 2.090666809082031250e+02 1.853687133789062500e+02 1.743096466064453125e+02 1.825346679687500000e+02 1.676928253173828125e+02
ou1 2.627262268066406250e+02 2.731505432128906250e+02 2.639440002441406250e+02 2.793721923828125000e+02 3.008092041015625000e+02 2.949975585937500000e+02 2.837322387695312500e+02 2.895979003906250000e+02 2.828519592285156250e+02 2.656827087402343750e+02
yuan2 2.500875854492187500e+02 2.382533111572265625e+02 2.113176116943359375e+02 2.070818786621093750e+02 2.131996459960937500e+02 2.042526092529296875e+02 1.932592468261718750e+02 1.984309387207031250e+02 2.174209289550781250e+02 2.140154724121093750e+02
qu1 2.120157318115234375e+02 2.329660034179687500e+02 2.324611358642578125e+02 2.575134887695312500e+02 2.924553222656250000e+02 2.977856750488281250e+02 2.939429016113281250e+02 2.904606323242187500e+02 2.935291137695312500e+02 2.704004821777343750e+02
guo2 2.468331451416015625e+02 2.462895965576171875e+02 2.215193939208984375e+02 2.187211303710937500e+02 2.222933044433593750e+02 2.130663452148437500e+02 2.025916137695312500e+02 2.046461029052734375e+02 2.212009124755859375e+02 2.165852355957031250e+02
xian4 2.033369598388671875e+02 2.243739929199218750e+02 2.331230316162109375e+02 2.567221984863281250e+02 2.800274963378906250e+02 2.755632324218750000e+02 2.592411193847656250e+02 2.438156738281250000e+02 2.389321746826171875e+02 2.159367523193359375e+02
you3 2.231195678710937500e+02 2.210615844726562500e+02 1.996158294677734375e+02 1.990457000732421875e+02 2.031911010742187500e+02 1.843039398193359375e+02 1.650189056396484375e+02 1.532193145751953125e+02 1.686463623046875000e+02 1.621859588623046875e+02
huo4 1.599918365478515625e+02 1.795082244873046875e+02 1.893517303466796875e+02 2.194169616699218750e+02 2.546840057373046875e+02 2.599502258300781250e+02 2.483827819824218750e+02 2.347324066162109375e+02 2.279089660644531250e+02 2.059716491699218750e+02
bi4 2.052899475097656250e+02 2.268969573974609375e+02 2.228897552490234375e+02 2.340966033935546875e+02 2.395276641845703125e+02 2.208256072998046875e+02 1.998816528320312500e+02 1.834993438720703125e+02 1.855635833740234375e+02 1.708543853759765625e+02
jiang1 2.903137512207031250e+02 2.985412902832031250e+02 2.894592895507812500e+02 2.927184753417968750e+02 3.078997192382812500e+02 2.963912048339843750e+02 2.814109497070312500e+02 2.854329223632812500e+02 2.807868957519531250e+02 2.666124572753906250e+02
bu2 2.438915710449218750e+02 2.373648681640625000e+02 2.166543731689453125e+02 2.144138031005859375e+02 2.235513458251953125e+02 2.134961395263671875e+02 2.038132324218750000e+02 2.071627197265625000e+02 2.219933471679687500e+02 2.128065643310546875e+02
hui4 2.045684204101562500e+02 2.206573944091796875e+02 2.209560394287109375e+02 2.473030242919921875e+02 2.716435852050781250e+02 2.701654968261718750e+02 2.482803497314453125e+02 2.355932617187500000e+02 2.293310699462890625e+02 2.142229766845703125e+02
chu1 2.168220977783203125e+02 2.338636016845703125e+02 2.364532623291015625e+02 2.575354003906250000e+02 2.951409606933593750e+02 2.960678405761718750e+02 2.894887390136718750e+02 2.869250183105468750e+02 2.903074951171875000e+02 2.707754821777343750e+02
xian4 2.603130798339843750e+02 2.646215515136718750e+02 2.585420532226562500e+02 2.719022827148437500e+02 2.853209533691406250e+02 2.720080871582031250e+02 2.481590881347656250e+02 2.286371459960937500e+02 2.216328582763671875e+02 2.037103576660156250e+02
nan2 2.020155029296875000e+02 2.079842376708984375e+02 1.930384979248046875e+02 1.978144073486328125e+02 2.105824279785156250e+02 2.012586517333984375e+02 2.031752929687500000e+02 2.048961944580078125e+02 2.272762603759765625e+02 2.227046051025390625e+02
yi3 2.212252197265625000e+02 2.207881469726562500e+02 2.019062957763671875e+02 1.930466918945312500e+02 2.022567749023437500e+02 1.911363220214843750e+02 1.695000305175781250e+02 1.561068267822265625e+02 1.707696838378906250e+02 1.584406127929687500e+02
ke4 1.555406494140625000e+02 1.757719573974609375e+02 1.792805938720703125e+02 2.137682342529296875e+02 2.493378753662109375e+02 2.585952148437500000e+02 2.519917144775390625e+02 2.412872161865234375e+02 2.335154876708984375e+02 2.082236938476562500e+02
fu2 2.067781829833984375e+02 2.086977233886718750e+02 1.927617187500000000e+02 2.001101531982421875e+02 2.173219604492187500e+02 2.099643707275390625e+02 2.064183044433593750e+02 2.009724578857421875e+02 2.134715728759765625e+02 2.039579925537109375e+02
de5 1.881421508789062500e+02 2.044452514648437500e+02 1.975388793945312500e+02 2.024221496582031250e+02 2.137647552490234375e+02 2.019765777587890625e+02 1.940357666015625000e+02 1.888035888671875000e+02 1.941759796142578125e+02 1.801576080322265625e+02
wen4 1.724539947509765625e+02 1.942275848388671875e+02 1.885068206787109375e+02 2.087314910888671875e+02 2.256377563476562500e+02 2.134726562500000000e+02 2.001125183105468750e+02 1.756961212158203125e+02 1.830225982666015625e+02 1.640186920166015625e+02
ti2 1.648176879882812500e+02 1.716704101562500000e+02 1.427931823730468750e+02 1.447548065185546875e+02 1.518712921142578125e+02 1.331080474853515625e+02 1.301120910644531250e+02 1.297369384765625000e+02 1.433679504394531250e+02 1.548484802246093750e+02
