liang3 2.241103363037109375e+02 2.295780181884765625e+02 2.204382781982421875e+02 2.090292358398437500e+02 2.169165039062500000e+02 2.015947265625000000e+02 1.895766906738281250e+02 1.894397277832031250e+02 2.047831726074218750e+02 1.990766601562500000e+02
wei4 1.973646850585937500e+02 2.201786651611328125e+02 2.390665740966796875e+02 2.601069946289062500e+02 2.856398620605468750e+02 2.833318176269531250e+02 2.729088745117187500e+02 2.647242431640625000e+02 2.688961181640625000e+02 2.501020050048828125e+02
zuo4 2.446708679199218750e+02 2.644971008300781250e+02 2.675158386230468750e+02 2.820386657714843750e+02 2.953133544921875000e+02 2.845205078125000000e+02 2.633235473632812500e+02 2.508847351074218750e+02 2.538383026123046875e+02 2.351406707763671875e+02
jia1 2.297454223632812500e+02 2.503708343505859375e+02 2.594114074707031250e+02 2.819145202636718750e+02 3.147102050781250000e+02 3.056830139160156250e+02 3.021518554687500000e+02 2.957182006835937500e+02 3.007432861328125000e+02 2.769181213378906250e+02
ru4 2.746209411621093750e+02 2.762154846191406250e+02 2.619106445312500000e+02 2.713754272460937500e+02 2.864017028808593750e+02 2.765764465332031250e+02 2.592837524414062500e+02 2.449650421142578125e+02 2.418440093994140625e+02 2.209947509765625000e+02
wei2 2.148707122802734375e+02 2.162399444580078125e+02 1.959984436035156250e+02 2.026924896240234375e+02 2.207676696777343750e+02 2.153531646728515625e+02 2.154693756103515625e+02 2.201059875488281250e+02 2.372587280273437500e+02 2.289716033935546875e+02
lu3 2.236506805419921875e+02 2.233236999511718750e+02 2.078581085205078125e+02 1.998632812500000000e+02 2.039680633544921875e+02 1.893032989501953125e+02 1.691999053955078125e+02 1.633288879394531250e+02 1.728617858886718750e+02 1.653151245117187500e+02
xun4 1.622146148681640625e+02 1.866622772216796875e+02 1.996534729003906250e+02 2.313232421875000000e+02 2.623815002441406250e+02 2.628854675292968750e+02 2.523766174316406250e+02 2.414153594970703125e+02 2.370392456054687500e+02 2.130409240722656250e+02
wen2 2.119806976318359375e+02 2.125324707031250000e+02 1.896257781982421875e+02 1.961645355224609375e+02 2.131299743652343750e+02 2.085291137695312500e+02 2.094397277832031250e+02 2.128852539062500000e+02 2.296981048583984375e+02 2.221668853759765625e+02
xue2 2.228588409423828125e+02 2.258613586425781250e+02 2.063954315185546875e+02 2.190421142578125000e+02 2.347758636474609375e+02 2.325011749267578125e+02 2.224455566406250000e+02 2.205344085693359375e+02 2.280692138671875000e+02 2.243496551513671875e+02
jiang2 2.151680297851562500e+02 2.296112823486328125e+02 2.147879486083984375e+02 2.177499237060546875e+02 2.225382995605468750e+02 2.097814331054687500e+02 2.040961761474609375e+02 2.072831726074218750e+02 2.263510742187500000e+02 2.291934661865234375e+02
san3 2.347924194335937500e+02 2.421745300292968750e+02 2.278247375488281250e+02 2.260693817138671875e+02 2.258522491455078125e+02 2.025181579589843750e+02 1.759806365966796875e+02 1.593286285400390625e+02 1.661849670410156250e+02 1.573907928466796875e+02
wen2 1.663532104492187500e+02 1.783614654541015625e+02 1.646373901367187500e+02 1.808539276123046875e+02 1.974138488769531250e+02 2.008738555908203125e+02 1.979530029296875000e+02 2.040239868164062500e+02 2.194738616943359375e+02 2.186740417480468750e+02
za2 2.133302764892578125e+02 2.220588989257812500e+02 2.040653686523437500e+02 2.072720642089843750e+02 2.113009490966796875e+02 2.009326934814453125e+02 1.960516967773437500e+02 1.954674987792968750e+02 2.134333038330078125e+02 2.112625579833984375e+02
wen2 2.010189056396484375e+02 2.047731323242187500e+02 1.820953063964843750e+02 1.849840545654296875e+02 1.950659484863281250e+02 1.912983093261718750e+02 1.922017669677734375e+02 1.937053070068359375e+02 2.132519073486328125e+02 2.134276885986328125e+02
jiang3 2.013806152343750000e+02 2.126175537109375000e+02 1.795992584228515625e+02 1.630604858398437500e+02 1.559122009277343750e+02 1.237083282470703125e+02 1.049336166381835938e+02 9.261818695068359375e+01 1.153172225952148438e+02 1.165064163208007812e+02
