yi2 2.284885406494140625e+02 2.377552947998046875e+02 2.216617736816406250e+02 2.339896697998046875e+02 2.576008605957031250e+02 2.511959838867187500e+02 2.591247253417968750e+02 2.679270324707031250e+02 2.808293457031250000e+02 2.658446960449218750e+02
wei4 2.570563049316406250e+02 2.767696533203125000e+02 2.780570983886718750e+02 2.871470031738281250e+02 3.058696899414062500e+02 2.949960632324218750e+02 2.774403076171875000e+02 2.663265991210937500e+02 2.704138488769531250e+02 2.493188018798828125e+02
ju4 2.453243408203125000e+02 2.600559387207031250e+02 2.625725708007812500e+02 2.815192260742187500e+02 3.003143920898437500e+02 2.897884216308593750e+02 2.780661315917968750e+02 2.636200256347656250e+02 2.613421020507812500e+02 2.323368072509765625e+02
ren2 2.261833190917968750e+02 2.241529541015625000e+02 2.019665222167968750e+02 2.014451293945312500e+02 2.121051635742187500e+02 2.088966522216796875e+02 2.060922393798828125e+02 2.115603332519531250e+02 2.300463867187500000e+02 2.227686004638671875e+02
jing4 2.137820739746093750e+02 2.466183929443359375e+02 2.552674255371093750e+02 2.693873901367187500e+02 2.781015930175781250e+02 2.635632629394531250e+02 2.407100982666015625e+02 2.239144439697265625e+02 2.271966705322265625e+02 2.093912811279296875e+02
qiao1 2.249495697021484375e+02 2.455978546142578125e+02 2.477593231201171875e+02 2.728386230468750000e+02 3.005863647460937500e+02 2.984672546386718750e+02 2.911761779785156250e+02 2.849170227050781250e+02 2.872772216796875000e+02 2.694205627441406250e+02
qiao5 2.530563354492187500e+02 2.537391662597656250e+02 2.385572967529296875e+02 2.405823516845703125e+02 2.514089202880859375e+02 2.347972106933593750e+02 2.118294525146484375e+02 1.969230194091796875e+02 2.043480834960937500e+02 1.886162719726562500e+02
de5 1.930602874755859375e+02 2.095053253173828125e+02 2.030614624023437500e+02 1.998150787353515625e+02 2.102740478515625000e+02 1.947579803466796875e+02 1.890264129638671875e+02 1.829435882568359375e+02 1.920367279052734375e+02 1.765210113525390625e+02
zhu4 2.724409790039062500e+02 2.841341247558593750e+02 2.765324707031250000e+02 2.789474182128906250e+02 2.854584960937500000e+02 2.710012207031250000e+02 2.554208679199218750e+02 2.391828155517578125e+02 2.417653350830078125e+02 2.134577484130859375e+02
zu2 2.198015289306640625e+02 2.210551757812500000e+02 2.047793579101562500e+02 2.035285644531250000e+02 2.156307678222656250e+02 2.064776000976562500e+02 2.034896545410156250e+02 2.025367584228515625e+02 2.180957183837890625e+02 2.059639892578125000e+02
zai4 2.053185272216796875e+02 2.315930633544921875e+02 2.414026947021484375e+02 2.516680145263671875e+02 2.584260864257812500e+02 2.465745239257812500e+02 2.301070098876953125e+02 2.146343383789062500e+02 2.144480895996093750e+02 2.001403656005859375e+02
zhe4 1.945235900878906250e+02 2.113293609619140625e+02 2.113790740966796875e+02 2.302647857666015625e+02 2.477876129150390625e+02 2.434365844726562500e+02 2.313155822753906250e+02 2.167313995361328125e+02 2.138974914550781250e+02 1.947230072021484375e+02
li3 1.730292968750000000e+02 1.754410552978515625e+02 1.423393859863281250e+02 1.361682128906250000e+02 1.426720733642578125e+02 1.192719879150390625e+02 1.067426223754882812e+02 1.019036483764648438e+02 1.142057342529296875e+02 1.194141845703125000e+02
