jin1 3.363081054687500000e+02 3.390446166992187500e+02 3.164886779785156250e+02 3.244980773925781250e+02 3.311412048339843750e+02 3.305706481933593750e+02 3.247692260742187500e+02 3.209915466308593750e+02 3.225493469238281250e+02 2.985657958984375000e+02
ding3 2.684032897949218750e+02 2.648504943847656250e+02 2.340879211425781250e+02 2.151875305175781250e+02 2.111101989746093750e+02 1.868503112792968750e+02 1.729290618896484375e+02 1.734060363769531250e+02 1.856771087646484375e+02 1.762192687988281250e+02
cheng2 1.923869323730468750e+02 2.067669830322265625e+02 1.990039215087890625e+02 2.115950317382812500e+02 2.249488372802734375e+02 2.168196258544921875e+02 2.012097473144531250e+02 2.016126098632812500e+02 2.204391326904296875e+02 2.222295074462890625e+02
gong1 2.208087158203125000e+02 2.503795318603515625e+02 2.569667663574218750e+02 2.768596801757812500e+02 3.001443786621093750e+02 2.952601318359375000e+02 2.844689025878906250e+02 2.844580383300781250e+02 2.867309570312500000e+02 2.719839477539062500e+02
si1 2.723818054199218750e+02 2.816830749511718750e+02 2.751764221191406250e+02 2.929480590820312500e+02 3.204624023437500000e+02 3.174009094238281250e+02 3.147907714843750000e+02 3.115715942382812500e+02 3.111252746582031250e+02 2.819567871093750000e+02
dong3 2.544927520751953125e+02 2.563019409179687500e+02 2.274324951171875000e+02 2.114585876464843750e+02 2.021015167236328125e+02 1.801780700683593750e+02 1.617530822753906250e+02 1.574249877929687500e+02 1.744052124023437500e+02 1.682026062011718750e+02
shi4 1.625942687988281250e+02 1.905795593261718750e+02 1.966974792480468750e+02 2.276442260742187500e+02 2.584953308105468750e+02 2.593790893554687500e+02 2.501574096679687500e+02 2.455652313232421875e+02 2.439495849609375000e+02 2.169854431152343750e+02
zhang3 2.228135681152343750e+02 2.339587707519531250e+02 2.170023651123046875e+02 2.135157775878906250e+02 2.073659667968750000e+02 1.811422424316406250e+02 1.613044128417968750e+02 1.511134185791015625e+02 1.662742156982421875e+02 1.589528808593750000e+02
han2 1.771081695556640625e+02 1.868075714111328125e+02 1.765968475341796875e+02 1.954097747802734375e+02 2.184518737792968750e+02 2.210322875976562500e+02 2.052142791748046875e+02 2.047598114013671875e+02 2.194137420654296875e+02 2.200869598388671875e+02
hui4 2.071199035644531250e+02 2.253299407958984375e+02 2.298598632812500000e+02 2.531103210449218750e+02 2.802993469238281250e+02 2.788503112792968750e+02 2.582297363281250000e+02 2.342756500244140625e+02 2.277144622802734375e+02 2.098484802246093750e+02
shan1 2.172838134765625000e+02 2.391858978271484375e+02 2.373233947753906250e+02 2.641947326660156250e+02 2.792023315429687500e+02 2.711867065429687500e+02 2.548582458496093750e+02 2.438807067871093750e+02 2.394062652587890625e+02 2.320283660888671875e+02
ji2 2.341352691650390625e+02 2.384305725097656250e+02 2.205086517333984375e+02 2.281021575927734375e+02 2.384940338134765625e+02 2.334912414550781250e+02 2.270960388183593750e+02 2.319874572753906250e+02 2.417970123291015625e+02 2.267259063720703125e+02
yuan2 2.282087554931640625e+02 2.267111358642578125e+02 2.059309692382812500e+02 2.067897338867187500e+02 2.122074737548828125e+02 2.056240844726562500e+02 2.002121582031250000e+02 2.044936065673828125e+02 2.224480133056640625e+02 2.191720275878906250e+02
gong1 2.143133087158203125e+02 2.440617828369140625e+02 2.529926300048828125e+02 2.762325134277343750e+02 2.998636169433593750e+02 2.925922546386718750e+02 2.870326232910156250e+02 2.839362792968750000e+02 2.895893554687500000e+02 2.688261413574218750e+02
dai4 2.605216979980468750e+02 2.709841918945312500e+02 2.640501098632812500e+02 2.610873413085937500e+02 2.646340942382812500e+02 2.444029846191406250e+02 2.252053527832031250e+02 2.115350341796875000e+02 2.149000701904296875e+02 1.973805694580078125e+02
biao3 2.059830780029296875e+02 2.165385131835937500e+02 2.025956726074218750e+02 2.038619384765625000e+02 2.071653747558593750e+02 1.811271820068359375e+02 1.632686004638671875e+02 1.514718475341796875e+02 1.623874664306640625e+02 1.526500091552734375e+02
lai2 1.625673828125000000e+02 1.724031677246093750e+02 1.604548492431640625e+02 1.705431213378906250e+02 1.832554016113281250e+02 1.793460083007812500e+02 1.780901336669921875e+02 1.873955688476562500e+02 2.019929809570312500e+02 1.968883972167968750e+02
dao4 1.922617187500000000e+02 2.248085784912109375e+02 2.309956207275390625e+02 2.389293212890625000e+02 2.436974334716796875e+02 2.239070129394531250e+02 1.961612854003906250e+02 1.778558807373046875e+02 1.830099945068359375e+02 1.669024505615234375e+02
zhou1 1.866014862060546875e+02 2.084888458251953125e+02 2.095242004394531250e+02 2.313332214355468750e+02 2.520028381347656250e+02 2.413297119140625000e+02 2.321636505126953125e+02 2.232614288330078125e+02 2.261742858886718750e+02 2.153339538574218750e+02
jia1 1.998192749023437500e+02 2.210048217773437500e+02 2.062800140380859375e+02 2.207720489501953125e+02 2.295962219238281250e+02 2.097337036132812500e+02 2.004578552246093750e+02 1.877792968750000000e+02 1.900334472656250000e+02 1.842774047851562500e+02
