yi4 2.930695800781250000e+02 3.004863281250000000e+02 2.884329528808593750e+02 2.957240600585937500e+02 3.023840637207031250e+02 2.978371887207031250e+02 2.828164367675781250e+02 2.737923583984375000e+02 2.761816406250000000e+02 2.546631469726562500e+02
tan2 2.639113159179687500e+02 2.580992736816406250e+02 2.329023895263671875e+02 2.377722320556640625e+02 2.390309600830078125e+02 2.265919647216796875e+02 2.089302062988281250e+02 2.096118469238281250e+02 2.248275756835937500e+02 2.205781250000000000e+02
chu1 2.177578735351562500e+02 2.388587799072265625e+02 2.383015899658203125e+02 2.610408630371093750e+02 3.009823913574218750e+02 3.033861083984375000e+02 2.988172302246093750e+02 2.982641296386718750e+02 3.014333190917968750e+02 2.794920654296875000e+02
xian4 2.665973815917968750e+02 2.745248718261718750e+02 2.644948120117187500e+02 2.758930053710937500e+02 2.890113220214843750e+02 2.742200622558593750e+02 2.535854492187500000e+02 2.316716308593750000e+02 2.326841430664062500e+02 2.118268127441406250e+02
yi4 2.124865417480468750e+02 2.243226470947265625e+02 2.222573089599609375e+02 2.378867034912109375e+02 2.561441955566406250e+02 2.507240600585937500e+02 2.358518829345703125e+02 2.226781921386718750e+02 2.240992279052734375e+02 2.070382080078125000e+02
pi1 2.187040863037109375e+02 2.350133819580078125e+02 2.324233398437500000e+02 2.526822052001953125e+02 2.769658813476562500e+02 2.737302246093750000e+02 2.605190429687500000e+02 2.547310943603515625e+02 2.515663146972656250e+02 2.380603332519531250e+02
jin2 2.451833801269531250e+02 2.500383605957031250e+02 2.316187438964843750e+02 2.333181152343750000e+02 2.448747253417968750e+02 2.357955017089843750e+02 2.318621063232421875e+02 2.397213134765625000e+02 2.538075714111328125e+02 2.447500610351562500e+02
zhi3 2.472066497802734375e+02 2.519773254394531250e+02 2.335872039794921875e+02 2.246908416748046875e+02 2.239378051757812500e+02 2.074732513427734375e+02 1.909579315185546875e+02 1.773179016113281250e+02 1.867804107666015625e+02 1.723248443603515625e+02
yu2 1.789934387207031250e+02 1.835568237304687500e+02 1.692406616210937500e+02 1.844512786865234375e+02 2.035938262939453125e+02 2.114148406982421875e+02 2.103444366455078125e+02 2.192877044677734375e+02 2.332812500000000000e+02 2.240294799804687500e+02
xun2 2.241327514648437500e+02 2.275639038085937500e+02 2.141909942626953125e+02 2.207487487792968750e+02 2.320887145996093750e+02 2.268085937500000000e+02 2.151935882568359375e+02 2.151994628906250000e+02 2.277886962890625000e+02 2.259089050292968750e+02
qiu2 2.235011901855468750e+02 2.315002441406250000e+02 2.194753570556640625e+02 2.291966400146484375e+02 2.372695617675781250e+02 2.305178985595703125e+02 2.152422180175781250e+02 2.143810882568359375e+02 2.282238769531250000e+02 2.273057708740234375e+02
sheng1 2.257898254394531250e+02 2.457437744140625000e+02 2.494030609130859375e+02 2.779105834960937500e+02 3.101702880859375000e+02 3.105246887207031250e+02 3.036386108398437500e+02 2.996457214355468750e+02 3.012567749023437500e+02 2.753347167968750000e+02
li3 2.524715881347656250e+02 2.431468658447265625e+02 2.126781921386718750e+02 1.983076019287109375e+02 2.003926696777343750e+02 1.850613555908203125e+02 1.704359893798828125e+02 1.604378509521484375e+02 1.735751647949218750e+02 1.628141326904296875e+02
kuai4 1.611074371337890625e+02 1.890417938232421875e+02 1.993750762939453125e+02 2.313507232666015625e+02 2.672818603515625000e+02 2.688327331542968750e+02 2.579939880371093750e+02 2.480760498046875000e+02 2.438013000488281250e+02 2.154557342529296875e+02
gan3 2.217086639404296875e+02 2.297777709960937500e+02 2.123733673095703125e+02 2.096785125732421875e+02 2.067160949707031250e+02 1.809053192138671875e+02 1.635632781982421875e+02 1.495571289062500000e+02 1.633998107910156250e+02 1.543198394775390625e+02
de5 1.528122100830078125e+02 1.770910949707031250e+02 1.733400573730468750e+02 1.830678710937500000e+02 1.973972320556640625e+02 1.902814331054687500e+02 1.849736480712890625e+02 1.840065917968750000e+02 1.936502685546875000e+02 1.793458862304687500e+02
fei1 2.768959045410156250e+02 2.876561279296875000e+02 2.733990478515625000e+02 2.876444396972656250e+02 3.117915954589843750e+02 3.052287597656250000e+02 2.957493896484375000e+02 2.937858276367187500e+02 2.915619506835937500e+02 2.700512695312500000e+02
shen2 2.533529052734375000e+02 2.466314697265625000e+02 2.233024139404296875e+02 2.216247100830078125e+02 2.329706268310546875e+02 2.206777191162109375e+02 2.099314575195312500e+02 2.080495758056640625e+02 2.239517211914062500e+02 2.163230285644531250e+02
mei3 2.224622955322265625e+02 2.256907348632812500e+02 2.077431488037109375e+02 1.994210968017578125e+02 2.022341461181640625e+02 1.810192260742187500e+02 1.616062011718750000e+02 1.472762603759765625e+02 1.589647979736328125e+02 1.470182189941406250e+02
lei4 1.449397430419921875e+02 1.712111053466796875e+02 1.809196624755859375e+02 2.057120513916015625e+02 2.261352844238281250e+02 2.289192962646484375e+02 2.143155670166015625e+02 2.058139648437500000e+02 2.042756958007812500e+02 1.850321350097656250e+02
wen2 1.856291503906250000e+02 1.801114196777343750e+02 1.615747985839843750e+02 1.612335052490234375e+02 1.762952117919921875e+02 1.680559539794921875e+02 1.625800781250000000e+02 1.665732269287109375e+02 1.803400573730468750e+02 1.788031616210937500e+02
hua4 1.505839233398437500e+02 1.691553497314453125e+02 1.603048553466796875e+02 1.793163299560546875e+02 2.043528289794921875e+02 1.914694976806640625e+02 1.751431732177734375e+02 1.514347534179687500e+02 1.468515472412109375e+02 1.415071411132812500e+02
