yi1 3.109262695312500000e+02 3.155117187500000000e+02 2.934302673339843750e+02 3.012626037597656250e+02 3.298077392578125000e+02 3.280775146484375000e+02 3.282119140625000000e+02 3.244187316894531250e+02 3.202201843261718750e+02 2.970384826660156250e+02
shi4 2.841769409179687500e+02 2.881400146484375000e+02 2.752407531738281250e+02 2.893683166503906250e+02 3.039466247558593750e+02 2.920655822753906250e+02 2.744309387207031250e+02 2.608230590820312500e+02 2.620638732910156250e+02 2.351215515136718750e+02
you2 2.299320678710937500e+02 2.310055694580078125e+02 2.086881561279296875e+02 2.126499633789062500e+02 2.263712463378906250e+02 2.178966064453125000e+02 2.172725982666015625e+02 2.214970550537109375e+02 2.406166839599609375e+02 2.317936706542968750e+02
yu2 2.210807800292968750e+02 2.203916168212890625e+02 2.023235473632812500e+02 2.078659667968750000e+02 2.224294586181640625e+02 2.205102844238281250e+02 2.224016265869140625e+02 2.241904754638671875e+02 2.403735046386718750e+02 2.261136322021484375e+02
lian2 2.135801696777343750e+02 2.169507446289062500e+02 1.998053741455078125e+02 1.988575439453125000e+02 2.070967102050781250e+02 1.987969360351562500e+02 1.948759765625000000e+02 2.002985076904296875e+02 2.204433135986328125e+02 2.153942718505859375e+02
zu1 2.071826324462890625e+02 2.311272735595703125e+02 2.394146118164062500e+02 2.613467712402343750e+02 2.929131774902343750e+02 2.912678222656250000e+02 2.867528381347656250e+02 2.843749389648437500e+02 2.909394531250000000e+02 2.668114318847656250e+02
zhu4 2.582471923828125000e+02 2.682455444335937500e+02 2.582972412109375000e+02 2.655667114257812500e+02 2.738953857421875000e+02 2.569193420410156250e+02 2.370025329589843750e+02 2.200562286376953125e+02 2.226189117431640625e+02 2.020109252929687500e+02
fang2 2.061683807373046875e+02 2.152601165771484375e+02 2.012607879638671875e+02 2.064362640380859375e+02 2.173349609375000000e+02 2.008124237060546875e+02 1.950865936279296875e+02 1.962003326416015625e+02 2.164419860839843750e+02 2.162955780029296875e+02
de5 2.018989715576171875e+02 2.188429107666015625e+02 2.087571563720703125e+02 2.125778503417968750e+02 2.200726623535156250e+02 2.070462036132812500e+02 1.929699859619140625e+02 1.866964111328125000e+02 1.964047851562500000e+02 1.836825561523437500e+02
zhuan1 1.946106872558593750e+02 2.250989379882812500e+02 2.379615936279296875e+02 2.612449035644531250e+02 2.884149169921875000e+02 2.826231079101562500e+02 2.737545166015625000e+02 2.692763977050781250e+02 2.741705017089843750e+02 2.577673950195312500e+02
xiang4 2.532810058593750000e+02 2.606129760742187500e+02 2.527170867919921875e+02 2.639557800292968750e+02 2.766253662109375000e+02 2.595672912597656250e+02 2.292897186279296875e+02 2.063258056640625000e+02 2.014400634765625000e+02 1.871133270263671875e+02
zi1 2.051675262451171875e+02 2.249584045410156250e+02 2.287128143310546875e+02 2.507297973632812500e+02 2.819991760253906250e+02 2.781952514648437500e+02 2.728547973632812500e+02 2.732663879394531250e+02 2.727915649414062500e+02 2.533912658691406250e+02
jin1 2.479589080810546875e+02 2.593224487304687500e+02 2.551915283203125000e+02 2.738726196289062500e+02 2.937242431640625000e+02 2.882256469726562500e+02 2.831492919921875000e+02 2.776742553710937500e+02 2.731772155761718750e+02 2.541840209960937500e+02
bu2 2.369550628662109375e+02 2.271031799316406250e+02 2.013015441894531250e+02 1.973481597900390625e+02 2.033794097900390625e+02 1.934987182617187500e+02 1.886596374511718750e+02 1.846369171142578125e+02 2.003968658447265625e+02 1.972771301269531250e+02
suan4 1.926907501220703125e+02 2.187650756835937500e+02 2.290151672363281250e+02 2.459895477294921875e+02 2.612705383300781250e+02 2.537271118164062500e+02 2.250835571289062500e+02 2.017938385009765625e+02 1.962736816406250000e+02 1.832939910888671875e+02
chong1 1.969230041503906250e+02 2.114034271240234375e+02 2.108170471191406250e+02 2.394706115722656250e+02 2.652606811523437500e+02 2.640972595214843750e+02 2.594066467285156250e+02 2.502374420166015625e+02 2.484240112304687500e+02 2.314212951660156250e+02
zu2 2.009438629150390625e+02 1.992275390625000000e+02 1.621715240478515625e+02 1.533894195556640625e+02 1.504245452880859375e+02 1.304294281005859375e+02 1.238856735229492188e+02 1.266480255126953125e+02 1.454777679443359375e+02 1.553857574462890625e+02
