shuo1 3.388031311035156250e+02 3.418535156250000000e+02 3.119304809570312500e+02 3.224761657714843750e+02 3.354758605957031250e+02 3.323243103027343750e+02 3.277082214355468750e+02 3.236577758789062500e+02 3.224266967773437500e+02 2.983620605468750000e+02
ming2 2.782081909179687500e+02 2.757952880859375000e+02 2.420802917480468750e+02 2.371135711669921875e+02 2.420632934570312500e+02 2.332687988281250000e+02 2.304244537353515625e+02 2.357476806640625000e+02 2.512327880859375000e+02 2.445850677490234375e+02
wo3 2.434338989257812500e+02 2.424596557617187500e+02 2.234747467041015625e+02 2.139617614746093750e+02 2.155993499755859375e+02 1.982893676757812500e+02 1.820225982666015625e+02 1.722960815429687500e+02 1.828776702880859375e+02 1.732526855468750000e+02
men5 1.724163970947265625e+02 1.902270812988281250e+02 1.897679901123046875e+02 2.109658508300781250e+02 2.273998413085937500e+02 2.240623168945312500e+02 2.167127380371093750e+02 2.183525543212890625e+02 2.291617889404296875e+02 2.155958099365234375e+02
you3 2.268176574707031250e+02 2.266596221923828125e+02 2.094080657958984375e+02 2.032174835205078125e+02 2.075065307617187500e+02 1.862813720703125000e+02 1.619548797607421875e+02 1.545782775878906250e+02 1.683981323242187500e+02 1.628359222412109375e+02
xie1 1.733074035644531250e+02 1.973525543212890625e+02 2.014473876953125000e+02 2.319878692626953125e+02 2.752096862792968750e+02 2.782819213867187500e+02 2.766596069335937500e+02 2.768848266601562500e+02 2.755641174316406250e+02 2.553207702636718750e+02
di4 2.449559478759765625e+02 2.629305419921875000e+02 2.567016296386718750e+02 2.634441528320312500e+02 2.723480224609375000e+02 2.556712951660156250e+02 2.421984252929687500e+02 2.286276397705078125e+02 2.311994476318359375e+02 2.122454986572265625e+02
fang5 2.084188079833984375e+02 2.179586944580078125e+02 2.134126434326171875e+02 2.209340209960937500e+02 2.329766082763671875e+02 2.129812622070312500e+02 1.992179260253906250e+02 1.885892181396484375e+02 1.988266754150390625e+02 1.913032836914062500e+02
de5 1.893367614746093750e+02 2.068998413085937500e+02 2.033452911376953125e+02 2.076916809082031250e+02 2.179772644042968750e+02 2.063292999267578125e+02 1.952682952880859375e+02 1.913748016357421875e+02 1.992461395263671875e+02 1.878560180664062500e+02
tuo1 1.964597320556640625e+02 2.145774993896484375e+02 2.183675231933593750e+02 2.477471618652343750e+02 2.838788146972656250e+02 2.870539855957031250e+02 2.817920532226562500e+02 2.766497192382812500e+02 2.766549377441406250e+02 2.548963012695312500e+02
pin2 2.502452697753906250e+02 2.410191497802734375e+02 2.122211761474609375e+02 2.110512390136718750e+02 2.164134063720703125e+02 2.044936218261718750e+02 1.904962921142578125e+02 1.818758239746093750e+02 1.998841094970703125e+02 1.994999847412109375e+02
tuo1 2.883376464843750000e+02 2.972412109375000000e+02 2.823244628906250000e+02 2.947322998046875000e+02 3.186958618164062500e+02 3.117197875976562500e+02 3.009037780761718750e+02 2.969625244140625000e+02 2.931484680175781250e+02 2.738479614257812500e+02
de5 2.459326934814453125e+02 2.483718566894531250e+02 2.323180389404296875e+02 2.259793701171875000e+02 2.368786163330078125e+02 2.215533294677734375e+02 2.096190032958984375e+02 2.019553680419921875e+02 2.113753662109375000e+02 1.997526702880859375e+02
bing4 1.907804718017578125e+02 2.176249389648437500e+02 2.248469696044921875e+02 2.488549652099609375e+02 2.625227661132812500e+02 2.511294860839843750e+02 2.375447845458984375e+02 2.237085571289062500e+02 2.250010986328125000e+02 2.050685882568359375e+02
bu2 2.067824249267578125e+02 2.103445587158203125e+02 1.963486175537109375e+02 1.995396423339843750e+02 2.139798889160156250e+02 2.079933013916015625e+02 2.038468170166015625e+02 2.049275054931640625e+02 2.235482482910156250e+02 2.135942535400390625e+02
na4 2.067376251220703125e+02 2.304630737304687500e+02 2.392364349365234375e+02 2.505388946533203125e+02 2.611832885742187500e+02 2.493242492675781250e+02 2.291643218994140625e+02 2.129074859619140625e+02 2.121626586914062500e+02 1.945654907226562500e+02
me5 1.899259033203125000e+02 1.916926727294921875e+02 1.795761871337890625e+02 1.909290618896484375e+02 2.106709747314453125e+02 2.015371551513671875e+02 1.939723510742187500e+02 1.869822845458984375e+02 1.887897949218750000e+02 1.756965026855468750e+02
lao2 1.771989746093750000e+02 1.817921142578125000e+02 1.668534088134765625e+02 1.672416076660156250e+02 1.755812835693359375e+02 1.650131683349609375e+02 1.617042846679687500e+02 1.705334320068359375e+02 1.860966491699218750e+02 1.870538940429687500e+02
kao5 1.648933563232421875e+02 1.838184204101562500e+02 1.703779602050781250e+02 1.814485473632812500e+02 1.920295562744140625e+02 1.715125579833984375e+02 1.535884704589843750e+02 1.376955261230468750e+02 1.419089202880859375e+02 1.449122924804687500e+02
