bao1 3.128288879394531250e+02 3.158914184570312500e+02 3.039282836914062500e+02 3.136387329101562500e+02 3.244388427734375000e+02 3.187794799804687500e+02 3.039786376953125000e+02 3.042343444824218750e+02 3.032190246582031250e+02 2.882015075683593750e+02
kuo4 2.766229553222656250e+02 2.815574035644531250e+02 2.672543334960937500e+02 2.835852355957031250e+02 3.037232055664062500e+02 2.929425964355468750e+02 2.710033874511718750e+02 2.549544982910156250e+02 2.529690246582031250e+02 2.301976928710937500e+02
si4 2.319040679931640625e+02 2.485081176757812500e+02 2.489439392089843750e+02 2.684064025878906250e+02 2.928153381347656250e+02 2.842500915527343750e+02 2.720114135742187500e+02 2.592669982910156250e+02 2.564973754882812500e+02 2.287262878417968750e+02
jie2 2.251772918701171875e+02 2.306373138427734375e+02 2.142089691162109375e+02 2.201019744873046875e+02 2.323733215332031250e+02 2.301605377197265625e+02 2.243163452148437500e+02 2.259279785156250000e+02 2.415924072265625000e+02 2.302023010253906250e+02
ruan3 2.308220214843750000e+02 2.351151275634765625e+02 2.124522247314453125e+02 2.031658630371093750e+02 1.967874145507812500e+02 1.799851379394531250e+02 1.610269165039062500e+02 1.534635314941406250e+02 1.689765930175781250e+02 1.573263854980468750e+02
xi2 1.781042327880859375e+02 1.863364562988281250e+02 1.783166656494140625e+02 1.910932922363281250e+02 2.071371307373046875e+02 2.110064392089843750e+02 2.005547485351562500e+02 2.012363586425781250e+02 2.121898345947265625e+02 2.016048583984375000e+02
che1 2.653508605957031250e+02 2.777276306152343750e+02 2.598612976074218750e+02 2.762526550292968750e+02 3.008500671386718750e+02 3.030385437011718750e+02 2.912550964355468750e+02 2.894846801757812500e+02 2.841992797851562500e+02 2.651522827148437500e+02
xiang1 2.616541137695312500e+02 2.758128356933593750e+02 2.660276489257812500e+02 2.851628112792968750e+02 2.985960388183593750e+02 2.856978759765625000e+02 2.707563171386718750e+02 2.577236022949218750e+02 2.586372985839843750e+02 2.460205993652343750e+02
he2 2.383319244384765625e+02 2.339277191162109375e+02 2.153965148925781250e+02 2.242341308593750000e+02 2.478291625976562500e+02 2.436593475341796875e+02 2.320385284423828125e+02 2.261230010986328125e+02 2.347731475830078125e+02 2.229503631591796875e+02
shi2 2.306292724609375000e+02 2.338578643798828125e+02 2.178637542724609375e+02 2.257367706298828125e+02 2.377330169677734375e+02 2.344596862792968750e+02 2.254308776855468750e+02 2.248362731933593750e+02 2.354391784667968750e+02 2.261221923828125000e+02
liu4 2.164369354248046875e+02 2.403275756835937500e+02 2.429686431884765625e+02 2.557079315185546875e+02 2.685453491210937500e+02 2.525407562255859375e+02 2.316398620605468750e+02 2.158663482666015625e+02 2.206908416748046875e+02 2.000457611083984375e+02
jie2 2.085499877929687500e+02 2.123701782226562500e+02 1.992023925781250000e+02 2.032930297851562500e+02 2.161548614501953125e+02 2.091862487792968750e+02 1.995758209228515625e+02 1.978128051757812500e+02 2.110179595947265625e+02 2.036579589843750000e+02
ying4 1.938924255371093750e+02 2.140046386718750000e+02 2.175916442871093750e+02 2.372935028076171875e+02 2.540397644042968750e+02 2.467811431884765625e+02 2.265696563720703125e+02 2.093870391845703125e+02 2.130496673583984375e+02 1.902121582031250000e+02
xi2 2.113940124511718750e+02 2.024427185058593750e+02 1.853961181640625000e+02 1.907075958251953125e+02 2.066858673095703125e+02 2.034778137207031250e+02 1.898860015869140625e+02 1.852274475097656250e+02 1.943694000244140625e+02 1.876626129150390625e+02
che1 1.932314910888671875e+02 2.102532653808593750e+02 2.064549865722656250e+02 2.313486175537109375e+02 2.647995300292968750e+02 2.618859863281250000e+02 2.576701049804687500e+02 2.488832244873046875e+02 2.440070953369140625e+02 2.309758148193359375e+02
xiang1 2.115687713623046875e+02 2.314605560302734375e+02 2.216074523925781250e+02 2.375453186035156250e+02 2.536491241455078125e+02 2.323752593994140625e+02 2.207245330810546875e+02 2.050396423339843750e+02 2.033328399658203125e+02 2.010082702636718750e+02
