dui4 2.996949157714843750e+02 3.134979858398437500e+02 2.979649047851562500e+02 3.015122070312500000e+02 3.068752441406250000e+02 2.941647949218750000e+02 2.824787597656250000e+02 2.694053955078125000e+02 2.770660705566406250e+02 2.596730957031250000e+02
ji1 2.638054809570312500e+02 2.798814697265625000e+02 2.741110229492187500e+02 2.926255493164062500e+02 3.255469665527343750e+02 3.202858581542968750e+02 3.227554931640625000e+02 3.161416625976562500e+02 3.232394409179687500e+02 2.907667236328125000e+02
li4 2.780778808593750000e+02 2.799397583007812500e+02 2.655234680175781250e+02 2.705597839355468750e+02 2.859020690917968750e+02 2.725677490234375000e+02 2.554983520507812500e+02 2.397835540771484375e+02 2.449059600830078125e+02 2.257546539306640625e+02
guang3 2.252978515625000000e+02 2.348830108642578125e+02 2.142422943115234375e+02 2.112808685302734375e+02 2.079786682128906250e+02 1.803784027099609375e+02 1.626685180664062500e+02 1.567531890869140625e+02 1.676649169921875000e+02 1.627077636718750000e+02
da4 1.604775543212890625e+02 1.990940093994140625e+02 2.114375762939453125e+02 2.266065979003906250e+02 2.388551177978515625e+02 2.231002960205078125e+02 2.058460540771484375e+02 1.989097747802734375e+02 2.050193328857421875e+02 1.937620239257812500e+02
qing1 2.027891693115234375e+02 2.222488708496093750e+02 2.317047729492187500e+02 2.539941711425781250e+02 2.918163146972656250e+02 2.883146667480468750e+02 2.829530334472656250e+02 2.795298461914062500e+02 2.849743041992187500e+02 2.656906738281250000e+02
shao4 2.544258880615234375e+02 2.617742004394531250e+02 2.554418182373046875e+02 2.651261901855468750e+02 2.754616394042968750e+02 2.600796508789062500e+02 2.353380432128906250e+02 2.163296661376953125e+02 2.160156555175781250e+02 1.999268035888671875e+02
nian2 2.032563629150390625e+02 2.060938568115234375e+02 1.929777221679687500e+02 1.980534210205078125e+02 2.083143157958984375e+02 1.997772216796875000e+02 1.948447570800781250e+02 2.020035095214843750e+02 2.190554351806640625e+02 2.169208831787109375e+02
ke4 2.072734527587890625e+02 2.205398559570312500e+02 2.177513275146484375e+02 2.439878845214843750e+02 2.744396667480468750e+02 2.750211486816406250e+02 2.645529174804687500e+02 2.506696014404296875e+02 2.446742248535156250e+02 2.205642395019531250e+02
ku3 2.207374420166015625e+02 2.190408630371093750e+02 2.025219879150390625e+02 2.090380249023437500e+02 2.251022644042968750e+02 2.102027587890625000e+02 1.908058013916015625e+02 1.709900207519531250e+02 1.711006164550781250e+02 1.557283020019531250e+02
xue2 1.744723205566406250e+02 1.855549163818359375e+02 1.760120239257812500e+02 1.957743835449218750e+02 2.166494750976562500e+02 2.193949127197265625e+02 2.120732879638671875e+02 2.118174133300781250e+02 2.196689758300781250e+02 2.100585479736328125e+02
xi2 2.111770324707031250e+02 2.192575988769531250e+02 1.997990722656250000e+02 2.099407653808593750e+02 2.209763336181640625e+02 2.137738189697265625e+02 2.059688720703125000e+02 2.040882873535156250e+02 2.102689971923828125e+02 2.057415924072265625e+02
qin2 2.236718750000000000e+02 2.323331451416015625e+02 2.199209594726562500e+02 2.228335266113281250e+02 2.380474548339843750e+02 2.261404113769531250e+02 2.165956726074218750e+02 2.237130432128906250e+02 2.359316406250000000e+02 2.270643005371093750e+02
fen4 2.294699859619140625e+02 2.566201171875000000e+02 2.540322113037109375e+02 2.692359313964843750e+02 2.768674621582031250e+02 2.596985168457031250e+02 2.398448486328125000e+02 2.264527893066406250e+02 2.234214630126953125e+02 2.087564392089843750e+02
gong1 2.262267150878906250e+02 2.509681091308593750e+02 2.532817230224609375e+02 2.740098266601562500e+02 2.943286743164062500e+02 2.841062011718750000e+02 2.759674377441406250e+02 2.738425292968750000e+02 2.762501220703125000e+02 2.582715454101562500e+02
zuo4 2.524470825195312500e+02 2.632369079589843750e+02 2.514716644287109375e+02 2.490834045410156250e+02 2.481031494140625000e+02 2.166418914794921875e+02 1.848635253906250000e+02 1.668434295654296875e+02 1.684363098144531250e+02 1.550050048828125000e+02
kai1 2.611300964355468750e+02 2.749927062988281250e+02 2.548264617919921875e+02 2.688571166992187500e+02 2.934091796875000000e+02 2.817225341796875000e+02 2.718007202148437500e+02 2.644246215820312500e+02 2.663028259277343750e+02 2.512916717529296875e+02
tuo4 2.794055786132812500e+02 2.839739990234375000e+02 2.670291137695312500e+02 2.747018737792968750e+02 2.875691223144531250e+02 2.711991577148437500e+02 2.476690673828125000e+02 2.334367523193359375e+02 2.281590423583984375e+02 2.097479553222656250e+02
jin4 2.175389251708984375e+02 2.383041687011718750e+02 2.354118499755859375e+02 2.517187652587890625e+02 2.672456054687500000e+02 2.608169860839843750e+02 2.481318359375000000e+02 2.340074157714843750e+02 2.309826202392578125e+02 2.083480377197265625e+02
qu3 2.187225341796875000e+02 2.152360687255859375e+02 2.020588684082031250e+02 2.012273254394531250e+02 2.090608062744140625e+02 1.924079895019531250e+02 1.684208374023437500e+02 1.533307342529296875e+02 1.567747344970703125e+02 1.504215698242187500e+02
fen4 2.305961151123046875e+02 2.516834716796875000e+02 2.451757354736328125e+02 2.535154113769531250e+02 2.612465209960937500e+02 2.495129089355468750e+02 2.273613739013671875e+02 2.114974060058593750e+02 2.117053222656250000e+02 1.936241149902343750e+02
fa1 2.140531921386718750e+02 2.316339721679687500e+02 2.308914794921875000e+02 2.512325744628906250e+02 2.783565368652343750e+02 2.747822570800781250e+02 2.697458496093750000e+02 2.638303222656250000e+02 2.620941162109375000e+02 2.459508819580078125e+02
cheng2 2.305812072753906250e+02 2.258355865478515625e+02 1.965903625488281250e+02 1.942979431152343750e+02 2.003249969482421875e+02 1.858168487548828125e+02 1.709507598876953125e+02 1.715959472656250000e+02 1.844100189208984375e+02 1.844408874511718750e+02
cai2 1.703137207031250000e+02 1.772960815429687500e+02 1.513919830322265625e+02 1.494194641113281250e+02 1.518536682128906250e+02 1.357567901611328125e+02 1.295532836914062500e+02 1.322295379638671875e+02 1.430593261718750000e+02 1.535688781738281250e+02
