gu1 3.364943237304687500e+02 3.348315734863281250e+02 3.139959716796875000e+02 3.203203125000000000e+02 3.315986328125000000e+02 3.293777465820312500e+02 3.231897583007812500e+02 3.150008239746093750e+02 3.170430603027343750e+02 2.942056884765625000e+02
niang5 2.717425231933593750e+02 2.749386901855468750e+02 2.561591186523437500e+02 2.514091339111328125e+02 2.561179199218750000e+02 2.404045562744140625e+02 2.279538574218750000e+02 2.223826599121093750e+02 2.344663238525390625e+02 2.270786285400390625e+02
yong4 2.143364410400390625e+02 2.327234802246093750e+02 2.402058563232421875e+02 2.595200195312500000e+02 2.778035278320312500e+02 2.703645935058593750e+02 2.561625061035156250e+02 2.414526062011718750e+02 2.479892272949218750e+02 2.293309631347656250e+02
yan3 2.273070373535156250e+02 2.295721893310546875e+02 2.106556549072265625e+02 2.050367889404296875e+02 2.102370910644531250e+02 1.913542633056640625e+02 1.687344512939453125e+02 1.649896087646484375e+02 1.737275543212890625e+02 1.708888092041015625e+02
lei4 1.678970336914062500e+02 1.914033050537109375e+02 2.018404693603515625e+02 2.272323150634765625e+02 2.476643676757812500e+02 2.456869812011718750e+02 2.346613769531250000e+02 2.242658081054687500e+02 2.286754302978515625e+02 2.108847045898437500e+02
rong2 2.043015289306640625e+02 2.082139739990234375e+02 1.913983001708984375e+02 1.943140563964843750e+02 2.088544464111328125e+02 2.015621795654296875e+02 1.989814300537109375e+02 2.058405456542968750e+02 2.247574157714843750e+02 2.208951416015625000e+02
hua4 2.086831054687500000e+02 2.181924285888671875e+02 2.203534240722656250e+02 2.470859069824218750e+02 2.758304138183593750e+02 2.769238891601562500e+02 2.642799072265625000e+02 2.451405487060546875e+02 2.408096771240234375e+02 2.199836578369140625e+02
le5 2.114464416503906250e+02 2.136865844726562500e+02 1.977388153076171875e+02 2.124175262451171875e+02 2.307227478027343750e+02 2.234384002685546875e+02 2.170706787109375000e+02 2.103125000000000000e+02 2.171977233886718750e+02 2.029632415771484375e+02
kun2 2.055028381347656250e+02 2.151048583984375000e+02 2.001862640380859375e+02 2.174146575927734375e+02 2.381081237792968750e+02 2.340725708007812500e+02 2.252177429199218750e+02 2.251721496582031250e+02 2.376407165527343750e+02 2.360368041992187500e+02
bang3 2.317893676757812500e+02 2.393402404785156250e+02 2.205622863769531250e+02 2.131881408691406250e+02 2.073427734375000000e+02 1.828988189697265625e+02 1.614780578613281250e+02 1.524217529296875000e+02 1.656658477783203125e+02 1.607419891357421875e+02
de5 1.591166687011718750e+02 1.811737060546875000e+02 1.777003631591796875e+02 1.976007385253906250e+02 2.152758941650390625e+02 2.114084625244140625e+02 2.055735778808593750e+02 2.067114410400390625e+02 2.121875762939453125e+02 2.000225830078125000e+02
sheng2 2.069871368408203125e+02 2.179025421142578125e+02 2.027686614990234375e+02 2.176722106933593750e+02 2.316575622558593750e+02 2.250680694580078125e+02 2.176555633544921875e+02 2.162171630859375000e+02 2.322605895996093750e+02 2.337062072753906250e+02
suo3 2.313565368652343750e+02 2.349564666748046875e+02 2.202785797119140625e+02 2.192529144287109375e+02 2.232656402587890625e+02 2.032409515380859375e+02 1.787402343750000000e+02 1.591858062744140625e+02 1.644728698730468750e+02 1.542503204345703125e+02
de2 1.610993652343750000e+02 1.736295471191406250e+02 1.625132446289062500e+02 1.778052673339843750e+02 1.934988250732421875e+02 1.947758178710937500e+02 1.986038055419921875e+02 2.090010681152343750e+02 2.166373291015625000e+02 2.069993896484375000e+02
yi3 2.143567810058593750e+02 2.127229003906250000e+02 1.907429046630859375e+02 1.786221313476562500e+02 1.886143798828125000e+02 1.700469818115234375e+02 1.534705352783203125e+02 1.382674560546875000e+02 1.544276275634765625e+02 1.441770477294921875e+02
tuo1 1.572874908447265625e+02 1.819294891357421875e+02 1.836194305419921875e+02 2.104533843994140625e+02 2.429562072753906250e+02 2.428256225585937500e+02 2.429766082763671875e+02 2.321936492919921875e+02 2.284332122802734375e+02 2.175350646972656250e+02
shen1 2.017129821777343750e+02 2.199192657470703125e+02 2.089642486572265625e+02 2.243803863525390625e+02 2.433880310058593750e+02 2.264528198242187500e+02 2.182845153808593750e+02 2.077321472167968750e+02 2.058457031250000000e+02 2.019153289794921875e+02
