wo3 2.271143798828125000e+02 2.282082214355468750e+02 2.173992919921875000e+02 2.152103576660156250e+02 2.270633392333984375e+02 2.090358276367187500e+02 1.986938323974609375e+02 2.059568328857421875e+02 2.173378143310546875e+02 2.070357818603515625e+02
men5 2.060822448730468750e+02 2.206158447265625000e+02 2.285546264648437500e+02 2.392770996093750000e+02 2.556172637939453125e+02 2.470537414550781250e+02 2.357409820556640625e+02 2.355592956542968750e+02 2.500604705810546875e+02 2.374421539306640625e+02
chi1 2.413183593750000000e+02 2.573560791015625000e+02 2.631720886230468750e+02 2.841681518554687500e+02 3.216750488281250000e+02 3.209119262695312500e+02 3.219330139160156250e+02 3.164666137695312500e+02 3.184437561035156250e+02 2.947232666015625000e+02
guo5 2.728695983886718750e+02 2.803626098632812500e+02 2.620487976074218750e+02 2.593954162597656250e+02 2.652413330078125000e+02 2.491129913330078125e+02 2.341270904541015625e+02 2.227469940185546875e+02 2.320679168701171875e+02 2.218318786621093750e+02
shi4 2.072191467285156250e+02 2.275921630859375000e+02 2.327528839111328125e+02 2.564226684570312500e+02 2.839702453613281250e+02 2.799014282226562500e+02 2.671001281738281250e+02 2.572174987792968750e+02 2.536887359619140625e+02 2.273710479736328125e+02
chang3 2.343914794921875000e+02 2.359930877685546875e+02 2.197943878173828125e+02 2.211823272705078125e+02 2.243609313964843750e+02 2.042555389404296875e+02 1.765837097167968750e+02 1.649763946533203125e+02 1.756528625488281250e+02 1.710187072753906250e+02
hun4 1.611228485107421875e+02 1.852837829589843750e+02 1.970416564941406250e+02 2.273356933593750000e+02 2.666855468750000000e+02 2.676800231933593750e+02 2.572051696777343750e+02 2.488176422119140625e+02 2.418849487304687500e+02 2.215110015869140625e+02
luan4 2.185096588134765625e+02 2.389449920654296875e+02 2.426844635009765625e+02 2.539345397949218750e+02 2.659742431640625000e+02 2.502477264404296875e+02 2.320488128662109375e+02 2.180872802734375000e+02 2.189035186767578125e+02 2.045262603759765625e+02
de5 1.963181610107421875e+02 2.085121459960937500e+02 2.013062133789062500e+02 2.114249267578125000e+02 2.254095001220703125e+02 2.165026702880859375e+02 2.113876037597656250e+02 2.091441040039062500e+02 2.145099334716796875e+02 2.005760040283203125e+02
ku3 2.090129241943359375e+02 2.070139007568359375e+02 1.905743103027343750e+02 1.927214813232421875e+02 2.116490783691406250e+02 1.960899047851562500e+02 1.730245666503906250e+02 1.614742889404296875e+02 1.659996948242187500e+02 1.543519744873046875e+02
tou2 1.512717895507812500e+02 1.672474975585937500e+02 1.433400573730468750e+02 1.529938201904296875e+02 1.592887115478515625e+02 1.415066528320312500e+02 1.365287017822265625e+02 1.413831787109375000e+02 1.603407135009765625e+02 1.700137023925781250e+02
