ta1 3.157122192382812500e+02 3.220337219238281250e+02 3.049697570800781250e+02 3.150084838867187500e+02 3.315149841308593750e+02 3.217169189453125000e+02 3.150842285156250000e+02 3.061939697265625000e+02 3.104037170410156250e+02 2.895050659179687500e+02
nu4 2.773634948730468750e+02 2.873953247070312500e+02 2.721903076171875000e+02 2.802800292968750000e+02 2.900583801269531250e+02 2.731801757812500000e+02 2.542877960205078125e+02 2.412825317382812500e+02 2.431422729492187500e+02 2.254837188720703125e+02
chi4 2.174145355224609375e+02 2.329636688232421875e+02 2.310116119384765625e+02 2.539895782470703125e+02 2.775409240722656250e+02 2.696194458007812500e+02 2.502326507568359375e+02 2.355843200683593750e+02 2.342099609375000000e+02 2.150223083496093750e+02
jiang1 2.235883026123046875e+02 2.504440765380859375e+02 2.564017639160156250e+02 2.735249938964843750e+02 2.958691406250000000e+02 2.886292724609375000e+02 2.772514953613281250e+02 2.737197570800781250e+02 2.768912658691406250e+02 2.653033752441406250e+02
qing1 2.588301696777343750e+02 2.711382141113281250e+02 2.670717163085937500e+02 2.868261108398437500e+02 3.124552307128906250e+02 3.090603027343750000e+02 3.032084045410156250e+02 2.965843811035156250e+02 2.972344055175781250e+02 2.756634216308593750e+02
chen2 2.579241638183593750e+02 2.506172027587890625e+02 2.231044769287109375e+02 2.222362823486328125e+02 2.326466674804687500e+02 2.218993225097656250e+02 2.116447601318359375e+02 2.071353607177734375e+02 2.231261444091796875e+02 2.153833618164062500e+02
bo2 2.111520080566406250e+02 2.202264556884765625e+02 2.055580749511718750e+02 2.074309844970703125e+02 2.116855621337890625e+02 2.031423797607421875e+02 2.006825714111328125e+02 2.018578796386718750e+02 2.202847442626953125e+02 2.114362487792968750e+02
da2 2.061281127929687500e+02 2.187784576416015625e+02 2.028759307861328125e+02 2.016142883300781250e+02 2.000330505371093750e+02 1.910222930908203125e+02 1.845601654052734375e+02 1.908607177734375000e+02 2.117922668457031250e+02 2.055852966308593750e+02
kang1 2.053977355957031250e+02 2.278659057617187500e+02 2.311649627685546875e+02 2.601537475585937500e+02 2.945510559082031250e+02 2.958246765136718750e+02 2.888633422851562500e+02 2.824268798828125000e+02 2.852843627929687500e+02 2.709006042480468750e+02
sheng1 2.608147888183593750e+02 2.715197143554687500e+02 2.649673156738281250e+02 2.881208190917968750e+02 3.097938842773437500e+02 3.064703979492187500e+02 2.978856506347656250e+02 2.917142944335937500e+02 2.899250793457031250e+02 2.676140441894531250e+02
deng3 2.503612823486328125e+02 2.476154022216796875e+02 2.116105346679687500e+02 1.996546020507812500e+02 1.832691345214843750e+02 1.617927856445312500e+02 1.463925933837890625e+02 1.414494781494140625e+02 1.608837127685546875e+02 1.559205322265625000e+02
wang4 2.434317169189453125e+02 2.549360046386718750e+02 2.523957061767578125e+02 2.567579040527343750e+02 2.678827819824218750e+02 2.533927307128906250e+02 2.371491851806640625e+02 2.244945831298828125e+02 2.318437957763671875e+02 2.105621185302734375e+02
tu2 2.218742370605468750e+02 2.219878082275390625e+02 2.074174194335937500e+02 2.125041961669921875e+02 2.332643585205078125e+02 2.300837097167968750e+02 2.160253753662109375e+02 2.155496368408203125e+02 2.304264526367187500e+02 2.206228790283203125e+02
cuan4 2.089989166259765625e+02 2.290308685302734375e+02 2.394333343505859375e+02 2.595020751953125000e+02 2.827602539062500000e+02 2.762875061035156250e+02 2.596094665527343750e+02 2.449334106445312500e+02 2.391305084228515625e+02 2.153884277343750000e+02
dang3 2.189338073730468750e+02 2.279047698974609375e+02 2.079862976074218750e+02 2.018424682617187500e+02 1.950727996826171875e+02 1.701591644287109375e+02 1.550077667236328125e+02 1.494728240966796875e+02 1.624653320312500000e+02 1.529151611328125000e+02
duo2 1.596913452148437500e+02 1.736610717773437500e+02 1.623485565185546875e+02 1.674497833251953125e+02 1.794800109863281250e+02 1.746431732177734375e+02 1.765240325927734375e+02 1.858558349609375000e+02 2.014705352783203125e+02 1.948386840820312500e+02
quan2 1.806595458984375000e+02 1.887536468505859375e+02 1.645864257812500000e+02 1.660298309326171875e+02 1.651191406250000000e+02 1.449203491210937500e+02 1.353018493652343750e+02 1.352045745849609375e+02 1.543275604248046875e+02 1.630301361083984375e+02
