zheng4 3.209818115234375000e+02 3.282358093261718750e+02 3.136475524902343750e+02 3.172567749023437500e+02 3.177474670410156250e+02 2.988648071289062500e+02 2.825480651855468750e+02 2.709624938964843750e+02 2.721039428710937500e+02 2.561213073730468750e+02
dang1 2.641261901855468750e+02 2.853383178710937500e+02 2.837600708007812500e+02 2.969423522949218750e+02 3.166751708984375000e+02 3.077462463378906250e+02 3.050413513183593750e+02 3.029352111816406250e+02 3.059431457519531250e+02 2.876307983398437500e+02
wo2 2.606891784667968750e+02 2.522816467285156250e+02 2.212140045166015625e+02 2.215578613281250000e+02 2.326222686767578125e+02 2.291597595214843750e+02 2.275991058349609375e+02 2.303713684082031250e+02 2.469226837158203125e+02 2.380170440673828125e+02
mu3 2.393436584472656250e+02 2.377713775634765625e+02 2.181953582763671875e+02 2.065865325927734375e+02 2.056106414794921875e+02 1.882759704589843750e+02 1.690375976562500000e+02 1.579286193847656250e+02 1.697461853027343750e+02 1.592417907714843750e+02
qin1 1.718635101318359375e+02 2.011264648437500000e+02 2.083522491455078125e+02 2.371128234863281250e+02 2.744017028808593750e+02 2.764789733886718750e+02 2.740704650878906250e+02 2.699234008789062500e+02 2.736549987792968750e+02 2.536907043457031250e+02
chao2 2.419233245849609375e+02 2.400012817382812500e+02 2.155204772949218750e+02 2.180367279052734375e+02 2.256648254394531250e+02 2.136145172119140625e+02 2.017373504638671875e+02 1.973452148437500000e+02 2.167761383056640625e+02 2.131545867919921875e+02
zhe5 2.047427520751953125e+02 2.264909667968750000e+02 2.186242370605468750e+02 2.252712707519531250e+02 2.338873291015625000e+02 2.225077056884765625e+02 2.068507080078125000e+02 1.979127044677734375e+02 2.047899169921875000e+02 1.929165802001953125e+02
ta1 1.986449890136718750e+02 2.211237945556640625e+02 2.261728668212890625e+02 2.567098083496093750e+02 2.911167297363281250e+02 2.911973266601562500e+02 2.839664306640625000e+02 2.765964355468750000e+02 2.789958190917968750e+02 2.593622436523437500e+02
ting2 2.486867980957031250e+02 2.422039031982421875e+02 2.147375488281250000e+02 2.134129791259765625e+02 2.219234771728515625e+02 2.093181152343750000e+02 1.962257843017578125e+02 1.913067932128906250e+02 2.122517089843750000e+02 2.088097534179687500e+02
qi4 2.015435180664062500e+02 2.267583312988281250e+02 2.260648193359375000e+02 2.478123779296875000e+02 2.576074218750000000e+02 2.480477447509765625e+02 2.209064788818359375e+02 1.996855010986328125e+02 1.960507812500000000e+02 1.789707031250000000e+02
che1 2.858493347167968750e+02 2.980562438964843750e+02 2.775845336914062500e+02 2.867663574218750000e+02 3.161808776855468750e+02 3.066323547363281250e+02 3.002286682128906250e+02 2.979375000000000000e+02 2.953563842773437500e+02 2.703535156250000000e+02
de5 2.432252044677734375e+02 2.464571533203125000e+02 2.305349426269531250e+02 2.245175018310546875e+02 2.363175354003906250e+02 2.187806854248046875e+02 2.089085083007812500e+02 1.999568328857421875e+02 2.077512054443359375e+02 1.951304779052734375e+02
di4 1.883614959716796875e+02 2.163870391845703125e+02 2.185945587158203125e+02 2.349138031005859375e+02 2.461641540527343750e+02 2.373708496093750000e+02 2.237402191162109375e+02 2.149657440185546875e+02 2.178276672363281250e+02 2.038594055175781250e+02
fang1 2.069654388427734375e+02 2.292694396972656250e+02 2.356127777099609375e+02 2.610371093750000000e+02 2.828657226562500000e+02 2.819953918457031250e+02 2.704299926757812500e+02 2.688164367675781250e+02 2.692983703613281250e+02 2.533603515625000000e+02
zou3 2.374046478271484375e+02 2.362665557861328125e+02 2.126845550537109375e+02 2.047023773193359375e+02 2.001747741699218750e+02 1.761292572021484375e+02 1.504489593505859375e+02 1.391447906494140625e+02 1.520170593261718750e+02 1.427671508789062500e+02
guo4 1.495160980224609375e+02 1.797010803222656250e+02 1.924629516601562500e+02 2.097845306396484375e+02 2.261347351074218750e+02 2.189218444824218750e+02 1.972870178222656250e+02 1.826039123535156250e+02 1.831872711181640625e+02 1.716630706787109375e+02
qu4 1.583976745605468750e+02 1.779176483154296875e+02 1.738899383544921875e+02 1.933794555664062500e+02 2.163186035156250000e+02 1.968988647460937500e+02 1.731768798828125000e+02 1.528708953857421875e+02 1.473832244873046875e+02 1.472412261962890625e+02
