zheng4 3.229499511718750000e+02 3.337840576171875000e+02 3.152981872558593750e+02 3.143402404785156250e+02 3.205520935058593750e+02 3.079920043945312500e+02 2.915582580566406250e+02 2.744848327636718750e+02 2.869571533203125000e+02 2.564723205566406250e+02
fu3 2.658638305664062500e+02 2.582251281738281250e+02 2.383472290039062500e+02 2.304860839843750000e+02 2.350715637207031250e+02 2.150154724121093750e+02 1.959736633300781250e+02 1.776345520019531250e+02 1.890388336181640625e+02 1.740300750732421875e+02
xi1 1.907969055175781250e+02 2.121860046386718750e+02 2.136617126464843750e+02 2.398518218994140625e+02 2.802036743164062500e+02 2.875693664550781250e+02 2.854843750000000000e+02 2.863331909179687500e+02 2.860382080078125000e+02 2.621437072753906250e+02
wang4 2.601598205566406250e+02 2.648192749023437500e+02 2.511801147460937500e+02 2.471300964355468750e+02 2.520151672363281250e+02 2.242715606689453125e+02 1.982583923339843750e+02 1.813061370849609375e+02 1.904703674316406250e+02 1.746644439697265625e+02
yi2 2.052725524902343750e+02 2.152634277343750000e+02 1.990807342529296875e+02 2.100937652587890625e+02 2.303720092773437500e+02 2.319383239746093750e+02 2.390477600097656250e+02 2.482582855224609375e+02 2.616752624511718750e+02 2.438754882812500000e+02
ci3 2.501024932861328125e+02 2.452617340087890625e+02 2.250806732177734375e+02 2.244223175048828125e+02 2.287038421630859375e+02 2.162149047851562500e+02 1.854286041259765625e+02 1.730715637207031250e+02 1.788084869384765625e+02 1.686810455322265625e+02
hui1 1.731299896240234375e+02 1.952967987060546875e+02 2.006161804199218750e+02 2.316055755615234375e+02 2.764545593261718750e+02 2.824455566406250000e+02 2.799804687500000000e+02 2.765874633789062500e+02 2.792178955078125000e+02 2.612070922851562500e+02
fu4 2.555256652832031250e+02 2.640577697753906250e+02 2.566916809082031250e+02 2.673869628906250000e+02 2.826889953613281250e+02 2.686126098632812500e+02 2.494177551269531250e+02 2.310928497314453125e+02 2.310691833496093750e+02 2.084519195556640625e+02
tou2 2.165474243164062500e+02 2.191043090820312500e+02 2.039017791748046875e+02 2.109786529541015625e+02 2.241448822021484375e+02 2.137852783203125000e+02 1.997659912109375000e+02 1.966208190917968750e+02 2.142110900878906250e+02 2.124048614501953125e+02
zi1 2.146927795410156250e+02 2.344004821777343750e+02 2.398991088867187500e+02 2.635061950683593750e+02 2.900991821289062500e+02 2.914869689941406250e+02 2.857634277343750000e+02 2.883394470214843750e+02 2.863453369140625000e+02 2.606034851074218750e+02
zhe3 2.357239685058593750e+02 2.311038818359375000e+02 2.123439178466796875e+02 2.020934448242187500e+02 2.023704528808593750e+02 1.820778350830078125e+02 1.618392944335937500e+02 1.444337615966796875e+02 1.529556427001953125e+02 1.409135742187500000e+02
xin4 1.434258422851562500e+02 1.695543518066406250e+02 1.811505432128906250e+02 2.084046936035156250e+02 2.374981994628906250e+02 2.365788421630859375e+02 2.170589752197265625e+02 1.989497680664062500e+02 1.935095520019531250e+02 1.792790374755859375e+02
xin1 1.784083557128906250e+02 2.008886566162109375e+02 1.969054260253906250e+02 2.187461853027343750e+02 2.431885833740234375e+02 2.289491424560546875e+02 2.180193939208984375e+02 2.094960784912109375e+02 2.043331756591796875e+02 2.054605712890625000e+02
