lao2 2.234385986328125000e+02 2.292477264404296875e+02 2.080371551513671875e+02 2.170762329101562500e+02 2.306859436035156250e+02 2.291627044677734375e+02 2.356916198730468750e+02 2.476826782226562500e+02 2.656756896972656250e+02 2.657732543945312500e+02
ban3 2.689817810058593750e+02 2.688164672851562500e+02 2.448645477294921875e+02 2.306860809326171875e+02 2.210776214599609375e+02 2.017419433593750000e+02 1.744274597167968750e+02 1.678454437255859375e+02 1.845987548828125000e+02 1.790614624023437500e+02
kan4 1.777593688964843750e+02 2.028688354492187500e+02 2.150584259033203125e+02 2.426738433837890625e+02 2.780558471679687500e+02 2.739849243164062500e+02 2.629609069824218750e+02 2.500263519287109375e+02 2.469313659667968750e+02 2.275195465087890625e+02
wu1 2.266887054443359375e+02 2.375462951660156250e+02 2.339976196289062500e+02 2.586568908691406250e+02 2.965955200195312500e+02 3.010039367675781250e+02 2.974211730957031250e+02 3.003071594238281250e+02 2.974027404785156250e+02 2.733755493164062500e+02
yan2 2.571514282226562500e+02 2.470785827636718750e+02 2.146137847900390625e+02 2.050062103271484375e+02 2.109302978515625000e+02 2.041491088867187500e+02 1.963049468994140625e+02 1.991189117431640625e+02 2.204908752441406250e+02 2.178591461181640625e+02
tai4 2.074328308105468750e+02 2.312357940673828125e+02 2.380217895507812500e+02 2.565461730957031250e+02 2.751307373046875000e+02 2.730945434570312500e+02 2.522313385009765625e+02 2.362753601074218750e+02 2.325089263916015625e+02 2.117798919677734375e+02
zhai3 2.216306304931640625e+02 2.259054870605468750e+02 2.111386871337890625e+02 2.065638275146484375e+02 1.997618865966796875e+02 1.764665679931640625e+02 1.603191375732421875e+02 1.490763854980468750e+02 1.594834899902343750e+02 1.524472198486328125e+02
zhe1 2.563511962890625000e+02 2.709830627441406250e+02 2.619870605468750000e+02 2.716253967285156250e+02 2.931812744140625000e+02 2.872848205566406250e+02 2.842008666992187500e+02 2.835556335449218750e+02 2.797032165527343750e+02 2.586305236816406250e+02
bu5 2.408989105224609375e+02 2.423308105468750000e+02 2.304176788330078125e+02 2.305127563476562500e+02 2.447167205810546875e+02 2.327962493896484375e+02 2.217209930419921875e+02 2.143007354736328125e+02 2.243699798583984375e+02 2.077559051513671875e+02
liao3 2.198415679931640625e+02 2.217590179443359375e+02 2.039488830566406250e+02 1.995747528076171875e+02 1.971928863525390625e+02 1.769925994873046875e+02 1.555698242187500000e+02 1.464167785644531250e+02 1.586351470947265625e+02 1.532389526367187500e+02
feng1 1.735277709960937500e+02 2.000642700195312500e+02 2.043480529785156250e+02 2.348653259277343750e+02 2.665172729492187500e+02 2.713889465332031250e+02 2.614510498046875000e+02 2.621880493164062500e+02 2.603910522460937500e+02 2.436716766357421875e+02
yu3 2.035016632080078125e+02 1.994267578125000000e+02 1.586620788574218750e+02 1.420438537597656250e+02 1.448458251953125000e+02 1.216377487182617188e+02 1.079672393798828125e+02 9.878948974609375000e+01 1.134652252197265625e+02 1.186187973022460938e+02
