dan4 3.071260375976562500e+02 3.111300964355468750e+02 2.964182739257812500e+02 3.039931030273437500e+02 3.133753967285156250e+02 2.967088928222656250e+02 2.912071838378906250e+02 2.802401733398437500e+02 2.872295837402343750e+02 2.667905883789062500e+02
wo3 2.638641967773437500e+02 2.567614440917968750e+02 2.293937683105468750e+02 2.214516906738281250e+02 2.273885192871093750e+02 2.052989501953125000e+02 1.912590026855468750e+02 1.870698699951171875e+02 1.954589843750000000e+02 1.855282592773437500e+02
jiu2 1.930235290527343750e+02 2.114824218750000000e+02 2.024324798583984375e+02 2.153272094726562500e+02 2.293130950927734375e+02 2.212878265380859375e+02 2.167968902587890625e+02 2.245915527343750000e+02 2.435606994628906250e+02 2.413450164794921875e+02
jiu3 2.408950347900390625e+02 2.453469848632812500e+02 2.310911865234375000e+02 2.224963378906250000e+02 2.205597381591796875e+02 1.962175140380859375e+02 1.692285919189453125e+02 1.615913391113281250e+02 1.721701507568359375e+02 1.646866302490234375e+02
zhui1 1.754590759277343750e+02 2.082144927978515625e+02 2.197743225097656250e+02 2.452685852050781250e+02 2.779254150390625000e+02 2.733675231933593750e+02 2.686963195800781250e+02 2.677580261230468750e+02 2.692095336914062500e+02 2.513735198974609375e+02
qiu2 2.402347717285156250e+02 2.404826507568359375e+02 2.209535980224609375e+02 2.249796600341796875e+02 2.391117248535156250e+02 2.270307922363281250e+02 2.159572906494140625e+02 2.132469940185546875e+02 2.292462463378906250e+02 2.275388183593750000e+02
zhe4 2.198991699218750000e+02 2.445077667236328125e+02 2.472737884521484375e+02 2.617903442382812500e+02 2.754844360351562500e+02 2.677561340332031250e+02 2.515524291992187500e+02 2.410781250000000000e+02 2.398424682617187500e+02 2.190274810791015625e+02
zhong3 2.220336761474609375e+02 2.303004608154296875e+02 2.167438812255859375e+02 2.132797088623046875e+02 2.127860260009765625e+02 1.875020751953125000e+02 1.661217498779296875e+02 1.579972076416015625e+02 1.692415161132812500e+02 1.665074920654296875e+02
hao4 1.595463867187500000e+02 1.848348846435546875e+02 1.976891021728515625e+02 2.289315185546875000e+02 2.651750793457031250e+02 2.651275024414062500e+02 2.524878692626953125e+02 2.413444976806640625e+02 2.346422882080078125e+02 2.138046112060546875e+02
miao3 2.256838836669921875e+02 2.270041809082031250e+02 2.088622894287109375e+02 2.021005706787109375e+02 2.051004486083984375e+02 1.804902801513671875e+02 1.571959533691406250e+02 1.451986541748046875e+02 1.613983917236328125e+02 1.558138122558593750e+02
cang1 1.728390655517578125e+02 1.991674652099609375e+02 2.089627990722656250e+02 2.394601287841796875e+02 2.773160400390625000e+02 2.791917114257812500e+02 2.752889709472656250e+02 2.712836914062500000e+02 2.686118164062500000e+02 2.512424926757812500e+02
liang2 2.357251892089843750e+02 2.301785888671875000e+02 2.008453063964843750e+02 1.961194305419921875e+02 2.004245605468750000e+02 1.857684936523437500e+02 1.796954040527343750e+02 1.835095520019531250e+02 2.039042358398437500e+02 2.005234832763671875e+02
bei1 2.052048645019531250e+02 2.265375213623046875e+02 2.365545501708984375e+02 2.599836120605468750e+02 2.859421081542968750e+02 2.825128479003906250e+02 2.755577697753906250e+02 2.722140197753906250e+02 2.710556030273437500e+02 2.509639892578125000e+02
zhuang4 2.420925903320312500e+02 2.585697326660156250e+02 2.500534210205078125e+02 2.455728912353515625e+02 2.386473999023437500e+02 2.058722381591796875e+02 1.710376739501953125e+02 1.489315338134765625e+02 1.564293518066406250e+02 1.426082611083984375e+02
er2 1.979569702148437500e+02 1.973648834228515625e+02 1.835268859863281250e+02 1.891813049316406250e+02 2.055713806152343750e+02 2.029523773193359375e+02 2.038914794921875000e+02 2.024803771972656250e+02 2.204209442138671875e+02 2.092154998779296875e+02
shen1 2.068607330322265625e+02 2.289758758544921875e+02 2.313475494384765625e+02 2.557193603515625000e+02 2.864550476074218750e+02 2.855848999023437500e+02 2.805181274414062500e+02 2.753989257812500000e+02 2.746491699218750000e+02 2.604872741699218750e+02
sui4 2.525585784912109375e+02 2.625989074707031250e+02 2.536436767578125000e+02 2.673495788574218750e+02 2.784756774902343750e+02 2.607357482910156250e+02 2.392618408203125000e+02 2.162051849365234375e+02 2.113897094726562500e+02 1.873871002197265625e+02
de5 1.860320281982421875e+02 1.937851257324218750e+02 1.855306854248046875e+02 1.887966461181640625e+02 2.023610229492187500e+02 1.874007263183593750e+02 1.793595886230468750e+02 1.742097930908203125e+02 1.787940521240234375e+02 1.670756988525390625e+02
jing4 1.665091247558593750e+02 1.935058288574218750e+02 2.027318115234375000e+02 2.201308135986328125e+02 2.327050781250000000e+02 2.204688568115234375e+02 1.983256988525390625e+02 1.773014526367187500e+02 1.797432250976562500e+02 1.674356231689453125e+02
jie4 1.616054687500000000e+02 1.828746490478515625e+02 1.764696502685546875e+02 1.847086334228515625e+02 1.946731719970703125e+02 1.722703247070312500e+02 1.497012176513671875e+02 1.327199249267578125e+02 1.322752532958984375e+02 1.303907012939453125e+02
