yao4 2.894636840820312500e+02 2.962553405761718750e+02 2.857415161132812500e+02 2.898931884765625000e+02 2.973671875000000000e+02 2.912826538085937500e+02 2.724164733886718750e+02 2.659279174804687500e+02 2.669297180175781250e+02 2.537897796630859375e+02
te4 2.531761322021484375e+02 2.621204223632812500e+02 2.564956359863281250e+02 2.762215576171875000e+02 3.005932006835937500e+02 2.916169128417968750e+02 2.754663085937500000e+02 2.638156433105468750e+02 2.602499084472656250e+02 2.331584472656250000e+02
bie2 2.309470977783203125e+02 2.319917907714843750e+02 2.143297424316406250e+02 2.165036621093750000e+02 2.285335540771484375e+02 2.214517669677734375e+02 2.131988372802734375e+02 2.156410675048828125e+02 2.299010467529296875e+02 2.227564544677734375e+02
zuo4 2.063417968750000000e+02 2.310521545410156250e+02 2.348691711425781250e+02 2.524781036376953125e+02 2.669029846191406250e+02 2.581109619140625000e+02 2.396785736083984375e+02 2.288172149658203125e+02 2.316949462890625000e+02 2.115866394042968750e+02
hao3 2.230205078125000000e+02 2.223112640380859375e+02 2.074483337402343750e+02 2.112246246337890625e+02 2.218906097412109375e+02 1.986165313720703125e+02 1.707270507812500000e+02 1.566793823242187500e+02 1.639270629882812500e+02 1.578487396240234375e+02
shen1 1.701703186035156250e+02 1.980819549560546875e+02 2.069424133300781250e+02 2.329579467773437500e+02 2.727606811523437500e+02 2.720217895507812500e+02 2.679134521484375000e+02 2.664666748046875000e+02 2.671217651367187500e+02 2.513166961669921875e+02
wa1 2.421050872802734375e+02 2.541023254394531250e+02 2.496468963623046875e+02 2.643073425292968750e+02 2.901083679199218750e+02 2.863507080078125000e+02 2.780530700683593750e+02 2.771568603515625000e+02 2.763984069824218750e+02 2.668049011230468750e+02
hei1 2.589577331542968750e+02 2.604944152832031250e+02 2.516688079833984375e+02 2.752022399902343750e+02 3.108931579589843750e+02 3.079755554199218750e+02 3.051473999023437500e+02 2.941570434570312500e+02 2.958154602050781250e+02 2.757392578125000000e+02
e4 2.643648071289062500e+02 2.689967041015625000e+02 2.541177215576171875e+02 2.603479614257812500e+02 2.709827880859375000e+02 2.570561523437500000e+02 2.418738555908203125e+02 2.240926055908203125e+02 2.218597106933593750e+02 2.108993377685546875e+02
shi4 1.945990447998046875e+02 2.095083618164062500e+02 2.094455108642578125e+02 2.391165466308593750e+02 2.701374816894531250e+02 2.648874511718750000e+02 2.598149719238281250e+02 2.455633544921875000e+02 2.430379791259765625e+02 2.134735260009765625e+02
li5 2.041779174804687500e+02 2.090334625244140625e+02 1.945552673339843750e+02 2.050387878417968750e+02 2.212340240478515625e+02 2.143406066894531250e+02 2.136917266845703125e+02 2.088043823242187500e+02 2.201901550292968750e+02 2.050929718017578125e+02
bao3 2.188796539306640625e+02 2.266613464355468750e+02 2.117062835693359375e+02 2.101701965332031250e+02 2.059854583740234375e+02 1.834170837402343750e+02 1.601882324218750000e+02 1.498534240722656250e+02 1.644118652343750000e+02 1.613758544921875000e+02
hu4 1.620657806396484375e+02 1.822285156250000000e+02 1.849508819580078125e+02 2.200769348144531250e+02 2.608183593750000000e+02 2.706139526367187500e+02 2.618444824218750000e+02 2.535585479736328125e+02 2.461255950927734375e+02 2.207360992431640625e+02
san3 2.333776550292968750e+02 2.370977172851562500e+02 2.135093841552734375e+02 2.125978546142578125e+02 2.083097686767578125e+02 1.842813415527343750e+02 1.631766662597656250e+02 1.453528442382812500e+02 1.568728790283203125e+02 1.516428375244140625e+02
he2 2.108310394287109375e+02 2.122554626464843750e+02 1.962722320556640625e+02 2.047093963623046875e+02 2.279967498779296875e+02 2.259267730712890625e+02 2.171548461914062500e+02 2.093155364990234375e+02 2.228325500488281250e+02 2.167588500976562500e+02
hei1 2.073082427978515625e+02 2.261202697753906250e+02 2.246271209716796875e+02 2.535156402587890625e+02 2.942270507812500000e+02 2.982780456542968750e+02 2.939677429199218750e+02 2.878371276855468750e+02 2.872388000488281250e+02 2.711876831054687500e+02
hou4 2.548590545654296875e+02 2.577923278808593750e+02 2.446779937744140625e+02 2.591915588378906250e+02 2.805382690429687500e+02 2.604688415527343750e+02 2.335865478515625000e+02 2.098208618164062500e+02 2.069295196533203125e+02 1.840397491455078125e+02
tai2 2.035536346435546875e+02 2.075939941406250000e+02 1.921567382812500000e+02 1.986944580078125000e+02 2.132496337890625000e+02 2.021057281494140625e+02 1.935869903564453125e+02 1.887102661132812500e+02 2.029656524658203125e+02 1.970109100341796875e+02
de5 1.859325866699218750e+02 2.000343170166015625e+02 1.927030181884765625e+02 1.921433868408203125e+02 2.037786407470703125e+02 1.872644042968750000e+02 1.782297363281250000e+02 1.735760803222656250e+02 1.792210845947265625e+02 1.639783325195312500e+02
gong1 1.769096679687500000e+02 2.039502868652343750e+02 2.076649780273437500e+02 2.303633880615234375e+02 2.520563354492187500e+02 2.447613372802734375e+02 2.352323608398437500e+02 2.279318237304687500e+02 2.313276672363281250e+02 2.194922637939453125e+02
zuo4 1.951745910644531250e+02 2.114454956054687500e+02 1.957531585693359375e+02 1.931617126464843750e+02 1.931853179931640625e+02 1.662170867919921875e+02 1.357176513671875000e+02 1.144503097534179688e+02 1.223569030761718750e+02 1.160043411254882812e+02
