shi3 2.461756896972656250e+02 2.457192230224609375e+02 2.330809783935546875e+02 2.348649444580078125e+02 2.387062988281250000e+02 2.214379425048828125e+02 2.050990905761718750e+02 2.052905578613281250e+02 2.187757110595703125e+02 2.052845611572265625e+02
ta1 2.146387786865234375e+02 2.400695343017578125e+02 2.507900238037109375e+02 2.808456420898437500e+02 3.165989990234375000e+02 3.125656433105468750e+02 3.130709838867187500e+02 3.083495178222656250e+02 3.101286621093750000e+02 2.893498840332031250e+02
men5 2.775901184082031250e+02 2.779781188964843750e+02 2.600273742675781250e+02 2.649732360839843750e+02 2.773432922363281250e+02 2.610217590332031250e+02 2.489455566406250000e+02 2.374369201660156250e+02 2.482344970703125000e+02 2.301888427734375000e+02
wen2 2.285069427490234375e+02 2.275068817138671875e+02 2.091776580810546875e+02 2.099231872558593750e+02 2.237624206542968750e+02 2.195152587890625000e+02 2.153490600585937500e+02 2.206662139892578125e+02 2.377571716308593750e+02 2.322145996093750000e+02
dao4 2.266698608398437500e+02 2.560628967285156250e+02 2.678180541992187500e+02 2.719029235839843750e+02 2.761937255859375000e+02 2.632824096679687500e+02 2.421872253417968750e+02 2.282235107421875000e+02 2.331263580322265625e+02 2.174466094970703125e+02
le5 2.080298156738281250e+02 2.126093597412109375e+02 2.018790130615234375e+02 2.166045837402343750e+02 2.351639709472656250e+02 2.319931640625000000e+02 2.248234252929687500e+02 2.213819885253906250e+02 2.289949035644531250e+02 2.101097259521484375e+02
bi3 2.160510559082031250e+02 2.195031890869140625e+02 2.093757324218750000e+02 2.052500152587890625e+02 2.113868865966796875e+02 1.948067779541015625e+02 1.708632812500000000e+02 1.630810546875000000e+02 1.705243530273437500e+02 1.629678649902343750e+02
xiang1 1.739133300781250000e+02 2.021885833740234375e+02 2.138404083251953125e+02 2.443771209716796875e+02 2.806193847656250000e+02 2.818664550781250000e+02 2.762489929199218750e+02 2.740671386718750000e+02 2.734301452636718750e+02 2.558233337402343750e+02
huo3 2.437120208740234375e+02 2.313472290039062500e+02 2.118708496093750000e+02 2.113100891113281250e+02 2.233727874755859375e+02 2.099493560791015625e+02 1.826605834960937500e+02 1.641016998291015625e+02 1.704835662841796875e+02 1.604435119628906250e+02
geng4 1.565874328613281250e+02 1.930018157958984375e+02 2.122667846679687500e+02 2.373807678222656250e+02 2.584407653808593750e+02 2.502520751953125000e+02 2.365065917968750000e+02 2.264958648681640625e+02 2.220604553222656250e+02 2.010929107666015625e+02
nong2 2.022120056152343750e+02 2.031080169677734375e+02 1.854770965576171875e+02 1.898020324707031250e+02 2.006482849121093750e+02 1.887871551513671875e+02 1.903235931396484375e+02 1.952654266357421875e+02 2.135672454833984375e+02 2.088177795410156250e+02
de5 1.956814880371093750e+02 2.123724212646484375e+02 2.039068145751953125e+02 2.074555816650390625e+02 2.158299865722656250e+02 2.021305694580078125e+02 1.904392089843750000e+02 1.833950195312500000e+02 1.915605773925781250e+02 1.812701873779296875e+02
dong1 1.900799407958984375e+02 2.134971771240234375e+02 2.214759216308593750e+02 2.466674194335937500e+02 2.670207519531250000e+02 2.601490173339843750e+02 2.551130371093750000e+02 2.505575408935546875e+02 2.517823028564453125e+02 2.368152313232421875e+02
xi5 2.120958557128906250e+02 2.120270385742187500e+02 1.837821655273437500e+02 1.794807586669921875e+02 1.878920288085937500e+02 1.612729797363281250e+02 1.363242950439453125e+02 1.191991882324218750e+02 1.303195190429687500e+02 1.325407257080078125e+02
