yi2 2.272657928466796875e+02 2.307345123291015625e+02 2.209776000976562500e+02 2.313072204589843750e+02 2.585186767578125000e+02 2.528514404296875000e+02 2.649590148925781250e+02 2.707391662597656250e+02 2.838998718261718750e+02 2.718273315429687500e+02
you3 2.709111633300781250e+02 2.650600280761718750e+02 2.391146697998046875e+02 2.243118286132812500e+02 2.214397735595703125e+02 1.967291717529296875e+02 1.756403503417968750e+02 1.649011688232421875e+02 1.812064819335937500e+02 1.717180175781250000e+02
duo1 1.826819152832031250e+02 2.115664978027343750e+02 2.206599426269531250e+02 2.434373168945312500e+02 2.795285034179687500e+02 2.777708129882812500e+02 2.765251770019531250e+02 2.772341308593750000e+02 2.812396240234375000e+02 2.563645629882812500e+02
ming2 2.419987640380859375e+02 2.373512725830078125e+02 2.097129669189453125e+02 2.092068939208984375e+02 2.161562194824218750e+02 2.079698791503906250e+02 2.029672851562500000e+02 2.101015472412109375e+02 2.295776672363281250e+02 2.207795257568359375e+02
ba1 2.207456665039062500e+02 2.452759552001953125e+02 2.490393524169921875e+02 2.682552185058593750e+02 2.956347045898437500e+02 2.889207458496093750e+02 2.804597778320312500e+02 2.803513183593750000e+02 2.842634887695312500e+02 2.651405029296875000e+02
le4 2.570863952636718750e+02 2.635214233398437500e+02 2.482964172363281250e+02 2.546110992431640625e+02 2.670006408691406250e+02 2.508963470458984375e+02 2.370401458740234375e+02 2.190567779541015625e+02 2.174176483154296875e+02 2.068866577148437500e+02
si1 2.075277404785156250e+02 2.258170318603515625e+02 2.268762054443359375e+02 2.534783630371093750e+02 2.938131103515625000e+02 2.916450195312500000e+02 2.899252624511718750e+02 2.898599243164062500e+02 2.913768310546875000e+02 2.630658874511718750e+02
tan3 2.499992828369140625e+02 2.445323638916015625e+02 2.196109161376953125e+02 2.178842163085937500e+02 2.144328460693359375e+02 1.920393218994140625e+02 1.711457824707031250e+02 1.543341522216796875e+02 1.639860382080078125e+02 1.540746307373046875e+02
ren2 1.648539123535156250e+02 1.749774780273437500e+02 1.639214019775390625e+02 1.731543426513671875e+02 1.860131530761718750e+02 1.875556030273437500e+02 1.902228088378906250e+02 1.993511657714843750e+02 2.159997711181640625e+02 2.056929931640625000e+02
he2 2.155662231445312500e+02 2.197796173095703125e+02 2.066804199218750000e+02 2.165086669921875000e+02 2.371520385742187500e+02 2.374054260253906250e+02 2.285269622802734375e+02 2.252554168701171875e+02 2.332553863525390625e+02 2.243116760253906250e+02
duo1 2.262477569580078125e+02 2.475691986083984375e+02 2.491961364746093750e+02 2.725743713378906250e+02 3.010439453125000000e+02 2.994197082519531250e+02 2.995297546386718750e+02 2.982545776367187500e+02 3.013475952148437500e+02 2.765477600097656250e+02
ming2 2.568359069824218750e+02 2.510028533935546875e+02 2.213422546386718750e+02 2.171861724853515625e+02 2.252155151367187500e+02 2.172846221923828125e+02 2.139284057617187500e+02 2.168460388183593750e+02 2.384537200927734375e+02 2.312337646484375000e+02
yi3 2.286905517578125000e+02 2.286923370361328125e+02 2.051592559814453125e+02 1.988401641845703125e+02 2.039620056152343750e+02 1.928340911865234375e+02 1.770597991943359375e+02 1.636706695556640625e+02 1.785905609130859375e+02 1.638372650146484375e+02
se4 1.709732208251953125e+02 1.975624694824218750e+02 2.025411682128906250e+02 2.282547607421875000e+02 2.586938476562500000e+02 2.583267822265625000e+02 2.537065582275390625e+02 2.462211456298828125e+02 2.434756774902343750e+02 2.188182220458984375e+02
lie4 2.060883636474609375e+02 2.232517242431640625e+02 2.202454071044921875e+02 2.367996978759765625e+02 2.571321105957031250e+02 2.484724884033203125e+02 2.420634307861328125e+02 2.252584075927734375e+02 2.280203552246093750e+02 2.054177093505859375e+02
ren2 1.984804687500000000e+02 1.979460601806640625e+02 1.792983245849609375e+02 1.804439697265625000e+02 1.914686889648437500e+02 1.850047607421875000e+02 1.903069152832031250e+02 1.963287963867187500e+02 2.107182464599609375e+02 2.050814514160156250e+02
si3 2.291536407470703125e+02 2.346596221923828125e+02 2.185105285644531250e+02 2.191923828125000000e+02 2.284107208251953125e+02 2.157788848876953125e+02 1.910657348632812500e+02 1.782625732421875000e+02 1.853452758789062500e+02 1.680807647705078125e+02
yu2 1.818592834472656250e+02 1.867214660644531250e+02 1.728829040527343750e+02 1.823814392089843750e+02 1.990830688476562500e+02 2.032864837646484375e+02 2.074708862304687500e+02 2.125030212402343750e+02 2.248878936767578125e+02 2.115605163574218750e+02
liu2 2.046283721923828125e+02 2.095397796630859375e+02 1.929896545410156250e+02 1.922790679931640625e+02 1.980609893798828125e+02 1.895356140136718750e+02 1.858828735351562500e+02 1.944938507080078125e+02 2.111473083496093750e+02 2.019359893798828125e+02
xue4 2.055526428222656250e+02 2.210923309326171875e+02 2.158477935791015625e+02 2.354619445800781250e+02 2.475440216064453125e+02 2.368884429931640625e+02 2.094405822753906250e+02 1.868346405029296875e+02 1.791633453369140625e+02 1.615309600830078125e+02
chong1 2.461585235595703125e+02 2.565011596679687500e+02 2.385422515869140625e+02 2.527695770263671875e+02 2.720510253906250000e+02 2.592885742187500000e+02 2.492703247070312500e+02 2.390400085449218750e+02 2.404304962158203125e+02 2.259146118164062500e+02
tu1 2.146708984375000000e+02 2.307258148193359375e+02 2.016371917724609375e+02 2.154089355468750000e+02 2.386472320556640625e+02 2.219838104248046875e+02 2.135828704833984375e+02 2.054168395996093750e+02 2.043954467773437500e+02 1.975128784179687500e+02
