yi4 2.964689941406250000e+02 2.991334228515625000e+02 2.849334411621093750e+02 2.895523986816406250e+02 2.981624145507812500e+02 2.911770324707031250e+02 2.708834838867187500e+02 2.644283752441406250e+02 2.649667968750000000e+02 2.454325103759765625e+02
chang3 2.650814819335937500e+02 2.624522705078125000e+02 2.362535858154296875e+02 2.307158966064453125e+02 2.308639678955078125e+02 2.080208892822265625e+02 1.789721374511718750e+02 1.770696258544921875e+02 1.857472076416015625e+02 1.797362976074218750e+02
tu1 1.828691711425781250e+02 2.093371887207031250e+02 2.162228088378906250e+02 2.418697357177734375e+02 2.837543334960937500e+02 2.829193725585937500e+02 2.809297485351562500e+02 2.805186462402343750e+02 2.842060852050781250e+02 2.646769104003906250e+02
jiang4 2.619138183593750000e+02 2.778600158691406250e+02 2.770636901855468750e+02 2.812635803222656250e+02 2.845804443359375000e+02 2.721922912597656250e+02 2.487807922363281250e+02 2.358267211914062500e+02 2.371464080810546875e+02 2.199186706542968750e+02
de5 2.139582214355468750e+02 2.259229125976562500e+02 2.172740173339843750e+02 2.256129302978515625e+02 2.360157318115234375e+02 2.300643005371093750e+02 2.197409362792968750e+02 2.150041503906250000e+02 2.243848724365234375e+02 2.131824493408203125e+02
da4 2.086132049560546875e+02 2.335837860107421875e+02 2.430655212402343750e+02 2.561327819824218750e+02 2.677964172363281250e+02 2.572617492675781250e+02 2.398753814697265625e+02 2.287333068847656250e+02 2.323800811767578125e+02 2.138240051269531250e+02
xue3 2.221135406494140625e+02 2.218631896972656250e+02 2.095000152587890625e+02 2.151103820800781250e+02 2.300932617187500000e+02 2.139627990722656250e+02 1.935967407226562500e+02 1.782059783935546875e+02 1.819730072021484375e+02 1.677631835937500000e+02
shi2 1.802498779296875000e+02 1.926522216796875000e+02 1.796936035156250000e+02 1.988875579833984375e+02 2.217759094238281250e+02 2.230473480224609375e+02 2.197348632812500000e+02 2.251310729980468750e+02 2.332678833007812500e+02 2.240399780273437500e+02
bei3 2.263837738037109375e+02 2.301614227294921875e+02 2.153413543701171875e+02 2.071038513183593750e+02 2.082747344970703125e+02 1.866572265625000000e+02 1.622786254882812500e+02 1.505268096923828125e+02 1.619091644287109375e+02 1.510586395263671875e+02
jing1 1.598936614990234375e+02 1.950691986083984375e+02 2.055321960449218750e+02 2.320721588134765625e+02 2.683164367675781250e+02 2.660274047851562500e+02 2.590596618652343750e+02 2.570401000976562500e+02 2.588151550292968750e+02 2.434971923828125000e+02
jing1 2.410080871582031250e+02 2.577899169921875000e+02 2.594616394042968750e+02 2.765752868652343750e+02 3.014604187011718750e+02 2.962970581054687500e+02 2.871217956542968750e+02 2.861043701171875000e+02 2.867392578125000000e+02 2.685011596679687500e+02
shou4 2.565029907226562500e+02 2.638577270507812500e+02 2.588932495117187500e+02 2.719820861816406250e+02 2.834037170410156250e+02 2.702163696289062500e+02 2.458715362548828125e+02 2.222731170654296875e+02 2.178729705810546875e+02 1.981095886230468750e+02
le5 1.913095703125000000e+02 1.964384918212890625e+02 1.837345581054687500e+02 1.958818054199218750e+02 2.137180023193359375e+02 2.042581634521484375e+02 2.022669830322265625e+02 1.918063507080078125e+02 1.972322998046875000e+02 1.837323303222656250e+02
yi2 1.848778839111328125e+02 1.895956268310546875e+02 1.763298187255859375e+02 1.865364990234375000e+02 1.996804351806640625e+02 1.994355621337890625e+02 1.991979675292968750e+02 2.002844696044921875e+02 2.156950836181640625e+02 2.109740600585937500e+02
ci4 1.991373443603515625e+02 2.132451019287109375e+02 2.134284057617187500e+02 2.381700439453125000e+02 2.651348876953125000e+02 2.676221313476562500e+02 2.543433685302734375e+02 2.371589660644531250e+02 2.315620269775390625e+02 2.082834777832031250e+02
kao3 2.123751678466796875e+02 2.095292358398437500e+02 1.848661346435546875e+02 1.869399108886718750e+02 1.957232055664062500e+02 1.767606964111328125e+02 1.517836608886718750e+02 1.368317565917968750e+02 1.399518280029296875e+02 1.420725097656250000e+02
yan4 1.611702117919921875e+02 1.807672576904296875e+02 1.787169494628906250e+02 1.849413909912109375e+02 1.866302490234375000e+02 1.716667327880859375e+02 1.545009918212890625e+02 1.429955444335937500e+02 1.425300903320312500e+02 1.471697998046875000e+02
