tui2 2.484443664550781250e+02 2.543813171386718750e+02 2.446794128417968750e+02 2.485633392333984375e+02 2.558358001708984375e+02 2.433133392333984375e+02 2.398351745605468750e+02 2.465861511230468750e+02 2.693567504882812500e+02 2.665377807617187500e+02
li4 2.439940643310546875e+02 2.634328308105468750e+02 2.686285705566406250e+02 2.774222412109375000e+02 2.973111267089843750e+02 2.881930847167968750e+02 2.741963806152343750e+02 2.653692932128906250e+02 2.702586669921875000e+02 2.486116943359375000e+02
na4 2.486220855712890625e+02 2.633656311035156250e+02 2.648563232421875000e+02 2.750249938964843750e+02 2.844436035156250000e+02 2.663094787597656250e+02 2.490638885498046875e+02 2.313306427001953125e+02 2.332817993164062500e+02 2.160287780761718750e+02
de5 2.073746337890625000e+02 2.199581909179687500e+02 2.144758453369140625e+02 2.228555908203125000e+02 2.361658477783203125e+02 2.264005737304687500e+02 2.168172454833984375e+02 2.116685638427734375e+02 2.202887115478515625e+02 2.028284454345703125e+02
tong2 2.097671661376953125e+02 2.185680084228515625e+02 2.101721649169921875e+02 2.200559539794921875e+02 2.330529479980468750e+02 2.259477081298828125e+02 2.114462280273437500e+02 2.132221832275390625e+02 2.301703186035156250e+02 2.296638641357421875e+02
fu4 2.221437835693359375e+02 2.417490081787109375e+02 2.455979309082031250e+02 2.631912841796875000e+02 2.860539550781250000e+02 2.786992797851562500e+02 2.671184997558593750e+02 2.570635681152343750e+02 2.559055938720703125e+02 2.310617218017578125e+02
yi4 2.267377777099609375e+02 2.332531433105468750e+02 2.285836334228515625e+02 2.468381195068359375e+02 2.707317810058593750e+02 2.654728088378906250e+02 2.566330871582031250e+02 2.428998107910156250e+02 2.442457122802734375e+02 2.217160797119140625e+02
mu3 2.237457122802734375e+02 2.219945678710937500e+02 2.031311950683593750e+02 1.995522918701171875e+02 2.044132385253906250e+02 1.875359497070312500e+02 1.714673004150390625e+02 1.585210723876953125e+02 1.708522033691406250e+02 1.606336212158203125e+02
mei4 1.629148101806640625e+02 1.907788391113281250e+02 2.042787322998046875e+02 2.255006866455078125e+02 2.488428497314453125e+02 2.453659515380859375e+02 2.337587280273437500e+02 2.246376953125000000e+02 2.235886993408203125e+02 2.049579010009765625e+02
mei5 2.031146545410156250e+02 2.127334442138671875e+02 2.000035095214843750e+02 2.015948944091796875e+02 2.112979278564453125e+02 1.924009857177734375e+02 1.824432067871093750e+02 1.735673217773437500e+02 1.849490203857421875e+02 1.765586242675781250e+02
chen2 2.131891174316406250e+02 2.226583557128906250e+02 2.095305175781250000e+02 2.146797790527343750e+02 2.326325531005859375e+02 2.237201995849609375e+02 2.154002075195312500e+02 2.148504791259765625e+02 2.328173675537109375e+02 2.204361267089843750e+02
li4 2.125069427490234375e+02 2.353033294677734375e+02 2.295521087646484375e+02 2.412018585205078125e+02 2.491023559570312500e+02 2.374028625488281250e+02 2.189236145019531250e+02 2.058269958496093750e+02 2.102833099365234375e+02 1.913283843994140625e+02
juan1 2.148448181152343750e+02 2.433650207519531250e+02 2.435043029785156250e+02 2.642421569824218750e+02 2.722140808105468750e+02 2.603658142089843750e+02 2.476948089599609375e+02 2.384946746826171875e+02 2.402178955078125000e+02 2.310884857177734375e+02
yao1 2.573926696777343750e+02 2.707522888183593750e+02 2.616733093261718750e+02 2.750010681152343750e+02 2.907171020507812500e+02 2.791539001464843750e+02 2.655161132812500000e+02 2.734605407714843750e+02 2.600365295410156250e+02 2.479482574462890625e+02
qiu2 2.463719024658203125e+02 2.398583679199218750e+02 2.178876647949218750e+02 2.189190063476562500e+02 2.244984436035156250e+02 2.083779449462890625e+02 1.903056335449218750e+02 1.858763122558593750e+02 1.991860504150390625e+02 1.950810852050781250e+02
can1 2.015275115966796875e+02 2.227289123535156250e+02 2.268892517089843750e+02 2.511133422851562500e+02 2.806511840820312500e+02 2.778144531250000000e+02 2.659337463378906250e+02 2.580601196289062500e+02 2.576739807128906250e+02 2.451879425048828125e+02
jia1 2.363665161132812500e+02 2.497015075683593750e+02 2.483534240722656250e+02 2.646128845214843750e+02 2.811308288574218750e+02 2.736241760253906250e+02 2.583676147460937500e+02 2.510657196044921875e+02 2.479098968505859375e+02 2.359009246826171875e+02
su4 2.278962097167968750e+02 2.381822967529296875e+02 2.249085388183593750e+02 2.388546905517578125e+02 2.494669342041015625e+02 2.343050842285156250e+02 2.091583862304687500e+02 1.812718200683593750e+02 1.779279022216796875e+02 1.660753479003906250e+02
song4 1.600327148437500000e+02 1.888561248779296875e+02 1.886860961914062500e+02 1.998278961181640625e+02 2.147610015869140625e+02 1.855085906982421875e+02 1.649126739501953125e+02 1.438117218017578125e+02 1.433648529052734375e+02 1.459199371337890625e+02
