bing4 3.120354003906250000e+02 3.154847717285156250e+02 3.015939331054687500e+02 3.062800903320312500e+02 3.164252929687500000e+02 3.030289306640625000e+02 2.951697387695312500e+02 2.833515930175781250e+02 2.897812194824218750e+02 2.597021179199218750e+02
gei3 2.662136535644531250e+02 2.646385498046875000e+02 2.417327423095703125e+02 2.292315063476562500e+02 2.291415557861328125e+02 2.048731842041015625e+02 1.828675537109375000e+02 1.759593963623046875e+02 1.879200592041015625e+02 1.792811584472656250e+02
chu1 1.847103118896484375e+02 2.080933532714843750e+02 2.153310699462890625e+02 2.417255401611328125e+02 2.828741149902343750e+02 2.809999389648437500e+02 2.812949523925781250e+02 2.781909179687500000e+02 2.839262695312500000e+02 2.597114868164062500e+02
ban3 2.401238861083984375e+02 2.427336730957031250e+02 2.261838684082031250e+02 2.169155273437500000e+02 2.174823150634765625e+02 1.973900451660156250e+02 1.769179992675781250e+02 1.718996734619140625e+02 1.809540710449218750e+02 1.734984283447265625e+02
wu4 1.586873168945312500e+02 1.778650207519531250e+02 1.852481536865234375e+02 2.142441558837890625e+02 2.432940521240234375e+02 2.431741180419921875e+02 2.374699401855468750e+02 2.305657348632812500e+02 2.323685302734375000e+02 2.110951538085937500e+02
de5 2.043577423095703125e+02 2.161533508300781250e+02 2.072654876708984375e+02 2.116726989746093750e+02 2.229156646728515625e+02 2.102491760253906250e+02 2.008573608398437500e+02 1.928187408447265625e+02 2.031334533691406250e+02 1.890247955322265625e+02
cha1 1.937495117187500000e+02 2.180905456542968750e+02 2.274105529785156250e+02 2.538211975097656250e+02 2.910938110351562500e+02 2.861135253906250000e+02 2.809856872558593750e+02 2.734234924316406250e+02 2.790417785644531250e+02 2.606988220214843750e+02
cuo4 2.502460632324218750e+02 2.546393280029296875e+02 2.443070373535156250e+02 2.621469116210937500e+02 2.815795593261718750e+02 2.733427429199218750e+02 2.559931030273437500e+02 2.356869659423828125e+02 2.327738647460937500e+02 2.161411743164062500e+02
ren4 2.050309448242187500e+02 2.188056945800781250e+02 2.218200988769531250e+02 2.393469238281250000e+02 2.571035766601562500e+02 2.488329162597656250e+02 2.333469238281250000e+02 2.177980651855468750e+02 2.213305816650390625e+02 2.057264709472656250e+02
ding4 2.025017395019531250e+02 2.263603973388671875e+02 2.326366577148437500e+02 2.427268371582031250e+02 2.519448242187500000e+02 2.346822052001953125e+02 2.127748107910156250e+02 1.994533538818359375e+02 2.059265747070312500e+02 1.922255859375000000e+02
gong1 2.086509246826171875e+02 2.337770843505859375e+02 2.427467651367187500e+02 2.621940002441406250e+02 2.869835205078125000e+02 2.789256591796875000e+02 2.711606445312500000e+02 2.707784729003906250e+02 2.727165527343750000e+02 2.564161071777343750e+02
zuo4 2.494136505126953125e+02 2.591038513183593750e+02 2.515832824707031250e+02 2.580045776367187500e+02 2.641000671386718750e+02 2.493621520996093750e+02 2.272607879638671875e+02 2.116644134521484375e+02 2.081086273193359375e+02 1.948259887695312500e+02
dai4 1.892809600830078125e+02 2.111223907470703125e+02 2.198383178710937500e+02 2.322465362548828125e+02 2.429692077636718750e+02 2.286019592285156250e+02 2.103961029052734375e+02 1.957265625000000000e+02 1.986869354248046875e+02 1.812678985595703125e+02
lai2 1.863779144287109375e+02 1.867861328125000000e+02 1.709393768310546875e+02 1.756024627685546875e+02 1.889821777343750000e+02 1.791139221191406250e+02 1.777732543945312500e+02 1.840193481445312500e+02 1.996332244873046875e+02 1.982221374511718750e+02
zhu1 2.025589141845703125e+02 2.228075714111328125e+02 2.297609710693359375e+02 2.527544403076171875e+02 2.770339355468750000e+02 2.739764404296875000e+02 2.718825683593750000e+02 2.706062011718750000e+02 2.688233337402343750e+02 2.489560699462890625e+02
duo1 2.394577331542968750e+02 2.494592742919921875e+02 2.438471374511718750e+02 2.607232360839843750e+02 2.709559936523437500e+02 2.652170715332031250e+02 2.633429870605468750e+02 2.617012939453125000e+02 2.570558471679687500e+02 2.395673065185546875e+02
ma2 2.233126678466796875e+02 2.141667022705078125e+02 1.831369781494140625e+02 1.758189849853515625e+02 1.743664703369140625e+02 1.638096008300781250e+02 1.553965148925781250e+02 1.534818572998046875e+02 1.705876159667968750e+02 1.751259307861328125e+02
fan5 1.577651519775390625e+02 1.820677795410156250e+02 1.660805511474609375e+02 1.733033142089843750e+02 1.780803070068359375e+02 1.510462493896484375e+02 1.353084259033203125e+02 1.252516021728515625e+02 1.348816986083984375e+02 1.424316253662109375e+02
