ta1 3.123382568359375000e+02 3.200397338867187500e+02 3.022088012695312500e+02 3.059737854003906250e+02 3.230774230957031250e+02 3.175090332031250000e+02 3.138447265625000000e+02 3.077415771484375000e+02 3.074900207519531250e+02 2.867884521484375000e+02
rang4 2.738786621093750000e+02 2.836967163085937500e+02 2.714835510253906250e+02 2.765154113769531250e+02 2.780701904296875000e+02 2.639934692382812500e+02 2.445638427734375000e+02 2.319210815429687500e+02 2.319763946533203125e+02 2.181142120361328125e+02
er2 2.137978210449218750e+02 2.161816406250000000e+02 1.982914276123046875e+02 2.052882232666015625e+02 2.184847869873046875e+02 2.161596374511718750e+02 2.132904357910156250e+02 2.155877532958984375e+02 2.302486114501953125e+02 2.176627960205078125e+02
zi5 2.035791320800781250e+02 2.202563323974609375e+02 2.167550811767578125e+02 2.312043914794921875e+02 2.413056030273437500e+02 2.361841125488281250e+02 2.246368408203125000e+02 2.170704345703125000e+02 2.296055450439453125e+02 2.116013793945312500e+02
na2 2.086546478271484375e+02 2.140891113281250000e+02 1.975369262695312500e+02 1.988976135253906250e+02 2.078508300781250000e+02 1.998533477783203125e+02 1.946174926757812500e+02 2.002256011962890625e+02 2.184352569580078125e+02 2.151883544921875000e+02
chu1 2.094405822753906250e+02 2.284075927734375000e+02 2.315711212158203125e+02 2.588371276855468750e+02 2.961695556640625000e+02 2.988638000488281250e+02 2.983934631347656250e+02 2.941956481933593750e+02 2.971893920898437500e+02 2.711984558105468750e+02
man2 2.499185333251953125e+02 2.463041381835937500e+02 2.107356109619140625e+02 2.086433715820312500e+02 2.140051879882812500e+02 2.055121154785156250e+02 2.078763275146484375e+02 2.097075042724609375e+02 2.322795257568359375e+02 2.272696838378906250e+02
man3 2.307092285156250000e+02 2.368602294921875000e+02 2.197970428466796875e+02 2.110698699951171875e+02 2.091651153564453125e+02 1.867498016357421875e+02 1.670715179443359375e+02 1.544571380615234375e+02 1.678439483642578125e+02 1.591365966796875000e+02
yi2 1.656059417724609375e+02 1.744720916748046875e+02 1.618827667236328125e+02 1.800875091552734375e+02 1.987985534667968750e+02 2.060001678466796875e+02 2.015891418457031250e+02 2.134042968750000000e+02 2.248926544189453125e+02 2.195788879394531250e+02
da4 2.072617187500000000e+02 2.371989593505859375e+02 2.416827087402343750e+02 2.534022064208984375e+02 2.605831298828125000e+02 2.485673828125000000e+02 2.243224029541015625e+02 2.093453216552734375e+02 2.141496276855468750e+02 1.975850982666015625e+02
ti2 2.074823913574218750e+02 2.106182403564453125e+02 1.943819274902343750e+02 2.078580017089843750e+02 2.265820312500000000e+02 2.254250030517578125e+02 2.117789916992187500e+02 2.119707489013671875e+02 2.204042510986328125e+02 2.173688049316406250e+02
bao1 2.087039031982421875e+02 2.348023681640625000e+02 2.429381256103515625e+02 2.677544860839843750e+02 2.934612121582031250e+02 2.903075561523437500e+02 2.819336547851562500e+02 2.828427734375000000e+02 2.807225036621093750e+02 2.612704467773437500e+02
jiang3 2.413060913085937500e+02 2.400688018798828125e+02 2.171512451171875000e+02 2.102820434570312500e+02 2.046926879882812500e+02 1.830946655273437500e+02 1.568573913574218750e+02 1.437308349609375000e+02 1.561850280761718750e+02 1.535846710205078125e+02
zhuang4 1.553418884277343750e+02 1.920580444335937500e+02 2.107953643798828125e+02 2.311692199707031250e+02 2.476121063232421875e+02 2.367748413085937500e+02 2.131938018798828125e+02 2.006785125732421875e+02 1.986673278808593750e+02 1.836661987304687500e+02
he2 1.995638122558593750e+02 1.925093536376953125e+02 1.703937530517578125e+02 1.861998901367187500e+02 2.065610351562500000e+02 2.060721588134765625e+02 1.962245788574218750e+02 1.923603820800781250e+02 1.973545379638671875e+02 1.949763183593750000e+02
zheng4 1.867433319091796875e+02 2.186445312500000000e+02 2.242432250976562500e+02 2.377694549560546875e+02 2.422071380615234375e+02 2.273121337890625000e+02 1.974839324951171875e+02 1.767076721191406250e+02 1.783850860595703125e+02 1.666243286132812500e+02
shu1 1.790926818847656250e+02 1.971582641601562500e+02 1.878430938720703125e+02 2.089011840820312500e+02 2.301470184326171875e+02 2.170599060058593750e+02 2.114927673339843750e+02 2.038071289062500000e+02 2.037952270507812500e+02 1.977510833740234375e+02
