er2 2.152063598632812500e+02 2.135168457031250000e+02 2.062877349853515625e+02 2.142571868896484375e+02 2.318239746093750000e+02 2.243285980224609375e+02 2.330397644042968750e+02 2.429286956787109375e+02 2.500545196533203125e+02 2.349193115234375000e+02
qia4 2.741915893554687500e+02 2.858072204589843750e+02 2.852014770507812500e+02 3.025031738281250000e+02 3.133584289550781250e+02 2.957222900390625000e+02 2.745772094726562500e+02 2.662394104003906250e+02 2.626748046875000000e+02 2.372444610595703125e+02
qia4 2.431361389160156250e+02 2.564119262695312500e+02 2.559247589111328125e+02 2.785076293945312500e+02 2.951983947753906250e+02 2.812765197753906250e+02 2.619649353027343750e+02 2.493475799560546875e+02 2.433470306396484375e+02 2.244647674560546875e+02
na4 2.309122467041015625e+02 2.496390380859375000e+02 2.496828613281250000e+02 2.586243896484375000e+02 2.699600524902343750e+02 2.513338470458984375e+02 2.264348449707031250e+02 2.142777862548828125e+02 2.128011016845703125e+02 2.014035644531250000e+02
feng1 2.099761047363281250e+02 2.304064941406250000e+02 2.383228607177734375e+02 2.660666809082031250e+02 2.983224182128906250e+02 2.965386047363281250e+02 2.901943359375000000e+02 2.864117126464843750e+02 2.876511535644531250e+02 2.638279418945312500e+02
lei2 2.434792633056640625e+02 2.344772338867187500e+02 2.020802154541015625e+02 1.980055541992187500e+02 2.056653442382812500e+02 1.996717376708984375e+02 1.942978515625000000e+02 1.985579833984375000e+02 2.168869171142578125e+02 2.079661102294921875e+02
ji1 2.074807281494140625e+02 2.311228179931640625e+02 2.329851989746093750e+02 2.572073364257812500e+02 2.900885009765625000e+02 2.907968444824218750e+02 2.857193603515625000e+02 2.870964965820312500e+02 2.890887451171875000e+02 2.651271667480468750e+02
dang4 2.539986724853515625e+02 2.692732238769531250e+02 2.620586547851562500e+02 2.568791809082031250e+02 2.554503936767578125e+02 2.289397888183593750e+02 2.067058258056640625e+02 1.904274139404296875e+02 1.950438232421875000e+02 1.812457122802734375e+02
de5 1.785902709960937500e+02 1.899140930175781250e+02 1.835414581298828125e+02 1.958317108154296875e+02 2.097928161621093750e+02 1.995155181884765625e+02 1.952901306152343750e+02 1.906234893798828125e+02 1.956329803466796875e+02 1.824206085205078125e+02
nian2 1.824653167724609375e+02 1.845986633300781250e+02 1.710750274658203125e+02 1.742634582519531250e+02 1.801710052490234375e+02 1.708429870605468750e+02 1.660023956298828125e+02 1.706354370117187500e+02 1.888165588378906250e+02 1.912275390625000000e+02
dai4 1.720162658691406250e+02 2.041984405517578125e+02 2.031233367919921875e+02 2.039356079101562500e+02 1.984494018554687500e+02 1.738521728515625000e+02 1.437675018310546875e+02 1.316171875000000000e+02 1.400623321533203125e+02 1.340677642822265625e+02
