ke4 3.178915100097656250e+02 3.171704101562500000e+02 3.039172668457031250e+02 3.075841369628906250e+02 3.252787475585937500e+02 3.169922180175781250e+02 3.079727478027343750e+02 2.987265319824218750e+02 3.011506652832031250e+02 2.764217529296875000e+02
hu4 2.622904052734375000e+02 2.632239379882812500e+02 2.566000671386718750e+02 2.750705261230468750e+02 3.036159362792968750e+02 2.956482849121093750e+02 2.795181579589843750e+02 2.659440612792968750e+02 2.646431884765625000e+02 2.377944488525390625e+02
zhi3 2.419867401123046875e+02 2.430806427001953125e+02 2.272892456054687500e+02 2.207631530761718750e+02 2.248292236328125000e+02 2.046430969238281250e+02 1.833439941406250000e+02 1.746324462890625000e+02 1.816633453369140625e+02 1.715002136230468750e+02
xu1 1.777527618408203125e+02 2.017660064697265625e+02 2.058292388916015625e+02 2.342176055908203125e+02 2.777597656250000000e+02 2.798606262207031250e+02 2.785734558105468750e+02 2.813372192382812500e+02 2.830398254394531250e+02 2.615090942382812500e+02
yao4 2.542389221191406250e+02 2.630936889648437500e+02 2.566179504394531250e+02 2.604481201171875000e+02 2.720157470703125000e+02 2.588991699218750000e+02 2.400643463134765625e+02 2.246028594970703125e+02 2.281755676269531250e+02 2.139695587158203125e+02
shi3 2.217449340820312500e+02 2.218839721679687500e+02 2.098534393310546875e+02 2.120478210449218750e+02 2.263601379394531250e+02 2.115064849853515625e+02 1.896210632324218750e+02 1.751423645019531250e+02 1.809805297851562500e+02 1.692975921630859375e+02
yong4 1.598894042968750000e+02 1.888205413818359375e+02 2.042596130371093750e+02 2.271423645019531250e+02 2.518337402343750000e+02 2.459492797851562500e+02 2.323342895507812500e+02 2.253290557861328125e+02 2.253934936523437500e+02 2.123261260986328125e+02
xian4 2.129232330322265625e+02 2.302187500000000000e+02 2.310574035644531250e+02 2.561527709960937500e+02 2.769735717773437500e+02 2.661502685546875000e+02 2.466711273193359375e+02 2.254401245117187500e+02 2.226884155273437500e+02 2.021602172851562500e+02
cheng2 2.101088867187500000e+02 2.141078491210937500e+02 2.001584320068359375e+02 2.136400299072265625e+02 2.297927703857421875e+02 2.213204650878906250e+02 2.094302520751953125e+02 2.055581665039062500e+02 2.227423553466796875e+02 2.185942993164062500e+02
de5 2.035928497314453125e+02 2.204696197509765625e+02 2.129920043945312500e+02 2.148404693603515625e+02 2.235145263671875000e+02 2.105605773925781250e+02 1.982982635498046875e+02 1.917015075683593750e+02 2.006496276855468750e+02 1.873880004882812500e+02
bao1 1.970240020751953125e+02 2.228391113281250000e+02 2.336647186279296875e+02 2.581593933105468750e+02 2.808403625488281250e+02 2.775115356445312500e+02 2.668307800292968750e+02 2.597547302246093750e+02 2.614589843750000000e+02 2.485735473632812500e+02
zhuang1 2.455545806884765625e+02 2.688764953613281250e+02 2.600644836425781250e+02 2.757444458007812500e+02 2.751615905761718750e+02 2.591537780761718750e+02 2.392610931396484375e+02 2.303136444091796875e+02 2.308592376708984375e+02 2.272949218750000000e+02
he2 2.387474517822265625e+02 2.339669189453125000e+02 2.159406890869140625e+02 2.255215759277343750e+02 2.484443359375000000e+02 2.506328582763671875e+02 2.399347229003906250e+02 2.360096893310546875e+02 2.474448852539062500e+02 2.380888824462890625e+02
zhun3 2.456118927001953125e+02 2.515808105468750000e+02 2.362622070312500000e+02 2.246943206787109375e+02 2.202011718750000000e+02 1.987373657226562500e+02 1.761212005615234375e+02 1.689429321289062500e+02 1.773335418701171875e+02 1.725676727294921875e+02
bei4 1.678150482177734375e+02 1.956451416015625000e+02 2.075501708984375000e+02 2.331766052246093750e+02 2.539802398681640625e+02 2.505659942626953125e+02 2.423782501220703125e+02 2.357980804443359375e+02 2.364065399169921875e+02 2.168451080322265625e+02
jian3 2.228268280029296875e+02 2.270405426025390625e+02 2.171985473632812500e+02 2.131105957031250000e+02 2.164691925048828125e+02 1.919904937744140625e+02 1.654860076904296875e+02 1.544002990722656250e+02 1.634179992675781250e+02 1.563313140869140625e+02
dan1 1.625209503173828125e+02 1.962422027587890625e+02 2.126211700439453125e+02 2.395843811035156250e+02 2.668205261230468750e+02 2.621952819824218750e+02 2.568092956542968750e+02 2.576826477050781250e+02 2.571124877929687500e+02 2.409728851318359375e+02
de5 2.298888092041015625e+02 2.344213104248046875e+02 2.202800598144531250e+02 2.196706695556640625e+02 2.277375793457031250e+02 2.118752136230468750e+02 1.993311767578125000e+02 1.930688018798828125e+02 1.971742553710937500e+02 1.876437225341796875e+02
chu1 1.926684570312500000e+02 2.108812408447265625e+02 2.120223388671875000e+02 2.428432922363281250e+02 2.818854980468750000e+02 2.866911315917968750e+02 2.822897949218750000e+02 2.829685668945312500e+02 2.822334899902343750e+02 2.571579284667968750e+02
kou3 2.446213684082031250e+02 2.352992095947265625e+02 2.113089599609375000e+02 2.101815032958984375e+02 2.174673004150390625e+02 1.995276489257812500e+02 1.724596099853515625e+02 1.516094055175781250e+02 1.583097076416015625e+02 1.475731353759765625e+02
wen2 1.541562347412109375e+02 1.619414520263671875e+02 1.485244750976562500e+02 1.589794006347656250e+02 1.702218017578125000e+02 1.704351959228515625e+02 1.681840209960937500e+02 1.756637268066406250e+02 1.898205261230468750e+02 1.897599182128906250e+02
jian4 1.659534454345703125e+02 1.993367462158203125e+02 2.002260894775390625e+02 2.072771301269531250e+02 2.157709655761718750e+02 1.920499725341796875e+02 1.649989929199218750e+02 1.433977661132812500e+02 1.472770080566406250e+02 1.432059326171875000e+02
