nong4 3.065811767578125000e+02 3.182994079589843750e+02 3.105428466796875000e+02 3.131799621582031250e+02 3.177073669433593750e+02 3.008984985351562500e+02 2.862835998535156250e+02 2.757684326171875000e+02 2.790709838867187500e+02 2.573919372558593750e+02
de5 2.537012023925781250e+02 2.669034729003906250e+02 2.551892547607421875e+02 2.570901489257812500e+02 2.679804687500000000e+02 2.566210327148437500e+02 2.482975616455078125e+02 2.376750030517578125e+02 2.478141479492187500e+02 2.291824951171875000e+02
bing4 2.187187957763671875e+02 2.413012084960937500e+02 2.532196960449218750e+02 2.706674804687500000e+02 2.851282348632812500e+02 2.730553588867187500e+02 2.606392211914062500e+02 2.453338775634765625e+02 2.473340301513671875e+02 2.247756652832031250e+02
ren2 2.201849060058593750e+02 2.173865966796875000e+02 1.976407318115234375e+02 1.988873138427734375e+02 2.106649932861328125e+02 2.091750030517578125e+02 2.095265045166015625e+02 2.127087249755859375e+02 2.328417205810546875e+02 2.213404541015625000e+02
ji2 2.175070190429687500e+02 2.279808044433593750e+02 2.152838439941406250e+02 2.202265167236328125e+02 2.283091583251953125e+02 2.261414947509765625e+02 2.203241424560546875e+02 2.216975555419921875e+02 2.362500305175781250e+02 2.217225952148437500e+02
qi2 2.256741027832031250e+02 2.316553955078125000e+02 2.151905212402343750e+02 2.230737457275390625e+02 2.349507598876953125e+02 2.329902801513671875e+02 2.198475189208984375e+02 2.171890716552734375e+02 2.293902740478515625e+02 2.197165527343750000e+02
jia1 2.172775726318359375e+02 2.425151062011718750e+02 2.481708374023437500e+02 2.751224670410156250e+02 3.007469482421875000e+02 2.985076904296875000e+02 2.902485046386718750e+02 2.894759521484375000e+02 2.874441223144531250e+02 2.624872741699218750e+02
ren2 2.489232025146484375e+02 2.326574707031250000e+02 1.969965667724609375e+02 1.875570983886718750e+02 1.893576354980468750e+02 1.811154174804687500e+02 1.824340362548828125e+02 1.880493774414062500e+02 2.034997711181640625e+02 1.992028045654296875e+02
zhang4 2.784469909667968750e+02 2.951068115234375000e+02 2.888580932617187500e+02 2.871744079589843750e+02 2.860545043945312500e+02 2.661935729980468750e+02 2.473430786132812500e+02 2.357037353515625000e+02 2.411614532470703125e+02 2.239400787353515625e+02
er4 2.240886383056640625e+02 2.313690643310546875e+02 2.229669647216796875e+02 2.385437164306640625e+02 2.558535003662109375e+02 2.491965789794921875e+02 2.318552703857421875e+02 2.203420257568359375e+02 2.205789337158203125e+02 2.021664733886718750e+02
he2 2.085070953369140625e+02 2.056308898925781250e+02 1.894444122314453125e+02 2.011071166992187500e+02 2.280522460937500000e+02 2.287818908691406250e+02 2.109698028564453125e+02 2.102433013916015625e+02 2.178994293212890625e+02 2.126934967041015625e+02
shang4 1.999876098632812500e+02 2.248598022460937500e+02 2.373345642089843750e+02 2.591427917480468750e+02 2.777429199218750000e+02 2.657253417968750000e+02 2.475599975585937500e+02 2.317844848632812500e+02 2.287563781738281250e+02 2.107454833984375000e+02
mo1 2.151137237548828125e+02 2.298910980224609375e+02 2.361313018798828125e+02 2.595139465332031250e+02 2.866273193359375000e+02 2.849200744628906250e+02 2.753370056152343750e+02 2.778068847656250000e+02 2.759182739257812500e+02 2.595139770507812500e+02
bu4 2.559423217773437500e+02 2.641764221191406250e+02 2.526572570800781250e+02 2.562861022949218750e+02 2.640038452148437500e+02 2.445599212646484375e+02 2.212168273925781250e+02 2.027844696044921875e+02 2.043114318847656250e+02 1.848025054931640625e+02
zhao2 1.921382598876953125e+02 2.059925842285156250e+02 1.948553009033203125e+02 1.980812225341796875e+02 2.044456176757812500e+02 1.893661651611328125e+02 1.847372589111328125e+02 1.871232452392578125e+02 2.066993713378906250e+02 2.057981109619140625e+02
tou2 2.036195831298828125e+02 2.113534088134765625e+02 1.957129058837890625e+02 2.022018127441406250e+02 2.124001007080078125e+02 2.073158721923828125e+02 1.957613677978515625e+02 1.990910644531250000e+02 2.175184783935546875e+02 2.158879394531250000e+02
nao3 1.994477691650390625e+02 2.049529418945312500e+02 1.709330749511718750e+02 1.533934478759765625e+02 1.419185180664062500e+02 1.183628387451171875e+02 1.014522094726562500e+02 9.401746368408203125e+01 1.167059860229492188e+02 1.176713256835937500e+02
