er2 2.298497161865234375e+02 2.351635437011718750e+02 2.258497924804687500e+02 2.343387603759765625e+02 2.522993469238281250e+02 2.479473266601562500e+02 2.541716461181640625e+02 2.584263610839843750e+02 2.741022949218750000e+02 2.618387756347656250e+02
shi4 2.510955047607421875e+02 2.686659240722656250e+02 2.715839538574218750e+02 2.873566894531250000e+02 3.114654235839843750e+02 3.047523803710937500e+02 2.925401000976562500e+02 2.844520568847656250e+02 2.852512512207031250e+02 2.564684448242187500e+02
kan4 2.492906951904296875e+02 2.591974182128906250e+02 2.618155517578125000e+02 2.805137939453125000e+02 3.046750793457031250e+02 2.970084533691406250e+02 2.805863647460937500e+02 2.638789367675781250e+02 2.617302856445312500e+02 2.359220123291015625e+02
ni3 2.361747436523437500e+02 2.334491882324218750e+02 2.156282043457031250e+02 2.079062500000000000e+02 2.133490600585937500e+02 2.001052856445312500e+02 1.869215240478515625e+02 1.771527099609375000e+02 1.844150695800781250e+02 1.730032501220703125e+02
de5 1.708546295166015625e+02 1.921397552490234375e+02 1.901462402343750000e+02 2.052019042968750000e+02 2.218649291992187500e+02 2.210725097656250000e+02 2.171938629150390625e+02 2.176342468261718750e+02 2.251164550781250000e+02 2.045490722656250000e+02
yan2 2.049281768798828125e+02 2.086527252197265625e+02 1.939318389892578125e+02 1.971054840087890625e+02 2.096186065673828125e+02 2.061315460205078125e+02 2.032873077392578125e+02 2.127111053466796875e+02 2.309486846923828125e+02 2.277038574218750000e+02
tan2 2.256238708496093750e+02 2.325648498535156250e+02 2.134688110351562500e+02 2.210505981445312500e+02 2.273587341308593750e+02 2.225947113037109375e+02 2.123686676025390625e+02 2.152597351074218750e+02 2.322508392333984375e+02 2.282871398925781250e+02
ju2 2.202720642089843750e+02 2.273427581787109375e+02 2.068105621337890625e+02 2.073014221191406250e+02 2.117314300537109375e+02 2.041718139648437500e+02 2.019185485839843750e+02 2.072512664794921875e+02 2.174129943847656250e+02 2.120639801025390625e+02
zhi3 2.263331756591796875e+02 2.389093627929687500e+02 2.222077026367187500e+02 2.150148620605468750e+02 2.172369842529296875e+02 2.017775268554687500e+02 1.845674743652343750e+02 1.804088592529296875e+02 1.894362335205078125e+02 1.768094329833984375e+02
xiang4 1.934542236328125000e+02 2.194608917236328125e+02 2.316151580810546875e+02 2.531711730957031250e+02 2.781286926269531250e+02 2.704794921875000000e+02 2.545091400146484375e+02 2.421071472167968750e+02 2.358349151611328125e+02 2.168819732666015625e+02
bu2 2.163241882324218750e+02 2.198357086181640625e+02 2.028713989257812500e+02 2.072730560302734375e+02 2.208144073486328125e+02 2.170701293945312500e+02 2.127839965820312500e+02 2.152607727050781250e+02 2.325824279785156250e+02 2.231057739257812500e+02
xiang4 2.146910247802734375e+02 2.384045410156250000e+02 2.496397705078125000e+02 2.703181762695312500e+02 2.861239929199218750e+02 2.754324340820312500e+02 2.566427612304687500e+02 2.384662933349609375e+02 2.350270996093750000e+02 2.151510925292968750e+02
zi4 2.146140899658203125e+02 2.290833282470703125e+02 2.312631225585937500e+02 2.494282836914062500e+02 2.651367492675781250e+02 2.603561401367187500e+02 2.492031707763671875e+02 2.350529479980468750e+02 2.354196777343750000e+02 2.093223114013671875e+02
ji3 2.070510559082031250e+02 2.078515472412109375e+02 1.902096862792968750e+02 1.874640502929687500e+02 1.989254760742187500e+02 1.796610260009765625e+02 1.597640686035156250e+02 1.500062103271484375e+02 1.580513610839843750e+02 1.467849884033203125e+02
ren2 1.353802947998046875e+02 1.438602142333984375e+02 1.229065933227539062e+02 1.278183593750000000e+02 1.381742858886718750e+02 1.299621887207031250e+02 1.304071960449218750e+02 1.438328857421875000e+02 1.603399963378906250e+02 1.664930877685546875e+02
