gu4 3.295972900390625000e+02 3.327233581542968750e+02 3.154905090332031250e+02 3.161803283691406250e+02 3.236906433105468750e+02 3.096423339843750000e+02 2.989362487792968750e+02 2.889276733398437500e+02 2.914203796386718750e+02 2.742025146484375000e+02
ke4 2.655088500976562500e+02 2.701251525878906250e+02 2.613583679199218750e+02 2.790683898925781250e+02 3.036453247070312500e+02 2.951970214843750000e+02 2.823889770507812500e+02 2.662496337890625000e+02 2.638717346191406250e+02 2.403406372070312500e+02
men5 2.297928161621093750e+02 2.360486907958984375e+02 2.273576660156250000e+02 2.303784637451171875e+02 2.449818420410156250e+02 2.290955352783203125e+02 2.167203216552734375e+02 2.095178985595703125e+02 2.225394439697265625e+02 2.100597076416015625e+02
quan2 2.191363525390625000e+02 2.279815979003906250e+02 2.160795593261718750e+02 2.214807281494140625e+02 2.322023620605468750e+02 2.181061096191406250e+02 2.012920684814453125e+02 1.988263702392578125e+02 2.167459106445312500e+02 2.186590576171875000e+02
dou1 2.142688903808593750e+02 2.436990509033203125e+02 2.536605377197265625e+02 2.734676513671875000e+02 2.969342651367187500e+02 2.909895629882812500e+02 2.794176025390625000e+02 2.804693298339843750e+02 2.824325256347656250e+02 2.669368896484375000e+02
qi1 2.666736755371093750e+02 2.731537170410156250e+02 2.669382324218750000e+02 2.863909301757812500e+02 3.156501770019531250e+02 3.128783569335937500e+02 3.105458679199218750e+02 3.049916992187500000e+02 3.039985351562500000e+02 2.767292480468750000e+02
zui3 2.460509796142578125e+02 2.440437011718750000e+02 2.213164062500000000e+02 2.105444946289062500e+02 2.087173767089843750e+02 1.867171783447265625e+02 1.651842041015625000e+02 1.524488525390625000e+02 1.634071197509765625e+02 1.534996948242187500e+02
ba1 1.618788604736328125e+02 1.932745361328125000e+02 2.070126037597656250e+02 2.358724365234375000e+02 2.662583007812500000e+02 2.646581115722656250e+02 2.588209228515625000e+02 2.573148803710937500e+02 2.598327636718750000e+02 2.419764709472656250e+02
she2 2.348045501708984375e+02 2.289814453125000000e+02 2.074418334960937500e+02 2.129832153320312500e+02 2.301301116943359375e+02 2.224445648193359375e+02 2.137580108642578125e+02 2.051450500488281250e+02 2.147916717529296875e+02 2.072850952148437500e+02
de5 1.928224792480468750e+02 2.104128265380859375e+02 2.049085998535156250e+02 2.132849426269531250e+02 2.254461212158203125e+02 2.167891082763671875e+02 2.074832153320312500e+02 2.020218963623046875e+02 2.070701751708984375e+02 1.962238006591796875e+02
wen4 1.887915191650390625e+02 2.071706695556640625e+02 2.142042694091796875e+02 2.351294250488281250e+02 2.545568695068359375e+02 2.509300994873046875e+02 2.344985961914062500e+02 2.172733001708984375e+02 2.181022644042968750e+02 2.040162963867187500e+02
shou4 2.082433929443359375e+02 2.214458312988281250e+02 2.263885498046875000e+02 2.448839263916015625e+02 2.647213745117187500e+02 2.580455322265625000e+02 2.380027923583984375e+02 2.154593658447265625e+02 2.123008422851562500e+02 1.984713897705078125e+02
huo4 1.959767456054687500e+02 1.988113250732421875e+02 1.949443817138671875e+02 2.219779663085937500e+02 2.499037628173828125e+02 2.489132385253906250e+02 2.374098968505859375e+02 2.129062194824218750e+02 2.066882324218750000e+02 1.855187530517578125e+02
yuan2 1.725933227539062500e+02 1.727066802978515625e+02 1.448977966308593750e+02 1.413784790039062500e+02 1.459214782714843750e+02 1.315310211181640625e+02 1.296738281250000000e+02 1.362557983398437500e+02 1.535253753662109375e+02 1.652607879638671875e+02
