ba3 2.387194671630859375e+02 2.415256195068359375e+02 2.284586639404296875e+02 2.248526000976562500e+02 2.288843536376953125e+02 2.063557128906250000e+02 1.942722015380859375e+02 2.027180175781250000e+02 2.118200073242187500e+02 2.107269439697265625e+02
zi4 1.973132476806640625e+02 2.255198974609375000e+02 2.393552856445312500e+02 2.672302856445312500e+02 2.931921386718750000e+02 2.924793090820312500e+02 2.885246582031250000e+02 2.880665588378906250e+02 2.875655517578125000e+02 2.571451721191406250e+02
ji3 2.631015319824218750e+02 2.602564697265625000e+02 2.417192230224609375e+02 2.334993133544921875e+02 2.375303649902343750e+02 2.172062225341796875e+02 1.969090728759765625e+02 1.889312286376953125e+02 1.973459625244140625e+02 1.839265899658203125e+02
dui4 1.756462097167968750e+02 2.126040344238281250e+02 2.259362945556640625e+02 2.453170776367187500e+02 2.603745422363281250e+02 2.521054382324218750e+02 2.378229980468750000e+02 2.308682708740234375e+02 2.323582305908203125e+02 2.128592071533203125e+02
fo2 2.201308441162109375e+02 2.236684112548828125e+02 2.092542572021484375e+02 2.165056610107421875e+02 2.280196685791015625e+02 2.225321960449218750e+02 2.147451782226562500e+02 2.135046844482421875e+02 2.314443664550781250e+02 2.234386444091796875e+02
de5 2.116019592285156250e+02 2.313955383300781250e+02 2.251843566894531250e+02 2.289502563476562500e+02 2.365096130371093750e+02 2.274602661132812500e+02 2.157013244628906250e+02 2.110882110595703125e+02 2.190820922851562500e+02 2.045768890380859375e+02
can1 2.105285644531250000e+02 2.294548492431640625e+02 2.331514282226562500e+02 2.631851501464843750e+02 3.006891784667968750e+02 3.016053466796875000e+02 2.964022521972656250e+02 2.914662780761718750e+02 2.939942321777343750e+02 2.733908081054687500e+02
wu4 2.682420959472656250e+02 2.726808776855468750e+02 2.557849731445312500e+02 2.631987304687500000e+02 2.782603454589843750e+02 2.634986877441406250e+02 2.456056671142578125e+02 2.252918395996093750e+02 2.269815063476562500e+02 2.091690368652343750e+02
he2 2.104849548339843750e+02 2.061190490722656250e+02 1.895715026855468750e+02 2.010115966796875000e+02 2.278301239013671875e+02 2.328139190673828125e+02 2.248394470214843750e+02 2.189913482666015625e+02 2.279866333007812500e+02 2.172593994140625000e+02
li2 2.053564758300781250e+02 2.113023834228515625e+02 1.886442871093750000e+02 1.877167968750000000e+02 1.947534484863281250e+02 1.914732055664062500e+02 1.946060943603515625e+02 2.082613677978515625e+02 2.190687561035156250e+02 2.148031768798828125e+02
jie3 2.169519348144531250e+02 2.287397613525390625e+02 2.098966979980468750e+02 2.071826629638671875e+02 2.126225128173828125e+02 1.999105377197265625e+02 1.799313507080078125e+02 1.709265747070312500e+02 1.781449737548828125e+02 1.623226776123046875e+02
hong2 1.897410125732421875e+02 1.993578186035156250e+02 1.865202789306640625e+02 2.029795227050781250e+02 2.200874481201171875e+02 2.230831756591796875e+02 2.110666198730468750e+02 2.141342468261718750e+02 2.287390441894531250e+02 2.265679779052734375e+02
yang2 2.205797729492187500e+02 2.221126556396484375e+02 1.991071014404296875e+02 1.998560333251953125e+02 2.039867553710937500e+02 1.974400482177734375e+02 1.975717163085937500e+02 1.985612792968750000e+02 2.207709503173828125e+02 2.133262634277343750e+02
yu2 2.045293121337890625e+02 2.011335449218750000e+02 1.786134185791015625e+02 1.806316375732421875e+02 1.867572937011718750e+02 1.871606597900390625e+02 1.854576568603515625e+02 1.848350219726562500e+02 2.009619293212890625e+02 1.936525268554687500e+02
shi4 1.709571838378906250e+02 1.949716491699218750e+02 1.919260864257812500e+02 2.080395355224609375e+02 2.244432220458984375e+02 2.068218383789062500e+02 1.787362976074218750e+02 1.586709594726562500e+02 1.559213714599609375e+02 1.539421844482421875e+02
