zhong1 3.294818420410156250e+02 3.351622619628906250e+02 3.191046142578125000e+02 3.262386474609375000e+02 3.312710266113281250e+02 3.286978454589843750e+02 3.200831298828125000e+02 3.162953186035156250e+02 3.160153503417968750e+02 2.972615966796875000e+02
guo2 2.765001525878906250e+02 2.747539672851562500e+02 2.465075073242187500e+02 2.410681610107421875e+02 2.428598175048828125e+02 2.343050842285156250e+02 2.262419891357421875e+02 2.261405334472656250e+02 2.413932342529296875e+02 2.304878692626953125e+02
ren2 2.211157073974609375e+02 2.248515930175781250e+02 2.082391967773437500e+02 2.113889465332031250e+02 2.199040527343750000e+02 2.207731475830078125e+02 2.213756866455078125e+02 2.260694732666015625e+02 2.439951934814453125e+02 2.333124542236328125e+02
min2 2.274921875000000000e+02 2.334395599365234375e+02 2.132904968261718750e+02 2.148007965087890625e+02 2.216151428222656250e+02 2.198397827148437500e+02 2.202047882080078125e+02 2.276072692871093750e+02 2.483857116699218750e+02 2.396502380371093750e+02
jie3 2.356122283935546875e+02 2.377923736572265625e+02 2.209377288818359375e+02 2.145820159912109375e+02 2.109958343505859375e+02 1.945455627441406250e+02 1.711294403076171875e+02 1.590171203613281250e+02 1.696020355224609375e+02 1.582309265136718750e+02
fang4 1.595681152343750000e+02 1.969907379150390625e+02 2.154454803466796875e+02 2.356238555908203125e+02 2.541308898925781250e+02 2.422539367675781250e+02 2.237009124755859375e+02 2.062490692138671875e+02 2.070012207031250000e+02 1.922047119140625000e+02
jun1 2.120111236572265625e+02 2.358828277587890625e+02 2.372914123535156250e+02 2.621933898925781250e+02 2.747973937988281250e+02 2.679641723632812500e+02 2.519337615966796875e+02 2.467277526855468750e+02 2.417137908935546875e+02 2.327462921142578125e+02
zhi2 2.353622894287109375e+02 2.434372863769531250e+02 2.248723754882812500e+02 2.317303314208984375e+02 2.394073791503906250e+02 2.346944732666015625e+02 2.344557647705078125e+02 2.422700805664062500e+02 2.520509185791015625e+02 2.375551147460937500e+02
xing2 2.472029418945312500e+02 2.466532440185546875e+02 2.289920349121093750e+02 2.351893005371093750e+02 2.436812744140625000e+02 2.343409576416015625e+02 2.265463104248046875e+02 2.258425292968750000e+02 2.416761016845703125e+02 2.353512573242187500e+02
ben2 2.268097686767578125e+02 2.351481018066406250e+02 2.165752410888671875e+02 2.181593780517578125e+02 2.257254486083984375e+02 2.191322631835937500e+02 2.206181335449218750e+02 2.266963348388671875e+02 2.465391998291015625e+02 2.376932830810546875e+02
fa3 2.393422851562500000e+02 2.428784484863281250e+02 2.246573791503906250e+02 2.184996490478515625e+02 2.156905517578125000e+02 1.939455413818359375e+02 1.719668121337890625e+02 1.593586425781250000e+02 1.696581268310546875e+02 1.599317626953125000e+02
de5 1.579175567626953125e+02 1.825378417968750000e+02 1.822076416015625000e+02 1.979210205078125000e+02 2.140458984375000000e+02 2.116717529296875000e+02 2.062297821044921875e+02 2.062570190429687500e+02 2.137023315429687500e+02 2.026528472900390625e+02
ju4 1.901385650634765625e+02 2.131873474121093750e+02 2.214051513671875000e+02 2.471913299560546875e+02 2.693337097167968750e+02 2.667486877441406250e+02 2.544814453125000000e+02 2.445041656494140625e+02 2.431928863525390625e+02 2.149955596923828125e+02
ti3 2.213660430908203125e+02 2.180551147460937500e+02 2.025823211669921875e+02 2.036691589355468750e+02 2.163940124511718750e+02 2.030005187988281250e+02 1.790528411865234375e+02 1.625207061767578125e+02 1.686697540283203125e+02 1.586145172119140625e+02
ban4 1.571242370605468750e+02 1.883941497802734375e+02 2.070904083251953125e+02 2.267014160156250000e+02 2.468159484863281250e+02 2.394689636230468750e+02 2.229313964843750000e+02 2.152082214355468750e+02 2.118913574218750000e+02 1.936559295654296875e+02
fa3 1.855399017333984375e+02 1.882574005126953125e+02 1.609837493896484375e+02 1.553911437988281250e+02 1.565076141357421875e+02 1.268195571899414062e+02 1.110817031860351562e+02 1.018431930541992188e+02 1.164780578613281250e+02 1.188920211791992188e+02
