jian1 3.213589172363281250e+02 3.261543884277343750e+02 3.093961181640625000e+02 3.193174438476562500e+02 3.343781738281250000e+02 3.304672546386718750e+02 3.183352966308593750e+02 3.141367187500000000e+02 3.135559997558593750e+02 2.932041015625000000e+02
bing5 2.734015808105468750e+02 2.786376342773437500e+02 2.594840393066406250e+02 2.555438385009765625e+02 2.642785034179687500e+02 2.452807617187500000e+02 2.319580078125000000e+02 2.264841156005859375e+02 2.376732025146484375e+02 2.248393859863281250e+02
guo3 2.306310577392578125e+02 2.354350433349609375e+02 2.221739654541015625e+02 2.166630249023437500e+02 2.168314819335937500e+02 1.945361480712890625e+02 1.789072113037109375e+02 1.682947540283203125e+02 1.760701293945312500e+02 1.665648803710937500e+02
zi5 1.640287017822265625e+02 1.888283996582031250e+02 1.902551727294921875e+02 2.088029022216796875e+02 2.252410125732421875e+02 2.233225708007812500e+02 2.145266113281250000e+02 2.142795867919921875e+02 2.221756134033203125e+02 2.058873901367187500e+02
da4 2.048559417724609375e+02 2.341127014160156250e+02 2.423384094238281250e+02 2.539857940673828125e+02 2.615430297851562500e+02 2.458623809814453125e+02 2.264648284912109375e+02 2.130090942382812500e+02 2.189571380615234375e+02 1.992487792968750000e+02
ma2 2.044721832275390625e+02 2.028743438720703125e+02 1.877241516113281250e+02 1.913764648437500000e+02 2.011242218017578125e+02 1.922370758056640625e+02 1.883057556152343750e+02 1.931222839355468750e+02 2.102510375976562500e+02 2.038733215332031250e+02
hua1 1.979489898681640625e+02 2.133957824707031250e+02 2.136855316162109375e+02 2.423688201904296875e+02 2.697066040039062500e+02 2.729135742187500000e+02 2.567408142089843750e+02 2.484068450927734375e+02 2.412212524414062500e+02 2.327150573730468750e+02
tang2 2.389304504394531250e+02 2.394014587402343750e+02 2.187118988037109375e+02 2.223280029296875000e+02 2.316446990966796875e+02 2.185867462158203125e+02 2.011158294677734375e+02 2.048476409912109375e+02 2.247397918701171875e+02 2.195889587402343750e+02
gu1 2.307239837646484375e+02 2.516072235107421875e+02 2.507882232666015625e+02 2.728148803710937500e+02 2.982933349609375000e+02 3.003013305664062500e+02 2.968360595703125000e+02 3.000241699218750000e+02 3.002684326171875000e+02 2.757480163574218750e+02
hai3 2.556079559326171875e+02 2.444580078125000000e+02 2.198864746093750000e+02 2.144531250000000000e+02 2.189694213867187500e+02 1.987029724121093750e+02 1.694813537597656250e+02 1.543159332275390625e+02 1.611032562255859375e+02 1.519587097167968750e+02
xian1 1.764418945312500000e+02 2.045793609619140625e+02 2.095989532470703125e+02 2.395980529785156250e+02 2.677869873046875000e+02 2.670066223144531250e+02 2.574698791503906250e+02 2.517512512207031250e+02 2.482759399414062500e+02 2.358272552490234375e+02
gou3 2.352546691894531250e+02 2.424899749755859375e+02 2.259989166259765625e+02 2.170038757324218750e+02 2.200654907226562500e+02 1.957671966552734375e+02 1.732295532226562500e+02 1.651236572265625000e+02 1.756986846923828125e+02 1.659077911376953125e+02
bu4 1.791873474121093750e+02 2.020592956542968750e+02 2.114981994628906250e+02 2.311189117431640625e+02 2.556390228271484375e+02 2.576903076171875000e+02 2.518587493896484375e+02 2.434276885986328125e+02 2.400183258056640625e+02 2.168004760742187500e+02
li3 2.129006652832031250e+02 2.076360931396484375e+02 1.902391052246093750e+02 1.799212341308593750e+02 1.896178588867187500e+02 1.756317443847656250e+02 1.593446960449218750e+02 1.463394012451171875e+02 1.575152740478515625e+02 1.433877410888671875e+02
bao1 1.616843719482421875e+02 1.895725402832031250e+02 1.988065338134765625e+02 2.235359802246093750e+02 2.470813903808593750e+02 2.460055389404296875e+02 2.364500732421875000e+02 2.304490966796875000e+02 2.305077972412109375e+02 2.209586791992187500e+02
zi5 1.903119506835937500e+02 1.950192871093750000e+02 1.749649200439453125e+02 1.688424377441406250e+02 1.717641143798828125e+02 1.475093383789062500e+02 1.287363739013671875e+02 1.219118270874023438e+02 1.371874542236328125e+02 1.394467163085937500e+02
