wen1 3.058799743652343750e+02 3.085522155761718750e+02 2.919182128906250000e+02 3.063415832519531250e+02 3.216980590820312500e+02 3.244771423339843750e+02 3.205903625488281250e+02 3.159413757324218750e+02 3.165203552246093750e+02 2.936293945312500000e+02
de2 2.733197326660156250e+02 2.690417480468750000e+02 2.431036071777343750e+02 2.389466094970703125e+02 2.432991333007812500e+02 2.386327362060546875e+02 2.331119232177734375e+02 2.347052001953125000e+02 2.463012542724609375e+02 2.325514831542968750e+02
bo2 2.245419464111328125e+02 2.317087097167968750e+02 2.171864013671875000e+02 2.219858245849609375e+02 2.294579467773437500e+02 2.244607391357421875e+02 2.215912170410156250e+02 2.267048187255859375e+02 2.454321746826171875e+02 2.379319763183593750e+02
er3 2.310240631103515625e+02 2.281889038085937500e+02 2.125638427734375000e+02 2.039494934082031250e+02 2.065313873291015625e+02 1.929908447265625000e+02 1.780229034423828125e+02 1.676163940429687500e+02 1.766712341308593750e+02 1.640896453857421875e+02
nei4 1.581528625488281250e+02 1.861131744384765625e+02 1.956415710449218750e+02 2.220306854248046875e+02 2.447998046875000000e+02 2.405281066894531250e+02 2.318342285156250000e+02 2.259795684814453125e+02 2.277940063476562500e+02 2.073070068359375000e+02
ji2 2.088024749755859375e+02 2.156445007324218750e+02 2.031843566894531250e+02 2.116899261474609375e+02 2.277750549316406250e+02 2.239732208251953125e+02 2.204851531982421875e+02 2.222733764648437500e+02 2.352079010009765625e+02 2.228508758544921875e+02
tuan2 2.177064056396484375e+02 2.281488800048828125e+02 2.112768096923828125e+02 2.203666687011718750e+02 2.300361328125000000e+02 2.244091033935546875e+02 2.159957580566406250e+02 2.211067352294921875e+02 2.376817321777343750e+02 2.350984954833984375e+02
dong3 2.373624420166015625e+02 2.479620819091796875e+02 2.268363189697265625e+02 2.133089599609375000e+02 2.015026245117187500e+02 1.774918212890625000e+02 1.584458923339843750e+02 1.505191955566406250e+02 1.699202117919921875e+02 1.623761138916015625e+02
shi4 1.680035858154296875e+02 1.933168945312500000e+02 2.003407897949218750e+02 2.299489898681640625e+02 2.613752441406250000e+02 2.645478820800781250e+02 2.550557556152343750e+02 2.479957885742187500e+02 2.444495697021484375e+02 2.171324920654296875e+02
zhang3 2.269595794677734375e+02 2.357952728271484375e+02 2.140071868896484375e+02 2.068032379150390625e+02 1.942875823974609375e+02 1.654243927001953125e+02 1.530298919677734375e+02 1.424144287109375000e+02 1.574299926757812500e+02 1.519196166992187500e+02
luo2 1.967452545166015625e+02 2.054287414550781250e+02 1.952484741210937500e+02 2.002250518798828125e+02 2.128984375000000000e+02 2.083132476806640625e+02 2.198391265869140625e+02 2.209743041992187500e+02 2.369200134277343750e+02 2.254189910888671875e+02
bo2 2.185762634277343750e+02 2.249331665039062500e+02 2.131258850097656250e+02 2.189123687744140625e+02 2.249922943115234375e+02 2.185153503417968750e+02 2.104577636718750000e+02 2.174491119384765625e+02 2.303304443359375000e+02 2.266635131835937500e+02
te4 2.134959564208984375e+02 2.298871002197265625e+02 2.312037963867187500e+02 2.503132019042968750e+02 2.767368164062500000e+02 2.748278198242187500e+02 2.625278930664062500e+02 2.509729919433593750e+02 2.464216003417968750e+02 2.292309265136718750e+02
wen1 2.187677001953125000e+02 2.316041412353515625e+02 2.355254516601562500e+02 2.580817260742187500e+02 2.968270568847656250e+02 2.958056030273437500e+02 2.936101684570312500e+02 2.896950683593750000e+02 2.928042297363281250e+02 2.697984313964843750e+02
de2 2.436069641113281250e+02 2.381246185302734375e+02 2.135411834716796875e+02 2.089299011230468750e+02 2.158879699707031250e+02 2.097322845458984375e+02 2.087858428955078125e+02 2.115281372070312500e+02 2.236877136230468750e+02 2.111440429687500000e+02
bo2 2.017322235107421875e+02 2.126532135009765625e+02 2.009001007080078125e+02 2.069255828857421875e+02 2.165345153808593750e+02 2.101177825927734375e+02 2.084394073486328125e+02 2.115494079589843750e+02 2.294982757568359375e+02 2.212363586425781250e+02
er3 2.166040649414062500e+02 2.169931030273437500e+02 1.987700805664062500e+02 1.927160797119140625e+02 1.974318847656250000e+02 1.833526153564453125e+02 1.643877716064453125e+02 1.506703491210937500e+02 1.627808837890625000e+02 1.477478485107421875e+02
nei4 1.413772735595703125e+02 1.722795562744140625e+02 1.863190460205078125e+02 2.104225463867187500e+02 2.350853271484375000e+02 2.331129302978515625e+02 2.230553131103515625e+02 2.162774505615234375e+02 2.153079681396484375e+02 1.980586853027343750e+02
bu4 1.916435852050781250e+02 2.115768432617187500e+02 2.119600067138671875e+02 2.300864715576171875e+02 2.510171966552734375e+02 2.428254547119140625e+02 2.323441467285156250e+02 2.179681091308593750e+02 2.179266662597656250e+02 1.949115142822265625e+02
lang3 1.998686370849609375e+02 2.013231658935546875e+02 1.742998809814453125e+02 1.694395446777343750e+02 1.695545043945312500e+02 1.459781036376953125e+02 1.363248596191406250e+02 1.291661682128906250e+02 1.394600219726562500e+02 1.405518646240234375e+02
shuo1 1.859227294921875000e+02 2.056173248291015625e+02 1.814959106445312500e+02 1.957778625488281250e+02 2.130886840820312500e+02 2.006395721435546875e+02 1.950975341796875000e+02 1.892024078369140625e+02 1.845637359619140625e+02 1.853566894531250000e+02
