ren2 2.059155273437500000e+02 2.192350921630859375e+02 2.069767150878906250e+02 2.154606170654296875e+02 2.335126342773437500e+02 2.255550842285156250e+02 2.339214935302734375e+02 2.435116271972656250e+02 2.557488555908203125e+02 2.446954803466796875e+02
cheng1 2.271899566650390625e+02 2.514595489501953125e+02 2.595278930664062500e+02 2.855591430664062500e+02 3.146229553222656250e+02 3.078521118164062500e+02 3.049581604003906250e+02 2.973460693359375000e+02 2.996838378906250000e+02 2.810757141113281250e+02
ba1 2.667427368164062500e+02 2.841525878906250000e+02 2.777835693359375000e+02 2.946607971191406250e+02 3.110155639648437500e+02 3.015188598632812500e+02 2.945772705078125000e+02 2.899346008300781250e+02 2.890317382812500000e+02 2.730548400878906250e+02
da4 2.596592712402343750e+02 2.764976806640625000e+02 2.643146362304687500e+02 2.661496276855468750e+02 2.669564514160156250e+02 2.423996124267578125e+02 2.165188140869140625e+02 2.005483703613281250e+02 2.026568145751953125e+02 1.931311645507812500e+02
jin1 2.007740478515625000e+02 2.288440246582031250e+02 2.368030242919921875e+02 2.609164123535156250e+02 2.932648315429687500e+02 2.869241943359375000e+02 2.806276855468750000e+02 2.735220642089843750e+02 2.800001525878906250e+02 2.605065917968750000e+02
gang1 2.519380950927734375e+02 2.714522399902343750e+02 2.683616638183593750e+02 2.824385986328125000e+02 2.947752685546875000e+02 2.875264892578125000e+02 2.783245544433593750e+02 2.769286193847656250e+02 2.770960998535156250e+02 2.621036071777343750e+02
de5 2.416581726074218750e+02 2.444743957519531250e+02 2.262567596435546875e+02 2.241393127441406250e+02 2.332733001708984375e+02 2.167749481201171875e+02 2.034454040527343750e+02 1.952506561279296875e+02 2.010816650390625000e+02 1.915720214843750000e+02
ba1 1.913077392578125000e+02 2.188008728027343750e+02 2.284779815673828125e+02 2.533964691162109375e+02 2.844709777832031250e+02 2.782605895996093750e+02 2.710014343261718750e+02 2.680086364746093750e+02 2.736714782714843750e+02 2.557796783447265625e+02
ge4 2.507638092041015625e+02 2.624260253906250000e+02 2.516578979492187500e+02 2.602124938964843750e+02 2.682543945312500000e+02 2.547270812988281250e+02 2.387180480957031250e+02 2.230195312500000000e+02 2.196614837646484375e+02 2.073780212402343750e+02
dai4 1.953150482177734375e+02 2.221828002929687500e+02 2.286430816650390625e+02 2.420003967285156250e+02 2.523101043701171875e+02 2.370683898925781250e+02 2.230302734375000000e+02 2.078287353515625000e+02 2.102113647460937500e+02 1.953975677490234375e+02
biao2 1.947604675292968750e+02 2.047025756835937500e+02 1.936877746582031250e+02 2.008165130615234375e+02 2.147679748535156250e+02 2.040990600585937500e+02 2.014863739013671875e+02 2.087850646972656250e+02 2.270008087158203125e+02 2.291702117919921875e+02
chao3 2.322395477294921875e+02 2.360651855468750000e+02 2.166096343994140625e+02 2.168516235351562500e+02 2.171690216064453125e+02 1.996120910644531250e+02 1.732444610595703125e+02 1.588632659912109375e+02 1.680815582275390625e+02 1.593182373046875000e+02
a2 1.691812896728515625e+02 1.796378936767578125e+02 1.691787414550781250e+02 1.739598693847656250e+02 1.837053833007812500e+02 1.836316070556640625e+02 1.798865814208984375e+02 1.930081024169921875e+02 2.060964813232421875e+02 2.093157806396484375e+02
che3 2.034215087890625000e+02 2.067928314208984375e+02 1.869855957031250000e+02 1.848701629638671875e+02 1.988886566162109375e+02 1.826015930175781250e+02 1.576301879882812500e+02 1.487215423583984375e+02 1.549275054931640625e+02 1.429935302734375000e+02
a2 1.289386444091796875e+02 1.414593048095703125e+02 1.172768402099609375e+02 1.191911010742187500e+02 1.235498046875000000e+02 1.112821731567382812e+02 1.148057098388671875e+02 1.210350189208984375e+02 1.377680358886718750e+02 1.438004913330078125e+02
