jiu4 3.146304931640625000e+02 3.257897644042968750e+02 3.084652404785156250e+02 3.127149353027343750e+02 3.200036621093750000e+02 3.041391296386718750e+02 2.886398315429687500e+02 2.717200927734375000e+02 2.807585144042968750e+02 2.510936431884765625e+02
neng2 2.560950317382812500e+02 2.537834014892578125e+02 2.282052612304687500e+02 2.225540466308593750e+02 2.260407257080078125e+02 2.147254791259765625e+02 2.065414886474609375e+02 2.137402038574218750e+02 2.328808746337890625e+02 2.262845153808593750e+02
tong4 2.162801208496093750e+02 2.410277252197265625e+02 2.465913085937500000e+02 2.666533813476562500e+02 2.795022888183593750e+02 2.653222045898437500e+02 2.448851623535156250e+02 2.282088928222656250e+02 2.295011901855468750e+02 2.125592041015625000e+02
tong5 2.203628540039062500e+02 2.313066406250000000e+02 2.231212921142578125e+02 2.341045684814453125e+02 2.470076904296875000e+02 2.298047485351562500e+02 2.095652923583984375e+02 2.007650756835937500e+02 2.110550231933593750e+02 2.020012207031250000e+02
kuai1 2.155180511474609375e+02 2.347185821533203125e+02 2.346755371093750000e+02 2.612052917480468750e+02 2.987078857421875000e+02 3.000125427246093750e+02 2.927707214355468750e+02 2.891987304687500000e+02 2.899443664550781250e+02 2.718586425781250000e+02
kuai1 2.602763366699218750e+02 2.672668762207031250e+02 2.584573669433593750e+02 2.813771972656250000e+02 3.096273193359375000e+02 3.067958374023437500e+02 3.017161560058593750e+02 2.917494812011718750e+02 2.908781738281250000e+02 2.664902038574218750e+02
de5 2.463490447998046875e+02 2.466509704589843750e+02 2.235449829101562500e+02 2.118827514648437500e+02 2.164211883544921875e+02 1.927984771728515625e+02 1.844159698486328125e+02 1.736835632324218750e+02 1.834269104003906250e+02 1.686627349853515625e+02
li4 2.521021575927734375e+02 2.695638427734375000e+02 2.609548950195312500e+02 2.680812072753906250e+02 2.771878356933593750e+02 2.662050170898437500e+02 2.528810119628906250e+02 2.466448364257812500e+02 2.497993621826171875e+02 2.286164398193359375e+02
ke4 2.259887695312500000e+02 2.362787017822265625e+02 2.243189239501953125e+02 2.463867950439453125e+02 2.704104614257812500e+02 2.660152282714843750e+02 2.469337768554687500e+02 2.347742156982421875e+02 2.263031005859375000e+02 2.098363952636718750e+02
zhai1 2.110931549072265625e+02 2.375548248291015625e+02 2.423567962646484375e+02 2.642094726562500000e+02 2.905440368652343750e+02 2.822883605957031250e+02 2.735754699707031250e+02 2.710791625976562500e+02 2.745586853027343750e+02 2.573999328613281250e+02
diao4 2.481283569335937500e+02 2.636142578125000000e+02 2.602400817871093750e+02 2.613830261230468750e+02 2.645709228515625000e+02 2.436139068603515625e+02 2.212340240478515625e+02 2.078994750976562500e+02 2.097666778564453125e+02 1.983429718017578125e+02
lai4 1.943094635009765625e+02 2.135172882080078125e+02 2.185394744873046875e+02 2.319666137695312500e+02 2.469089813232421875e+02 2.324490814208984375e+02 2.165174255371093750e+02 2.019334411621093750e+02 2.053559722900390625e+02 1.932616577148437500e+02
zhang4 1.922416839599609375e+02 2.200548095703125000e+02 2.296122741699218750e+02 2.458426666259765625e+02 2.562332153320312500e+02 2.341456451416015625e+02 2.152728118896484375e+02 1.990064086914062500e+02 2.002571563720703125e+02 1.818893737792968750e+02
guo2 1.917329864501953125e+02 1.971355285644531250e+02 1.879414215087890625e+02 1.956996917724609375e+02 2.076871032714843750e+02 1.977481079101562500e+02 1.930744018554687500e+02 1.911142272949218750e+02 2.081109466552734375e+02 2.006919555664062500e+02
de5 1.897043914794921875e+02 2.022937774658203125e+02 2.001701660156250000e+02 2.054489746093750000e+02 2.141777954101562500e+02 2.050542602539062500e+02 1.949404754638671875e+02 1.913743286132812500e+02 1.962221832275390625e+02 1.850528106689453125e+02
mao4 1.801360626220703125e+02 2.002987976074218750e+02 2.060156402587890625e+02 2.210899963378906250e+02 2.306266174316406250e+02 2.157392120361328125e+02 1.938285522460937500e+02 1.717488403320312500e+02 1.761284942626953125e+02 1.617662506103515625e+02
zi5 1.530914001464843750e+02 1.663160552978515625e+02 1.496805114746093750e+02 1.532608642578125000e+02 1.615984954833984375e+02 1.388895263671875000e+02 1.280955963134765625e+02 1.253258666992187500e+02 1.359436950683593750e+02 1.392383880615234375e+02
