you3 2.228661193847656250e+02 2.266022949218750000e+02 2.116545562744140625e+02 2.169307708740234375e+02 2.248122100830078125e+02 2.038684844970703125e+02 1.978050994873046875e+02 2.126760864257812500e+02 2.146989898681640625e+02 2.069796752929687500e+02
ge5 2.151484069824218750e+02 2.377632751464843750e+02 2.348405761718750000e+02 2.484554748535156250e+02 2.624838867187500000e+02 2.558243103027343750e+02 2.460243682861328125e+02 2.469056091308593750e+02 2.514969177246093750e+02 2.347627258300781250e+02
zhong1 2.404506072998046875e+02 2.669673156738281250e+02 2.739740295410156250e+02 2.970177001953125000e+02 3.224486694335937500e+02 3.164449462890625000e+02 3.130413513183593750e+02 3.100220947265625000e+02 3.107545471191406250e+02 2.892870788574218750e+02
nian2 2.691675109863281250e+02 2.645033264160156250e+02 2.291578521728515625e+02 2.235011901855468750e+02 2.238996124267578125e+02 2.162061462402343750e+02 2.080532531738281250e+02 2.110104217529296875e+02 2.294681701660156250e+02 2.255181427001953125e+02
fu4 2.226005249023437500e+02 2.404940795898437500e+02 2.459093627929687500e+02 2.635121459960937500e+02 2.831957092285156250e+02 2.834079589843750000e+02 2.657456970214843750e+02 2.566550903320312500e+02 2.520611267089843750e+02 2.272011260986328125e+02
nv3 2.359699249267578125e+02 2.303694610595703125e+02 2.089924011230468750e+02 1.999870452880859375e+02 1.925892333984375000e+02 1.738587341308593750e+02 1.594637451171875000e+02 1.519648895263671875e+02 1.649438476562500000e+02 1.601290740966796875e+02
la1 2.474227447509765625e+02 2.600426635742187500e+02 2.570309143066406250e+02 2.691147766113281250e+02 2.922311401367187500e+02 2.869468688964843750e+02 2.778379211425781250e+02 2.852542724609375000e+02 2.783629150390625000e+02 2.618747863769531250e+02
zhe5 2.491723480224609375e+02 2.545441131591796875e+02 2.428560180664062500e+02 2.444714355468750000e+02 2.541679229736328125e+02 2.443153839111328125e+02 2.336448211669921875e+02 2.252662506103515625e+02 2.293541564941406250e+02 2.178232574462890625e+02
zi4 2.025919494628906250e+02 2.235412445068359375e+02 2.265714569091796875e+02 2.485058288574218750e+02 2.671140747070312500e+02 2.640620727539062500e+02 2.573188171386718750e+02 2.489732513427734375e+02 2.491688232421875000e+02 2.219350280761718750e+02
ji3 2.248256530761718750e+02 2.256091003417968750e+02 2.130404968261718750e+02 2.103365478515625000e+02 2.191989746093750000e+02 2.015644683837890625e+02 1.848104095458984375e+02 1.712978515625000000e+02 1.795125885009765625e+02 1.659908905029296875e+02
de5 1.654475708007812500e+02 1.878914031982421875e+02 1.886184997558593750e+02 2.019766845703125000e+02 2.193112640380859375e+02 2.166754760742187500e+02 2.147556304931640625e+02 2.137183837890625000e+02 2.200135345458984375e+02 2.061118469238281250e+02
di4 1.949697418212890625e+02 2.205660552978515625e+02 2.276043701171875000e+02 2.448610839843750000e+02 2.611192626953125000e+02 2.538295288085937500e+02 2.456850738525390625e+02 2.348007812500000000e+02 2.377419433593750000e+02 2.112999114990234375e+02
di5 2.040192871093750000e+02 2.128652954101562500e+02 2.009190826416015625e+02 2.000736236572265625e+02 2.061821441650390625e+02 1.908161621093750000e+02 1.867775115966796875e+02 1.859712066650390625e+02 1.961356506347656250e+02 1.843638153076171875e+02
zhao3 2.123762817382812500e+02 2.274698486328125000e+02 2.093775787353515625e+02 2.035236511230468750e+02 2.027968902587890625e+02 1.798190307617187500e+02 1.602290954589843750e+02 1.584157562255859375e+02 1.709622039794921875e+02 1.634303894042968750e+02
dao4 1.758002014160156250e+02 2.119113311767578125e+02 2.256131134033203125e+02 2.334762573242187500e+02 2.452798004150390625e+02 2.266226501464843750e+02 2.087512512207031250e+02 1.960070037841796875e+02 1.982728271484375000e+02 1.858656463623046875e+02
zheng4 1.952906188964843750e+02 2.207747650146484375e+02 2.332582244873046875e+02 2.472112121582031250e+02 2.597344055175781250e+02 2.441055297851562500e+02 2.241649017333984375e+02 2.055047302246093750e+02 2.085159149169921875e+02 1.903549346923828125e+02
zhan4 1.969676055908203125e+02 2.178768157958984375e+02 2.208175964355468750e+02 2.310892028808593750e+02 2.401784667968750000e+02 2.247487182617187500e+02 2.045767822265625000e+02 1.845607147216796875e+02 1.868436431884765625e+02 1.705175323486328125e+02
yun2 1.568663177490234375e+02 1.539689178466796875e+02 1.317481994628906250e+02 1.293254547119140625e+02 1.382928314208984375e+02 1.268721618652343750e+02 1.255832061767578125e+02 1.308164062500000000e+02 1.509822692871093750e+02 1.575884094238281250e+02
