dian2 2.419463958740234375e+02 2.490128326416015625e+02 2.315258483886718750e+02 2.343369445800781250e+02 2.467892456054687500e+02 2.399613037109375000e+02 2.478632354736328125e+02 2.592949523925781250e+02 2.771623535156250000e+02 2.715262145996093750e+02
ya3 2.684942321777343750e+02 2.622228088378906250e+02 2.384005126953125000e+02 2.186423034667968750e+02 2.148076019287109375e+02 1.952933654785156250e+02 1.720044708251953125e+02 1.664146881103515625e+02 1.819691162109375000e+02 1.761398925781250000e+02
zhuang4 1.721670684814453125e+02 2.091850585937500000e+02 2.289124298095703125e+02 2.467079467773437500e+02 2.574866027832031250e+02 2.426501007080078125e+02 2.246875915527343750e+02 2.109419708251953125e+02 2.198554077148437500e+02 2.108671112060546875e+02
guan1 2.204164581298828125e+02 2.464711914062500000e+02 2.563620605468750000e+02 2.749359741210937500e+02 2.979925231933593750e+02 2.896998596191406250e+02 2.811398925781250000e+02 2.769372863769531250e+02 2.821090393066406250e+02 2.647818603515625000e+02
de5 2.453954162597656250e+02 2.502563018798828125e+02 2.356611785888671875e+02 2.376735076904296875e+02 2.466646423339843750e+02 2.376215820312500000e+02 2.271490325927734375e+02 2.203677520751953125e+02 2.264964904785156250e+02 2.152504882812500000e+02
yi4 1.985533752441406250e+02 2.117273101806640625e+02 2.136784057617187500e+02 2.365388641357421875e+02 2.622384643554687500e+02 2.600321350097656250e+02 2.475564117431640625e+02 2.392176666259765625e+02 2.408888549804687500e+02 2.203688049316406250e+02
hui4 2.155810546875000000e+02 2.244512176513671875e+02 2.236593933105468750e+02 2.460403900146484375e+02 2.733871459960937500e+02 2.687394409179687500e+02 2.539884643554687500e+02 2.314287414550781250e+02 2.305687255859375000e+02 2.141977386474609375e+02
da4 2.113185577392578125e+02 2.356555786132812500e+02 2.434829406738281250e+02 2.496997985839843750e+02 2.584070434570312500e+02 2.406521911621093750e+02 2.219602966308593750e+02 2.079161529541015625e+02 2.127785034179687500e+02 2.034431915283203125e+02
sha4 2.005707092285156250e+02 2.195519866943359375e+02 2.271268463134765625e+02 2.505092468261718750e+02 2.737315979003906250e+02 2.616782836914062500e+02 2.472300720214843750e+02 2.281645965576171875e+02 2.258969268798828125e+02 2.083804779052734375e+02
zuo4 2.028208770751953125e+02 2.229214172363281250e+02 2.254693450927734375e+02 2.470814514160156250e+02 2.620859375000000000e+02 2.538875885009765625e+02 2.395955047607421875e+02 2.272694854736328125e+02 2.243969421386718750e+02 2.035626983642578125e+02
bei3 2.090498809814453125e+02 2.161559295654296875e+02 2.006651458740234375e+02 2.014590148925781250e+02 2.058541259765625000e+02 1.853422851562500000e+02 1.670191040039062500e+02 1.554623565673828125e+02 1.668200531005859375e+02 1.609611816406250000e+02
chao2 1.760247802734375000e+02 1.918795318603515625e+02 1.825418548583984375e+02 2.036073303222656250e+02 2.189414978027343750e+02 2.183412933349609375e+02 2.055805664062500000e+02 2.078788452148437500e+02 2.204710845947265625e+02 2.214246063232421875e+02
nan2 2.160496978759765625e+02 2.241953582763671875e+02 1.992884674072265625e+02 1.964056549072265625e+02 1.956136779785156250e+02 1.846791839599609375e+02 1.806325683593750000e+02 1.859539184570312500e+02 2.080654296875000000e+02 2.083787994384765625e+02
chu4 2.858990173339843750e+02 2.923126831054687500e+02 2.831069335937500000e+02 2.934888916015625000e+02 3.034881591796875000e+02 2.973715515136718750e+02 2.833775939941406250e+02 2.689418334960937500e+02 2.662894287109375000e+02 2.447063903808593750e+02
li4 2.334218597412109375e+02 2.426726074218750000e+02 2.331429595947265625e+02 2.447673950195312500e+02 2.587618408203125000e+02 2.494292449951171875e+02 2.367495117187500000e+02 2.255054016113281250e+02 2.280320281982421875e+02 2.116940460205078125e+02
zai4 2.082888183593750000e+02 2.325725402832031250e+02 2.362868194580078125e+02 2.463228149414062500e+02 2.575970458984375000e+02 2.413439483642578125e+02 2.248755493164062500e+02 2.106332855224609375e+02 2.104018096923828125e+02 1.993725891113281250e+02
zhe4 1.988789215087890625e+02 2.211796264648437500e+02 2.235491180419921875e+02 2.429829101562500000e+02 2.565645446777343750e+02 2.486627502441406250e+02 2.365756378173828125e+02 2.238359680175781250e+02 2.208349609375000000e+02 2.012407531738281250e+02
ge5 1.950607147216796875e+02 2.074596862792968750e+02 2.004214935302734375e+02 2.131830291748046875e+02 2.279392242431640625e+02 2.190948944091796875e+02 2.075301361083984375e+02 2.015603179931640625e+02 2.072456359863281250e+02 1.928051910400390625e+02
xiao3 2.145205383300781250e+02 2.169462738037109375e+02 2.044369049072265625e+02 2.071604309082031250e+02 2.153010711669921875e+02 1.935808715820312500e+02 1.648175506591796875e+02 1.460609436035156250e+02 1.533412933349609375e+02 1.457932891845703125e+02
shan1 1.628537597656250000e+02 1.901921539306640625e+02 1.987815704345703125e+02 2.252327423095703125e+02 2.579119873046875000e+02 2.567852478027343750e+02 2.492494049072265625e+02 2.426167449951171875e+02 2.390835876464843750e+02 2.303074340820312500e+02
qiu1 2.303743896484375000e+02 2.422314605712890625e+02 2.370697631835937500e+02 2.558194274902343750e+02 2.803262939453125000e+02 2.741541442871093750e+02 2.626051940917968750e+02 2.512977600097656250e+02 2.492358093261718750e+02 2.361775817871093750e+02
shang4 2.087285308837890625e+02 2.256044616699218750e+02 2.082967834472656250e+02 2.082660369873046875e+02 2.080523529052734375e+02 1.781038208007812500e+02 1.451850891113281250e+02 1.183970718383789062e+02 1.261698455810546875e+02 1.186141357421875000e+02
