fa3 2.395043334960937500e+02 2.381828918457031250e+02 2.252433319091796875e+02 2.282872161865234375e+02 2.322427520751953125e+02 2.115390930175781250e+02 2.010111389160156250e+02 1.957972259521484375e+02 2.062637634277343750e+02 1.976318359375000000e+02
lun2 2.091443939208984375e+02 2.168840179443359375e+02 2.049782257080078125e+02 2.163978729248046875e+02 2.245980529785156250e+02 2.288828582763671875e+02 2.242283020019531250e+02 2.325618591308593750e+02 2.530053863525390625e+02 2.466746520996093750e+02
gong1 2.503299865722656250e+02 2.730907897949218750e+02 2.783968811035156250e+02 3.002262268066406250e+02 3.199646911621093750e+02 3.189522705078125000e+02 3.091392211914062500e+02 3.095525817871093750e+02 3.129216003417968750e+02 2.858288574218750000e+02
zu3 2.642779235839843750e+02 2.539584960937500000e+02 2.258527526855468750e+02 2.098415069580078125e+02 2.000587158203125000e+02 1.796988983154296875e+02 1.666663055419921875e+02 1.537865905761718750e+02 1.630839233398437500e+02 1.525208892822265625e+02
zhi1 2.455952758789062500e+02 2.652056274414062500e+02 2.510281219482421875e+02 2.603148193359375000e+02 2.693368225097656250e+02 2.636683654785156250e+02 2.523516998291015625e+02 2.526668243408203125e+02 2.507611999511718750e+02 2.361602630615234375e+02
zai4 2.859522705078125000e+02 2.986513671875000000e+02 2.843488159179687500e+02 2.838451232910156250e+02 2.788122863769531250e+02 2.626547851562500000e+02 2.364589996337890625e+02 2.291174468994140625e+02 2.277880249023437500e+02 2.165507507324218750e+02
jia1 2.172335205078125000e+02 2.373443756103515625e+02 2.414921875000000000e+02 2.686008911132812500e+02 2.997882995605468750e+02 2.945916748046875000e+02 2.897421875000000000e+02 2.832829284667968750e+02 2.860876770019531250e+02 2.623497009277343750e+02
na2 2.396441497802734375e+02 2.308484954833984375e+02 2.037809295654296875e+02 2.008184661865234375e+02 2.058830871582031250e+02 1.975413665771484375e+02 1.906228332519531250e+02 1.971481170654296875e+02 2.131471099853515625e+02 2.092241668701171875e+02
da4 2.017850799560546875e+02 2.337792053222656250e+02 2.407659759521484375e+02 2.489212493896484375e+02 2.540417327880859375e+02 2.389497222900390625e+02 2.158274841308593750e+02 2.033904876708984375e+02 2.070678558349609375e+02 1.960055389404296875e+02
da4 1.949203491210937500e+02 2.195404663085937500e+02 2.271946716308593750e+02 2.382337341308593750e+02 2.485036621093750000e+02 2.317439270019531250e+02 2.125978393554687500e+02 1.988902587890625000e+02 2.045431213378906250e+02 1.916050872802734375e+02
si4 1.943749847412109375e+02 2.135359344482421875e+02 2.146144104003906250e+02 2.401511840820312500e+02 2.627169494628906250e+02 2.617137451171875000e+02 2.469831390380859375e+02 2.325298767089843750e+02 2.284235992431640625e+02 2.088391571044921875e+02
xuan1 2.167985229492187500e+02 2.319581146240234375e+02 2.373991546630859375e+02 2.616826171875000000e+02 2.924182434082031250e+02 2.912601013183593750e+02 2.832175292968750000e+02 2.772153930664062500e+02 2.758845520019531250e+02 2.575020446777343750e+02
yang2 2.422485198974609375e+02 2.303231658935546875e+02 2.005086975097656250e+02 1.963094329833984375e+02 2.015908813476562500e+02 1.932101593017578125e+02 1.833325500488281250e+02 1.843743286132812500e+02 2.046571197509765625e+02 2.063707733154296875e+02
wai1 1.995793304443359375e+02 2.140776519775390625e+02 2.209401092529296875e+02 2.496974487304687500e+02 2.802051391601562500e+02 2.832609558105468750e+02 2.772426452636718750e+02 2.741207885742187500e+02 2.717119750976562500e+02 2.498747406005859375e+02
li3 2.287368316650390625e+02 2.218752441406250000e+02 1.903423919677734375e+02 1.795913848876953125e+02 1.860720367431640625e+02 1.719377746582031250e+02 1.524883270263671875e+02 1.391392364501953125e+02 1.531955261230468750e+02 1.406647796630859375e+02
xie2 1.606184539794921875e+02 1.689033813476562500e+02 1.578385467529296875e+02 1.745971984863281250e+02 1.889647979736328125e+02 1.894043273925781250e+02 1.780811157226562500e+02 1.759643402099609375e+02 1.842054748535156250e+02 1.854763488769531250e+02
shuo1 1.714242858886718750e+02 1.950479125976562500e+02 1.923553466796875000e+02 2.124934387207031250e+02 2.386968536376953125e+02 2.253451843261718750e+02 2.186558074951171875e+02 2.101358184814453125e+02 2.068300323486328125e+02 2.035492095947265625e+02
