bing4 3.172547607421875000e+02 3.215258483886718750e+02 3.103526611328125000e+02 3.101029968261718750e+02 3.134721984863281250e+02 3.044052124023437500e+02 2.884937744140625000e+02 2.814987792968750000e+02 2.846398010253906250e+02 2.598948364257812500e+02
ba3 2.668625793457031250e+02 2.611121215820312500e+02 2.335600128173828125e+02 2.185801239013671875e+02 2.108186340332031250e+02 1.819495544433593750e+02 1.700185089111328125e+02 1.580964508056640625e+02 1.694922332763671875e+02 1.627242889404296875e+02
zi4 2.414229583740234375e+02 2.592370300292968750e+02 2.568010864257812500e+02 2.647794799804687500e+02 2.810321350097656250e+02 2.744540405273437500e+02 2.651800842285156250e+02 2.577319946289062500e+02 2.602227478027343750e+02 2.317454986572265625e+02
ji3 2.384071807861328125e+02 2.368458709716796875e+02 2.226017150878906250e+02 2.182879180908203125e+02 2.252709503173828125e+02 2.089326782226562500e+02 1.915439910888671875e+02 1.809519500732421875e+02 1.869761047363281250e+02 1.721898651123046875e+02
de5 1.691838836669921875e+02 1.913773040771484375e+02 1.859217529296875000e+02 1.991995239257812500e+02 2.145713806152343750e+02 2.103689727783203125e+02 2.050102996826171875e+02 2.077594146728515625e+02 2.150395812988281250e+02 2.005478668212890625e+02
qie4 1.978296356201171875e+02 2.187128906250000000e+02 2.241239013671875000e+02 2.476121063232421875e+02 2.757080688476562500e+02 2.711678161621093750e+02 2.597804565429687500e+02 2.469145812988281250e+02 2.443557739257812500e+02 2.217798156738281250e+02
shen1 2.231653137207031250e+02 2.405826263427734375e+02 2.425222015380859375e+02 2.673379211425781250e+02 2.992414855957031250e+02 2.975906066894531250e+02 2.921290283203125000e+02 2.901528015136718750e+02 2.922914428710937500e+02 2.675445251464843750e+02
gan3 2.508247222900390625e+02 2.523295288085937500e+02 2.257082061767578125e+02 2.141213684082031250e+02 2.043505706787109375e+02 1.788254089355468750e+02 1.599283905029296875e+02 1.476096343994140625e+02 1.616657409667968750e+02 1.540630950927734375e+02
shou4 1.630673065185546875e+02 1.951604614257812500e+02 2.086563262939453125e+02 2.329495239257812500e+02 2.485826873779296875e+02 2.365407104492187500e+02 2.117450561523437500e+02 1.928556060791015625e+02 1.908114013671875000e+02 1.739299621582031250e+02
yong5 2.309684600830078125e+02 2.342425689697265625e+02 2.312051391601562500e+02 2.335098571777343750e+02 2.467594909667968750e+02 2.310365600585937500e+02 2.253321075439453125e+02 2.243785400390625000e+02 2.365521697998046875e+02 2.216371765136718750e+02
min2 2.246381378173828125e+02 2.266246185302734375e+02 2.097757568359375000e+02 2.125436096191406250e+02 2.198097381591796875e+02 2.141361541748046875e+02 2.131607055664062500e+02 2.158552856445312500e+02 2.331580657958984375e+02 2.231456756591796875e+02
qing2 2.236746368408203125e+02 2.299195861816406250e+02 2.174271697998046875e+02 2.267774200439453125e+02 2.369257049560546875e+02 2.295130157470703125e+02 2.185833129882812500e+02 2.189121093750000000e+02 2.342480468750000000e+02 2.298445587158203125e+02
ri4 2.171023406982421875e+02 2.364018554687500000e+02 2.367566223144531250e+02 2.493172912597656250e+02 2.678132019042968750e+02 2.622507324218750000e+02 2.518069458007812500e+02 2.397162170410156250e+02 2.427761688232421875e+02 2.222799530029296875e+02
ji4 2.129835357666015625e+02 2.308459320068359375e+02 2.310459899902343750e+02 2.482726745605468750e+02 2.663479919433593750e+02 2.584450683593750000e+02 2.500896148681640625e+02 2.339548492431640625e+02 2.337185058593750000e+02 2.082135925292968750e+02
de5 1.977707672119140625e+02 2.085993957519531250e+02 1.996907043457031250e+02 2.043654632568359375e+02 2.169622650146484375e+02 2.043298645019531250e+02 2.007008819580078125e+02 1.922575073242187500e+02 2.016056823730468750e+02 1.863029785156250000e+02
xing2 1.968123931884765625e+02 2.033988952636718750e+02 1.951991424560546875e+02 2.062835693359375000e+02 2.188957214355468750e+02 2.134174804687500000e+02 2.038888397216796875e+02 1.974814147949218750e+02 2.169286193847656250e+02 2.113615264892578125e+02
shi4 2.066209564208984375e+02 2.297853851318359375e+02 2.283266296386718750e+02 2.463851623535156250e+02 2.544980316162109375e+02 2.453945159912109375e+02 2.204020996093750000e+02 1.997881317138671875e+02 1.973774261474609375e+02 1.757738647460937500e+02
ji4 2.705247802734375000e+02 2.778154296875000000e+02 2.645381774902343750e+02 2.684396057128906250e+02 2.758906555175781250e+02 2.630696411132812500e+02 2.493331146240234375e+02 2.343347167968750000e+02 2.334825744628906250e+02 2.078936004638671875e+02
lu4 2.062942810058593750e+02 2.152859497070312500e+02 2.089943237304687500e+02 2.159890594482421875e+02 2.285619506835937500e+02 2.212350616455078125e+02 2.035732879638671875e+02 1.919338378906250000e+02 1.914612274169921875e+02 1.777379150390625000e+02
xia4 1.843805389404296875e+02 2.009939422607421875e+02 1.986633453369140625e+02 2.162696228027343750e+02 2.375984954833984375e+02 2.299256134033203125e+02 2.098687286376953125e+02 1.865101013183593750e+02 1.816510467529296875e+02 1.672941436767578125e+02
lai5 1.448256683349609375e+02 1.516098785400390625e+02 1.340050659179687500e+02 1.339013671875000000e+02 1.407980499267578125e+02 1.253504180908203125e+02 1.145884017944335938e+02 1.129213943481445312e+02 1.261884231567382812e+02 1.294303436279296875e+02
