chuan1 3.241227722167968750e+02 3.315619201660156250e+02 3.113294067382812500e+02 3.236654968261718750e+02 3.312635192871093750e+02 3.289233398437500000e+02 3.185706176757812500e+02 3.153856811523437500e+02 3.191260986328125000e+02 2.932062072753906250e+02
zi3 2.692315368652343750e+02 2.649849548339843750e+02 2.353546295166015625e+02 2.230555419921875000e+02 2.212159576416015625e+02 2.003758087158203125e+02 1.870962677001953125e+02 1.763493804931640625e+02 1.863611907958984375e+02 1.725068664550781250e+02
se4 1.872626647949218750e+02 2.134493103027343750e+02 2.161953125000000000e+02 2.378106994628906250e+02 2.656562500000000000e+02 2.617090454101562500e+02 2.548190460205078125e+02 2.448464660644531250e+02 2.394553527832031250e+02 2.147022247314453125e+02
fu2 2.179579467773437500e+02 2.207923889160156250e+02 2.053650054931640625e+02 2.121869659423828125e+02 2.277026367187500000e+02 2.236732635498046875e+02 2.150463562011718750e+02 2.152102813720703125e+02 2.301290740966796875e+02 2.198731079101562500e+02
zhuang1 2.192410278320312500e+02 2.489556579589843750e+02 2.564734802246093750e+02 2.797771911621093750e+02 2.970987243652343750e+02 2.905703735351562500e+02 2.791720886230468750e+02 2.790161132812500000e+02 2.790799255371093750e+02 2.596559143066406250e+02
de5 2.466806335449218750e+02 2.444584655761718750e+02 2.245994415283203125e+02 2.155870056152343750e+02 2.200469665527343750e+02 2.025159301757812500e+02 1.918081970214843750e+02 1.875616760253906250e+02 1.927746124267578125e+02 1.795549011230468750e+02
zhu3 2.193766326904296875e+02 2.307997131347656250e+02 2.192180175781250000e+02 2.130146026611328125e+02 2.186579742431640625e+02 2.041072082519531250e+02 1.867671966552734375e+02 1.823222198486328125e+02 1.906055908203125000e+02 1.811300354003906250e+02
yao4 1.782344512939453125e+02 2.057746276855468750e+02 2.189284973144531250e+02 2.379040985107421875e+02 2.587441101074218750e+02 2.531219635009765625e+02 2.389889221191406250e+02 2.327083129882812500e+02 2.314223327636718750e+02 2.210045166015625000e+02
fu4 2.123083648681640625e+02 2.261694641113281250e+02 2.309195098876953125e+02 2.525738067626953125e+02 2.743929443359375000e+02 2.684368591308593750e+02 2.572461547851562500e+02 2.435545196533203125e+02 2.418826751708984375e+02 2.156157531738281250e+02
ze2 2.109307403564453125e+02 2.160573577880859375e+02 2.010635070800781250e+02 2.077219543457031250e+02 2.226797943115234375e+02 2.199577941894531250e+02 2.178738708496093750e+02 2.159655456542968750e+02 2.289708404541015625e+02 2.148649444580078125e+02
you2 2.069367828369140625e+02 2.090226287841796875e+02 1.940801239013671875e+02 1.991789855957031250e+02 2.118479156494140625e+02 2.082913818359375000e+02 2.025277709960937500e+02 2.086505737304687500e+02 2.269779968261718750e+02 2.236611785888671875e+02
liao4 2.135616149902343750e+02 2.390744628906250000e+02 2.460421295166015625e+02 2.577013854980468750e+02 2.689440002441406250e+02 2.594426879882812500e+02 2.405403442382812500e+02 2.232915039062500000e+02 2.281036071777343750e+02 2.082046966552734375e+02
bu3 2.098341369628906250e+02 2.143229675292968750e+02 1.948663330078125000e+02 1.944119873046875000e+02 2.000140838623046875e+02 1.831703338623046875e+02 1.646966857910156250e+02 1.517235412597656250e+02 1.633983001708984375e+02 1.512397613525390625e+02
chong1 1.660368041992187500e+02 1.967035522460937500e+02 2.057361450195312500e+02 2.347749481201171875e+02 2.593922424316406250e+02 2.553824310302734375e+02 2.458300933837890625e+02 2.360896453857421875e+02 2.345998382568359375e+02 2.236774291992187500e+02
ji2 2.253132324218750000e+02 2.294799957275390625e+02 2.120552673339843750e+02 2.186979980468750000e+02 2.279260711669921875e+02 2.191988220214843750e+02 2.173175048828125000e+02 2.215985870361328125e+02 2.296206665039062500e+02 2.149384002685546875e+02
ran2 2.117508087158203125e+02 2.137978210449218750e+02 1.956076354980468750e+02 1.963462829589843750e+02 1.984416351318359375e+02 1.926293945312500000e+02 1.926244812011718750e+02 1.975076141357421875e+02 2.120941925048828125e+02 2.032285003662109375e+02
you2 2.026294250488281250e+02 2.009458618164062500e+02 1.811646118164062500e+02 1.830784149169921875e+02 1.893466796875000000e+02 1.832836914062500000e+02 1.779951477050781250e+02 1.811515045166015625e+02 1.983750305175781250e+02 1.935806884765625000e+02
zhuang1 1.902640686035156250e+02 2.189511108398437500e+02 2.246830139160156250e+02 2.455992126464843750e+02 2.594330444335937500e+02 2.512421875000000000e+02 2.391554565429687500e+02 2.281038208007812500e+02 2.325721130371093750e+02 2.209432830810546875e+02
zhi4 2.003298339843750000e+02 2.182587280273437500e+02 2.031867370605468750e+02 2.040548858642578125e+02 2.069416809082031250e+02 1.776023559570312500e+02 1.490028686523437500e+02 1.296901855468750000e+02 1.349990081787109375e+02 1.337138977050781250e+02
