ni3 15.106 12.559 -1.854 -1.585 -6.908 1.559 -7.538 -7.446 -1.098 -11.076
zhen1 13.190 11.788 17.395 16.528 18.651 29.298 40.317 35.051 48.187 40.092
zou3 44.737 45.369 27.611 17.353 13.791 6.696 -6.152 -6.735 -0.804 -14.829
yun4 15.140 16.644 10.270 -0.957 -16.491 -20.665 -21.894 -18.306 -10.732 -13.986
wei1 25.265 16.481 24.616 15.850 16.442 31.179 26.867 31.891 36.718 29.953
er3 34.312 31.465 9.297 3.979 -3.951 3.287 -5.870 -6.739 2.183 -9.668
xun4 13.236 21.141 21.336 23.909 7.333 12.567 4.024 0.978 1.075 -10.156
kai1 13.334 4.658 1.783 -10.160 -16.058 -13.123 -12.841 -11.822 2.150 -5.662
mo2 7.564 0.340 -12.521 -17.352 -20.241 -7.777 -12.964 -3.245 8.296 -3.291
tuo1 27.661 25.226 25.494 19.941 14.089 24.735 28.456 24.666 40.901 27.434
che1 50.401 47.405 33.667 27.567 18.711 14.850 18.285 11.320 25.668 13.742
zhuang4 30.221 26.133 19.101 19.672 21.125 22.504 15.685 9.644 7.927 -12.117
dao3 21.051 14.317 -2.766 -12.989 -19.957 -16.677 -21.840 -22.018 -14.800 -18.008
le5 4.604 0.799 -10.794 -22.358 -25.968 -16.095 -14.225 -10.403 -9.009 -7.128
yi2 9.828 2.444 -10.785 -17.084 -20.942 -13.160 -10.585 -6.813 2.852 -3.552
ge4 24.973 11.706 12.256 10.416 1.579 18.607 18.527 12.282 21.078 11.875
xing2 18.640 9.432 1.281 -9.665 -12.385 -8.891 0.237 -1.516 18.601 11.981
ren2 36.294 24.976 7.624 -0.809 -16.968 -17.260 -11.062 -12.830 -3.643 -7.878
