zhao1 358.152 362.278 360.433 362.154 357.264 358.203 352.182 349.639 352.787 337.201
dai4 337.279 339.591 341.314 310.013 284.091 250.917 229.914 219.078 211.734 219.146
ge4 240.615 266.122 289.067 308.230 323.514 329.924 325.032 309.752 281.765 255.626
guo2 216.862 209.211 209.410 194.902 187.640 180.271 174.646 177.425 196.890 217.412
zhu4 236.719 265.307 292.697 310.443 328.109 331.563 323.729 305.601 287.824 261.537
hua2 235.333 226.594 213.326 212.387 204.738 209.198 211.589 220.681 235.922 246.085
shi3 241.943 240.633 233.928 225.524 206.137 190.144 162.847 145.539 130.177 129.427
jie2 185.346 185.483 188.268 176.994 160.029 158.018 158.620 167.970 196.412 210.920
he2 237.913 231.319 231.109 221.967 216.671 216.871 213.016 217.907 228.699 234.071
guo2 220.579 225.768 236.076 231.248 224.975 220.243 216.492 230.546 251.048 258.897
ji4 275.914 288.511 308.745 315.654 320.191 313.798 295.613 282.399 255.751 230.861
zu3 211.054 209.208 212.201 201.337 184.820 175.349 153.956 143.218 130.515 128.321
zhi1 249.688 259.716 257.153 241.695 233.972 229.919 231.585 241.956 248.074 241.217
zhu4 276.032 286.890 304.721 313.798 327.891 334.751 330.546 308.565 289.615 255.938
hua2 230.840 214.591 207.291 196.242 203.967 194.441 193.446 191.041 196.873 209.320
dai4 226.881 256.850 278.051 291.864 296.118 276.724 263.883 232.101 208.166 192.449
biao2 179.933 181.053 176.782 165.447 149.845 143.366 145.695 165.324 184.649 203.931
yi3 194.792 209.435 211.414 204.048 187.394 173.404 162.849 156.645 156.921 156.698
ji2 166.868 174.033 185.036 189.954 190.704 182.768 188.571 195.071 202.588 212.665
ta1 220.782 227.803 241.512 269.018 277.571 288.861 296.747 293.688 296.856 295.458
men5 273.267 267.026 267.342 268.060 253.819 245.047 233.429 213.915 194.359 181.625
de5 159.364 161.724 155.646 158.400 154.990 150.974 150.346 148.909 142.041 145.672
fu1 161.152 172.031 188.747 201.475 223.115 234.814 237.335 240.033 244.687 236.187
ren5 242.074 222.591 208.934 194.492 161.230 138.629 119.155 118.364 118.429 130.684
