nai4 348.064 353.484 354.061 355.033 345.222 335.620 322.691 310.878 286.234 265.087
liang2 237.829 225.971 223.024 207.266 199.583 187.941 195.397 211.503 241.361 257.033
yao4 270.432 288.763 312.559 327.167 328.751 317.322 297.774 271.447 252.783 243.639
shi1 230.352 236.040 257.494 266.236 286.751 291.915 298.794 300.140 301.104 287.366
si4 287.186 286.786 275.370 278.941 276.269 261.381 254.587 241.232 224.043 218.315
zhu3 212.101 212.043 215.899 208.127 205.652 195.275 189.457 185.998 184.152 176.602
guan3 198.600 199.278 200.762 195.363 178.405 164.327 146.040 134.180 138.058 154.063
gao1 187.933 220.483 260.162 287.672 297.008 304.599 311.672 317.725 316.246 317.952
tian2 302.978 283.647 270.611 249.551 230.522 209.450 206.742 206.730 229.638 246.424
hao3 238.408 229.291 226.133 223.332 206.897 180.926 163.073 138.127 129.220 134.541
yin4 160.102 182.524 212.207 224.069 218.473 200.752 173.092 151.933 137.227 149.193
zhuo2 207.372 210.092 215.380 214.057 204.570 205.646 224.404 238.696 259.337 267.020
shou3 251.491 245.543 236.912 218.957 199.302 178.141 150.063 136.546 130.410 125.580
chou2 187.108 193.705 194.021 197.819 189.978 186.673 183.570 190.119 203.371 220.384
zi1 221.151 242.909 258.115 269.363 282.671 284.458 293.283 289.705 287.584 287.713
xing1 277.586 280.857 299.684 309.442 319.817 323.656 320.934 321.361 320.186 314.223
jian4 293.002 302.677 306.451 290.678 269.553 238.651 211.399 187.433 168.845 164.930
xuan2 173.852 171.181 178.897 188.816 190.770 185.631 183.326 183.559 200.410 223.515
zang4 238.554 269.318 292.176 299.003 282.944 255.846 223.387 193.907 177.199 183.531
san1 210.748 233.466 251.089 278.701 293.912 303.097 309.278 307.971 304.709 304.669
zang4 303.960 306.547 310.259 302.011 281.183 245.093 210.232 180.510 158.517 155.973
yuan4 171.705 174.747 182.376 185.445 173.878 150.318 130.167 106.787 108.472 116.440
