ye3 240.833 237.298 239.004 227.433 223.741 210.869 211.415 190.457 196.078 186.142
ting1 196.291 219.163 246.543 277.091 291.375 306.013 315.006 316.971 321.672 319.459
bu2 289.027 277.341 260.130 250.785 228.674 217.955 218.879 219.085 236.824 245.605
dao4 264.097 283.545 294.564 281.113 265.282 247.920 233.630 218.785 217.273 215.542
yi4 207.523 227.936 238.758 256.570 277.774 283.710 277.198 255.002 227.142 211.580
sheng1 218.596 233.329 253.298 265.774 264.321 264.993 261.116 262.327 259.945 250.023
yin2 201.237 205.509 202.020 203.512 200.364 214.421 221.702 246.792 267.343 275.331
yin3 276.642 281.677 266.520 244.349 220.802 199.804 182.931 162.921 145.386 143.027
de5 137.883 148.264 157.252 157.798 158.167 163.882 167.887 167.365 172.733 171.392
long2 160.561 164.300 166.225 159.126 160.486 150.505 154.873 176.429 201.824 217.218
yin2 217.565 210.609 191.111 168.762 151.806 143.485 140.784 148.446 173.165 188.663
