mu4 35.391 37.327 33.867 32.182 36.324 44.428 31.992 27.344 19.918 0.418
qian2 26.569 13.287 -3.107 -14.682 -25.985 -23.522 -16.124 -21.903 -12.392 -12.344
shang4 13.521 15.244 18.292 23.527 26.546 30.572 34.113 29.569 32.064 15.829
wei4 38.374 25.270 18.451 4.022 -3.998 -1.803 -8.986 -12.957 -6.477 -8.694
jiu4 15.991 13.344 -2.558 -20.248 -31.177 -36.447 -27.572 -18.546 -3.020 -5.943
jun1 26.456 20.862 25.993 19.434 19.849 30.735 35.388 35.090 46.585 41.066
shi4 40.726 35.691 26.710 8.634 -3.887 -13.005 -16.962 -23.996 -19.172 -20.753
fa3 13.486 11.682 1.654 -2.958 -6.091 -0.177 -4.659 -10.396 -7.596 -15.882
ting2 7.786 1.901 -11.138 -17.857 -21.335 -16.727 -12.696 -13.377 -3.128 -6.969
de5 8.771 5.488 5.819 -3.800 -7.288 1.559 4.060 0.424 5.761 -9.143
shen3 20.581 17.082 2.326 -1.690 -7.217 -1.812 -7.928 -8.835 -4.411 -16.016
pan4 8.329 15.826 18.922 19.130 12.156 15.318 17.748 11.633 10.292 -2.365
cheng2 15.171 5.225 -3.865 -10.654 -16.671 -11.447 -8.020 -8.631 8.626 6.756
xu4 38.325 46.402 44.337 35.789 19.443 11.575 -4.185 -7.016 4.682 -4.837
zuo4 35.368 39.492 40.915 38.156 42.501 56.571 54.096 51.207 43.899 26.841
chu1 22.868 21.050 25.136 15.185 9.491 18.940 17.429 18.235 18.061 8.636
jue2 4.744 0.758 -9.315 -13.398 -25.205 -13.806 -17.642 -14.739 -8.952 -16.674
ding4 3.834 6.413 -4.095 -5.718 -20.968 -14.666 -10.732 -7.384 -5.986 -7.222
