chuan1 26.660 28.182 25.407 25.639 17.259 35.127 29.940 33.441 39.163 31.987
zhe5 34.588 42.154 35.104 27.864 15.281 32.588 22.807 25.456 18.282 4.004
yi2 13.117 6.360 -9.349 -18.203 -26.230 -16.911 -16.686 -17.371 -7.317 -10.331
jian4 15.787 16.440 5.804 -17.727 -32.963 -40.277 -40.070 -39.249 -23.365 -19.644
zi3 10.765 10.731 1.971 0.981 -0.062 1.903 -1.194 -4.374 -0.728 -7.493
jiang4 21.913 29.441 31.391 27.036 25.960 25.268 23.210 13.512 12.577 -1.946
hong2 19.743 10.394 -0.430 -10.916 -18.858 -11.741 -15.415 -13.197 -0.297 -1.308
de5 24.374 17.519 7.769 -10.818 -18.419 -17.726 -14.986 -10.500 -4.031 -16.273
bo2 13.088 9.119 1.892 -6.133 -7.802 -2.989 -0.815 3.078 23.652 19.175
rong2 50.483 35.454 22.157 3.916 -6.740 -10.366 -11.361 -8.029 5.363 3.248
fan1 19.677 16.105 25.498 18.572 20.130 35.110 39.330 38.847 48.788 34.508
ling3 49.197 40.796 28.858 12.119 5.574 2.325 -6.743 -8.043 0.037 -9.211
mao2 2.745 -2.530 -15.355 -21.312 -30.338 -17.359 -10.769 -14.996 -2.160 -7.777
yi1 14.619 20.461 21.835 23.780 8.909 17.579 25.909 22.824 28.350 21.140
