wo3 237.861 239.627 245.371 227.342 216.517 193.788 188.045 192.101 192.709 187.326
shi4 207.750 234.783 251.534 267.607 270.113 262.317 257.453 262.441 242.115 234.658
chang2 237.186 238.298 233.835 217.299 192.910 185.248 180.862 196.082 214.932 226.197
dong1 295.466 310.662 322.036 326.282 334.455 332.829 328.302 326.082 328.693 319.599
tian1 307.251 310.813 311.826 309.017 310.974 312.152 302.049 306.990 309.865 311.994
shai4 312.089 319.099 325.063 325.475 325.388 313.038 294.654 266.074 249.364 233.743
tai4 233.203 243.380 262.042 282.669 295.069 293.474 279.987 261.149 233.362 211.929
yang5 196.797 199.491 188.306 181.070 170.331 161.220 157.674 144.878 154.843 160.118
zi1 261.054 264.747 269.127 283.431 302.563 314.620 319.900 326.129 323.523 317.277
wei4 301.046 289.933 280.920 262.636 234.104 198.849 171.174 152.682 141.418 146.765
chang2 196.794 200.298 203.973 196.907 191.162 176.465 167.986 174.539 189.746 201.138
de5 209.033 212.859 222.766 209.327 202.136 188.584 177.137 179.714 174.381 183.728
shu1 196.151 211.860 236.071 265.429 295.504 308.418 314.951 322.514 326.216 319.192
fu5 298.179 291.936 284.620 274.341 249.804 227.144 203.055 176.965 171.636 167.129
tou4 169.202 191.935 206.571 230.547 247.404 253.483 233.967 211.781 178.247 150.903
le5 138.703 135.621 134.902 140.507 132.900 130.514 118.473 117.756 119.456 116.055
