yi3 242.993 240.038 238.797 228.676 221.507 217.691 205.703 203.040 207.785 216.298
gou4 285.543 291.474 315.420 342.263 360.092 396.464 387.404 374.594 343.852 313.264
mai2 258.789 249.839 226.303 222.891 201.663 203.864 201.004 217.832 237.568 241.474
zhe3 237.786 233.454 223.021 208.020 179.500 161.223 141.946 141.050 132.688 133.415
de5 149.059 156.172 169.424 170.556 177.844 174.553 177.087 185.597 185.557 190.621
shen1 201.261 226.106 251.421 279.619 295.228 310.670 312.587 313.491 312.981 306.390
fen5 302.758 292.760 273.612 252.906 222.865 202.559 181.274 164.645 170.438 177.095
xiang4 204.120 229.612 245.893 256.296 253.997 248.028 242.443 226.614 217.831 215.183
dian4 240.779 269.728 297.934 319.567 319.453 313.879 290.418 260.966 227.747 207.578
yuan2 189.109 177.732 166.741 156.186 141.696 140.706 146.473 159.273 181.401 195.876
xun2 202.205 207.745 210.386 212.006 206.529 188.187 179.965 174.491 180.785 197.762
wen4 207.594 225.571 246.620 268.294 274.794 270.471 253.981 233.645 210.285 198.294
ci3 183.955 177.028 170.496 169.835 156.135 152.229 144.103 118.046 108.973 115.027
shi4 128.767 152.799 183.799 205.723 216.718 207.631 190.285 164.382 165.851 171.754
