quan2 2.421414375305175781e+01 1.693203163146972656e+01 3.027430152893066406e+01 1.562801933288574219e+01 2.129552078247070312e+01 -1.737787723541259766e+00 -1.205379962921142578e-01 5.643316268920898438e+00 1.678081154823303223e+00 1.428668975830078125e+01
mian4 3.152562141418457031e+01 3.317965698242187500e+01 4.893801116943359375e+01 3.141431617736816406e+01 4.116731643676757812e+01 4.071400451660156250e+01 3.447681427001953125e+01 2.440883445739746094e+01 3.154252529144287109e+00 1.177622699737548828e+01
chan3 3.692774200439453125e+01 2.805683517456054688e+01 3.205975723266601562e+01 1.785223770141601562e+01 2.515188789367675781e+01 2.461901092529296875e+01 2.120483589172363281e+01 1.190142917633056641e+01 6.603860855102539062e+00 7.572861194610595703e+00
shu4 3.465793609619140625e+01 2.607303810119628906e+01 3.905531692504882812e+01 2.469753074645996094e+01 3.188700485229492188e+01 3.019731712341308594e+01 3.450018310546875000e+01 2.705731391906738281e+01 9.381796836853027344e+00 1.273911285400390625e+01
le5 3.032690048217773438e+01 2.419014549255371094e+01 3.951451110839843750e+01 1.793374443054199219e+01 2.725369262695312500e+01 2.814558410644531250e+01 3.440031433105468750e+01 2.624561882019042969e+01 1.040557765960693359e+01 3.029177665710449219e+00
wo3 3.248154830932617188e+01 2.084895133972167969e+01 2.411155319213867188e+01 3.105532646179199219e+00 1.333619976043701172e+01 1.196774864196777344e+01 2.260397911071777344e+01 1.799537467956542969e+01 1.083828163146972656e+01 7.823839664459228516e+00
guo2 3.243174362182617188e+01 2.277014541625976562e+01 3.503679275512695312e+01 8.690242767333984375e+00 1.597407245635986328e+01 1.392753410339355469e+01 1.759378814697265625e+01 1.181367778778076172e+01 3.841271638870239258e+00 1.813948750495910645e+00
dui4 2.827338790893554688e+01 2.865877151489257812e+01 4.717194747924804688e+01 2.530244064331054688e+01 2.615577125549316406e+01 1.906633758544921875e+01 2.051136589050292969e+01 1.033351421356201172e+01 1.506052613258361816e+00 3.652861118316650391e+00
dang1 2.656220436096191406e+01 2.791346168518066406e+01 4.646947479248046875e+01 2.061234474182128906e+01 2.029172325134277344e+01 1.209609985351562500e+01 1.851853561401367188e+01 8.377922058105468750e+00 -2.141459882259368896e-01 4.598173618316650391e+00
qian2 3.140477943420410156e+01 2.050499534606933594e+01 3.682757949829101562e+01 1.754869842529296875e+01 2.490018081665039062e+01 1.857572364807128906e+01 1.838523483276367188e+01 9.123868942260742188e+00 2.413646697998046875e+00 5.308258056640625000e+00
zhong4 2.710195922851562500e+01 3.209915924072265625e+01 4.681790542602539062e+01 2.800387573242187500e+01 2.653519058227539062e+01 2.015551757812500000e+01 1.740180397033691406e+01 8.961214065551757812e+00 6.167119741439819336e-01 3.510805130004882812e+00
da4 2.557365226745605469e+01 2.962948608398437500e+01 4.674838638305664062e+01 2.498628425598144531e+01 2.760923194885253906e+01 1.717903137207031250e+01 1.747748565673828125e+01 8.835824012756347656e+00 1.921108067035675049e-01 2.039724349975585938e+00
guo2 2.108947944641113281e+01 1.680819892883300781e+01 3.200780105590820312e+01 5.309235572814941406e+00 1.323567676544189453e+01 1.027066993713378906e+01 1.730591964721679688e+01 1.105963134765625000e+01 4.296371936798095703e+00 -8.780891895294189453e-01
ji4 2.302295112609863281e+01 1.822067832946777344e+01 3.305804061889648438e+01 1.271172523498535156e+01 2.029200172424316406e+01 1.740265655517578125e+01 2.163052177429199219e+01 1.628763771057128906e+01 2.193879604339599609e+00 3.066523551940917969e+00
wen4 1.822982978820800781e+01 1.462666034698486328e+01 2.960823249816894531e+01 1.313459110260009766e+01 1.969265747070312500e+01 1.717373085021972656e+01 1.854679679870605469e+01 1.246181869506835938e+01 1.208453655242919922e+00 -4.674283862113952637e-01
ti2 2.355888175964355469e+01 1.305334186553955078e+01 2.507937431335449219e+01 4.945976257324218750e+00 1.663369178771972656e+01 1.644023513793945312e+01 2.229404640197753906e+01 1.273435878753662109e+01 3.907137393951416016e+00 1.508069396018981934e+00
de5 1.779139518737792969e+01 1.475316810607910156e+01 2.778324890136718750e+01 5.448553085327148438e+00 1.129865169525146484e+01 9.339756011962890625e+00 1.553304672241210938e+01 1.169681167602539062e+01 1.838432669639587402e+00 -2.600669264793395996e-01
kan4 2.223464012145996094e+01 1.676899147033691406e+01 3.180628967285156250e+01 1.958693695068359375e+01 3.185837364196777344e+01 2.792536354064941406e+01 2.863376426696777344e+01 1.290644550323486328e+01 -1.897229552268981934e+00 -1.073326349258422852e+00
fa5 2.512967300415039062e+01 2.003613281250000000e+01 3.722087478637695312e+01 1.715721130371093750e+01 2.525033569335937500e+01 1.967168617248535156e+01 2.054390525817871094e+01 9.850550651550292969e+00 -1.751859426498413086e+00 -1.701383888721466064e-01
