ran2 222.108 221.404 207.884 206.216 195.607 188.123 204.368 220.626 233.552 243.346
fang4 262.317 287.964 310.156 332.546 333.505 324.520 307.331 286.566 264.304 250.685
yan1 228.442 241.431 258.895 273.524 293.029 297.110 300.534 304.915 309.968 308.887
hua1 276.267 274.561 278.749 294.788 317.836 325.140 331.684 326.847 331.258 327.151
bao4 314.299 326.532 335.699 330.678 319.896 297.637 273.998 237.789 211.253 191.384
zhu2 170.948 164.409 171.577 166.762 157.852 153.131 156.714 168.518 180.559 197.427
dui4 307.258 313.624 320.865 318.743 300.432 286.711 266.644 252.093 245.248 224.664
ren2 200.855 184.165 183.236 182.584 174.357 173.403 177.806 192.828 208.952 224.859
min2 235.719 230.509 228.167 210.645 190.603 174.756 177.510 177.861 200.381 213.068
jian4 241.882 274.098 301.958 320.846 318.302 308.994 283.314 254.928 231.311 218.720
kang1 214.406 227.904 252.697 276.606 298.963 306.463 316.148 313.851 321.968 316.029
you2 300.423 275.531 244.771 216.108 193.056 178.378 173.552 186.207 205.326 220.744
bai3 220.705 223.783 217.931 205.061 183.824 160.338 145.871 130.922 126.343 127.746
hai4 234.848 244.131 252.717 262.222 254.210 229.761 200.358 153.734 135.169 138.581
wu2 190.229 184.389 181.690 177.663 176.853 175.933 183.904 192.871 210.241 213.298
yi2 211.201 208.558 197.085 184.190 170.433 156.543 151.482 146.861 151.083 156.016
li4 181.570 196.203 205.934 207.336 197.200 171.803 148.767 119.821 115.047 126.063
