gai1 44.393 40.774 37.838 32.454 33.582 44.219 46.099 42.180 46.490 40.939
ju2 35.385 20.305 3.728 -7.902 -22.506 -16.581 -16.595 -16.971 -7.180 -15.455
suo3 16.268 14.425 3.533 -1.170 -10.315 -7.594 -5.712 -7.435 1.348 -10.658
ban4 19.962 25.997 31.257 26.970 31.797 36.708 43.045 36.081 29.839 16.473
an4 38.950 31.639 23.623 12.678 2.953 0.439 -2.098 -3.987 0.507 -10.399
jian4 13.689 12.455 10.384 -1.873 -9.349 -16.537 -18.554 -15.774 -10.813 -22.931
de5 1.635 -6.361 -20.293 -33.882 -34.780 -31.511 -26.214 -18.524 -8.146 -15.264
zhun2 17.167 12.988 4.903 -2.744 -0.805 3.091 13.426 23.032 40.586 29.699
bu2 55.184 39.653 30.349 14.826 1.516 3.782 -3.211 -4.102 7.163 -4.597
zhun3 19.308 20.076 12.236 8.613 9.673 10.804 0.085 -5.045 -0.974 -13.350
su4 20.498 20.285 16.465 8.305 3.976 -1.020 -5.105 -9.444 -9.100 -17.354
lv4 11.602 10.668 1.273 -13.278 -29.311 -32.880 -32.701 -26.752 -17.760 -21.142
jun1 20.169 16.839 22.879 15.261 20.713 32.589 30.114 39.296 42.643 33.370
da2 42.682 28.535 14.990 0.944 -7.864 -3.350 -9.824 -6.571 -1.539 -10.005
bai3 17.834 17.117 7.203 3.057 1.190 5.137 0.353 -2.417 3.571 -6.373
fen1 5.218 3.599 2.823 -8.295 -17.270 -12.466 -2.827 -8.086 3.733 7.513
zhi1 17.228 12.789 10.131 4.280 -1.443 15.674 17.682 20.128 20.276 21.205
bai3 35.399 34.486 17.892 10.329 4.025 6.570 -6.421 -3.742 -6.544 -12.871
