zhe4 14.427 12.079 4.735 8.876 6.376 17.291 11.837 14.099 10.924 2.148
ge5 22.485 13.788 -2.885 -17.345 -24.467 -21.981 -18.893 -14.343 -4.805 -10.154
zi4 29.221 29.423 28.821 38.631 44.092 55.620 56.063 49.656 48.735 28.235
ming2 38.549 25.007 5.299 -10.453 -18.561 -18.839 -12.277 -7.447 2.354 -1.918
qing1 15.151 8.552 13.541 4.838 10.416 21.960 21.295 18.981 34.472 26.057
yi3 38.214 31.804 19.781 7.519 1.861 2.262 -10.962 -15.792 -8.535 -18.784
lai2 14.050 3.638 -4.656 -23.410 -35.741 -27.286 -27.099 -26.966 -17.925 -24.388
bu2 -3.100 -8.698 -14.841 -17.630 -17.217 -4.834 -2.587 2.647 15.235 9.853
duan4 36.707 35.147 36.907 33.672 35.822 43.664 45.324 40.266 44.033 25.619
wei3 41.698 39.051 21.152 13.320 10.246 13.608 5.891 1.265 1.849 -5.548
suo1 18.609 18.388 19.621 9.785 10.816 22.226 25.757 21.455 32.749 26.953
de5 21.735 15.922 5.123 -9.001 -21.344 -6.437 -8.133 -9.218 -3.770 -17.565
hu2 15.194 8.443 -3.747 -11.407 -19.898 -11.723 -7.940 -9.631 3.411 0.272
po1 30.883 35.647 35.063 36.183 26.930 36.228 47.517 45.044 46.211 38.472
