yin1 8.408 4.891 -3.380 -16.844 -25.888 -20.586 -20.217 -21.132 -9.406 -13.939
lian2 2.848 -0.932 -9.732 -12.897 -13.404 -5.011 -2.520 3.310 15.876 18.777
xu4 47.999 48.776 47.615 41.899 32.959 27.256 23.234 15.628 20.127 10.599
wang4 28.552 26.714 27.658 24.557 29.875 38.709 42.684 33.881 32.094 21.038
wo3 20.190 18.896 0.855 -13.224 -21.701 -14.163 -18.440 -13.538 -9.907 -15.390
gong1 8.832 7.852 12.926 3.069 1.685 9.812 9.606 5.089 13.356 10.813
zuo4 12.586 15.997 9.031 -0.771 -13.073 -17.048 -15.597 -19.358 -11.092 -21.423
shi2 5.782 0.783 -6.777 -10.665 -16.946 -8.108 -5.616 -4.337 10.715 9.494
xiao3 44.700 44.683 35.332 26.754 25.492 18.706 5.234 -2.350 2.498 -13.577
shi2 21.746 9.875 -2.239 -16.991 -28.753 -21.862 -26.748 -26.691 -14.610 -26.111
pi2 12.764 4.435 -1.014 -3.616 -1.760 4.284 10.817 15.771 34.575 28.750
lao2 49.981 43.661 34.434 21.822 11.228 16.660 11.269 1.994 12.948 7.777
guo4 21.821 19.155 14.490 7.361 -6.129 4.102 -0.464 -1.844 -9.131 -8.062
du4 8.690 3.922 -0.902 -4.417 -24.416 -22.179 -17.989 -19.004 -11.521 -8.036
