yuan2 227.706 229.818 225.282 221.428 213.025 222.474 242.643 260.442 285.779 289.628
ming2 307.233 296.963 281.467 256.864 241.560 229.404 229.854 245.594 250.180 261.206
yuan2 250.326 240.069 236.057 222.012 209.361 196.204 196.209 208.839 225.984 247.818
zheng4 266.982 293.271 319.196 336.848 331.161 319.551 292.084 270.024 242.083 219.617
men2 203.819 198.100 189.981 184.776 171.084 170.834 174.478 182.372 201.784 210.505
xi1 211.356 232.288 258.207 282.352 298.789 308.593 309.465 318.192 317.979 312.208
ce4 320.054 320.586 320.319 316.413 302.268 293.584 266.813 240.206 240.751 214.895
da4 229.592 235.979 257.270 268.227 266.421 267.750 257.817 240.562 237.616 222.900
bu4 221.528 225.428 240.424 244.883 246.724 247.923 241.657 228.281 222.805 214.843
fen4 208.496 217.695 227.005 237.072 241.719 236.701 228.520 203.880 198.263 185.786
men2 176.593 178.550 167.088 163.024 155.090 153.005 159.075 171.498 207.513 221.077
lian3 226.138 227.690 221.421 204.732 191.980 167.681 152.497 142.208 138.070 144.260
fang2 153.707 153.917 157.226 158.798 159.083 154.989 163.041 166.940 188.180 205.360
bei4 217.884 232.014 243.525 247.771 232.548 212.280 185.577 158.903 160.859 159.626
chai1 260.653 263.124 258.128 259.906 269.534 272.133 275.730 281.500 281.019 272.607
chu2 243.881 224.509 197.213 173.638 143.261 131.445 121.385 127.841 136.293 158.067
