hua2 8.708 5.104 -5.973 -10.072 -11.535 -2.306 -7.895 4.124 15.551 12.598
kang1 39.123 36.611 41.024 32.460 33.088 42.732 46.721 43.376 47.993 33.282
de5 35.050 35.189 21.267 2.821 -9.758 3.400 1.244 0.548 5.728 1.224
shou1 22.966 17.504 18.360 10.600 14.812 25.646 30.086 26.260 40.807 37.655
gou4 53.098 45.734 41.785 27.006 14.937 16.385 4.180 4.422 6.829 -7.187
jia4 25.534 32.890 28.649 27.397 7.569 0.885 -9.689 -8.992 -6.591 -18.808
lian2 8.975 4.157 -10.104 -14.932 -23.231 -9.476 -12.655 -7.198 -6.768 -5.620
hua4 21.326 28.849 31.350 38.633 43.798 52.557 59.831 54.599 49.960 29.452
fei2 18.233 11.650 -1.551 -16.469 -22.617 -12.333 -11.869 -6.851 -2.382 -7.049
nong2 15.687 7.078 -2.233 -12.964 -16.935 -14.132 -9.542 -9.664 4.034 0.088
yao4 37.945 40.432 43.402 38.120 36.051 39.746 32.909 26.067 19.710 -1.968
de5 6.226 -2.470 -8.094 -22.057 -22.121 -9.868 -8.944 -9.061 -5.348 -8.705
ben3 14.661 16.712 9.676 5.452 3.118 6.360 2.646 -4.430 1.147 -15.430
qian5 13.563 25.451 22.218 19.084 4.605 7.701 0.413 -0.555 11.482 -0.454
dou1 16.619 12.699 15.328 7.144 7.601 20.268 22.967 20.565 21.427 19.259
bu2 10.208 2.481 -6.213 -14.110 -23.847 -13.158 -12.801 -9.209 -9.292 -13.807
gou4 9.829 12.013 6.572 2.946 -12.504 -16.480 -17.878 -15.863 -10.122 -14.028
