zu2 262.032 259.849 263.324 264.543 266.385 280.396 288.499 308.533 321.022 332.017
wei3 328.604 306.415 282.586 258.232 224.926 188.025 167.792 154.463 152.306 156.083
hui4 173.155 191.591 221.699 243.337 256.929 260.896 242.079 235.467 220.889 216.379
gong4 239.059 265.595 284.574 291.150 289.746 268.911 248.367 226.974 215.789 189.803
ping2 191.658 191.877 190.236 190.963 183.779 182.094 175.839 178.915 188.448 205.004
chu1 213.595 224.111 238.149 246.694 260.285 261.734 263.388 265.161 261.290 262.227
jin1 253.889 267.763 286.159 295.556 308.929 310.770 319.310 316.148 319.610 315.998
shi1 296.711 293.591 298.688 300.814 309.759 311.975 317.829 316.125 321.464 312.708
jiang3 294.078 284.416 258.252 242.200 205.075 166.414 144.276 124.493 118.111 127.079
yi2 135.012 140.176 146.359 153.175 149.084 161.649 162.208 164.316 178.723 187.836
ge5 194.058 209.448 225.066 212.262 210.173 189.008 173.386 172.768 178.109 177.855
yin2 196.881 201.036 205.042 201.691 196.219 197.898 205.912 217.955 234.658 246.422
shi1 234.786 245.053 264.864 274.715 289.809 311.980 317.189 318.903 324.651 318.336
jiang3 299.404 290.143 266.515 241.097 201.308 164.953 140.298 127.199 119.715 130.497
liang2 142.105 147.870 156.649 152.474 149.071 140.457 149.400 160.255 183.279 195.142
ge5 204.851 218.016 230.248 222.149 212.334 182.331 172.734 166.888 165.405 167.777
tong2 206.966 211.000 218.378 212.846 208.505 196.699 198.294 202.237 224.522 239.046
shi1 241.334 251.881 266.044 279.264 292.449 306.136 308.985 316.189 315.944 305.935
jiang3 293.348 275.977 261.354 232.436 195.307 161.163 135.448 123.761 122.422 124.922
san1 165.699 194.369 210.371 236.858 253.776 263.400 271.594 262.086 270.087 264.776
ge5 239.088 230.839 218.191 194.520 172.901 136.504 116.246 112.537 107.987 121.120
