xue3 266.378 262.517 265.441 261.733 252.629 239.745 223.011 217.337 213.143 206.693
hua1 199.768 215.742 240.263 274.270 302.337 320.885 327.896 333.149 336.761 326.135
ru2 306.411 286.085 259.645 235.779 216.030 208.040 206.458 212.080 223.447 229.662
xi4 248.282 257.489 278.611 297.744 321.300 334.764 334.625 318.410 290.652 268.777
sui4 277.896 282.245 298.566 299.524 312.854 306.449 296.440 281.115 252.877 226.458
de5 215.842 206.080 209.492 195.174 185.483 180.259 183.004 181.287 176.350 174.104
yan2 170.629 168.261 172.132 162.241 160.744 155.513 160.443 169.601 188.676 199.720
ban1 205.728 234.602 260.317 271.372 268.108 263.329 262.630 264.816 267.785 261.234
cong2 224.526 225.398 207.390 206.368 199.785 185.270 177.768 184.104 206.741 213.893
tian1 216.292 228.650 253.717 276.112 291.636 295.855 298.336 298.279 297.632 298.282
kong1 281.314 280.955 297.280 307.333 314.556 318.580 319.525 316.926 320.089 310.817
rou2 275.518 247.936 225.576 197.375 173.998 162.668 159.482 176.588 199.677 210.050
rou2 217.788 205.713 199.462 197.770 187.641 170.286 174.913 177.199 193.512 203.020
de5 214.876 226.444 234.408 230.157 224.304 211.187 195.107 180.783 164.430 158.064
sa1 162.090 178.903 199.517 220.446 235.220 240.950 237.814 233.340 234.846 233.526
luo4 245.769 243.982 244.962 229.946 208.052 177.751 143.219 120.165 121.261 119.901
