xin1 3.274637603759765625e+01 2.319742012023925781e+01 3.729275512695312500e+01 2.357913780212402344e+01 2.719332885742187500e+01 1.316669654846191406e+01 1.649749946594238281e+01 1.660873603820800781e+01 4.289116859436035156e+00 8.309763908386230469e+00
zhong1 3.906488800048828125e+01 4.342247390747070312e+01 5.282972335815429688e+01 3.528511428833007812e+01 3.666158676147460938e+01 2.805143547058105469e+01 2.611382675170898438e+01 2.200299453735351562e+01 1.102504253387451172e+01 1.769047355651855469e+01
que4 3.196837615966796875e+01 2.290266799926757812e+01 3.553781127929687500e+01 2.295788574218750000e+01 3.681459808349609375e+01 3.517189025878906250e+01 3.439540863037109375e+01 2.488772773742675781e+01 3.987771034240722656e+00 8.398247718811035156e+00
fan1 3.077973556518554688e+01 2.941975212097167969e+01 4.654079818725585938e+01 2.671524810791015625e+01 2.920135498046875000e+01 2.078184318542480469e+01 2.330630302429199219e+01 1.423208713531494141e+01 3.772932767868041992e+00 6.336446285247802734e+00
teng2 3.408556747436523438e+01 2.583034133911132812e+01 4.096295166015625000e+01 1.953283500671386719e+01 2.243321800231933594e+01 1.631432723999023438e+01 2.092540359497070312e+01 1.548945140838623047e+01 1.017406654357910156e+01 1.232836151123046875e+01
zhe5 3.036361122131347656e+01 2.786403846740722656e+01 4.567723083496093750e+01 2.523933219909667969e+01 2.550456619262695312e+01 2.359703636169433594e+01 2.572329330444335938e+01 1.827818298339843750e+01 1.767158150672912598e+00 -4.195163249969482422e-01
jia2 3.075977134704589844e+01 2.614164543151855469e+01 4.244454956054687500e+01 2.158256912231445312e+01 1.987849426269531250e+01 1.491219711303710938e+01 1.852957153320312500e+01 1.451820564270019531e+01 7.806202888488769531e+00 9.750351905822753906e+00
wu3 2.832631874084472656e+01 1.453680038452148438e+01 2.159883308410644531e+01 8.856623768806457520e-01 1.129127311706542969e+01 1.185366630554199219e+01 1.800507545471191406e+01 1.188946342468261719e+01 3.881531476974487305e+00 7.616907358169555664e-01
zhan4 2.298611640930175781e+01 3.036258506774902344e+01 4.675663375854492188e+01 2.626028633117675781e+01 2.722346115112304688e+01 1.905969810485839844e+01 1.672154998779296875e+01 7.746470928192138672e+00 -1.627587676048278809e+00 -2.991729974746704102e-02
zheng1 2.616743659973144531e+01 2.641289138793945312e+01 4.477194213867187500e+01 2.123303794860839844e+01 2.263158035278320312e+01 1.620895767211914062e+01 1.651954650878906250e+01 8.419536590576171875e+00 -5.899909734725952148e-01 1.924514889717102051e+00
de5 2.274459457397460938e+01 1.705467414855957031e+01 3.141386604309082031e+01 9.273954391479492188e+00 1.378355407714843750e+01 1.326251411437988281e+01 1.857398796081542969e+01 1.324908447265625000e+01 1.668471813201904297e+00 -8.474263548851013184e-02
lang2 2.415365409851074219e+01 1.730261421203613281e+01 2.981358337402343750e+01 1.399874925613403320e+00 5.482268810272216797e+00 4.073469161987304688e+00 1.760686874389648438e+01 1.051132392883300781e+01 3.794941902160644531e+00 5.534933567047119141e+00
yan1 1.849836349487304688e+01 1.140816879272460938e+01 2.810642814636230469e+01 9.715220451354980469e+00 1.742805671691894531e+01 1.712226104736328125e+01 2.094312095642089844e+01 1.280525207519531250e+01 -1.490887403488159180e+00 2.351892948150634766e+00
