shi3 270.929 271.778 263.389 252.637 251.390 243.032 216.905 221.154 216.144 222.573
pei4 240.405 264.087 295.937 326.379 358.042 370.277 370.749 353.964 328.692 305.998
shu3 279.903 263.434 249.330 243.615 223.945 209.871 191.422 164.787 152.412 144.422
de5 149.504 163.875 169.067 172.349 168.342 168.417 172.838 178.349 186.941 183.645
shi2 182.770 193.529 200.418 206.750 220.693 217.195 221.406 225.656 239.187 258.937
si4 268.394 282.532 300.492 319.114 339.182 338.564 332.892 319.378 279.481 260.942
liang4 238.355 248.246 245.213 243.352 229.278 210.593 206.330 196.210 195.597 206.305
lv4 238.728 255.142 284.948 310.838 318.012 323.564 306.114 278.998 257.320 227.935
pi2 206.880 196.587 194.145 188.157 181.981 184.495 174.415 182.423 189.963 200.192
che1 277.809 278.848 276.924 273.255 274.948 280.809 268.461 276.384 277.087 262.134
da2 233.909 224.174 215.542 197.679 173.036 170.451 163.657 180.791 192.732 205.308
dao4 218.578 247.566 248.381 247.354 229.508 205.062 193.525 184.225 182.716 189.766
liu4 234.455 247.707 278.852 305.954 304.972 305.508 274.243 248.484 223.425 200.497
quan2 196.444 190.684 185.991 182.276 174.365 169.470 165.173 165.071 171.448 193.864
ba1 190.407 217.254 240.307 264.039 278.678 286.116 295.791 289.556 301.780 292.531
you3 268.056 252.397 225.612 198.721 165.101 137.261 120.524 112.103 117.434 130.126
