cai2 12.494 7.122 1.156 -5.577 -5.560 6.482 11.990 22.617 34.501 29.808
chan3 53.357 53.071 35.852 25.983 20.425 10.947 0.579 -5.042 -1.545 -13.347
de5 4.517 4.527 -8.355 -20.405 -27.758 -22.246 -19.758 -18.967 -9.966 -17.166
cha1 24.513 20.920 20.894 19.856 23.728 37.629 46.839 47.016 57.193 45.864
e2 43.338 34.965 23.226 6.942 0.349 8.128 5.412 9.718 15.579 5.778
bu4 26.894 27.213 28.599 23.746 17.791 19.718 15.935 11.583 14.813 -5.113
fen5 18.389 12.205 0.241 -10.883 -24.806 -20.912 -21.968 -20.403 -9.156 -18.814
yu2 6.548 6.599 0.765 -4.556 0.570 8.169 10.015 12.696 20.510 15.066
yi3 32.083 30.826 16.979 11.917 8.802 7.020 -0.018 -1.714 4.564 -2.979
zhui1 16.953 12.766 20.657 19.843 16.605 30.573 41.149 38.398 45.447 41.338
jiao3 48.194 39.786 26.490 14.488 4.524 -3.404 -12.865 -11.339 -7.514 -14.057
