gui4 36.490 37.955 36.994 36.980 35.738 50.490 47.916 47.727 37.111 25.956
zhou1 48.780 41.219 41.060 28.064 23.174 33.212 32.131 28.943 34.316 31.659
duan4 37.870 38.648 22.844 10.634 2.791 -4.882 -8.972 -17.273 -10.136 -20.707
cai3 9.863 7.384 -4.245 -8.133 -15.907 -11.040 -11.781 -16.582 -10.839 -18.977
yong4 8.211 10.481 0.350 -12.932 -30.384 -35.367 -28.151 -26.017 -11.977 -15.736
diao4 24.040 27.593 31.277 37.440 47.875 61.014 70.182 67.058 60.935 36.549
cha2 41.337 22.311 9.418 -7.787 -16.938 -13.184 -15.539 -16.316 -8.805 -14.699
biao3 16.565 13.071 -0.823 -10.772 -20.375 -17.632 -20.188 -17.758 -5.881 -18.939
ping2 16.132 12.278 2.811 -4.646 -9.030 -4.511 0.339 4.118 23.212 22.604
jia4 56.571 54.675 51.152 41.630 33.003 29.506 19.736 13.908 14.716 -3.929
biao3 22.457 17.376 2.390 -10.019 -16.728 -18.538 -21.943 -18.046 -7.680 -19.547
he2 9.137 2.765 -4.385 -16.549 -16.074 -6.882 -9.619 -7.689 -3.760 -7.010
chang3 12.960 15.504 2.785 -2.080 -3.949 -4.589 -9.180 -11.981 -5.441 -16.666
jia1 9.519 5.805 8.060 -8.963 -17.090 -11.552 -9.712 -7.804 -0.152 2.604
bao4 29.868 33.349 35.800 41.831 51.183 62.919 68.828 61.753 55.345 33.566
jia4 45.620 32.503 20.011 3.452 -14.291 -21.223 -26.202 -32.534 -19.885 -22.703
biao3 13.187 7.746 -2.596 -10.750 -18.796 -10.449 -13.005 -9.260 -2.520 -6.615
jing4 29.621 33.784 35.259 41.088 45.879 56.178 59.300 53.902 43.333 21.520
biao1 38.367 35.259 26.641 12.849 3.157 2.753 8.206 4.052 11.549 8.508
xuan3 30.594 29.681 17.676 14.282 12.827 15.788 2.503 0.080 0.468 -9.419
ze2 3.749 1.456 -9.636 -15.168 -20.731 -13.201 -12.029 -10.268 -4.528 -9.229
gong1 9.553 4.318 12.248 9.527 5.834 20.702 24.969 18.273 32.708 21.564
huo4 18.114 18.465 17.737 2.790 -8.852 0.769 -0.492 -6.285 7.877 -0.613
shang1 31.045 31.335 26.181 27.350 12.783 29.288 35.814 31.124 35.068 32.201
