yi4 30.124 30.577 23.406 30.337 31.411 46.785 35.898 36.322 29.001 6.624
shi2 21.140 10.232 -6.426 -16.532 -28.639 -21.182 -16.123 -19.687 -7.100 -18.017
shuo1 6.747 1.094 -3.946 -18.829 -25.043 -16.968 -17.762 -19.206 -7.332 -15.863
kou3 15.193 12.370 -2.530 -1.221 -6.924 -3.922 -5.614 -6.299 2.693 -7.718
dai5 14.718 19.979 20.857 18.685 23.441 33.709 39.404 32.363 34.501 19.391
li3 42.182 34.074 17.511 -3.179 -10.582 -12.275 -14.610 -13.945 -3.381 -9.103
zhuang1 7.160 4.485 3.661 1.684 0.693 8.394 5.902 7.995 22.102 12.775
you3 29.192 23.834 9.281 -4.226 -8.938 -9.773 -12.520 -6.012 1.704 -10.738
hong2 15.486 9.219 -1.858 -10.498 -12.998 -9.929 -5.242 -4.627 12.877 12.921
bu4 39.912 43.054 43.778 36.244 33.690 48.156 45.822 37.711 41.616 18.000
tiao2 30.940 16.724 5.219 -9.545 -13.191 -13.563 -15.988 -15.792 -3.620 -4.724
de5 8.166 2.275 -7.047 -20.286 -23.674 -24.656 -24.356 -21.723 -14.447 -21.561
shi4 11.418 2.862 -10.922 -26.825 -30.103 -30.902 -24.000 -19.305 -0.947 -7.451
hong2 23.331 16.939 10.304 -2.305 -4.322 -3.115 2.536 5.655 28.941 24.465
jun1 46.613 42.913 43.066 33.698 31.636 34.906 41.820 40.260 42.679 32.356
tan4 43.327 47.627 45.279 45.640 47.240 52.535 44.984 37.788 31.550 8.445
zi5 22.444 11.779 -1.208 -9.228 -21.018 -20.250 -20.656 -16.163 -15.823 -17.113
