jiang1 3.952472686767578125e+01 3.970695495605468750e+01 4.749645996093750000e+01 2.852487754821777344e+01 3.144984245300292969e+01 1.913467216491699219e+01 2.104855537414550781e+01 1.953056526184082031e+01 9.085143089294433594e+00 1.813900566101074219e+01
wei4 3.790241241455078125e+01 3.268662261962890625e+01 4.121736145019531250e+01 2.950067329406738281e+01 3.889173889160156250e+01 4.107104492187500000e+01 3.732894515991210938e+01 2.503725242614746094e+01 5.954972743988037109e+00 1.103899288177490234e+01
ci3 3.248037338256835938e+01 2.098728370666503906e+01 2.842422103881835938e+01 1.676683807373046875e+01 2.614025115966796875e+01 2.661264419555664062e+01 2.377806091308593750e+01 1.515217781066894531e+01 5.649200916290283203e+00 4.875192165374755859e+00
hou4 2.324445724487304688e+01 1.226056480407714844e+01 2.702731513977050781e+01 1.613283348083496094e+01 2.688930511474609375e+01 3.290953826904296875e+01 3.003695869445800781e+01 1.791484069824218750e+01 5.061042308807373047e+00 5.952274799346923828e+00
bo1 2.787861824035644531e+01 2.131638526916503906e+01 3.818093872070312500e+01 1.880318260192871094e+01 2.612857246398925781e+01 2.433567428588867188e+01 2.581769943237304688e+01 1.719791984558105469e+01 3.363385915756225586e+00 3.983340740203857422e+00
lan2 3.389386749267578125e+01 2.155583572387695312e+01 3.217215728759765625e+01 8.222312927246093750e+00 1.022524261474609375e+01 9.096214294433593750e+00 1.585397911071777344e+01 1.437951278686523438e+01 6.830190658569335938e+00 8.002964973449707031e+00
de5 2.793257522583007812e+01 2.119477462768554688e+01 3.496611022949218750e+01 1.528164005279541016e+01 2.095894050598144531e+01 1.956029129028320312e+01 2.349222564697265625e+01 2.035709381103515625e+01 1.218231010437011719e+01 1.196582889556884766e+01
ru4 2.683714485168457031e+01 1.927232170104980469e+01 3.497165298461914062e+01 1.563807868957519531e+01 2.545819282531738281e+01 2.516459083557128906e+01 2.979896163940429688e+01 2.293132400512695312e+01 6.248356819152832031e+00 4.681031703948974609e+00
meng2 2.906110954284667969e+01 1.932975196838378906e+01 3.108554649353027344e+01 4.962767601013183594e+00 8.337468147277832031e+00 2.748065233230590820e+00 1.853612518310546875e+01 1.340505695343017578e+01 1.188717174530029297e+01 1.512900543212890625e+01
tan2 3.264039611816406250e+01 1.986430740356445312e+01 3.637717056274414062e+01 1.556510639190673828e+01 2.290631484985351562e+01 1.434213829040527344e+01 1.624324417114257812e+01 7.863955497741699219e+00 1.194415211677551270e+00 8.717731475830078125e+00
pan4 2.612206649780273438e+01 2.100802230834960938e+01 3.475476455688476562e+01 2.557547760009765625e+01 3.194029045104980469e+01 2.938139533996582031e+01 2.671297073364257812e+01 1.171733570098876953e+01 -2.858064174652099609e+00 6.040519475936889648e-01
zhi4 2.676462745666503906e+01 2.633041763305664062e+01 4.004164123535156250e+01 1.834689331054687500e+01 2.278093910217285156e+01 1.929886817932128906e+01 1.666846084594726562e+01 9.064106941223144531e+00 2.399897098541259766e+00 2.489983558654785156e+00
zao4 2.422935295104980469e+01 2.821503448486328125e+01 4.464187622070312500e+01 2.258302116394042969e+01 2.551711845397949219e+01 1.662666893005371094e+01 1.425269889831542969e+01 7.420409679412841797e+00 -4.050597846508026123e-01 -3.571242094039916992e-02
geng4 2.240372848510742188e+01 2.584437179565429688e+01 4.079384231567382812e+01 1.960582923889160156e+01 2.153948974609375000e+01 1.377103614807128906e+01 1.253231334686279297e+01 8.637135505676269531e+00 -9.989064931869506836e-01 1.210874915122985840e-01
duo1 2.030724334716796875e+01 1.647567939758300781e+01 3.147927665710449219e+01 8.303966522216796875e+00 1.355040168762207031e+01 1.085300636291503906e+01 1.426049900054931641e+01 8.961235046386718750e+00 1.457659602165222168e+00 -2.391694307327270508e+00
de5 1.843420791625976562e+01 1.535487842559814453e+01 2.851258277893066406e+01 5.113804817199707031e+00 1.177777957916259766e+01 1.069772148132324219e+01 1.496472644805908203e+01 1.121870136260986328e+01 2.580822944641113281e+00 -1.705668330192565918e+00
kun4 2.350280761718750000e+01 1.652498817443847656e+01 2.867074584960937500e+01 1.644931221008300781e+01 2.893656158447265625e+01 2.797372436523437500e+01 2.824834251403808594e+01 1.416016292572021484e+01 -6.962652206420898438e-01 -3.721438646316528320e-01
nan5 2.281172752380371094e+01 1.714318847656250000e+01 3.351298904418945312e+01 8.912651062011718750e+00 1.439142990112304688e+01 1.215898132324218750e+01 1.837781524658203125e+01 1.041685485839843750e+01 1.744256168603897095e-01 1.177266120910644531e+00
