zai4 266.652 339.183 328.415 321.054 302.438 284.098 276.941 273.520 272.239 -0.838
ha1 310.458 272.477 294.946 311.134 335.301 347.873 349.544 352.023 347.023 268.492
er3 183.886 271.701 250.438 224.551 198.577 175.931 164.298 161.029 164.577 331.998
bin1 286.709 221.922 248.403 271.613 281.776 289.838 295.142 307.026 305.911 180.975
bei3 155.689 277.515 261.233 235.732 207.158 179.228 155.333 140.008 137.617 307.793
huan2 228.606 161.755 167.108 178.673 179.864 179.866 175.600 175.147 192.450 148.136
lu4 189.608 255.201 280.453 297.364 297.647 287.209 271.262 252.801 217.825 217.759
shang5 181.437 198.001 202.675 200.227 188.277 171.503 159.556 149.328 151.982 207.761
hui1 287.493 183.235 203.387 241.569 261.135 281.625 284.163 283.304 285.314 155.656
qiao1 283.019 291.299 304.221 318.563 320.479 319.166 311.011 306.047 308.691 279.933
lun1 265.874 280.432 287.905 294.968 289.323 291.129 283.903 286.958 291.636 294.645
gao3 5.245 251.481 229.721 198.748 164.331 131.257 110.507 99.264 102.718 292.829
