cheng2 10.339 6.212 -1.661 -8.236 -9.342 0.485 0.246 7.592 15.051 12.974
le5 34.214 39.856 35.255 30.133 22.070 28.014 20.262 20.167 23.036 12.716
quan2 22.157 15.938 4.384 -5.789 -12.026 -8.510 -6.774 -6.128 9.254 6.078
cun1 39.793 34.064 32.805 18.569 -3.980 1.646 -0.561 -1.838 6.653 5.661
shang4 25.639 32.962 34.113 32.970 37.714 47.224 49.622 45.773 43.186 25.434
shang4 34.223 30.271 22.172 12.971 -2.404 -10.293 -9.876 -13.584 -9.287 -10.472
xia4 11.950 22.920 24.277 21.265 13.569 14.344 15.570 10.862 4.406 -7.366
xia4 12.188 11.812 6.475 -6.159 -25.114 -29.811 -34.308 -31.050 -18.281 -22.931
lao2 9.167 5.051 -0.843 -6.894 -7.365 -0.664 9.915 13.730 30.148 33.436
lao3 57.139 54.381 37.707 24.252 18.386 11.887 0.242 -2.378 1.207 -2.900
shao4 23.057 33.676 35.575 30.565 25.648 23.248 18.864 11.613 6.068 -5.392
shao4 18.382 17.156 7.439 -5.372 -22.909 -32.400 -33.515 -35.509 -21.021 -22.958
pan4 26.189 28.577 35.808 37.662 46.858 58.670 63.533 56.252 52.294 29.985
wang4 45.255 45.070 40.368 38.889 40.508 43.044 35.611 32.501 26.662 11.562
de5 10.348 1.321 -3.618 -18.586 -23.812 -9.984 -11.011 -11.050 -8.951 -7.483
xi3 10.848 13.697 3.198 -3.743 -8.259 -6.503 -7.904 -9.853 0.783 -15.130
shi4 23.242 32.893 29.933 30.645 13.895 12.849 2.858 -2.866 -2.465 -6.985
