tu1 349.777 349.690 344.723 343.068 345.585 346.699 342.190 346.384 343.281 340.119
po4 342.716 343.244 344.578 350.678 354.886 344.403 321.948 304.289 281.476 263.178
kou3 244.573 237.565 236.778 234.691 224.044 205.179 189.911 181.453 175.916 179.027
xuan3 202.752 210.960 218.341 215.025 205.271 182.855 165.536 148.932 138.153 134.793
ze2 145.541 156.176 159.344 157.881 162.945 149.740 150.307 159.956 166.877 175.377
zai4 193.632 219.379 235.939 238.265 220.356 201.479 180.333 168.960 163.196 176.856
zhong1 194.179 224.128 252.800 274.859 286.768 293.071 295.342 295.300 297.502 300.222
guan1 295.627 308.992 312.998 312.895 304.780 294.982 294.707 295.272 296.612 300.084
cun1 290.032 286.717 297.488 310.418 321.861 326.549 327.798 325.396 328.876 323.307
ju4 322.891 323.803 327.462 332.024 325.724 312.777 290.031 258.973 231.493 204.881
ji2 183.101 177.480 178.401 175.981 170.137 166.976 167.797 165.205 173.699 188.556
de5 200.892 201.148 203.455 201.508 197.503 186.317 177.500 170.961 166.845 167.212
gao1 182.455 209.566 233.208 254.094 267.981 270.005 273.030 270.326 278.275 278.317
xiao4 280.715 280.337 275.518 265.923 243.379 199.173 156.960 123.389 113.558 113.491
