ke2 257.904 251.553 250.856 254.065 251.179 271.301 283.173 296.041 320.909 323.520
yi3 323.669 302.555 285.615 263.614 239.533 212.964 196.868 182.696 183.134 186.103
bang1 213.975 239.784 273.038 297.813 317.840 327.878 334.271 334.953 345.557 336.062
ni2 311.253 292.349 271.712 247.173 230.507 211.321 210.924 216.899 236.445 240.233
zhao3 241.024 233.801 234.584 223.397 197.328 172.989 150.520 137.675 138.440 137.252
dao4 169.068 197.871 213.582 223.845 197.729 175.102 158.531 138.943 144.786 158.021
shu3 208.387 210.045 210.878 212.771 220.613 212.164 197.299 186.381 180.516 176.944
yu2 177.690 172.934 175.279 174.510 176.688 178.345 177.482 189.065 193.667 210.146
zi4 229.153 259.857 284.551 307.106 323.428 334.610 335.826 320.118 294.741 269.937
ji3 236.841 227.373 223.085 211.525 201.099 183.324 170.101 154.038 147.295 145.293
pi2 151.996 155.789 171.564 179.551 194.285 197.395 197.666 198.034 221.165 230.299
fu1 251.242 265.234 277.132 296.166 306.467 317.820 326.085 329.351 330.829 323.076
shu3 305.610 292.029 280.050 262.535 246.124 226.736 189.423 169.257 151.875 150.059
xing4 158.500 176.729 211.037 238.484 261.845 265.199 249.199 228.525 200.820 176.421
de5 171.024 173.925 171.827 161.419 154.669 148.646 146.726 138.503 139.115 142.601
ji4 278.999 276.982 281.523 287.170 293.259 289.486 273.029 251.891 225.067 194.368
xing2 193.424 177.097 159.928 149.882 140.644 119.806 115.057 119.554 142.663 164.946
