zhe4 28.879 23.961 19.575 13.599 10.891 18.473 4.109 0.186 4.591 -11.020
shi4 11.424 5.613 -6.924 -28.364 -35.798 -37.441 -27.961 -28.200 -10.537 -12.976
chen2 11.030 4.181 -7.482 -14.307 -15.962 -11.564 -5.957 -3.242 13.551 17.625
gui4 52.057 54.237 49.292 47.604 41.832 39.072 32.578 23.736 22.276 9.461
jun4 37.296 34.813 25.447 10.420 -2.915 -17.217 -23.268 -28.957 -18.621 -24.287
zai4 -1.112 -1.568 -11.902 -30.619 -42.048 -44.319 -34.436 -24.392 -13.852 -12.226
jing1 16.079 11.041 21.925 13.933 15.327 25.168 27.688 31.102 41.519 32.843
xin1 41.399 31.893 24.362 5.560 5.656 2.448 8.450 3.330 12.776 7.997
da3 29.672 27.315 16.576 12.773 11.748 12.294 3.673 -2.250 2.652 -11.647
ban4 15.942 18.820 14.329 3.103 -15.136 -21.703 -17.985 -19.187 -17.767 -16.028
zi4 17.092 15.615 21.600 15.975 17.760 29.847 31.917 28.696 26.110 10.853
ji3 27.756 21.234 7.929 -2.715 -16.604 -13.702 -17.829 -18.233 -8.847 -13.713
xin1 13.025 15.102 14.956 16.259 16.538 29.183 38.401 37.220 46.860 41.196
ai4 54.138 49.070 43.533 32.641 20.869 28.707 21.701 13.281 8.204 -8.259
de5 9.308 4.241 -8.689 -19.238 -33.248 -23.275 -14.595 -18.328 -9.919 -13.169
jia1 11.800 7.859 12.883 13.160 8.018 16.617 24.029 25.387 32.408 34.359
shi5 43.312 34.522 18.965 10.850 -3.397 -9.457 -11.993 -15.716 -5.575 -9.623
