ji2 250.860 258.628 257.415 254.350 259.789 272.183 281.410 301.265 321.948 323.567
zao3 321.561 322.583 301.310 272.650 245.550 216.358 184.277 175.842 172.332 176.683
zuo4 190.977 225.396 259.831 278.374 281.958 281.762 262.851 244.306 220.250 208.120
hao3 213.984 205.327 200.854 196.001 182.641 162.811 144.020 141.554 144.776 156.996
kang4 191.239 221.467 260.973 288.324 314.298 322.747 323.478 304.020 282.608 266.013
da4 273.484 287.907 314.848 316.915 322.412 306.913 291.060 269.718 253.352 237.618
han4 234.700 240.360 249.499 269.150 269.623 246.060 216.934 181.516 169.997 161.753
chang2 179.068 185.984 182.954 182.620 178.283 170.030 164.002 169.370 182.766 205.414
qi1 234.633 242.907 258.756 272.185 288.771 295.375 300.779 298.524 298.655 302.160
kang4 301.745 303.994 316.566 335.698 338.090 336.184 313.555 286.631 262.222 242.879
han4 256.842 267.823 285.365 303.194 306.648 290.728 271.863 238.194 206.470 192.758
de5 181.391 175.087 175.874 169.834 159.862 156.430 159.430 157.920 161.036 163.895
zhun3 166.139 176.103 177.641 178.997 171.522 155.520 137.179 117.660 115.464 116.933
bei4 141.815 172.249 204.756 216.203 211.913 199.606 166.542 148.164 133.731 146.698
