lian2 1.237738037109375000e+01 6.103635311126708984e+00 2.280207443237304688e+01 5.269297599792480469e+00 1.204355907440185547e+01 1.128011345863342285e+00 1.061403751373291016e+01 1.658586502075195312e+01 8.395639419555664062e+00 1.650651741027832031e+01
er4 3.952880477905273438e+01 3.189394950866699219e+01 4.237377929687500000e+01 2.795670509338378906e+01 3.593560791015625000e+01 3.743613433837890625e+01 3.641167831420898438e+01 2.922161674499511719e+01 1.288757610321044922e+01 1.953712272644042969e+01
ci4 3.885852050781250000e+01 2.281319236755371094e+01 3.339075469970703125e+01 2.510198020935058594e+01 3.197564315795898438e+01 3.357311630249023438e+01 3.661812973022460938e+01 2.828228569030761719e+01 7.841911792755126953e+00 1.332412910461425781e+01
chuang4 2.851206016540527344e+01 2.296361160278320312e+01 3.980907058715820312e+01 2.507514762878417969e+01 3.478544998168945312e+01 3.448738098144531250e+01 3.395891571044921875e+01 2.315043258666992188e+01 8.180094718933105469e+00 1.267132663726806641e+01
ye4 3.704681777954101562e+01 2.301092910766601562e+01 3.775801467895507812e+01 2.168421554565429688e+01 3.067023658752441406e+01 2.903897476196289062e+01 3.141440582275390625e+01 2.742607879638671875e+01 1.227859401702880859e+01 1.275400733947753906e+01
de5 3.234520721435546875e+01 2.552512741088867188e+01 4.161548233032226562e+01 1.846689796447753906e+01 2.397476005554199219e+01 2.308661079406738281e+01 3.071730422973632812e+01 2.326752853393554688e+01 5.249156475067138672e+00 -4.989568889141082764e-01
wang2 2.904193496704101562e+01 1.901512527465820312e+01 3.182132148742675781e+01 5.069347381591796875e+00 5.280339717864990234e+00 4.183320999145507812e+00 1.521919155120849609e+01 1.150435066223144531e+01 7.843269348144531250e+00 8.785721778869628906e+00
zhi4 3.129888725280761719e+01 2.651960563659667969e+01 3.978947067260742188e+01 2.303980064392089844e+01 2.360321998596191406e+01 2.046703720092773438e+01 2.316780471801757812e+01 1.596334648132324219e+01 -3.011453449726104736e-01 1.916660904884338379e+00
dong1 2.821317863464355469e+01 2.412325859069824219e+01 4.284764099121093750e+01 1.707695960998535156e+01 1.773390579223632812e+01 1.245488739013671875e+01 1.541725730895996094e+01 1.052517509460449219e+01 1.368951201438903809e+00 5.449726581573486328e+00
xin1 2.842001724243164062e+01 1.675659179687500000e+01 3.240409851074218750e+01 1.405776977539062500e+01 2.486471557617187500e+01 2.525996017456054688e+01 2.489471244812011719e+01 1.480987071990966797e+01 2.469968795776367188e+00 5.818762779235839844e+00
chuang4 2.477442741394042969e+01 2.018938064575195312e+01 3.906379699707031250e+01 2.772933197021484375e+01 3.429763412475585938e+01 2.862473487854003906e+01 2.557382774353027344e+01 1.449624919891357422e+01 1.700994253158569336e+00 3.799487113952636719e+00
ban4 2.701695442199707031e+01 2.917921829223632812e+01 4.799328613281250000e+01 2.761109733581542969e+01 3.227728271484375000e+01 2.426746940612792969e+01 2.430669784545898438e+01 1.422843360900878906e+01 3.179347991943359375e+00 4.242476940155029297e+00
de5 2.269527816772460938e+01 1.839135932922363281e+01 3.505474853515625000e+01 1.299252223968505859e+01 1.596029090881347656e+01 1.603651809692382812e+01 2.182297897338867188e+01 1.405568408966064453e+01 3.185932874679565430e+00 -2.425453662872314453e+00
dian3 2.539778518676757812e+01 2.158293533325195312e+01 2.974515533447265625e+01 5.494736671447753906e+00 7.754714965820312500e+00 2.274256229400634766e+00 1.270096683502197266e+01 7.916460990905761719e+00 7.029306888580322266e+00 6.908296108245849609e+00
ji1 2.134311294555664062e+01 1.424413108825683594e+01 2.889552307128906250e+01 1.099272441864013672e+01 1.741263580322265625e+01 1.470005989074707031e+01 1.819951629638671875e+01 1.073306369781494141e+01 -2.712762594223022461e+00 -1.792351841926574707e+00
ke1 2.540662002563476562e+01 1.345119476318359375e+01 2.458053779602050781e+01 9.540885925292968750e+00 2.265825462341308594e+01 2.408611679077148438e+01 2.547407913208007812e+01 1.276098060607910156e+01 -2.003106594085693359e+00 7.259554862976074219e-01
ji4 2.061499404907226562e+01 1.738682365417480469e+01 3.165491485595703125e+01 1.235696315765380859e+01 1.739092063903808594e+01 1.576417922973632812e+01 1.562267303466796875e+01 9.638301849365234375e+00 -1.030176520347595215e+00 -2.107004642486572266e+00
gong1 2.165585899353027344e+01 2.015267181396484375e+01 3.859434127807617188e+01 1.316469192504882812e+01 1.521818828582763672e+01 9.571376800537109375e+00 1.256170463562011719e+01 7.072111606597900391e+00 -2.163533568382263184e-01 -1.269252896308898926e+00
si1 2.210578536987304688e+01 1.519254112243652344e+01 3.058254241943359375e+01 1.049568080902099609e+01 1.713322067260742188e+01 1.566763496398925781e+01 1.958364677429199219e+01 1.009807109832763672e+01 2.165222913026809692e-01 -2.789115428924560547e+00
