zai4 355.806 349.976 337.817 328.641 313.348 305.381 288.074 289.307 279.909 273.867
mu4 288.594 299.706 312.577 324.444 332.595 335.867 336.944 327.118 305.152 285.195
ye3 257.219 241.848 228.648 214.953 198.140 189.516 176.455 156.505 154.145 156.878
da4 181.907 220.035 252.828 272.346 273.041 259.537 247.811 229.396 210.380 203.602
bai4 204.945 216.634 238.804 238.947 232.904 215.429 201.763 192.443 185.012 188.949
shang1 198.469 218.424 240.687 273.936 288.740 302.326 307.730 309.361 314.904 313.833
zhou4 312.775 322.137 338.336 335.964 321.987 303.592 276.748 247.964 224.763 197.204
wang2 181.284 175.532 165.008 157.964 156.033 149.169 155.071 164.471 178.827 199.325
de5 197.899 210.293 220.253 216.138 209.813 200.641 193.903 186.327 177.659 168.708
jun1 177.410 195.216 208.045 228.058 240.628 244.925 251.061 247.476 250.716 247.472
dui4 267.191 269.457 264.527 246.201 208.752 171.763 128.456 109.592 112.352 117.028
