chu2 20.008 13.083 0.712 -2.398 -1.454 7.351 6.386 6.868 14.843 9.356
le5 31.002 30.330 22.275 8.584 1.440 5.452 3.137 3.637 9.408 0.419
dong3 27.076 19.927 4.731 -0.144 -6.326 -0.970 -8.211 -7.522 -3.540 -8.278
yan4 15.518 23.161 27.122 29.603 37.708 42.363 47.878 45.461 36.582 20.558
mei2 33.422 18.667 6.468 -10.027 -17.489 -12.299 -16.066 -14.011 -4.357 -15.962
duo2 6.770 -2.853 -13.737 -20.220 -21.648 -16.886 -14.322 -14.749 -5.484 -7.377
guan4 19.895 30.315 24.794 10.145 -6.551 -18.140 -22.605 -27.108 -14.983 -18.549
hai2 13.720 7.749 -2.222 -11.339 -14.467 -6.352 -9.172 -3.941 9.276 6.531
suan4 38.564 41.931 40.702 44.202 46.385 51.946 50.074 46.539 42.521 22.442
shi4 41.032 35.676 28.005 21.602 13.671 20.097 19.333 17.228 16.723 6.271
ge5 16.884 5.972 -0.548 -12.357 -18.699 -6.381 -7.883 -10.950 -2.765 0.215
hao3 8.881 9.350 2.704 1.819 -0.958 3.577 -5.440 -3.261 -2.161 -10.018
xiao1 9.401 14.746 16.866 24.270 23.260 35.466 40.176 41.136 47.141 38.318
xi5 38.834 46.198 34.855 32.367 23.004 35.625 26.596 18.625 15.898 -1.798
wai4 21.414 16.616 4.546 -2.979 -20.647 -21.618 -22.433 -26.022 -11.802 -12.923
