wo3 9.118 8.172 -7.220 -7.813 -5.662 -2.397 -6.996 -9.144 -7.333 -16.848
ceng2 0.788 -4.062 -16.386 -20.987 -21.445 -14.170 -8.222 -6.426 -4.776 -0.201
yin1 30.682 29.061 18.677 4.143 0.697 6.491 15.186 6.494 20.368 15.339
tou1 19.137 11.087 10.957 0.513 -4.185 2.219 5.687 11.253 18.855 18.067
hua4 31.774 32.773 19.617 10.589 4.549 -3.089 -4.874 -12.079 -5.204 -14.906
yi2 4.976 0.521 -10.420 -19.350 -23.548 -6.039 -14.690 -8.466 -3.752 -10.889
wei4 11.586 16.096 7.293 -7.575 -24.452 -30.618 -30.788 -24.796 -10.948 -15.472
que2 11.759 6.080 -0.053 -4.778 -6.751 -0.218 6.031 8.687 29.895 25.066
tui3 55.294 54.290 42.740 32.831 25.722 17.812 6.594 0.666 3.822 -15.138
ren2 1.239 -5.216 -15.295 -27.967 -31.534 -16.150 -18.379 -17.736 -11.274 -14.154
de5 5.465 -0.182 -5.262 -8.265 -15.786 4.639 11.865 11.129 18.256 12.810
su4 32.035 32.855 38.028 40.147 44.395 54.295 55.645 48.567 43.090 17.954
xie3 25.786 19.760 7.833 -6.242 -18.842 -22.435 -27.307 -21.877 -11.052 -17.372
er2 -4.930 -6.585 -15.902 -30.550 -27.573 -16.871 -24.419 -18.456 -15.306 -13.682
zhao1 5.984 3.234 10.826 0.158 4.014 15.866 11.151 12.776 22.252 12.209
lai2 24.375 11.277 -5.314 -24.297 -36.046 -28.481 -27.073 -26.166 -19.255 -26.837
hen2 9.880 6.651 -1.323 -4.731 -7.924 1.556 10.663 14.665 33.472 27.684
hen2 44.669 35.006 27.208 14.258 6.564 10.042 7.744 3.161 10.760 4.671
liang2 22.183 9.762 1.458 -9.635 -16.429 -12.453 -7.250 -10.626 6.413 3.645
guai3 33.100 31.649 23.985 16.402 9.968 8.623 3.180 -5.109 -1.001 -14.642
zhang4 17.138 20.153 10.918 13.208 1.721 3.511 4.594 -2.225 -5.527 -8.981
