yu2 253.534 245.054 238.926 237.640 232.136 232.991 243.420 246.747 254.419 0.155
shi4 206.025 270.195 291.067 286.697 271.079 256.905 230.562 215.413 203.267 263.071
chang2 275.348 211.498 215.390 212.099 199.517 199.351 192.146 198.342 223.864 210.079
tan4 242.500 291.745 318.015 345.290 353.526 347.335 334.356 304.323 275.447 239.804
yi4 208.949 233.545 237.110 244.168 246.637 243.929 235.343 219.700 208.572 251.013
sheng1 282.637 223.398 238.086 255.021 265.996 268.281 272.174 270.133 270.919 199.771
hou4 180.474 282.934 281.820 292.567 283.152 274.724 245.446 223.727 198.615 288.072
ba2 227.607 183.113 183.367 177.014 162.658 155.423 157.964 162.088 180.791 192.074
jian4 176.768 256.630 286.308 317.559 312.428 306.869 274.293 240.200 202.083 198.941
zi4 204.756 193.297 201.378 223.300 220.811 229.855 216.522 206.761 204.506 190.654
wen3 -4.567 171.154 162.367 162.164 146.981 133.030 122.831 119.299 127.307 171.902
