yan2 217.099 217.633 218.130 229.711 230.350 234.233 243.276 263.467 287.863 298.468
jin4 307.918 321.165 346.847 361.411 356.438 348.489 329.465 310.087 289.370 269.731
zeng4 278.305 293.163 323.321 335.662 337.501 329.847 318.349 293.686 276.316 256.365
song4 245.543 263.968 272.746 278.052 273.542 261.430 238.967 212.613 200.678 203.882
he2 211.608 205.040 196.952 201.920 200.552 207.276 194.734 197.638 201.593 212.226
jie1 207.722 229.374 247.780 275.777 295.577 309.124 313.899 315.196 314.481 312.354
shou4 299.717 300.447 297.295 288.801 275.942 250.771 231.899 210.057 198.439 197.227
yong4 207.623 221.229 231.901 237.252 227.885 216.170 205.567 197.001 193.703 198.271
gong1 204.822 230.628 261.535 289.641 303.244 319.280 321.916 327.024 328.147 321.556
kuan3 309.909 284.748 270.796 251.482 224.583 189.952 158.734 134.387 127.311 137.220
zhi1 166.034 193.063 218.890 243.489 260.658 274.449 286.718 286.086 283.799 285.430
fu4 268.240 270.180 270.728 269.833 270.830 262.971 248.860 229.559 207.162 187.237
de5 179.888 173.647 179.428 170.218 175.600 167.396 167.874 167.212 168.174 172.851
li3 181.145 179.956 172.330 173.098 161.143 152.823 137.473 125.751 117.071 111.581
jin1 217.245 226.681 231.193 237.858 236.696 241.749 242.264 247.598 252.011 260.082
