bu4 338.511 349.769 351.073 354.750 353.310 356.201 348.171 328.433 310.460 292.409
zhun3 259.907 247.944 234.603 217.112 195.622 176.363 164.975 161.208 167.957 177.097
xia4 184.319 214.239 247.643 279.678 303.594 301.656 294.974 265.245 240.104 210.864
ji2 198.784 198.499 201.672 197.284 190.943 191.366 194.411 194.943 205.568 212.156
xia4 219.327 238.208 257.422 269.403 274.996 259.065 242.370 226.023 202.978 192.140
shu2 194.424 196.133 195.501 198.207 206.319 212.151 211.985 223.959 248.484 265.930
qi3 247.409 246.425 239.533 240.503 229.101 206.316 183.760 161.631 143.296 137.925
shi4 142.098 159.689 175.740 198.691 219.040 219.800 215.874 217.620 208.357 196.539
ye4 208.286 218.669 224.449 239.077 245.657 239.704 236.015 211.801 196.564 190.295
dan1 205.603 227.854 256.784 277.436 288.179 289.731 295.427 297.820 302.174 302.718
wei4 311.187 302.962 294.500 269.156 242.371 199.637 165.179 132.281 127.225 128.268
cheng2 193.630 194.126 199.971 191.878 189.983 180.211 176.969 174.402 194.365 212.184
jie2 208.522 210.851 209.089 195.423 182.421 160.249 161.591 153.602 156.572 161.430
ri4 169.992 180.180 206.317 216.420 225.029 221.547 206.988 184.539 162.154 151.640
zhi1 173.073 190.059 201.681 213.157 218.036 217.862 222.358 224.402 222.478 223.938
ji1 224.123 234.870 242.401 246.853 242.301 242.601 237.118 241.495 245.911 254.224
