wai4 330.919 349.883 352.315 346.242 339.085 328.511 309.446 287.268 276.033 256.110
zi1 253.805 269.694 279.789 291.615 298.154 302.105 307.237 302.124 306.769 294.255
jin1 294.660 302.063 314.788 323.781 328.223 331.745 337.088 336.185 340.105 325.265
rong2 301.470 279.219 247.518 217.330 189.513 176.661 170.905 178.698 193.485 204.012
ji1 213.897 233.151 250.223 267.300 279.068 283.856 284.160 291.073 291.984 281.833
gou4 281.372 290.660 288.015 266.378 227.753 187.408 159.122 144.014 136.080 139.935
ying1 247.270 257.695 256.757 272.155 265.488 269.062 263.879 276.775 267.776 262.607
dang1 264.892 278.541 286.093 283.872 266.314 253.363 250.362 253.466 260.913 244.807
an4 260.628 270.709 285.418 278.355 252.721 234.258 218.791 212.017 199.156 204.024
zhao4 237.533 244.602 252.596 250.530 238.462 217.936 202.607 198.536 192.828 198.157
gui1 212.203 233.713 263.310 287.356 298.790 309.443 311.510 313.855 318.885 316.879
ding4 317.445 322.826 326.667 312.482 287.310 263.143 227.244 207.040 193.221 188.289
ji4 200.960 216.657 227.137 236.529 225.164 215.067 208.415 191.690 180.282 171.476
ti2 191.173 187.121 187.899 191.184 192.120 191.632 192.398 192.083 205.307 216.198
dai1 235.183 257.166 286.728 298.710 303.409 303.999 299.466 304.184 308.938 308.549
zhang4 312.130 322.801 333.389 325.461 306.453 280.222 249.382 219.034 197.017 186.326
huai4 205.905 207.877 222.993 243.535 260.825 269.671 255.196 231.420 208.471 202.646
zhang4 210.178 232.652 255.628 257.008 243.294 213.509 184.042 155.225 145.165 143.084
zhun3 161.616 166.279 166.904 168.231 162.297 150.210 137.308 119.080 114.648 122.073
bei4 145.694 168.307 194.702 211.317 211.875 207.341 182.537 164.349 147.871 140.387
jin1 166.644 190.934 217.124 227.235 233.356 236.295 237.857 237.697 244.294 253.349
