kang4 339.735 347.490 346.244 343.819 353.636 351.805 347.904 328.491 310.095 294.099
chong2 289.312 275.459 273.514 256.253 243.338 230.518 225.897 230.223 246.601 250.101
mian2 249.648 245.562 233.725 215.099 192.959 178.264 180.701 184.419 199.129 222.896
zai4 241.507 264.398 275.976 284.496 271.467 252.844 235.409 230.046 220.823 220.180
sheng3 212.947 215.022 215.927 215.586 203.171 183.118 162.505 144.003 134.856 144.037
qu1 186.385 202.599 216.855 233.642 245.552 246.059 253.876 258.740 269.346 250.031
yi3 214.532 221.189 215.859 217.250 213.518 204.034 193.249 185.807 174.618 170.472
huo4 176.765 186.688 199.378 222.376 241.196 243.501 237.693 225.055 210.248 203.386
zhun3 204.801 204.750 215.733 210.557 196.193 187.952 162.506 150.808 146.569 151.993
shang1 168.717 194.009 218.261 254.442 270.737 285.259 291.644 298.596 309.671 306.391
pin3 282.128 275.134 259.645 248.506 227.528 204.405 169.970 143.251 138.037 135.263
hua4 144.203 160.305 178.995 208.122 229.153 239.137 227.798 215.738 193.327 178.961
sheng1 186.747 198.490 220.092 241.428 260.612 275.167 276.948 281.931 295.591 285.143
chan3 279.474 262.468 242.854 217.937 183.011 142.570 113.397 100.481 102.034 115.141
