si4 350.231 357.220 367.211 379.688 370.765 365.818 357.380 340.351 317.320 300.746
chuan1 287.046 296.530 307.507 324.675 332.182 335.045 334.871 337.361 335.870 328.557
sheng3 315.890 295.700 278.361 258.975 228.470 194.591 169.181 157.686 151.939 154.798
ji1 175.605 195.462 215.867 237.724 251.874 263.329 269.704 274.250 274.728 266.953
ji2 253.653 238.837 230.921 221.409 208.502 192.130 197.780 201.253 219.968 227.367
tan4 238.477 260.815 290.123 314.745 331.628 330.439 319.813 297.585 267.608 241.340
suo3 208.398 207.622 213.657 213.275 199.989 186.353 164.424 147.655 134.467 132.222
le5 140.333 137.531 141.598 153.415 159.042 165.626 164.802 175.508 178.256 180.260
zu3 187.008 189.412 198.487 196.241 194.468 182.784 160.771 141.240 132.339 124.484
zhi1 151.350 174.036 189.770 194.997 210.100 214.663 213.888 224.534 224.979 226.590
fang1 231.325 242.665 265.088 282.905 291.656 300.001 302.427 304.992 311.310 309.586
shi4 310.607 307.841 306.263 305.443 295.847 277.728 246.439 215.330 191.078 175.414
de5 172.298 170.048 168.296 149.560 140.397 134.147 132.040 127.014 133.013 136.223
chuang4 240.793 253.265 264.859 282.085 278.210 270.581 242.012 210.268 182.997 166.831
xin1 177.395 200.828 217.268 236.391 245.711 251.461 251.642 249.729 249.977 261.216
