zung1 202.425 189.376 207.469 200.688 211.895 221.234 189.969 211.994 210.772 209.868
waa4 222.870 208.158 205.590 186.676 179.715 169.487 140.821 155.653 144.040 150.699
jan4 150.397 136.009 146.227 133.320 138.808 138.997 120.581 137.425 135.311 141.749
man4 148.235 135.680 146.567 135.480 140.366 141.198 122.697 142.172 138.514 143.796
gung6 157.926 156.174 173.416 165.725 172.919 173.197 151.174 171.507 164.719 166.958
wo4 163.737 146.998 154.569 142.030 148.617 145.664 120.180 139.834 132.706 134.681
gwok3 150.752 149.459 169.495 169.213 179.983 182.330 161.340 180.779 170.969 170.492
sing4 177.136 162.661 176.667 165.340 166.247 156.522 127.656 141.955 137.694 142.500
laap6 146.321 135.787 148.439 141.260 148.249 151.405 134.537 157.012 151.984 153.756
ng5 128.785 106.272 119.281 119.246 139.328 150.005 131.763 164.533 165.178 164.906
sap6 175.505 167.902 186.535 182.649 186.691 185.240 153.445 167.374 163.566 167.903
jat1 210.391 205.194 215.212 213.523 222.984 229.346 208.264 219.954 206.238 206.866
nin4 198.984 171.881 170.316 148.575 140.253 134.209 115.663 130.617 128.787 135.332
loi4 134.752 113.144 122.669 111.937 115.863 121.086 108.984 133.421 130.993 144.305
do1 197.087 192.011 204.378 204.459 212.481 214.356 193.601 215.136 203.921 206.696
fong1 202.711 196.281 204.364 203.189 209.260 208.649 185.506 208.038 198.326 200.273
min6 202.822 188.482 198.009 181.945 176.444 172.545 149.504 166.135 160.985 164.368
dou1 185.720 182.427 204.142 203.761 215.978 219.352 201.283 220.912 211.781 209.917
jau5 211.718 191.392 190.362 169.903 168.187 159.027 135.876 157.822 153.067 158.918
coeng4 166.312 151.526 161.394 148.124 145.508 136.682 107.859 127.934 122.621 130.359
zuk1 146.123 148.944 174.129 176.792 195.701 206.246 186.298 208.913 204.048 205.569
faat3 199.478 187.877 201.929 192.888 195.197 192.875 155.062 171.073 154.315 154.227
zin2 155.906 136.331 155.221 140.505 139.502 140.406 139.493 168.428 176.577 201.142
dak6 185.882 175.772 193.822 185.951 190.645 191.351 168.818 180.211 164.357 167.145
bit6 175.456 164.137 177.192 174.122 188.048 190.120 165.696 182.474 170.950 170.598
si6 175.857 163.810 180.619 177.811 193.863 192.541 166.017 181.105 171.316 172.122
zoi6 172.505 160.356 176.295 169.628 178.997 174.071 147.021 163.256 157.407 160.538
gwo3 179.014 173.417 191.572 185.643 196.148 194.951 170.757 190.483 183.900 186.245
heoi3 200.055 186.717 202.036 196.217 209.283 210.005 183.433 199.447 188.247 187.296
ji6 190.074 171.872 178.786 167.814 176.324 178.951 152.547 170.357 165.079 162.493
sap6 179.035 165.429 180.249 173.662 184.124 178.263 146.818 159.018 151.861 151.208
nin4 151.112 136.370 141.531 124.802 131.277 130.855 104.276 125.866 123.681 124.945
dik1 145.837 150.941 177.221 189.569 204.156 216.060 200.740 217.170 209.428 205.041
goi2 199.090 179.418 183.654 167.263 165.320 155.385 134.675 163.024 165.971 179.183
gaak3 178.701 172.835 191.056 182.585 184.759 175.588 148.419 162.905 156.285 160.948
hoi1 177.736 174.206 191.079 193.758 210.323 217.247 198.338 218.920 208.078 207.203
fong3 202.203 192.216 202.550 192.858 190.326 180.238 150.925 166.422 158.265 159.395
zing3 158.024 153.303 164.600 159.312 166.473 162.615 136.611 158.690 154.847 153.611
caak3 157.533 149.732 165.726 163.100 168.094 163.445 139.318 155.697 143.058 144.085
haa6 153.008 137.879 145.555 136.139 137.212 129.328 114.421 139.507 139.857 148.968
ging1 193.597 194.765 208.257 203.036 210.303 208.491 187.944 210.634 196.900 193.078
zai3 187.040 173.146 175.160 161.284 152.472 145.383 127.545 152.257 150.554 158.346
ngoi6 166.347 156.927 163.379 156.375 158.072 160.552 140.278 166.712 161.182 162.925
gaau1 173.723 173.728 197.444 198.723 204.256 202.442 193.632 217.830 210.708 213.071
fo1 200.256 191.581 199.960 193.589 200.476 201.076 180.381 201.369 195.307 193.569
gei6 196.586 186.462 198.505 187.293 185.944 177.877 149.254 164.820 154.191 150.924
wo4 148.823 130.123 138.750 124.892 132.139 130.453 106.987 127.177 122.510 123.232
tai2 137.856 122.137 135.555 131.305 142.353 144.403 126.947 154.859 163.893 179.406
juk6 190.567 179.978 188.570 180.088 185.138 180.322 149.028 166.998 150.623 145.096
wan6 154.111 135.983 144.560 133.142 141.226 141.679 121.761 142.988 136.799 140.944
dung6 151.823 137.381 148.977 138.687 141.520 135.608 121.050 147.062 147.921 156.032
dou1 199.659 194.499 210.389 206.203 210.535 214.643 194.233 214.252 202.330 202.049
ceoi2 190.433 168.863 180.370 165.482 168.739 161.119 139.468 160.970 161.674 169.992
dak1 182.437 171.829 191.166 190.521 203.802 203.487 179.878 198.660 196.152 199.000
giu1 207.671 200.127 218.377 217.368 226.599 225.841 207.597 224.708 211.275 210.228
jan4 202.139 170.854 162.802 137.727 130.804 122.132 96.909 119.495 115.132 121.016
sing4 127.628 116.369 134.729 129.073 129.994 127.890 103.599 122.280 116.958 120.911
zau6 131.695 120.585 134.115 129.536 130.166 126.429 108.738 137.337 134.715 148.236
