ba3 235.303 234.474 233.263 222.481 213.325 198.865 194.576 201.864 205.049 206.771
zi4 231.376 261.423 291.388 321.536 346.310 360.268 370.074 358.402 331.715 308.781
ji3 296.405 281.817 272.449 257.369 230.502 214.933 193.970 176.858 167.791 172.171
dui4 192.129 224.211 250.056 265.195 265.605 255.913 249.546 241.799 226.732 215.849
fo2 196.433 200.470 198.094 198.279 196.402 190.462 190.719 194.297 203.655 219.765
de5 240.104 243.786 247.238 249.874 232.349 220.851 214.703 207.008 206.336 202.947
can1 206.125 222.835 248.677 271.342 303.937 316.778 323.763 322.402 325.536 322.604
wu4 317.569 307.913 297.230 271.704 255.771 229.638 213.842 194.652 192.515 191.612
he2 209.510 203.694 213.042 215.501 218.295 219.030 217.227 218.539 228.028 235.864
li2 221.188 211.897 218.915 207.018 198.017 194.968 199.406 221.833 248.144 257.244
jie3 247.729 252.751 241.547 234.867 218.152 190.388 170.853 152.058 145.538 142.714
hong2 159.747 162.220 175.301 195.261 195.985 196.118 188.893 195.598 206.583 221.328
yang2 204.150 196.134 192.331 184.775 170.135 160.894 162.355 177.401 193.280 212.003
yu2 209.060 200.988 193.256 184.111 175.780 168.732 157.315 157.617 155.843 167.922
shi4 183.565 201.539 224.134 242.308 245.927 241.282 205.038 172.231 151.981 155.828
