mei4 363.413 369.948 374.398 371.289 361.407 352.440 342.782 314.518 291.067 264.300
mei5 259.382 257.414 256.744 247.386 235.636 219.364 215.753 209.678 218.919 224.059
he4 235.784 251.171 276.277 309.082 331.949 347.785 348.024 328.062 302.313 271.537
yi2 240.721 221.739 212.142 203.513 194.542 188.792 183.060 188.622 193.416 191.020
de5 195.654 206.094 205.057 197.462 193.657 188.790 190.669 188.300 193.832 196.505
tu1 222.928 245.713 267.090 291.296 302.530 311.463 317.670 317.625 317.302 304.424
ran2 281.184 261.447 235.063 204.543 177.322 160.470 159.602 162.098 185.394 207.378
dao4 217.606 236.571 249.073 248.679 243.059 231.275 212.135 201.517 184.670 179.527
lai2 164.060 160.188 161.555 153.625 148.247 152.479 164.292 182.048 198.391 215.536
shi3 228.744 230.890 230.120 225.385 208.332 192.266 174.690 160.374 155.312 158.646
he4 191.561 220.208 246.448 277.385 297.949 314.621 316.078 305.848 271.154 246.792
zi5 230.704 226.125 224.036 212.406 200.687 194.316 193.700 186.951 187.136 188.656
zhen1 205.469 227.308 247.739 267.046 282.356 285.895 285.549 286.769 286.657 286.022
xin1 281.364 285.373 296.631 306.641 313.387 326.626 329.290 332.126 330.845 325.217
xi3 297.203 274.278 267.671 250.250 224.047 189.119 160.875 134.419 126.219 123.043
ruo4 134.179 155.945 180.872 199.465 220.493 217.601 207.690 188.646 177.575 152.752
kuang2 168.460 175.559 170.304 154.918 139.966 132.805 134.142 144.926 164.410 188.207
