jie1 42.584 37.303 34.736 29.297 28.232 39.774 40.434 37.846 39.888 36.851
tou2 31.102 15.740 2.803 -12.327 -22.362 -17.000 -22.124 -14.173 -3.292 -11.198
de5 8.941 7.625 -5.041 -18.680 -21.230 -13.635 -13.507 -3.577 0.361 -8.175
la1 17.922 12.364 15.238 5.748 7.223 17.780 19.751 20.312 32.581 25.855
ji1 38.341 32.322 33.619 21.238 9.650 25.191 24.984 17.541 38.613 24.581
tong3 48.860 43.358 27.021 7.817 -1.503 -7.032 -12.362 -15.028 -7.929 -15.815
yao4 7.848 2.251 -3.682 -20.791 -34.777 -37.890 -31.112 -25.405 -11.637 -12.200
yong4 25.321 26.709 30.755 37.894 45.282 59.270 63.608 58.342 52.677 31.245
yao4 44.935 32.063 18.689 5.404 -14.406 -22.809 -22.002 -29.721 -14.786 -17.308
pen1 9.029 5.898 11.862 2.628 3.447 14.227 13.693 15.681 25.837 24.040
sa3 34.906 27.438 12.538 0.090 -4.947 -5.256 -5.211 -4.307 1.367 -7.281
xiao1 20.046 21.957 19.677 24.012 23.106 36.261 47.730 48.988 58.595 47.595
du2 48.305 32.555 23.354 -1.559 -9.365 -10.793 -12.005 -13.154 2.783 -1.794
deng2 11.066 1.709 -3.437 -14.677 -23.151 -18.295 -16.249 -15.838 -10.394 -14.827
deng3 8.170 3.355 -8.959 -6.413 -16.429 -15.361 -18.007 -11.664 -7.229 -14.441
