jing4 347.279 356.833 358.164 366.422 356.793 351.142 348.049 331.823 306.082 290.480
zheng1 287.265 302.864 316.556 318.835 317.366 318.579 320.140 322.637 327.563 323.514
re4 328.853 327.510 334.348 340.615 336.484 332.155 319.787 289.061 259.795 239.142
dian2 224.888 215.199 210.364 193.704 180.664 165.123 169.425 182.660 206.763 219.809
ling3 217.325 216.501 208.238 197.394 177.973 159.479 141.862 133.828 127.320 128.103
yu4 143.526 157.274 169.632 184.857 173.757 166.941 154.236 134.180 134.064 141.568
ze2 211.713 220.315 218.340 207.876 187.472 174.350 180.039 184.954 185.213 197.769
shi4 205.538 221.309 230.047 233.965 233.278 229.026 215.848 216.588 206.168 207.249
xin4 221.501 242.258 253.566 280.074 298.128 303.473 291.526 273.004 246.250 228.723
xi1 215.503 226.086 240.380 248.747 269.633 279.931 283.555 285.263 287.608 283.965
tong1 250.430 262.720 280.190 290.857 304.742 312.835 316.860 316.503 323.247 324.978
xin4 314.791 318.204 323.461 329.598 320.624 303.806 276.472 244.148 219.641 205.773
ji4 197.654 214.583 229.622 243.454 253.508 252.435 237.427 217.221 197.241 187.777
shu4 191.657 204.530 206.425 212.946 197.161 180.957 154.880 134.125 125.100 134.181
sheng1 290.094 287.921 288.100 297.190 292.096 301.140 300.855 301.155 305.138 304.064
ming4 310.219 310.127 305.458 288.666 262.143 231.657 202.931 182.734 172.914 178.486
ke1 209.755 222.831 235.036 257.619 279.868 299.788 305.518 308.559 309.426 303.006
xue2 280.059 255.133 236.533 202.286 183.176 166.196 155.088 151.164 159.508 175.888
he2 217.399 213.966 208.899 205.835 204.186 199.073 190.079 192.601 199.593 210.284
na4 235.887 257.185 285.328 311.591 327.516 323.139 315.142 279.318 248.484 220.576
mi3 198.202 191.482 181.909 171.748 167.119 146.089 132.740 115.583 105.943 108.647
ji4 205.814 206.530 213.847 220.823 223.916 226.939 202.727 178.059 171.861 162.402
shu4 166.134 176.634 180.674 184.168 182.540 168.808 144.778 128.655 124.058 133.923
