huo3 10.447 10.419 -8.830 -4.714 -4.426 -0.875 -7.791 -8.092 2.688 -6.063
zai1 29.296 26.135 28.392 24.976 23.548 30.104 34.667 33.418 45.433 36.253
ta1 43.439 39.534 34.943 29.464 27.745 35.303 41.618 34.298 47.028 38.063
fang2 44.799 29.649 13.122 -3.652 -11.927 -14.463 -14.776 -16.996 -2.715 -7.843
deng3 16.599 12.399 5.755 -0.725 -5.800 -1.627 -1.116 -6.447 -4.509 -11.191
shi4 8.895 15.001 14.805 7.638 13.663 17.503 21.121 13.395 12.064 -2.924
gu4 8.823 1.665 3.031 -13.448 -25.495 -16.434 -20.303 -18.800 -9.517 -20.875
yin3 10.824 7.215 -1.995 -5.445 -10.942 -5.407 -10.807 -12.954 -9.186 -16.417
huan4 11.741 13.304 9.076 0.911 -18.939 -25.425 -29.724 -33.203 -16.808 -17.924
da4 22.929 24.515 29.837 36.183 45.958 59.756 70.064 64.147 59.183 35.044
liang4 29.144 20.791 11.210 -6.082 -21.665 -27.728 -29.988 -33.296 -21.313 -21.688
cun2 9.909 -1.231 -7.594 -14.513 -17.067 -12.650 -8.980 -7.090 1.022 3.081
zai4 23.434 21.611 17.544 15.044 -4.684 -7.868 -7.384 -12.987 -5.332 -3.412
