hui4 37.522 41.589 37.248 36.862 37.171 52.240 45.518 41.483 32.914 19.498
chang1 41.457 32.602 35.302 22.485 16.426 25.870 26.576 17.254 28.426 29.526
xian4 41.395 40.982 28.300 14.440 -2.205 -12.175 -15.142 -18.240 -9.113 -14.867
qu4 7.045 7.535 8.863 -1.644 -5.937 -0.302 -4.038 -8.189 -3.464 -10.701
nian2 15.972 7.603 -7.005 -15.564 -28.074 -17.268 -17.440 -18.906 -11.113 -15.070
gong4 15.178 22.496 26.159 31.929 33.731 40.654 49.733 46.329 46.307 24.164
zha4 34.901 34.992 32.709 27.673 23.709 27.027 26.434 16.299 16.324 3.275
hui3 27.968 22.524 8.040 0.634 -10.529 -7.365 -9.931 -6.983 1.529 -8.978
si1 26.277 25.971 28.369 23.531 20.138 32.782 40.121 36.229 49.171 37.897
yan2 33.427 26.335 20.277 4.357 -2.228 13.183 8.643 7.829 18.768 9.945
lu3 42.123 35.935 23.709 15.842 11.063 6.928 -2.225 -9.844 -4.965 -16.039
chi2 13.406 8.202 -1.261 -7.287 -15.285 -10.376 -3.080 -5.611 3.486 1.853
shi2 11.928 5.251 2.387 -3.560 -6.646 -2.075 7.331 6.219 25.243 17.888
kou3 39.438 37.689 26.610 21.131 5.464 -1.210 -10.762 -12.906 -10.547 -13.371
