fei1 384.275 381.822 377.593 377.648 370.814 372.375 369.663 370.920 368.362 364.799
li4 351.271 342.300 330.375 326.042 301.133 279.366 265.340 252.482 241.902 232.788
pu3 226.182 221.515 225.901 222.777 221.051 210.183 188.345 178.415 164.786 162.917
ge2 170.105 175.676 178.493 182.804 185.661 180.069 186.645 191.824 208.631 220.298
lei2 219.018 212.524 209.189 204.329 191.360 187.608 191.859 201.496 224.849 237.954
e4 276.489 292.089 320.664 339.514 357.094 350.988 330.167 299.432 272.451 239.890
mu3 221.773 206.814 202.705 192.113 182.571 161.783 145.779 126.078 128.874 136.209
cheng2 197.600 197.732 196.271 191.237 184.045 175.876 169.437 168.917 183.804 185.844
le5 189.389 199.973 196.680 196.619 186.993 182.157 178.330 169.820 173.025 165.964
hua2 171.521 166.957 169.300 173.055 170.583 167.976 171.952 180.386 211.363 229.269
sheng4 245.032 269.647 298.312 315.231 326.309 323.526 299.843 277.030 257.208 245.278
dun4 279.708 302.458 325.745 327.929 317.655 301.892 261.748 239.048 227.807 210.716
you2 189.100 179.612 177.813 179.176 165.858 171.468 170.275 189.790 211.544 229.613
bao4 260.245 285.668 316.648 328.932 333.986 332.120 305.431 263.959 238.164 208.484
de5 189.029 175.602 169.390 160.571 148.525 150.270 150.933 143.300 150.477 145.094
zhu2 159.572 158.954 161.424 156.268 143.662 164.408 175.468 189.051 224.918 228.736
zai3 228.141 225.851 215.396 187.314 160.366 123.636 110.590 94.330 107.875 115.880
