wei4 274.570 346.644 352.577 351.323 344.475 351.608 338.193 328.838 317.069 10.438
ge2 248.178 276.273 266.288 250.316 227.274 222.514 213.913 216.377 225.401 305.477
deng1 297.720 272.586 301.863 315.109 315.902 310.013 311.974 309.876 304.554 236.798
xian1 288.323 298.048 313.582 322.242 321.429 320.262 318.353 313.777 298.786 313.697
sheng5 199.894 289.909 277.943 264.441 233.533 200.714 185.028 181.888 166.893 313.661
mei3 180.984 212.185 211.138 207.188 199.605 188.669 172.958 162.232 162.787 168.518
ting1 265.019 203.712 228.810 245.957 258.015 264.461 261.334 262.932 261.187 171.352
dao4 193.950 274.035 273.251 263.140 238.916 211.837 189.681 176.674 176.283 264.922
qian2 258.051 191.934 196.729 200.940 203.060 193.158 199.438 206.730 234.821 182.380
men2 207.779 243.710 233.053 219.281 196.325 177.235 171.095 176.083 193.562 246.655
de5 209.159 219.869 224.484 216.872 208.050 193.464 192.203 193.610 197.078 202.993
xiao3 145.655 210.261 212.138 220.149 215.664 194.294 173.147 148.456 135.677 204.914
ling2 213.592 149.122 150.370 155.076 141.559 144.341 147.893 159.225 182.272 144.007
fa1 257.729 215.947 242.518 259.100 266.366 273.661 268.454 269.882 271.784 184.676
chu1 255.439 254.135 260.296 261.794 265.784 267.852 262.975 260.915 265.303 263.453
qing1 306.344 267.585 285.032 300.852 319.582 316.179 320.553 318.410 321.309 256.740
wei1 277.144 303.441 311.082 314.152 321.383 316.045 315.743 312.169 311.248 308.655
de5 156.755 271.123 254.387 227.018 207.720 182.872 172.447 153.679 146.840 290.407
ding1 206.182 179.844 196.850 209.915 216.852 213.319 216.524 206.095 204.052 139.808
dang1 224.289 222.162 232.219 239.308 225.699 222.342 219.334 221.711 224.617 203.793
sheng1 -1.655 227.436 240.236 241.714 235.809 229.260 226.105 223.189 234.619 220.774
