tyun4 191.503 175.169 190.439 182.099 183.669 178.976 153.995 164.276 152.501 160.281
mun4 150.479 141.330 149.801 141.249 147.377 147.353 130.464 148.925 144.906 151.272
jat1 171.025 169.914 197.802 206.866 223.775 239.059 225.747 241.774 229.954 231.405
neoi5 235.095 215.348 214.959 200.317 201.654 193.505 167.382 181.987 178.794 178.210
zi2 182.958 163.891 179.457 170.909 175.853 171.939 161.287 186.030 193.583 209.522
ji4 211.940 192.419 196.682 176.357 178.250 169.696 138.795 153.850 140.620 139.207
wai4 135.525 116.236 127.464 119.175 128.033 131.882 112.052 129.311 127.015 131.233
cing4 144.359 134.170 152.684 144.902 148.126 147.074 120.942 139.411 132.436 140.895
kwan3 157.008 156.148 178.010 177.323 185.472 186.024 165.526 188.638 187.319 196.090
zoi6 197.595 184.388 198.747 184.778 192.621 194.018 164.495 186.178 175.751 182.339
gin3 190.999 185.774 204.277 199.376 208.208 210.927 185.110 206.299 200.252 203.171
sang1 208.308 200.963 217.185 213.737 227.761 225.299 201.235 222.819 213.932 208.515
cyun1 209.937 198.921 211.261 205.045 214.907 214.025 191.774 211.434 201.658 198.553
lok6 200.714 181.628 191.704 172.266 168.740 164.569 135.331 150.845 146.802 156.094
sang1 184.124 182.996 205.002 211.629 225.916 229.853 210.431 231.785 217.778 214.680
lau4 198.185 166.811 162.084 132.296 127.440 119.433 105.078 127.231 131.082 148.360
saam1 198.448 196.275 206.626 200.794 207.875 210.563 189.794 214.700 206.148 206.104
sap6 205.696 195.870 210.429 203.850 205.869 199.778 168.560 179.512 165.230 160.443
ji6 160.774 150.097 159.232 150.719 158.189 159.139 137.092 153.151 149.795 155.532
lau4 146.869 131.944 137.741 126.233 125.723 124.854 106.953 125.039 126.360 132.090
jat1 153.014 151.883 177.076 187.368 205.042 218.900 204.840 225.650 220.854 219.910
daan1 227.619 218.570 234.271 230.476 237.655 234.352 214.975 232.622 223.696 222.972
wai2 208.922 179.786 175.788 152.817 150.371 144.026 127.560 161.483 166.837 182.487
got3 189.567 182.481 195.151 185.253 182.525 177.143 158.007 178.799 169.091 174.872
mak6 163.134 147.558 155.945 147.334 157.857 160.246 136.787 153.066 144.127 145.194
kei5 149.263 135.695 149.470 142.945 158.960 157.944 133.670 152.317 149.373 157.610
tou4 167.616 153.064 163.474 152.460 158.494 154.361 122.705 138.488 129.075 130.688
zi6 131.130 119.084 137.055 132.221 149.623 152.730 130.879 150.302 145.195 147.540
saat3 154.632 149.165 168.646 165.168 175.681 172.611 149.066 167.676 165.580 172.362
hang6 191.595 178.802 194.860 182.485 189.893 191.829 168.534 189.062 181.560 187.212
wai6 182.191 167.829 174.462 161.576 167.927 169.520 144.347 167.849 163.246 167.163
can1 183.394 176.636 199.292 201.709 219.170 224.324 206.972 228.681 219.640 218.394
jau5 217.219 194.317 191.770 166.388 161.982 151.958 129.413 153.344 151.499 160.404
kap6 177.435 164.149 175.086 165.079 172.623 173.810 145.161 160.933 149.746 151.869
si4 156.596 141.048 153.048 142.197 151.981 146.475 115.568 132.375 123.318 123.877
faat3 137.151 133.187 157.187 154.829 169.068 173.559 150.464 166.412 161.207 164.887
jin6 167.082 153.331 163.105 151.394 159.969 157.891 136.897 154.828 148.090 152.898
bou3 159.386 151.986 166.097 158.143 165.232 160.014 136.755 157.016 152.633 153.922
ging2 154.144 140.102 150.693 134.703 138.927 136.425 133.464 171.548 177.601 194.658
zoeng1 188.719 182.819 195.471 190.069 193.165 195.114 174.651 197.224 194.786 197.079
taa1 193.010 185.018 193.769 191.018 200.872 196.664 178.602 197.614 194.133 197.216
sung3 196.970 186.317 204.323 196.212 198.476 189.305 163.169 176.540 164.259 160.697
wong5 157.620 140.669 147.893 135.854 144.312 141.215 123.990 146.586 145.398 151.095
tyun4 161.649 146.109 155.986 146.058 155.177 148.213 119.864 133.337 124.014 124.133
mun4 126.047 112.744 122.771 115.975 120.359 124.770 107.569 121.681 120.469 125.387
ji1 140.734 137.915 163.021 168.488 189.793 197.590 187.408 208.176 199.017 199.259
jyun2 193.137 171.189 167.714 149.041 148.250 139.266 125.725 157.196 157.413 170.745
gau3 171.069 163.980 176.820 162.587 164.113 154.604 128.152 144.794 137.157 141.556
zi6 142.972 126.953 139.512 130.155 130.342 127.880 112.642 137.442 135.293 150.362
