lai2 4.369 -1.598 -11.701 -19.230 -18.255 -6.093 -9.034 -5.227 -3.748 -4.009
zi4 17.877 14.788 6.031 -11.485 -25.971 -33.742 -31.352 -28.336 -9.151 -13.594
pin2 12.521 6.841 -0.990 -8.846 -9.680 -4.652 1.601 3.949 22.300 22.795
kun4 52.710 54.342 49.007 47.722 39.570 33.412 29.162 21.542 19.431 8.254
shan1 25.823 17.481 16.721 4.657 -0.505 5.534 13.021 10.121 20.871 20.014
qu1 26.348 20.463 12.807 -2.640 -13.454 -1.580 -4.596 -7.029 2.644 -0.009
de5 11.192 7.737 -4.845 -21.379 -27.614 -23.542 -20.685 -12.071 -4.010 -9.736
ji1 18.441 13.775 18.804 13.247 14.535 24.273 29.411 28.466 40.758 36.016
xie4 47.475 42.687 30.153 14.356 -3.875 -8.526 -16.126 -19.195 -9.829 -15.894
fen1 16.329 12.132 15.120 10.416 12.669 22.434 28.032 27.310 35.593 34.825
ku4 51.662 49.764 38.686 23.174 6.012 3.950 -0.331 -3.651 2.141 -6.352
zhan4 25.114 28.430 28.354 25.949 25.465 35.380 37.697 36.940 26.380 15.424
shi4 22.261 24.849 17.177 9.205 -4.186 -9.961 -8.882 -13.267 -3.627 -11.107
zhao4 23.977 29.525 33.250 31.071 28.942 32.589 33.585 27.968 24.155 8.364
zhong1 19.975 18.287 19.198 17.543 12.514 22.076 35.144 31.983 39.213 33.799
yuan2 41.356 29.469 6.756 -4.101 -14.935 -7.492 -1.850 -2.102 4.914 3.628
