kun4 3.509693145751953125e+01 2.244923210144042969e+01 3.598527145385742188e+01 3.059293746948242188e+01 4.090830612182617188e+01 3.485314559936523438e+01 3.464157104492187500e+01 3.018808174133300781e+01 1.403329849243164062e+01 1.485290718078613281e+01
rao2 4.647871017456054688e+01 3.358216857910156250e+01 3.471456146240234375e+01 1.859264373779296875e+01 2.177916908264160156e+01 2.188302612304687500e+01 2.999091911315917969e+01 2.307463455200195312e+01 1.732551193237304688e+01 1.903378105163574219e+01
mei3 3.746247100830078125e+01 2.849615287780761719e+01 3.299376296997070312e+01 1.080892181396484375e+01 9.208750724792480469e+00 7.824301242828369141e+00 1.359842109680175781e+01 1.081500053405761719e+01 5.543459415435791016e+00 5.016917705535888672e+00
zhong1 2.698972129821777344e+01 2.608615684509277344e+01 4.591643524169921875e+01 2.372038269042968750e+01 2.287925720214843750e+01 1.742747688293457031e+01 1.871029472351074219e+01 1.251471996307373047e+01 7.112936973571777344e-01 7.326878070831298828e+00
mao4 2.496148109436035156e+01 2.334784126281738281e+01 4.058088302612304688e+01 2.470302772521972656e+01 2.698647499084472656e+01 2.200782585144042969e+01 2.212872123718261719e+01 1.585713195800781250e+01 7.347420215606689453e+00 1.069053745269775391e+01
yi4 2.870958518981933594e+01 1.672218322753906250e+01 3.241580581665039062e+01 1.081820774078369141e+01 2.133031463623046875e+01 2.163532257080078125e+01 2.507113075256347656e+01 1.865427589416503906e+01 8.146072387695312500e+00 5.805138587951660156e+00
guan1 2.892083740234375000e+01 2.850135803222656250e+01 4.765854644775390625e+01 2.628433418273925781e+01 2.622137069702148438e+01 1.883229255676269531e+01 1.996822738647460938e+01 1.092122459411621094e+01 1.267975211143493652e+00 5.816097259521484375e+00
xi4 3.320990753173828125e+01 1.957662391662597656e+01 3.424507141113281250e+01 1.610724449157714844e+01 2.801162338256835938e+01 2.709598922729492188e+01 3.056004333496093750e+01 2.333476257324218750e+01 9.596407890319824219e+00 8.147889137268066406e+00
duo1 2.859027290344238281e+01 2.360480880737304688e+01 3.997736358642578125e+01 1.725866889953613281e+01 2.283819770812988281e+01 1.917298889160156250e+01 2.512207412719726562e+01 1.934886741638183594e+01 4.288990020751953125e+00 4.614690542221069336e-01
nian2 3.285444641113281250e+01 1.919345283508300781e+01 3.181405448913574219e+01 8.891124725341796875e+00 1.167588901519775391e+01 9.453643798828125000e+00 1.828470802307128906e+01 1.388584041595458984e+01 7.057961940765380859e+00 6.743906497955322266e+00
de5 2.597077560424804688e+01 2.059575462341308594e+01 3.936238861083984375e+01 1.501261615753173828e+01 2.046736526489257812e+01 1.977610206604003906e+01 2.686235046386718750e+01 2.315674209594726562e+01 7.878855228424072266e+00 2.318017959594726562e+00
yi2 2.661832618713378906e+01 1.124764251708984375e+01 2.397117042541503906e+01 3.434859514236450195e+00 1.194447135925292969e+01 1.482094192504882812e+01 2.501177024841308594e+01 2.019357872009277344e+01 1.051039791107177734e+01 4.940244197845458984e+00
ge4 2.939778518676757812e+01 2.835962486267089844e+01 4.102762222290039062e+01 2.189287567138671875e+01 2.712075233459472656e+01 2.437794685363769531e+01 2.614329719543457031e+01 1.895317840576171875e+01 7.163894653320312500e+00 5.444130897521972656e+00
nan2 2.946231842041015625e+01 2.141734504699707031e+01 3.292642211914062500e+01 8.281128883361816406e+00 1.031166839599609375e+01 5.557703018188476562e+00 1.905296516418457031e+01 1.609225273132324219e+01 1.494472408294677734e+01 1.505414962768554688e+01
ti2 2.955809593200683594e+01 1.776384925842285156e+01 3.126061820983886719e+01 1.262169551849365234e+01 2.595553970336914062e+01 2.289676856994628906e+01 3.034567642211914062e+01 2.152960968017578125e+01 1.133185291290283203e+01 9.402431488037109375e+00
you2 2.570808982849121094e+01 1.905334663391113281e+01 3.068415069580078125e+01 7.221255302429199219e+00 1.263098812103271484e+01 7.734891414642333984e+00 2.406355285644531250e+01 1.704401969909667969e+01 1.581351947784423828e+01 1.626317405700683594e+01
ci3 2.989610862731933594e+01 1.430379772186279297e+01 2.037970924377441406e+01 6.409503936767578125e+00 2.288319587707519531e+01 1.976385879516601562e+01 2.773057556152343750e+01 1.756181144714355469e+01 1.083772087097167969e+01 6.179029941558837891e+00
jie2 2.278444099426269531e+01 1.807719802856445312e+01 3.362176895141601562e+01 9.102354049682617188e+00 1.886264038085937500e+01 1.329899024963378906e+01 2.135608291625976562e+01 1.037298870086669922e+01 1.664946198463439941e+00 1.260876536369323730e+00
shu4 2.390931129455566406e+01 1.827418708801269531e+01 3.003813362121582031e+01 1.732186889648437500e+01 2.583841323852539062e+01 2.463657760620117188e+01 2.599974632263183594e+01 1.227415752410888672e+01 -2.937433481216430664e+00 5.195456743240356445e-01
