ben3 2.300776863098144531e+01 1.427893924713134766e+01 2.281578254699707031e+01 7.654822349548339844e+00 1.092182540893554688e+01 2.480267047882080078e+00 9.827673912048339844e+00 1.418284893035888672e+01 7.297213077545166016e+00 1.563451862335205078e+01
zhe5 3.792761230468750000e+01 3.967422866821289062e+01 5.196941375732421875e+01 3.658167648315429688e+01 4.013319778442382812e+01 3.531319427490234375e+01 3.550137710571289062e+01 3.029648399353027344e+01 1.092487239837646484e+01 1.371614933013916016e+01
shui2 4.110385513305664062e+01 3.646886444091796875e+01 4.515646743774414062e+01 2.324877548217773438e+01 2.818456840515136719e+01 1.893926620483398438e+01 2.009519004821777344e+01 1.698092269897460938e+01 1.311842155456542969e+01 1.543696784973144531e+01
jie4 3.356583404541015625e+01 3.632969284057617188e+01 5.073888397216796875e+01 3.269331741333007812e+01 4.056620025634765625e+01 3.450831604003906250e+01 3.285122680664062500e+01 2.326715087890625000e+01 8.697598457336425781e+00 8.456378936767578125e+00
kuan3 3.686597442626953125e+01 2.732576942443847656e+01 3.020888900756835938e+01 1.617869949340820312e+01 2.498436546325683594e+01 1.952616882324218750e+01 1.860204315185546875e+01 9.542561531066894531e+00 8.852160453796386719e+00 8.844948768615722656e+00
shui2 3.047126007080078125e+01 2.610239791870117188e+01 3.898487472534179688e+01 2.064591979980468750e+01 2.187978935241699219e+01 1.997760963439941406e+01 1.544885635375976562e+01 9.929374694824218750e+00 1.921467423439025879e+00 7.382158756256103516e+00
shou4 2.552901649475097656e+01 2.287507629394531250e+01 4.239876556396484375e+01 2.591529083251953125e+01 3.198722457885742188e+01 3.078064537048339844e+01 2.994415855407714844e+01 1.901511001586914062e+01 3.875111579895019531e+00 1.050307178497314453e+01
yi4 3.260973739624023438e+01 2.187765884399414062e+01 3.799827575683593750e+01 1.550891208648681641e+01 2.954585647583007812e+01 2.859682655334472656e+01 3.061136627197265625e+01 2.292064666748046875e+01 8.470559120178222656e+00 7.644129276275634766e+00
shui2 3.246404266357421875e+01 2.631145095825195312e+01 3.542573165893554688e+01 2.010214996337890625e+01 2.584929275512695312e+01 1.927237129211425781e+01 2.116182518005371094e+01 1.398993206024169922e+01 1.293383407592773438e+01 1.228000640869140625e+01
huan2 3.153968429565429688e+01 2.199917221069335938e+01 3.260538101196289062e+01 1.913441467285156250e+01 2.218711280822753906e+01 1.394413566589355469e+01 1.747907257080078125e+01 1.282954406738281250e+01 1.254894351959228516e+01 1.588323497772216797e+01
kuan3 3.658598709106445312e+01 2.343457603454589844e+01 2.888840293884277344e+01 1.391397190093994141e+01 2.458002471923828125e+01 1.731843566894531250e+01 2.042292022705078125e+01 1.441551017761230469e+01 1.095973300933837891e+01 1.274422740936279297e+01
shui2 3.248667144775390625e+01 2.656984710693359375e+01 4.020707321166992188e+01 1.989474296569824219e+01 2.463175964355468750e+01 1.853417396545410156e+01 1.902275657653808594e+01 1.173681259155273438e+01 7.657382011413574219e+00 1.176702880859375000e+01
cheng2 3.073387527465820312e+01 2.076271438598632812e+01 3.816113281250000000e+01 1.617027091979980469e+01 2.510952949523925781e+01 1.678300285339355469e+01 1.925818061828613281e+01 1.247698688507080078e+01 2.252513647079467773e+00 9.777319908142089844e+00
dan1 2.665963172912597656e+01 2.763299179077148438e+01 4.880678176879882812e+01 2.372851562500000000e+01 2.568594169616699219e+01 1.804370117187500000e+01 1.999083328247070312e+01 1.274490261077880859e+01 2.461660623550415039e+00 6.346718311309814453e+00
feng1 2.838415336608886719e+01 2.438907814025878906e+01 4.179653549194335938e+01 2.306014823913574219e+01 2.971735954284667969e+01 2.077913284301757812e+01 2.355566787719726562e+01 1.167272281646728516e+01 1.175136685371398926e+00 3.287593841552734375e+00
xian3 3.100148582458496094e+01 1.982822608947753906e+01 3.082810974121093750e+01 1.258638095855712891e+01 2.593692398071289062e+01 2.052319526672363281e+01 2.539226722717285156e+01 1.553443145751953125e+01 7.607280254364013672e+00 7.066359519958496094e+00
de5 2.054003334045410156e+01 1.701940155029296875e+01 3.134598350524902344e+01 8.952880859375000000e+00 1.367034912109375000e+01 1.353644943237304688e+01 2.080995368957519531e+01 1.406526660919189453e+01 3.414866447448730469e+00 1.715286612510681152e+00
chang2 2.670126152038574219e+01 2.014017105102539062e+01 3.583403396606445312e+01 1.714076614379882812e+01 2.098729705810546875e+01 1.419223785400390625e+01 1.717532920837402344e+01 1.139015293121337891e+01 5.170640468597412109e+00 8.569520950317382812e+00
zhai4 2.224303817749023438e+01 2.811984825134277344e+01 4.266921997070312500e+01 2.574967765808105469e+01 2.539156723022460938e+01 1.840623283386230469e+01 1.777399253845214844e+01 9.769610404968261719e+00 -1.012677431106567383e+00 5.063158273696899414e-01
yuan2 2.750343132019042969e+01 1.820333099365234375e+01 3.032644271850585938e+01 6.300301551818847656e+00 1.172094917297363281e+01 1.054761886596679688e+01 1.924975776672363281e+01 1.038437271118164062e+01 3.058041810989379883e+00 4.169495582580566406e+00
ze2 2.371892929077148438e+01 1.548104953765869141e+01 2.737853431701660156e+01 4.117544174194335938e+00 1.144338798522949219e+01 1.142948341369628906e+01 1.916337776184082031e+01 1.119173908233642578e+01 1.628547668457031250e+00 -2.943623661994934082e-01
