qi2 15.474 12.456 2.246 -4.615 -2.531 8.567 8.499 14.682 24.695 24.699
zhong1 45.120 36.330 42.139 27.739 30.992 48.558 43.558 42.739 48.289 35.971
you3 43.892 44.966 32.472 26.390 18.040 15.189 4.222 0.382 4.164 -5.224
ju4 15.166 23.890 19.891 12.302 -3.774 -3.128 -4.861 -9.182 -9.618 -16.996
shi4 15.357 17.940 7.853 -0.350 -10.509 -8.637 -3.921 -5.643 3.600 -1.219
yuan2 19.247 12.804 4.222 -6.257 -10.086 -6.303 -2.966 -1.637 19.302 17.688
shang4 38.384 42.996 42.015 40.867 44.044 41.630 42.520 37.756 38.258 16.482
niao3 33.168 26.691 11.527 -0.010 -10.564 -9.662 -14.151 -14.545 -4.867 -9.305
hu1 18.391 23.697 20.492 16.676 10.183 24.424 30.608 30.111 40.888 35.840
shan1 42.502 38.686 36.087 25.993 23.443 32.381 40.073 38.491 51.642 38.803
shang5 48.826 42.490 33.212 25.127 16.712 13.407 5.836 1.547 7.706 -13.613
niao3 19.604 18.286 4.875 -2.372 -10.617 -13.898 -15.901 -15.595 -6.282 -12.226
