bi1 26.342 23.010 18.998 21.987 16.495 29.180 21.227 25.554 27.509 23.721
po4 30.452 21.130 9.677 -6.284 -18.591 -27.923 -23.565 -23.565 -12.566 -11.880
shang4 17.438 19.300 18.907 19.596 19.472 27.295 22.661 18.648 15.565 2.873
shan1 32.128 27.767 18.019 13.203 -0.007 1.444 9.258 6.214 17.267 9.278
gui1 19.354 12.789 13.672 7.723 5.496 13.059 16.213 18.040 30.223 21.029
yi1 41.082 34.659 29.120 11.503 5.608 6.786 6.909 1.617 16.481 9.008
fo2 25.968 13.554 4.423 -9.354 -14.170 -11.606 -8.182 -4.952 19.031 10.298
men2 47.879 35.364 18.518 1.936 -12.680 -20.492 -14.815 -13.576 0.816 -9.916
er2 6.371 1.233 -5.205 -11.948 -7.351 0.756 3.754 5.810 2.696 -0.583
you4 13.233 4.503 -4.238 -12.033 -14.084 1.555 -0.360 -0.821 2.994 0.157
bei4 11.616 9.896 -1.616 -19.223 -34.982 -38.536 -31.446 -27.312 -10.121 -11.185
shuo1 11.927 7.205 11.541 2.115 5.367 16.403 16.373 16.511 28.342 21.516
cheng2 21.449 9.991 -2.812 -13.827 -23.919 -14.339 -15.252 -17.487 -8.950 -20.293
shi4 -1.455 -7.986 -14.269 -31.590 -41.336 -44.952 -39.327 -35.632 -22.167 -21.302
jia3 7.894 5.722 -0.789 -3.429 -0.000 6.466 -0.577 -2.706 -0.036 -9.889
ni2 4.397 3.001 -11.805 -19.548 -19.848 -16.173 -9.546 -9.200 1.256 2.518
gu1 21.401 24.359 26.505 14.146 9.152 22.485 26.839 21.224 37.214 20.728
de5 30.659 28.695 16.631 2.714 -0.848 11.230 5.208 7.104 9.222 -4.619
huang2 24.987 16.569 6.613 -6.463 -6.931 -5.122 7.199 6.440 29.325 21.823
lan2 49.405 35.375 14.410 4.684 -9.673 -14.409 -7.492 -8.685 2.700 -1.882
