dui4 5.060823822021484375e+01 4.796312713623046875e+01 5.464942550659179688e+01 3.846063232421875000e+01 4.164535903930664062e+01 3.027946090698242188e+01 3.565165710449218750e+01 2.773121833801269531e+01 1.240775775909423828e+01 2.262500953674316406e+01
ge4 3.948877716064453125e+01 3.980545043945312500e+01 4.809551239013671875e+01 3.321152496337890625e+01 4.149322128295898438e+01 3.940425872802734375e+01 3.736328887939453125e+01 2.840766906738281250e+01 1.446918678283691406e+01 2.220639038085937500e+01
lei4 4.172204208374023438e+01 3.891140747070312500e+01 5.137457656860351562e+01 3.131049346923828125e+01 3.449216079711914062e+01 3.453284454345703125e+01 3.259121322631835938e+01 2.758930969238281250e+01 1.242666816711425781e+01 1.514581871032714844e+01
shen4 2.977823448181152344e+01 3.055261230468750000e+01 4.456845092773437500e+01 2.677395439147949219e+01 3.745729446411132812e+01 3.005084800720214844e+01 3.196696090698242188e+01 1.838602256774902344e+01 1.103869557380676270e+00 3.184926509857177734e+00
xiao3 3.290187454223632812e+01 2.583922767639160156e+01 3.022301483154296875e+01 1.360107135772705078e+01 2.050634765625000000e+01 1.655537605285644531e+01 2.353364181518554688e+01 1.208574771881103516e+01 1.570456695556640625e+01 1.606640625000000000e+01
qiu2 3.245754241943359375e+01 2.496369552612304688e+01 3.865391921997070312e+01 1.937604522705078125e+01 2.386157035827636719e+01 1.885774230957031250e+01 2.080189704895019531e+01 1.291515064239501953e+01 9.290076255798339844e+00 1.196383476257324219e+01
ji2 2.797567367553710938e+01 1.912222480773925781e+01 3.448778915405273438e+01 1.321547317504882812e+01 2.230659866333007812e+01 2.130121231079101562e+01 2.649658012390136719e+01 2.082019615173339844e+01 9.957446098327636719e+00 6.035673618316650391e+00
bing4 2.400305175781250000e+01 2.381200218200683594e+01 4.262472152709960938e+01 2.569950103759765625e+01 3.015242958068847656e+01 2.510303115844726562e+01 2.565132713317871094e+01 1.523392963409423828e+01 2.867421209812164307e-01 -4.875362515449523926e-01
you3 3.424506759643554688e+01 2.244132804870605469e+01 2.786158370971679688e+01 6.677692413330078125e+00 1.283920288085937500e+01 1.272428512573242188e+01 1.858019447326660156e+01 1.359778881072998047e+01 1.021894073486328125e+01 1.078757858276367188e+01
zhe5 2.747054290771484375e+01 2.392824554443359375e+01 4.294805526733398438e+01 1.927198791503906250e+01 2.529749488830566406e+01 2.351229286193847656e+01 2.838004493713378906e+01 2.060419845581054688e+01 2.954995155334472656e+00 9.335446357727050781e-02
liang2 2.831485557556152344e+01 2.192495727539062500e+01 3.173289489746093750e+01 5.220941543579101562e+00 7.581736087799072266e+00 4.230372905731201172e+00 2.061778640747070312e+01 1.694819068908691406e+01 1.555309295654296875e+01 1.785732269287109375e+01
hao3 3.488914108276367188e+01 2.008683013916015625e+01 2.801468086242675781e+01 1.119954872131347656e+01 2.673982810974121094e+01 2.084749794006347656e+01 2.432903480529785156e+01 1.316697883605957031e+01 6.915936470031738281e+00 7.546761989593505859e+00
de5 2.326236343383789062e+01 1.999682617187500000e+01 3.502868652343750000e+01 1.355226707458496094e+01 1.729267311096191406e+01 1.669924163818359375e+01 1.983790397644042969e+01 1.553783893585205078e+01 7.743270397186279297e+00 6.154677391052246094e+00
zhi4 3.063363838195800781e+01 2.787640571594238281e+01 4.005253601074218750e+01 2.116485595703125000e+01 2.569144058227539062e+01 2.299827575683593750e+01 2.471139526367187500e+01 1.802881622314453125e+01 3.225506782531738281e+00 2.114224433898925781e+00
liao2 2.566177177429199219e+01 1.834123229980468750e+01 3.014008522033691406e+01 6.914445877075195312e+00 7.207808494567871094e+00 3.767979860305786133e+00 1.444326972961425781e+01 1.113735866546630859e+01 8.171169281005859375e+00 1.152032756805419922e+01
xiao4 2.058438682556152344e+01 1.901559638977050781e+01 3.593758392333984375e+01 2.579027175903320312e+01 3.464973449707031250e+01 2.925564193725585938e+01 2.711933135986328125e+01 1.364292240142822266e+01 -3.635734081268310547e+00 -2.648763656616210938e+00
guo3 2.276513862609863281e+01 1.639334869384765625e+01 3.080422210693359375e+01 7.713917732238769531e+00 1.560009288787841797e+01 1.287793922424316406e+01 2.268976020812988281e+01 1.171635818481445312e+01 6.669744491577148438e+00 4.377599716186523438e+00
