jiao4 258.443 353.711 347.736 331.285 325.828 301.138 291.328 283.585 267.229 -1.690
zhi1 263.860 271.134 291.281 295.905 294.124 297.415 303.713 313.955 310.169 265.608
yu3 187.779 244.419 237.499 219.226 195.950 185.755 176.882 175.465 167.740 291.261
shan1 300.977 213.662 244.710 269.087 285.379 296.963 297.984 308.645 307.000 169.446
hai3 158.867 280.481 266.215 252.255 226.697 200.822 170.142 146.608 137.694 321.858
jing1 252.421 186.390 211.728 232.187 240.192 247.363 245.641 243.973 245.066 143.674
zhong1 264.904 256.062 273.623 281.104 272.291 263.191 262.817 258.680 268.486 247.380
xi1 313.206 259.211 271.590 291.244 311.198 323.340 328.396 335.559 339.093 267.464
rang3 155.270 285.695 271.737 245.655 211.630 181.907 150.613 137.062 128.859 327.359
zhi4 224.026 170.020 188.108 216.124 232.004 243.042 246.882 243.957 241.015 131.402
shui3 136.584 207.705 214.349 207.188 195.480 180.126 152.068 136.507 122.670 218.354
de5 194.362 141.712 153.133 154.997 162.116 158.189 154.641 163.160 165.211 120.898
guai4 214.832 230.950 268.092 301.482 309.162 318.031 306.241 277.316 245.749 178.529
dan4 156.957 220.106 231.832 225.908 212.585 199.531 180.722 159.165 148.718 217.232
bu4 171.699 178.174 190.902 199.632 210.299 211.626 198.490 180.255 161.851 153.233
jing1 -4.861 191.668 218.216 231.827 235.343 231.594 232.972 236.411 248.341 157.660
