mei3 205.108 233.465 233.883 233.685 215.604 203.242 195.795 198.236 194.106 3.520
tian1 291.918 235.580 266.849 282.812 294.557 310.467 309.989 320.367 323.267 201.680
wan3 180.748 266.707 255.912 242.823 226.648 201.619 185.596 176.483 167.648 313.927
shang5 206.539 190.663 207.521 215.118 213.405 199.186 183.540 184.627 184.301 166.307
sun1 310.579 227.865 254.155 277.750 297.090 300.331 301.171 302.568 305.634 204.838
jiao4 198.185 320.299 326.252 324.325 300.091 273.910 234.243 209.811 189.069 306.377
shou4 202.586 212.850 227.708 250.928 257.418 256.478 240.246 220.892 205.065 197.498
ce4 190.890 204.598 212.262 233.471 240.833 245.511 232.008 217.511 197.913 216.988
wan2 229.322 194.289 187.549 182.002 172.350 160.528 159.940 168.220 185.502 210.231
xue4 200.325 250.600 277.266 305.203 323.281 327.244 310.704 278.925 244.143 213.095
tang2 223.839 175.568 178.783 173.187 164.069 162.282 157.728 156.563 175.378 207.500
niao4 151.986 252.307 275.336 295.394 289.385 271.247 238.673 204.366 170.453 202.431
tang2 8.428 153.321 147.574 141.633 131.996 128.936 133.428 142.592 164.021 164.500
