ji2 13.890 8.730 -0.148 -4.933 -0.987 6.717 12.199 15.690 22.258 14.209
yu2 26.805 16.201 2.889 -7.812 -20.083 -11.509 -13.510 -15.194 -6.835 -18.416
dang3 14.771 15.748 3.366 3.939 0.786 0.782 -6.517 -8.809 -3.077 -17.628
ji4 13.206 13.827 20.933 9.061 -0.292 -0.604 -0.522 -3.860 -3.015 -13.138
chu3 16.106 15.773 3.237 0.284 -5.889 -5.675 -11.429 -12.386 -10.973 -18.870
fen4 11.780 19.119 22.664 15.608 8.551 13.545 4.038 -2.894 -9.363 -17.471
de5 -1.955 -6.582 -18.991 -35.337 -41.637 -35.953 -29.480 -20.581 -16.813 -16.156
qi1 15.287 12.765 12.903 15.128 18.620 31.517 41.769 42.007 52.919 46.697
bai3 49.418 41.577 19.497 10.670 -1.338 -3.720 -13.821 -15.803 0.740 -13.972
liu4 5.510 4.091 13.060 3.874 7.343 21.666 25.379 18.769 27.735 18.922
shi2 15.154 8.764 3.203 -9.170 -12.902 6.291 6.783 10.157 25.613 12.167
yi1 31.652 33.477 36.859 29.131 29.916 46.025 46.440 49.135 52.600 42.207
ren2 34.345 21.122 3.177 -10.252 -18.362 -17.038 -12.516 -13.707 -7.700 -13.665
