shou3 2.893720054626464844e+01 2.043851470947265625e+01 3.464327621459960938e+01 1.620827484130859375e+01 1.963578224182128906e+01 6.524482965469360352e-01 3.110101938247680664e+00 7.571047306060791016e+00 3.322750329971313477e+00 1.284747791290283203e+01
ci4 3.184000968933105469e+01 2.480130195617675781e+01 4.168126296997070312e+01 3.103445053100585938e+01 4.291297149658203125e+01 3.947689819335937500e+01 4.055086898803710938e+01 3.304454803466796875e+01 9.132328033447265625e+00 1.124644470214843750e+01
guo2 3.831020355224609375e+01 3.230217742919921875e+01 4.314015197753906250e+01 1.621418762207031250e+01 2.195514678955078125e+01 1.810952758789062500e+01 2.461902236938476562e+01 2.279243469238281250e+01 1.544497203826904297e+01 9.398818969726562500e+00
jia1 3.462517166137695312e+01 3.909947967529296875e+01 5.530963516235351562e+01 3.515995025634765625e+01 3.465631103515625000e+01 2.580317115783691406e+01 2.778652572631835938e+01 2.098169898986816406e+01 7.747919559478759766e+00 1.089086532592773438e+01
si1 3.502024078369140625e+01 2.949378204345703125e+01 4.348926544189453125e+01 2.573655509948730469e+01 3.311022186279296875e+01 2.927707099914550781e+01 3.401980972290039062e+01 2.516790962219238281e+01 1.068240642547607422e+01 4.487939357757568359e+00
fa2 3.365985107421875000e+01 2.784373664855957031e+01 3.616727066040039062e+01 1.946477508544921875e+01 1.946994590759277344e+01 1.380085182189941406e+01 1.682108116149902344e+01 1.126480388641357422e+01 1.408817768096923828e+01 1.703667068481445312e+01
kao3 3.587145996093750000e+01 2.383958816528320312e+01 2.990345001220703125e+01 1.447313117980957031e+01 2.588843536376953125e+01 1.868600654602050781e+01 1.973580169677734375e+01 1.271470928192138672e+01 9.681597709655761719e+00 1.159114742279052734e+01
shi4 3.055621337890625000e+01 2.294797515869140625e+01 3.867282485961914062e+01 2.150065994262695312e+01 3.211413192749023438e+01 2.776401138305664062e+01 3.034461593627929688e+01 1.720085906982421875e+01 2.094227313995361328e+00 -7.315003871917724609e-02
cai3 3.303200531005859375e+01 2.166807174682617188e+01 3.167295837402343750e+01 1.387310123443603516e+01 2.630555915832519531e+01 2.488561439514160156e+01 2.555487251281738281e+01 1.313717651367187500e+01 5.203843116760253906e+00 5.398408412933349609e+00
yong4 2.184419631958007812e+01 1.805574417114257812e+01 3.474818038940429688e+01 2.276975631713867188e+01 2.816859436035156250e+01 2.421999168395996094e+01 2.348699951171875000e+01 1.744152832031250000e+01 6.759999275207519531e+00 1.003723812103271484e+01
bi4 3.298485946655273438e+01 2.666132545471191406e+01 4.014759445190429688e+01 1.929201507568359375e+01 2.704413986206054688e+01 2.264066123962402344e+01 2.682180976867675781e+01 1.571288967132568359e+01 5.834509849548339844e+00 4.124351024627685547e+00
juan4 2.645171356201171875e+01 2.930751991271972656e+01 4.835442733764648438e+01 2.788372039794921875e+01 3.049365234375000000e+01 2.195320320129394531e+01 2.219708251953125000e+01 9.456289291381835938e+00 -1.369850039482116699e+00 -1.890492320060729980e+00
bi3 2.326769638061523438e+01 1.175511455535888672e+01 2.145865821838378906e+01 1.396781444549560547e+00 1.404160308837890625e+01 1.354841804504394531e+01 2.216595077514648438e+01 1.193458843231201172e+01 8.316088676452636719e+00 3.326451778411865234e+00
shi4 2.418497085571289062e+01 1.760447502136230469e+01 3.097541618347167969e+01 1.401453399658203125e+01 2.382287216186523438e+01 2.268575096130371094e+01 2.351397323608398438e+01 1.214870643615722656e+01 -1.124998211860656738e+00 -1.201687812805175781e+00
de5 2.025212287902832031e+01 1.732696723937988281e+01 3.036126518249511719e+01 6.602767944335937500e+00 1.239063072204589844e+01 1.091964912414550781e+01 1.484820556640625000e+01 9.562688827514648438e+00 2.798816442489624023e+00 -9.139101505279541016e-01
fang1 2.404723167419433594e+01 2.059283638000488281e+01 3.968135070800781250e+01 1.711476898193359375e+01 2.140251541137695312e+01 1.521610260009765625e+01 1.769456863403320312e+01 6.979680538177490234e+00 -3.221604108810424805e+00 1.941676259040832520e+00
shi4 2.520767784118652344e+01 1.740626335144042969e+01 2.873474121093750000e+01 1.271375370025634766e+01 2.343969345092773438e+01 2.300750350952148438e+01 2.476124763488769531e+01 1.214560985565185547e+01 -7.119714021682739258e-01 -8.798421621322631836e-01
