jin2 18.495 16.564 8.393 6.359 17.737 30.318 32.819 38.595 43.287 34.902
guan3 48.389 40.989 28.276 16.413 5.221 8.177 0.617 -2.429 9.344 3.486
ri4 29.024 27.950 35.024 32.811 41.840 53.178 52.685 44.258 37.075 20.567
ben3 38.494 28.825 7.692 -8.602 -20.035 -18.208 -18.981 -13.187 -2.968 -9.647
wai1 13.903 12.851 17.048 13.966 15.953 27.684 30.665 30.236 39.106 34.890
qu1 46.788 41.030 35.071 20.285 15.419 23.008 25.550 19.820 29.990 24.221
li4 39.983 35.626 34.138 30.142 30.825 41.691 43.817 31.334 30.757 8.951
shi3 28.757 19.916 5.128 -7.563 -12.069 -8.485 -14.431 -16.704 -10.573 -23.747
de5 3.161 -2.330 -15.464 -27.133 -31.601 -24.490 -18.063 -16.336 -12.454 -13.992
jiao4 23.089 22.859 24.348 26.080 25.660 34.998 42.347 36.500 38.873 22.009
ke1 32.197 31.635 29.755 19.697 14.307 26.430 31.792 30.164 43.153 31.860
shu1 49.706 43.637 34.162 25.283 16.528 13.653 22.390 13.921 26.531 16.352
cai3 31.710 29.769 15.681 11.885 15.536 12.912 1.160 -6.940 2.024 -8.569
yong4 15.931 14.333 14.985 12.595 16.658 19.783 27.075 24.321 19.407 18.084
lv4 21.671 17.985 17.637 9.862 3.597 -0.868 1.165 1.445 8.107 -8.823
hen3 11.303 10.258 -1.086 -2.180 -8.862 -4.859 -5.408 -3.091 -0.980 -7.802
di1 18.381 20.644 20.201 21.875 8.736 18.226 29.651 25.696 26.713 24.942
