yi2 9.312 13.284 2.415 -1.205 -4.638 12.505 14.506 20.914 16.545 26.399
liang4 35.386 41.325 42.058 42.275 41.421 47.126 36.138 25.097 23.434 12.308
xiang4 27.353 30.259 26.088 14.766 -0.300 -8.827 -8.496 -18.431 -7.806 -14.812
jiu4 3.636 -0.902 -12.123 -26.447 -39.780 -45.226 -39.271 -33.663 -19.032 -20.590
mian3 15.795 14.039 5.445 6.209 6.426 9.190 5.466 3.444 7.872 1.298
bu5 16.832 20.998 22.030 12.005 14.384 27.104 27.168 21.695 21.318 17.706
liao2 37.549 26.152 9.644 -8.052 -23.801 -18.441 -21.301 -21.945 -17.897 -23.350
qian3 13.460 12.472 1.300 3.555 -0.196 8.106 -0.972 -3.123 4.783 -9.675
bo2 17.590 11.369 -0.638 -14.522 -28.643 -18.983 -15.812 -14.405 -5.844 -12.543
cu1 21.689 18.068 20.654 23.398 23.417 34.246 44.779 44.112 56.099 45.665
cao1 54.818 44.403 40.980 26.579 19.836 18.507 23.290 17.004 28.025 19.014
yu3 31.729 24.597 14.839 4.579 -2.947 4.981 0.804 -3.242 6.445 1.072
cu1 15.344 15.360 19.318 20.499 20.177 33.379 43.783 44.672 49.820 43.030
su2 47.691 34.021 13.039 -0.272 -11.995 -9.667 -5.881 -2.702 3.981 0.224
