he2 2.404983711242675781e+01 1.839208793640136719e+01 2.987134552001953125e+01 2.227837753295898438e+01 2.950856018066406250e+01 2.355227470397949219e+01 2.511254501342773438e+01 2.756113052368164062e+01 1.970446777343750000e+01 1.523331546783447266e+01
nan2 4.572855758666992188e+01 3.701742553710937500e+01 3.972224807739257812e+01 1.383335113525390625e+01 1.603462600708007812e+01 1.164914512634277344e+01 2.622002410888671875e+01 2.180491828918457031e+01 1.590705299377441406e+01 1.934081649780273438e+01
sheng3 4.410874938964843750e+01 3.081225204467773438e+01 3.273646163940429688e+01 1.722529220581054688e+01 1.714376068115234375e+01 1.190256881713867188e+01 9.349870681762695312e+00 7.773328304290771484e+00 1.323171496391296387e+00 3.493119239807128906e+00
zheng4 2.690673065185546875e+01 2.995516967773437500e+01 4.784310913085937500e+01 2.890161514282226562e+01 2.745995140075683594e+01 2.154296112060546875e+01 1.911687850952148438e+01 1.277964496612548828e+01 -3.151151239871978760e-01 1.883020043373107910e+00
zhou1 2.956679344177246094e+01 2.959575843811035156e+01 4.756384277343750000e+01 2.987339210510253906e+01 2.736909484863281250e+01 1.965360832214355469e+01 2.022538566589355469e+01 1.277010345458984375e+01 1.759862542152404785e+00 6.004451751708984375e+00
shi4 3.664381408691406250e+01 2.650601196289062500e+01 3.848422622680664062e+01 2.139091491699218750e+01 2.959993362426757812e+01 2.997821807861328125e+01 3.213181304931640625e+01 2.361696243286132812e+01 7.796248912811279297e+00 8.291837692260742188e+00
er4 3.569662475585937500e+01 2.781226730346679688e+01 3.905534744262695312e+01 2.095360946655273438e+01 2.726300811767578125e+01 2.742983436584472656e+01 2.961691856384277344e+01 2.393591880798339844e+01 1.082567691802978516e+01 8.786937713623046875e+00
qi1 3.347519302368164062e+01 2.398561096191406250e+01 3.576177215576171875e+01 1.829942131042480469e+01 2.880240631103515625e+01 2.600025749206542969e+01 2.874389076232910156e+01 2.073890304565429688e+01 1.100655364990234375e+01 5.951967716217041016e+00
qu1 3.508591079711914062e+01 2.420516014099121094e+01 3.694932174682617188e+01 2.157473373413085938e+01 3.191369438171386719e+01 2.656527709960937500e+01 3.121465873718261719e+01 2.036736297607421875e+01 1.120281028747558594e+01 3.988973617553710938e+00
jian3 3.175939178466796875e+01 2.650826263427734375e+01 3.528265380859375000e+01 1.227740287780761719e+01 1.469636440277099609e+01 9.258590698242187500e+00 1.746996307373046875e+01 1.403249549865722656e+01 1.185384178161621094e+01 1.492118740081787109e+01
cha2 2.696854591369628906e+01 1.888258934020996094e+01 3.487162017822265625e+01 1.614037132263183594e+01 2.523529624938964844e+01 2.004386520385742188e+01 2.416940116882324219e+01 1.455722236633300781e+01 5.686609745025634766e+00 1.251187419891357422e+01
yuan4 1.991180610656738281e+01 1.929154014587402344e+01 3.649530410766601562e+01 2.443007469177246094e+01 3.283854675292968750e+01 2.970542144775390625e+01 2.913720130920410156e+01 1.685757637023925781e+01 3.920218944549560547e-01 2.224265336990356445e-01
jian3 3.366615676879882812e+01 2.566582107543945312e+01 3.270644378662109375e+01 1.198902511596679688e+01 1.665368080139160156e+01 1.091298294067382812e+01 2.094806861877441406e+01 1.485635185241699219e+01 1.641851615905761719e+01 1.732430076599121094e+01
cha2 3.101115036010742188e+01 2.204860877990722656e+01 3.333826446533203125e+01 1.838801383972167969e+01 2.145394134521484375e+01 1.313675689697265625e+01 1.829462623596191406e+01 1.427722644805908203e+01 1.199828147888183594e+01 1.557427310943603516e+01
zhang3 3.349799346923828125e+01 2.730056381225585938e+01 3.633074188232421875e+01 1.005353736877441406e+01 1.190310001373291016e+01 4.302407264709472656e+00 1.411873149871826172e+01 1.316686058044433594e+01 1.140283584594726562e+01 8.868621826171875000e+00
hou2 2.669011306762695312e+01 1.432208442687988281e+01 3.021046447753906250e+01 1.531936836242675781e+01 2.724632835388183594e+01 2.137775611877441406e+01 2.197612190246582031e+01 1.367276573181152344e+01 6.272957324981689453e-01 5.358826160430908203e+00
yao4 1.811182403564453125e+01 1.599600219726562500e+01 3.424024200439453125e+01 1.976886177062988281e+01 2.923875617980957031e+01 2.413624954223632812e+01 2.408558273315429688e+01 1.358464050292968750e+01 -5.144841670989990234e-01 3.402029991149902344e+00
sheng1 2.620199775695800781e+01 2.207909774780273438e+01 3.908954238891601562e+01 1.960742568969726562e+01 2.661424064636230469e+01 2.071415901184082031e+01 2.102969551086425781e+01 9.202969551086425781e+00 -2.097777843475341797e+00 -9.535565376281738281e-01
