shu1 320.041 361.659 371.652 357.083 344.530 344.137 338.977 342.253 338.809 8.697
sheng1 320.049 321.092 332.518 332.906 339.568 340.189 342.327 334.707 341.288 318.104
xue2 216.675 303.495 283.865 268.996 248.381 226.001 213.146 208.766 218.819 340.910
zi3 144.350 219.966 216.174 203.591 190.301 174.935 150.646 140.207 130.864 224.162
men5 224.586 153.292 160.307 161.996 158.196 154.805 149.915 145.534 157.720 122.493
chang2 274.860 223.384 234.113 229.963 224.936 221.819 220.761 235.154 256.700 162.203
chang2 220.048 259.889 246.408 233.893 213.166 197.076 179.327 177.384 191.448 269.185
zhui1 307.482 246.861 270.132 295.536 305.350 314.483 310.531 311.927 317.353 210.294
wen4 183.461 292.158 278.703 271.746 250.051 222.418 200.997 186.157 179.271 307.453
jia3 179.077 195.085 204.946 207.312 204.851 189.967 175.012 163.755 164.045 187.106
ru2 249.733 171.248 171.671 175.963 175.491 183.246 183.690 193.635 210.646 171.612
di4 203.490 269.105 298.823 307.150 306.132 295.017 274.594 252.868 227.720 226.800
qiu2 213.179 201.415 201.601 197.350 194.208 175.859 168.472 158.692 173.600 202.449
shang4 179.717 225.924 246.339 253.262 245.723 227.816 202.866 186.674 168.128 193.468
mei2 260.644 171.333 175.705 177.499 177.555 177.325 182.611 206.036 235.178 171.171
you3 140.418 267.151 249.859 242.583 216.723 186.663 161.865 143.408 125.953 259.237
yue4 168.648 158.132 177.869 188.325 203.105 200.131 185.846 162.443 150.770 135.196
guang1 -6.145 197.529 226.804 244.130 242.599 236.575 236.953 240.032 250.795 153.548
