dan4 332.879 335.336 332.203 316.723 302.983 287.152 271.112 255.288 254.033 251.840
you4 271.679 277.437 287.979 292.800 304.041 311.670 293.750 286.297 270.953 252.346
shi4 255.401 255.213 261.716 260.562 260.568 256.203 255.423 236.224 229.537 217.662
you3 211.223 205.391 198.647 192.041 182.678 170.060 155.716 141.463 147.192 154.107
qian1 176.459 207.654 230.389 252.564 269.195 280.220 285.067 275.593 281.656 283.045
si1 274.984 279.114 296.076 298.167 300.774 297.729 298.746 300.210 292.979 281.312
wan4 314.761 327.239 331.175 333.223 336.602 324.060 309.913 286.499 261.144 241.003
lv3 232.882 232.200 224.340 217.338 210.464 189.324 173.741 154.680 143.587 147.610
lian2 146.431 147.189 157.040 146.710 144.670 139.895 140.683 147.470 165.003 189.311
xi4 199.900 210.146 228.422 249.839 267.076 275.189 259.611 236.120 208.236 184.208
de5 153.387 155.712 144.549 136.022 133.330 118.637 119.396 115.333 130.809 140.634
