lian2 1.048068809509277344e+01 4.729593753814697266e+00 1.994132041931152344e+01 3.518862962722778320e+00 1.267745399475097656e+01 2.415650367736816406e+00 9.730440139770507812e+00 1.690842819213867188e+01 1.024768447875976562e+01 1.733565521240234375e+01
xu4 3.593343353271484375e+01 2.817598915100097656e+01 4.071748733520507812e+01 2.955480003356933594e+01 4.124315261840820312e+01 4.010277175903320312e+01 3.867299652099609375e+01 3.289701080322265625e+01 1.516468238830566406e+01 1.988430023193359375e+01
zuo4 4.014122772216796875e+01 3.769616317749023438e+01 4.995964813232421875e+01 3.364223861694335938e+01 4.016911697387695312e+01 4.129806900024414062e+01 3.790728378295898438e+01 2.991769218444824219e+01 1.839286231994628906e+01 1.895048522949218750e+01
le5 3.949104690551757812e+01 2.722653198242187500e+01 4.020056533813476562e+01 1.537345886230468750e+01 2.410856246948242188e+01 2.659671211242675781e+01 3.445858764648437500e+01 2.724161338806152344e+01 1.243441390991210938e+01 1.048396492004394531e+01
si4 3.688665771484375000e+01 3.111611747741699219e+01 4.131285476684570312e+01 2.392180633544921875e+01 3.129526710510253906e+01 2.727102851867675781e+01 3.298926162719726562e+01 2.673038291931152344e+01 1.151113796234130859e+01 1.377373123168945312e+01
wan4 2.616846275329589844e+01 2.339405441284179688e+01 3.940441513061523438e+01 2.627734947204589844e+01 3.065664291381835938e+01 2.757199859619140625e+01 2.570589065551757812e+01 1.864014625549316406e+01 3.817497730255126953e+00 -1.520470142364501953e+00
wu3 2.506157875061035156e+01 1.312358474731445312e+01 2.220058250427246094e+01 1.474830150604248047e+00 1.096457004547119141e+01 1.378807640075683594e+01 2.248578262329101562e+01 1.759253501892089844e+01 8.592867851257324219e+00 7.137514591217041016e+00
qian1 2.555293273925781250e+01 1.933140182495117188e+01 3.563622665405273438e+01 1.920515823364257812e+01 2.619510841369628906e+01 2.586382102966308594e+01 2.378137588500976562e+01 1.490205574035644531e+01 1.655385851860046387e+00 3.210494041442871094e+00
ling2 3.108997154235839844e+01 1.967263412475585938e+01 3.129679107666015625e+01 7.281877517700195312e+00 1.007693576812744141e+01 7.722688198089599609e+00 1.727996826171875000e+01 1.617293930053710938e+01 8.992502212524414062e+00 9.580510139465332031e+00
er4 3.018045043945312500e+01 2.257104682922363281e+01 3.914959335327148438e+01 2.093161964416503906e+01 2.700600242614746094e+01 2.403328704833984375e+01 2.819997215270996094e+01 1.977092933654785156e+01 3.970867633819580078e+00 9.225289821624755859e-01
shi2 2.741454124450683594e+01 2.010123634338378906e+01 3.348167037963867188e+01 1.625242996215820312e+01 2.454372215270996094e+01 2.238563346862792969e+01 2.712283515930175781e+01 1.981592941284179688e+01 1.147334384918212891e+01 6.679521083831787109e+00
qi1 3.028405952453613281e+01 1.866754150390625000e+01 3.272239303588867188e+01 1.321390819549560547e+01 2.423391532897949219e+01 2.526140022277832031e+01 2.644025611877441406e+01 2.018436241149902344e+01 9.459791183471679688e+00 8.710342407226562500e+00
ci4 3.159403419494628906e+01 1.971957015991210938e+01 3.303798675537109375e+01 1.562319183349609375e+01 2.907755279541015625e+01 2.914993095397949219e+01 3.100441169738769531e+01 2.351322555541992188e+01 9.819360733032226562e+00 7.690031528472900391e+00
rou2 2.944527435302734375e+01 1.983513641357421875e+01 2.996951103210449219e+01 9.479175567626953125e+00 1.714639663696289062e+01 1.293920135498046875e+01 2.228538131713867188e+01 1.769727134704589844e+01 1.025339031219482422e+01 1.300914859771728516e+01
ruan2 2.789662933349609375e+01 2.137733459472656250e+01 3.352151107788085938e+01 7.462267875671386719e+00 1.267193508148193359e+01 6.867342948913574219e+00 2.280714607238769531e+01 1.514653015136718750e+01 1.470087909698486328e+01 1.774392127990722656e+01
ti3 3.059468650817871094e+01 1.646596717834472656e+01 2.398996353149414062e+01 7.439497947692871094e+00 2.217417526245117188e+01 2.015517616271972656e+01 2.693618011474609375e+01 1.583965301513671875e+01 8.059108734130859375e+00 5.833286285400390625e+00
cao1 2.497131538391113281e+01 1.635527229309082031e+01 3.584406661987304688e+01 1.739678764343261719e+01 2.482599258422851562e+01 2.158985900878906250e+01 2.321759605407714844e+01 1.525825977325439453e+01 1.491513133049011230e+00 8.836765289306640625e+00
tiao4 2.231141471862792969e+01 1.699434280395507812e+01 3.501526641845703125e+01 2.466643905639648438e+01 3.496747970581054688e+01 3.328108215332031250e+01 3.091120719909667969e+01 2.071118164062500000e+01 4.877434730529785156e+00 8.981556892395019531e+00
yue4 2.559852790832519531e+01 1.719220161437988281e+01 3.497558593750000000e+01 1.645888328552246094e+01 3.324577331542968750e+01 3.059262847900390625e+01 3.363732147216796875e+01 2.052948379516601562e+01 8.734848022460937500e+00 4.666480064392089844e+00
deng2 2.707213592529296875e+01 2.360540199279785156e+01 3.312819671630859375e+01 8.964138984680175781e+00 7.350737571716308594e+00 4.832112312316894531e+00 1.835202598571777344e+01 1.445577621459960938e+01 1.328880500793457031e+01 1.122592735290527344e+01
deng3 3.004822158813476562e+01 2.398429679870605469e+01 3.264390182495117188e+01 7.603157043457031250e+00 1.155492115020751953e+01 6.873690605163574219e+00 1.570325469970703125e+01 1.096780109405517578e+01 6.238274097442626953e+00 5.637049674987792969e+00
