su1 363.871 366.161 364.963 363.159 365.026 365.018 363.816 360.437 356.417 353.834
tong2 328.759 310.948 295.062 265.078 235.817 207.743 189.365 191.721 196.093 199.780
de5 210.694 216.987 223.220 218.950 224.662 217.240 215.769 212.565 214.074 207.653
xun4 190.430 210.688 232.450 249.342 267.170 271.485 250.366 245.077 221.299 200.711
zi5 195.299 192.324 188.726 178.786 165.526 149.116 139.942 133.187 137.776 147.757
ji4 272.228 269.878 276.356 260.242 228.841 212.213 180.578 152.406 147.373 145.668
he2 221.673 216.523 220.066 213.193 204.473 201.817 194.749 198.689 213.590 219.393
lu4 258.863 275.292 301.149 324.653 336.155 334.100 314.451 288.916 265.484 249.341
tao1 230.887 240.989 264.435 282.678 291.427 293.836 295.886 302.952 299.994 292.633
de5 276.906 274.050 271.685 261.979 253.588 255.757 246.205 245.156 237.809 229.086
wo3 209.547 209.332 208.685 207.999 201.848 183.845 164.723 146.664 147.426 153.283
ai4 171.555 189.399 223.811 243.255 259.923 258.315 251.029 241.738 226.097 209.918
wo3 194.534 187.498 187.437 190.439 187.896 174.283 154.872 144.329 137.648 145.892
ba4 167.903 194.777 218.071 231.276 224.844 202.481 173.406 153.194 137.244 140.305
ze2 193.270 194.188 195.159 197.073 192.877 191.486 192.859 213.268 225.335 235.426
biao3 238.202 234.364 231.189 218.200 198.864 173.311 154.578 141.334 144.944 151.986
xian4 162.071 187.880 217.251 238.825 262.761 270.692 265.733 247.432 233.764 210.170
le5 194.676 192.746 181.940 172.793 176.595 172.805 173.973 171.929 171.533 176.147
fu4 195.823 214.881 240.582 270.360 308.450 330.496 330.216 319.172 291.376 253.276
zi3 208.274 189.445 184.564 172.386 169.125 149.829 141.669 127.009 123.657 130.174
qing2 141.105 143.303 150.909 146.945 143.335 139.515 138.294 136.720 156.646 181.814
shen1 196.283 213.591 239.122 249.868 250.016 253.491 256.205 249.781 257.899 254.352
