cong2 2.254655265808105469e+01 1.446106052398681641e+01 2.717361640930175781e+01 1.441970634460449219e+01 1.682042884826660156e+01 -2.297826290130615234e+00 -1.360912561416625977e+00 4.816299438476562500e+00 -2.306510448455810547e+00 1.155715847015380859e+01
jiang1 3.194832992553710938e+01 3.451119613647460938e+01 4.540386962890625000e+01 3.136799621582031250e+01 3.657334899902343750e+01 2.760004615783691406e+01 3.003424644470214844e+01 2.107596015930175781e+01 8.677587509155273438e+00 1.959495353698730469e+01
yue4 3.807642745971679688e+01 1.863109779357910156e+01 3.242006683349609375e+01 2.569394493103027344e+01 3.192420387268066406e+01 3.549903106689453125e+01 3.797908020019531250e+01 2.783888816833496094e+01 1.024604988098144531e+01 1.350670623779296875e+01
liang5 3.314884185791015625e+01 2.669917297363281250e+01 4.265335083007812500e+01 1.710670089721679688e+01 2.043003463745117188e+01 1.170123291015625000e+01 1.688846397399902344e+01 1.034106540679931641e+01 5.736445426940917969e+00 9.826413154602050781e+00
fang4 3.179017066955566406e+01 2.741013336181640625e+01 4.702096939086914062e+01 2.776416206359863281e+01 3.008719062805175781e+01 2.591196441650390625e+01 2.344403648376464844e+01 1.331262779235839844e+01 1.897870063781738281e+00 5.577616691589355469e+00
zhi4 3.524135208129882812e+01 3.267029571533203125e+01 4.122655487060546875e+01 2.256735229492187500e+01 2.848688697814941406e+01 2.408645057678222656e+01 2.821396827697753906e+01 1.905482482910156250e+01 8.460818290710449219e+00 9.069992065429687500e+00
zai4 3.052437019348144531e+01 3.149195098876953125e+01 4.278511428833007812e+01 2.535304832458496094e+01 2.665891838073730469e+01 2.223987197875976562e+01 2.230802917480468750e+01 1.533599662780761719e+01 4.810012340545654297e+00 4.807161808013916016e+00
men2 3.050230407714843750e+01 1.634125137329101562e+01 2.813604545593261719e+01 4.356145858764648438e+00 1.365123462677001953e+01 1.347203636169433594e+01 2.007560157775878906e+01 1.288995742797851562e+01 5.085366249084472656e+00 4.844286441802978516e+00
wai4 2.193683815002441406e+01 1.938437271118164062e+01 3.596304702758789062e+01 2.113623428344726562e+01 2.605079269409179688e+01 2.319168663024902344e+01 2.299334907531738281e+01 1.535183334350585938e+01 3.515743017196655273e+00 5.864268302917480469e+00
de5 2.213057899475097656e+01 1.968723106384277344e+01 3.483916854858398438e+01 1.166272354125976562e+01 1.543518352508544922e+01 1.380375480651855469e+01 1.961791038513183594e+01 1.280285835266113281e+01 5.319701194763183594e+00 -6.181955337524414062e-01
cheng2 2.511454582214355469e+01 1.892859649658203125e+01 3.387477493286132812e+01 1.680241584777832031e+01 2.401648139953613281e+01 1.680658149719238281e+01 2.117268943786621094e+01 9.942573547363281250e+00 4.708403110504150391e+00 9.461277961730957031e+00
shi4 2.790995597839355469e+01 1.795487403869628906e+01 2.862089729309082031e+01 1.416539287567138672e+01 2.587521934509277344e+01 2.664934539794921875e+01 2.783345603942871094e+01 1.523164939880371094e+01 1.951292872428894043e+00 5.733846187591552734e+00
wang4 1.992793655395507812e+01 1.856452941894531250e+01 3.584114456176757812e+01 1.478253173828125000e+01 2.081064033508300781e+01 1.421600914001464844e+01 1.754018020629882812e+01 9.679853439331054688e+00 9.863082170486450195e-01 3.025459289550781250e+00
kai1 2.611759185791015625e+01 1.616415405273437500e+01 2.955037879943847656e+01 1.247478485107421875e+01 2.626975250244140625e+01 2.667905426025390625e+01 2.709619522094726562e+01 1.346925640106201172e+01 1.087639331817626953e+00 2.209905147552490234e+00
qu4 2.569297409057617188e+01 1.764281654357910156e+01 3.015221023559570312e+01 1.401349258422851562e+01 2.729143142700195312e+01 2.589224815368652344e+01 2.913348007202148438e+01 1.417903995513916016e+01 3.046224415302276611e-01 -4.499481618404388428e-01
