sha1 4.637761688232421875e+01 4.347237777709960938e+01 4.930729293823242188e+01 3.874119186401367188e+01 4.005409240722656250e+01 2.829999732971191406e+01 3.101740264892578125e+01 2.751233100891113281e+01 1.578137397766113281e+01 2.260438346862792969e+01
weng1 4.177095031738281250e+01 3.821974563598632812e+01 4.735828399658203125e+01 3.386740875244140625e+01 3.688513565063476562e+01 3.724547958374023438e+01 3.787838745117187500e+01 2.966802024841308594e+01 1.239343261718750000e+01 1.541764640808105469e+01
chu3 3.687404632568359375e+01 2.031726074218750000e+01 2.421332740783691406e+01 1.411758518218994141e+01 2.360092163085937500e+01 2.551497840881347656e+01 3.032534408569335938e+01 2.459935951232910156e+01 1.129313945770263672e+01 8.294143676757812500e+00
yu2 2.590920639038085938e+01 1.310674762725830078e+01 2.186703491210937500e+01 7.313513159751892090e-01 1.284420680999755859e+01 1.494107055664062500e+01 2.318498611450195312e+01 1.628627014160156250e+01 6.036682128906250000e+00 2.853621006011962891e+00
ou1 2.462771415710449219e+01 2.142593955993652344e+01 4.219794082641601562e+01 2.002929306030273438e+01 2.410853385925292969e+01 1.832615470886230469e+01 1.798781013488769531e+01 1.180089187622070312e+01 7.334351539611816406e-01 5.975360393524169922e+00
zhou1 2.642856216430664062e+01 2.931151199340820312e+01 4.802468490600585938e+01 2.632872009277343750e+01 2.788309860229492188e+01 1.989373397827148438e+01 1.966766929626464844e+01 1.155998897552490234e+01 8.873059749603271484e-01 2.069382190704345703e+00
wen2 2.667303276062011719e+01 1.461079978942871094e+01 2.531699562072753906e+01 2.838847160339355469e+00 1.250618648529052734e+01 1.250584793090820312e+01 2.011873245239257812e+01 1.216162109375000000e+01 5.828681468963623047e+00 3.639571189880371094e+00
yi4 2.006243705749511719e+01 1.061136913299560547e+01 2.568568801879882812e+01 8.682641983032226562e+00 1.865484237670898438e+01 1.987604904174804688e+01 2.325583076477050781e+01 1.623196983337402344e+01 3.407001495361328125e+00 5.782242298126220703e+00
fu4 2.715257835388183594e+01 2.006145858764648438e+01 3.295922851562500000e+01 1.608198547363281250e+01 2.701275825500488281e+01 2.383982086181640625e+01 2.643774414062500000e+01 1.416544055938720703e+01 7.884184271097183228e-02 3.557328581809997559e-01
xing1 2.389617156982421875e+01 1.947865295410156250e+01 3.629191970825195312e+01 1.797158432006835938e+01 2.499266242980957031e+01 2.258655929565429688e+01 2.333760452270507812e+01 1.036341571807861328e+01 -6.201894283294677734e-01 6.790502071380615234e-01
shi2 2.371805572509765625e+01 1.536414909362792969e+01 2.980451011657714844e+01 7.387417793273925781e+00 2.105417060852050781e+01 1.747745704650878906e+01 2.306311225891113281e+01 1.331372451782226562e+01 3.348340749740600586e+00 2.280386924743652344e+00
qi1 2.339646911621093750e+01 1.454990959167480469e+01 2.904914283752441406e+01 9.521503448486328125e+00 1.940943717956542969e+01 1.813572311401367188e+01 2.325680351257324219e+01 1.399043273925781250e+01 -8.866218328475952148e-01 -2.609422802925109863e-01
