feng1 351.754 354.510 361.753 356.609 357.612 350.390 349.691 346.864 346.863 345.687
qing2 325.843 302.031 283.164 259.966 230.304 203.506 199.239 199.339 212.871 219.848
du2 232.733 233.364 222.190 215.914 198.810 189.966 189.889 199.879 217.892 219.672
ju4 247.746 268.463 281.762 288.672 284.576 277.560 261.757 248.164 227.315 212.547
de5 203.978 201.284 203.386 189.937 182.745 178.037 174.264 176.569 179.699 186.365
song4 197.999 229.101 263.725 297.820 316.289 317.199 304.679 277.521 253.523 235.330
dou1 237.083 259.135 279.889 286.804 288.991 289.324 285.299 296.817 293.775 291.886
jing3 274.038 261.000 250.629 234.195 205.086 175.923 148.475 133.990 131.856 131.250
qu1 157.753 173.491 192.193 210.450 235.934 244.459 244.744 247.348 247.366 239.971
hu1 222.593 223.938 233.561 246.080 272.843 284.124 292.700 290.971 293.779 285.028
zhi1 280.736 287.787 287.506 286.214 285.442 277.771 284.200 285.655 284.807 282.028
yu4 281.295 280.510 276.497 271.605 258.096 233.434 195.750 161.931 137.711 136.385
chu1 232.634 236.470 234.206 224.941 221.242 213.377 214.462 210.750 218.877 223.612
