jing1 329.772 342.291 346.581 339.314 340.727 336.931 335.690 341.937 341.822 -1.745
zhu1 298.426 337.805 342.298 346.590 342.407 332.888 339.477 339.517 332.310 309.638
guo2 232.670 275.495 256.630 234.714 213.019 189.097 181.045 191.888 194.870 318.180
dao4 200.298 258.014 284.296 290.709 285.023 265.337 245.409 222.753 214.140 207.647
zhu3 190.982 201.090 198.343 191.683 178.974 161.569 150.335 144.282 144.902 200.724
gan4 232.637 229.568 268.021 302.684 311.958 313.007 301.072 281.389 256.293 155.862
xian4 203.301 225.377 238.727 249.376 248.315 238.570 221.210 208.095 197.596 230.202
lei3 168.744 197.371 195.750 199.286 194.853 182.347 174.532 160.945 152.635 202.002
yang2 210.146 168.536 171.394 168.440 158.930 148.987 145.719 156.100 172.009 158.716
zhi4 195.158 231.810 250.549 252.071 249.811 237.184 227.704 217.643 204.915 192.773
yi2 242.289 190.127 184.389 182.476 174.502 181.392 183.048 190.397 211.602 199.433
zhang1 292.493 258.055 285.490 299.633 303.770 300.102 298.008 297.238 296.947 220.562
gao1 305.549 298.037 315.863 326.656 324.218 315.770 313.993 313.253 314.858 291.561
su4 190.116 303.017 299.277 294.486 286.456 262.043 227.724 200.527 181.484 318.692
gong1 295.421 218.505 252.852 272.365 278.894 282.923 288.323 285.061 298.548 184.180
lu4 180.337 288.115 281.754 269.789 250.071 221.416 195.717 174.778 156.319 296.219
jun4 205.935 209.009 237.567 256.944 275.874 270.903 265.640 250.589 222.083 174.964
gong1 234.055 228.451 245.606 257.651 256.235 247.811 242.773 246.297 240.001 202.954
tong1 231.665 247.287 250.756 261.447 264.808 260.686 260.446 252.322 252.615 243.875
che1 -3.536 232.802 246.276 241.407 243.477 238.253 236.329 234.544 236.633 235.522
