cong2 246.339 240.766 237.784 235.802 213.949 216.920 215.117 229.201 239.620 251.635
jin1 235.136 254.487 287.717 302.375 316.716 333.104 332.566 338.867 339.094 330.469
nian2 300.752 277.604 250.708 223.002 198.354 177.492 185.548 190.384 206.487 222.052
san1 243.174 261.148 287.201 316.133 340.218 352.343 359.107 353.666 360.327 346.328
yue5 345.727 325.175 307.141 300.053 284.148 262.460 245.647 232.595 220.789 214.799
qi3 196.559 200.799 187.474 190.103 181.866 173.431 160.535 141.659 133.503 140.685
zhi4 156.737 180.792 216.710 236.953 245.112 240.850 238.021 236.151 216.045 201.241
jin1 194.760 217.943 237.180 258.264 262.566 268.127 265.737 266.858 276.447 261.769
yi3 212.437 211.581 208.812 207.355 204.768 196.222 188.536 187.225 184.128 181.611
shou1 208.023 228.173 247.313 267.501 287.079 291.905 297.551 301.030 306.093 305.625
huo4 308.540 298.332 300.271 317.491 325.280 320.763 304.889 285.814 246.048 216.689
le5 204.697 199.160 189.774 183.224 181.938 175.705 175.133 174.600 177.018 182.567
er4 202.461 220.266 250.240 271.078 296.687 302.578 304.978 281.016 261.963 230.819
shi2 222.491 212.328 205.598 198.287 200.793 196.752 191.942 187.622 191.066 203.289
dun1 205.112 221.516 241.259 243.919 248.364 245.659 243.241 250.406 257.247 258.867
ge4 281.464 290.003 299.475 305.474 320.063 319.991 308.416 285.151 265.289 231.469
lei4 192.875 191.693 197.445 202.336 192.678 183.163 172.654 155.727 140.711 151.176
shu1 173.153 190.320 207.109 230.105 246.645 260.140 262.880 262.977 263.728 260.834
cai4 263.014 259.831 258.545 253.747 234.810 197.020 152.991 128.631 121.966 131.822
