dui4 347.447 355.859 348.882 341.268 336.202 329.620 314.520 309.251 297.242 290.037
kui1 282.377 293.137 307.848 332.001 345.097 364.981 364.093 361.675 366.289 357.504
sun3 327.455 311.194 302.751 276.054 251.716 216.158 185.404 165.646 151.972 150.258
de5 155.528 165.095 170.655 174.512 167.555 168.940 181.921 184.305 194.757 201.352
hua4 206.037 219.275 245.186 275.559 312.531 321.746 331.813 306.207 284.293 247.970
fei2 220.043 211.979 209.057 206.889 195.004 191.753 192.586 204.080 229.871 246.919
chang3 239.443 239.627 230.583 219.396 196.100 170.474 138.620 125.991 121.551 124.546
ting2 150.467 158.374 170.670 182.375 184.734 186.371 198.596 213.293 247.968 265.155
zhi3 274.362 269.827 267.605 250.277 220.664 193.597 155.846 128.858 121.997 121.659
gong1 144.903 177.625 197.326 221.271 238.336 247.419 251.764 252.650 260.219 265.267
qi4 258.520 258.512 262.666 262.059 247.077 222.193 176.292 144.310 138.115 144.809
