fang2 296.859 236.630 233.956 227.515 217.218 220.491 223.615 234.380 249.450 -7.108
fan4 228.664 314.352 338.238 349.444 344.831 326.894 309.199 274.459 249.222 276.663
he2 229.165 231.884 223.580 225.914 218.083 214.084 213.812 206.849 210.838 247.605
hua4 228.128 241.132 271.772 303.826 328.326 336.186 324.437 306.034 271.700 225.181
jie3 183.198 226.661 227.009 217.579 199.524 180.428 164.731 149.966 142.555 255.339
shou4 228.031 222.933 262.173 303.728 327.990 332.456 324.532 301.450 267.649 158.552
xian3 158.734 215.213 207.766 206.020 191.270 177.005 154.965 137.963 130.903 250.828
li4 313.535 170.627 196.469 207.012 203.012 186.766 177.292 154.761 155.031 138.635
cha4 237.249 309.176 324.386 333.539 346.318 344.686 324.499 302.031 277.745 178.114
sun2 202.844 232.351 226.435 212.733 196.838 185.197 172.155 174.497 181.511 258.927
qi3 158.591 205.191 199.419 199.232 195.237 179.980 159.354 141.533 134.180 203.352
dao4 189.586 176.470 199.552 209.644 201.859 186.185 169.558 156.069 159.353 133.742
tui1 305.240 197.040 219.941 256.556 280.215 296.295 301.204 310.282 309.537 168.708
dong4 169.230 315.533 313.615 299.174 268.919 239.692 204.096 178.173 158.857 306.613
zuo4 155.055 182.293 205.795 213.871 221.521 222.809 200.486 176.761 155.222 157.636
yong4 4.677 158.241 173.246 184.403 175.242 155.778 129.687 111.138 117.298 141.888
