wei4 332.508 328.544 325.146 321.022 316.898 314.488 310.849 299.415 280.279 258.017
ji2 241.463 236.639 233.166 231.959 224.146 219.253 220.219 231.315 251.664 260.748
tuan2 265.504 259.524 246.540 222.617 203.319 181.639 182.514 177.385 194.735 213.796
hua4 238.941 250.569 269.806 291.307 305.964 308.696 288.711 257.602 233.551 224.611
shu1 207.392 221.758 239.226 258.677 280.185 296.389 298.039 302.819 307.908 301.720
chu1 280.125 282.723 282.677 283.688 288.031 290.056 295.872 290.599 294.292 290.800
tan4 292.989 302.125 316.258 331.779 337.987 332.072 309.358 287.243 260.546 238.813
suo3 215.727 217.603 219.438 215.022 202.346 179.952 160.532 141.811 123.395 124.967
le5 130.827 134.351 142.540 151.316 159.550 165.215 164.689 171.408 172.168 180.762
yi4 180.270 192.773 209.511 237.213 271.180 276.885 285.218 264.740 246.300 214.778
tiao2 204.656 196.531 190.919 184.424 177.838 162.074 155.437 156.795 162.201 183.282
lu4 190.695 210.275 231.331 249.554 254.228 240.538 226.199 196.369 168.632 151.864
zi5 150.854 151.957 154.497 150.778 146.946 131.532 126.247 121.937 133.199 147.473
