yi2 298.601 238.508 237.503 231.081 232.948 247.733 253.958 259.430 272.628 4.115
zuo4 245.685 319.684 328.651 329.063 310.169 302.509 276.452 268.187 254.070 281.337
wei4 209.428 266.607 288.660 311.324 323.958 314.062 305.177 277.310 252.675 256.127
min2 241.934 203.241 199.816 193.363 175.611 172.178 178.748 186.347 201.656 228.998
zao4 201.808 275.289 310.978 329.890 321.588 304.656 282.879 251.332 228.652 224.580
fu2 234.039 198.482 197.436 204.663 198.828 196.031 192.048 195.234 208.239 212.800
sui1 278.551 260.020 285.960 309.671 320.723 322.168 313.115 312.934 314.563 224.209
si3 146.870 253.189 240.530 217.992 200.585 174.518 151.765 142.020 133.744 292.042
wu2 274.506 150.184 153.834 167.503 178.649 190.227 200.182 218.431 249.356 136.150
hui3 162.980 270.890 266.117 260.707 249.759 228.432 199.931 178.072 158.539 280.775
de5 190.629 177.450 183.389 184.723 184.240 185.842 180.854 182.696 179.768 158.532
ji4 187.056 209.563 232.279 248.250 273.819 282.144 267.471 244.063 216.550 182.506
nian4 174.198 204.210 216.299 211.878 206.623 190.228 169.806 149.227 137.520 192.823
bei1 3.105 204.314 234.786 252.861 254.899 256.600 257.706 260.759 269.476 156.413
