dou4 4.749993896484375000e+01 4.473644256591796875e+01 5.239915084838867188e+01 3.887627792358398438e+01 4.003694152832031250e+01 3.128999328613281250e+01 3.455118942260742188e+01 2.910343551635742188e+01 1.396544075012207031e+01 2.457421112060546875e+01
li4 4.394745635986328125e+01 3.750319671630859375e+01 4.866506195068359375e+01 3.094712066650390625e+01 3.955247116088867188e+01 3.909130096435546875e+01 3.958611679077148438e+01 3.185212707519531250e+01 1.320526695251464844e+01 2.259867286682128906e+01
da4 3.912347030639648438e+01 4.120444107055664062e+01 5.847551345825195312e+01 3.673754119873046875e+01 4.045430755615234375e+01 3.085404014587402344e+01 3.350654983520507812e+01 2.781015777587890625e+01 9.043587684631347656e+00 1.682460594177246094e+01
de5 3.329878616333007812e+01 2.762550544738769531e+01 4.448463058471679688e+01 2.042492675781250000e+01 2.421246337890625000e+01 2.515616226196289062e+01 2.992806434631347656e+01 2.527502441406250000e+01 5.501413345336914062e+00 -2.677925527095794678e-01
bao2 3.340379714965820312e+01 2.552352142333984375e+01 3.768064117431640625e+01 1.300101661682128906e+01 1.034671974182128906e+01 8.602130889892578125e+00 1.599986457824707031e+01 1.382156181335449219e+01 1.006364059448242188e+01 1.193721771240234375e+01
zi5 2.855728149414062500e+01 2.088229942321777344e+01 4.017005538940429688e+01 1.970300102233886719e+01 2.058203315734863281e+01 2.072363090515136719e+01 2.233190155029296875e+01 2.000389480590820312e+01 3.990923643112182617e+00 -9.157178401947021484e-01
za2 3.082545471191406250e+01 2.275930976867675781e+01 3.739770507812500000e+01 1.068221282958984375e+01 1.308860397338867188e+01 6.324244976043701172e+00 1.225025081634521484e+01 1.193533515930175781e+01 5.206281661987304688e+00 8.460882186889648438e+00
zai4 2.907593917846679688e+01 2.737895202636718750e+01 4.672974014282226562e+01 2.649252510070800781e+01 2.734027481079101562e+01 2.006657600402832031e+01 2.082507133483886719e+01 1.245399951934814453e+01 7.498980760574340820e-01 4.861722946166992188e+00
che1 2.986224937438964844e+01 1.852327537536621094e+01 3.198707580566406250e+01 1.427124977111816406e+01 2.643783187866210938e+01 2.552866744995117188e+01 2.562486076354980469e+01 1.798847198486328125e+01 5.869281291961669922e+00 4.154486179351806641e+00
chuang1 2.812564659118652344e+01 2.125331497192382812e+01 4.143457412719726562e+01 2.013315963745117188e+01 2.584865760803222656e+01 1.870843315124511719e+01 1.995544624328613281e+01 1.105271911621093750e+01 2.601979732513427734e+00 8.157126426696777344e+00
shang4 3.020577049255371094e+01 2.813251495361328125e+01 4.712857055664062500e+01 2.734604072570800781e+01 3.188129806518554688e+01 2.426403808593750000e+01 2.448556327819824219e+01 1.407239151000976562e+01 2.186458110809326172e+00 5.189148426055908203e+00
pi1 3.413028717041015625e+01 2.041113281250000000e+01 3.603358459472656250e+01 1.818582344055175781e+01 3.173805999755859375e+01 2.746135711669921875e+01 3.431127929687500000e+01 2.420750808715820312e+01 9.392215728759765625e+00 3.587503433227539062e+00
li3 2.457479858398437500e+01 1.343349266052246094e+01 2.127731704711914062e+01 1.760971307754516602e+00 1.214634895324707031e+01 1.093866729736328125e+01 2.254760551452636719e+01 1.562201499938964844e+01 1.079236984252929688e+01 9.357704162597656250e+00
pa1 2.461105346679687500e+01 1.489654636383056641e+01 3.094613075256347656e+01 1.705981636047363281e+01 2.647603034973144531e+01 2.603240585327148438e+01 2.309756660461425781e+01 1.607264709472656250e+01 2.936766624450683594e+00 5.133794784545898438e+00
la5 2.370259666442871094e+01 2.065742683410644531e+01 3.820305252075195312e+01 1.539592075347900391e+01 2.032956695556640625e+01 1.858837318420410156e+01 2.130303573608398438e+01 1.260176944732666016e+01 3.838832378387451172e+00 5.630010604858398438e+00
xiang3 3.068065643310546875e+01 2.053509902954101562e+01 3.057825088500976562e+01 1.352483463287353516e+01 2.409919548034667969e+01 1.934405326843261719e+01 2.264402008056640625e+01 1.491861724853515625e+01 5.685486316680908203e+00 4.840498924255371094e+00
