hu2 2.817382621765136719e+01 1.939844512939453125e+01 2.953430557250976562e+01 2.087703895568847656e+01 2.737550926208496094e+01 2.300320053100585938e+01 2.561841773986816406e+01 3.595341110229492188e+01 2.369978904724121094e+01 2.056649780273437500e+01
bei2 4.590029144287109375e+01 3.578631973266601562e+01 4.482257080078125000e+01 2.131021690368652344e+01 2.433588218688964844e+01 2.003858375549316406e+01 3.049748611450195312e+01 3.094436073303222656e+01 2.037066268920898438e+01 1.794660186767578125e+01
sheng3 4.257300949096679688e+01 3.164121437072753906e+01 3.197527313232421875e+01 1.267942714691162109e+01 1.450647640228271484e+01 1.201377677917480469e+01 2.057332038879394531e+01 2.000478172302246094e+01 1.457257938385009766e+01 1.366541194915771484e+01
zao3 4.017888259887695312e+01 3.146758460998535156e+01 3.457471847534179688e+01 1.100876522064208984e+01 1.015567779541015625e+01 7.620214939117431641e+00 1.287308883666992188e+01 1.575147724151611328e+01 1.027324867248535156e+01 8.135271072387695312e+00
yang2 3.054566001892089844e+01 2.518336105346679688e+01 3.089849472045898438e+01 6.031758308410644531e+00 8.652112007141113281e+00 6.609886169433593750e+00 1.376044368743896484e+01 1.335416221618652344e+01 8.673748016357421875e+00 8.448635101318359375e+00
shi4 2.974942398071289062e+01 2.245491409301757812e+01 3.579262542724609375e+01 1.836345672607421875e+01 2.888456726074218750e+01 2.804549026489257812e+01 3.157259750366210938e+01 2.371531677246093750e+01 5.581445693969726562e+00 4.864624500274658203e+00
mian2 3.240443038940429688e+01 2.079900550842285156e+01 3.344896697998046875e+01 9.611671447753906250e+00 1.449809837341308594e+01 1.258400154113769531e+01 1.837768554687500000e+01 1.571475791931152344e+01 4.997514247894287109e+00 8.807938575744628906e+00
ma2 3.331886672973632812e+01 2.247826385498046875e+01 3.461866760253906250e+01 6.397923469543457031e+00 1.160807323455810547e+01 6.530148506164550781e+00 1.401349449157714844e+01 1.171774291992187500e+01 6.032792568206787109e+00 8.283659934997558594e+00
fen1 2.775376892089843750e+01 1.985206604003906250e+01 3.833161544799804688e+01 1.817681884765625000e+01 2.499839782714843750e+01 2.139248085021972656e+01 2.148849296569824219e+01 1.391012191772460938e+01 2.093499422073364258e+00 5.658018589019775391e+00
gong1 3.048125839233398438e+01 3.043068122863769531e+01 4.804278564453125000e+01 2.932847213745117188e+01 2.793557929992675781e+01 1.995458984375000000e+01 2.107346153259277344e+01 1.335245895385742188e+01 3.122807979583740234e+00 6.973554134368896484e+00
si1 3.335127639770507812e+01 2.375574302673339844e+01 3.786453247070312500e+01 2.021945953369140625e+01 2.828047180175781250e+01 2.560937881469726562e+01 2.768426895141601562e+01 2.046093177795410156e+01 8.780931472778320312e+00 4.121896743774414062e+00
fei1 3.172421455383300781e+01 2.482586860656738281e+01 4.189020538330078125e+01 2.344023704528808594e+01 2.736322021484375000e+01 2.171175003051757812e+01 2.366801643371582031e+01 1.279679107666015625e+01 4.522848129272460938e+00 4.635895252227783203e+00
fa3 3.519452667236328125e+01 2.480820846557617188e+01 3.434674835205078125e+01 1.442974090576171875e+01 2.018176651000976562e+01 1.653641319274902344e+01 1.772426033020019531e+01 1.201879501342773438e+01 4.546645641326904297e+00 6.998789310455322266e+00
jing1 2.730414009094238281e+01 2.382642936706542969e+01 4.461141586303710938e+01 2.140779876708984375e+01 2.455297279357910156e+01 1.838843536376953125e+01 1.990559768676757812e+01 1.212487125396728516e+01 2.420671939849853516e+00 8.194700241088867188e+00
xiao1 2.615024948120117188e+01 1.832089996337890625e+01 3.583139801025390625e+01 1.917261505126953125e+01 2.658134269714355469e+01 2.400385475158691406e+01 2.246607971191406250e+01 1.442639541625976562e+01 3.005728960037231445e+00 7.200736522674560547e+00
chan1 2.845120811462402344e+01 2.205811882019042969e+01 3.849533843994140625e+01 2.134788322448730469e+01 2.775924110412597656e+01 2.439671897888183594e+01 2.348161697387695312e+01 1.372608184814453125e+01 9.515711069107055664e-01 2.438631534576416016e+00
za2 3.107505989074707031e+01 2.648549461364746094e+01 4.024598312377929688e+01 1.696125411987304688e+01 1.680551147460937500e+01 1.018930244445800781e+01 1.932874298095703125e+01 1.558123111724853516e+01 1.280247688293457031e+01 1.418502998352050781e+01
shi2 3.010823631286621094e+01 1.916968727111816406e+01 3.129594612121582031e+01 1.581436443328857422e+01 2.372550582885742188e+01 2.074427604675292969e+01 2.756863975524902344e+01 2.442324256896972656e+01 1.322281265258789062e+01 1.131456661224365234e+01
jia3 3.035630798339843750e+01 2.336733436584472656e+01 3.309967041015625000e+01 1.189094924926757812e+01 1.758692741394042969e+01 9.590093612670898438e+00 1.912667274475097656e+01 1.548708534240722656e+01 1.237766170501708984e+01 9.693914413452148438e+00
pi2 2.712819862365722656e+01 1.363702869415283203e+01 2.858642196655273438e+01 6.387680053710937500e+00 2.209542465209960938e+01 1.847764968872070312e+01 2.682142257690429688e+01 1.729005241394042969e+01 7.561075687408447266e+00 4.498941898345947266e+00
mian2 2.540012931823730469e+01 1.898374748229980469e+01 3.258890151977539062e+01 5.919667243957519531e+00 1.207541656494140625e+01 7.157746315002441406e+00 1.686030006408691406e+01 1.098579406738281250e+01 1.060233354568481445e+00 2.654409408569335938e+00
an4 1.669670486450195312e+01 1.832211303710937500e+01 3.257740402221679688e+01 1.949665641784667969e+01 2.592845916748046875e+01 1.887844467163085938e+01 2.106225585937500000e+01 1.128669071197509766e+01 -3.699636697769165039e+00 7.857584953308105469e-02
