san1 362.794 367.044 362.365 360.900 358.406 354.235 356.240 360.740 346.459 346.801
qi1 313.319 313.808 317.755 338.298 344.454 357.158 362.270 364.155 354.353 353.998
suo3 321.767 300.628 288.775 261.232 237.631 216.536 180.999 165.245 156.406 155.895
na2 159.731 163.095 161.662 164.270 164.501 165.379 174.101 185.959 197.590 214.830
chu1 219.856 229.324 236.006 248.642 259.642 256.400 258.854 262.176 263.837 251.771
le5 250.811 243.110 227.305 211.877 194.018 190.423 187.435 180.214 183.105 182.841
shi2 186.414 190.234 202.013 206.380 219.344 224.350 226.119 228.029 244.420 254.003
er4 268.271 284.524 298.550 308.330 304.146 289.479 275.370 256.531 220.958 212.091
xiang4 218.477 232.696 242.720 252.724 238.328 218.101 190.866 160.686 155.310 151.059
ying1 248.299 256.707 265.757 270.167 273.435 281.651 281.061 281.892 291.159 281.959
yong4 297.047 303.633 308.270 318.620 312.758 300.893 279.851 249.641 228.267 218.518
xing2 201.308 186.941 191.942 189.093 178.966 167.410 161.857 163.000 177.138 196.919
cheng2 214.691 207.881 216.297 207.300 192.387 174.115 169.049 177.226 188.207 205.553
guo3 205.707 200.950 193.038 172.891 150.202 125.092 96.774 92.405 100.779 116.099
