sheng1 358.447 357.556 352.872 363.007 365.062 361.166 359.768 361.527 356.860 351.328
huo2 322.438 297.159 272.962 255.874 235.772 218.857 200.583 196.766 200.970 208.210
de5 206.559 217.188 222.123 218.212 212.056 211.693 204.937 202.671 200.753 198.169
ji1 196.078 214.327 234.077 252.561 280.259 299.616 303.618 310.878 316.851 306.108
qing2 278.189 259.926 243.368 206.624 185.013 161.618 154.549 158.071 163.714 190.814
zai4 305.109 312.460 300.715 278.517 255.490 240.479 223.498 215.893 225.372 227.373
feng4 243.518 264.243 290.826 314.671 329.368 337.153 328.062 301.856 278.683 249.861
huang2 219.642 201.398 191.866 189.963 181.388 177.706 170.187 170.841 183.221 204.916
de5 208.571 221.178 224.084 216.224 205.529 193.224 195.313 194.823 203.076 208.685
chi4 218.417 234.846 263.604 295.240 327.295 348.185 341.947 322.523 293.839 258.332
bang3 235.668 225.704 215.406 200.736 173.904 149.508 128.408 116.396 117.853 124.327
shang4 145.822 163.141 194.541 202.126 212.361 201.861 187.962 168.246 154.327 148.496
yan2 159.579 157.304 152.596 151.266 148.588 145.228 147.152 155.103 165.354 178.259
shen1 197.193 218.321 241.520 258.007 273.310 272.284 270.141 272.830 273.888 275.192
