jie2 5.353 1.518 -9.452 -14.075 -13.616 -2.404 -4.940 -2.252 6.622 0.831
chi2 30.351 20.890 6.051 -6.958 -21.364 -15.113 -11.001 -12.544 -3.429 -13.245
yun4 13.392 14.141 23.252 28.073 30.367 47.700 50.303 42.472 45.698 26.789
chao1 44.789 37.076 34.220 23.305 22.734 28.051 32.442 30.845 40.329 35.081
che1 53.418 42.100 34.763 19.222 8.556 11.176 14.007 4.929 18.101 11.501
deng3 23.942 16.238 2.408 -13.002 -16.270 -15.604 -13.858 -17.341 -7.858 -15.534
fan4 7.447 9.596 16.758 14.048 23.840 31.521 35.413 26.451 23.254 6.980
zui4 15.779 6.300 1.102 -21.214 -33.325 -37.309 -34.873 -31.532 -19.598 -31.823
xing2 9.411 2.348 -6.940 -12.932 -18.346 -12.478 -8.886 -6.262 9.959 4.483
wei2 21.812 10.740 -2.569 -19.922 -32.736 -29.570 -30.651 -28.474 -23.842 -25.986
bi4 16.343 18.618 26.703 33.053 43.458 55.199 60.167 56.685 52.524 26.434
ran2 38.059 27.713 12.163 -2.980 -14.500 -8.483 -11.381 -9.730 -2.463 -11.808
hui4 13.318 8.219 -0.762 -17.307 -32.586 -39.707 -37.526 -33.836 -18.863 -22.204
da4 22.436 24.894 28.821 36.381 43.946 58.374 67.898 62.186 57.406 33.442
fu2 25.211 14.961 1.406 -11.559 -24.477 -16.539 -21.135 -19.715 -15.208 -13.221
shang4 -2.684 -3.313 -4.840 -13.818 -26.567 -28.555 -23.742 -22.297 -13.745 -13.040
sheng1 17.635 11.257 15.464 16.337 -2.915 14.807 22.256 17.736 21.227 23.690
