ta1 330.984 331.792 333.954 333.955 339.947 337.594 343.556 350.159 349.825 337.454
men5 334.610 321.747 314.105 299.721 286.700 271.028 250.615 239.091 236.227 231.772
zai4 230.694 253.315 264.832 260.004 247.308 227.738 217.504 212.297 208.863 213.511
ge4 224.865 247.044 273.954 299.716 314.022 326.192 325.479 317.324 289.353 262.175
zi4 234.203 242.850 253.223 250.390 250.776 235.152 228.207 218.764 208.242 203.951
wu2 193.530 186.208 186.745 190.020 196.186 207.895 209.816 240.566 267.427 280.426
fa3 290.269 283.409 274.029 259.540 238.088 205.562 178.425 158.304 150.931 156.633
ni4 179.938 207.104 250.559 270.155 288.533 286.744 264.919 247.435 222.543 192.957
zhuan3 197.283 194.869 204.159 184.736 169.272 153.456 133.915 121.492 111.763 120.400
de5 134.690 144.496 150.431 151.274 155.324 154.263 156.652 161.417 163.098 166.883
cuo1 172.980 186.567 200.041 226.670 251.520 265.483 275.295 283.635 289.158 282.296
zhe2 267.550 257.724 241.040 212.117 194.842 180.716 163.801 159.216 165.730 177.150
zhong1 195.695 231.391 254.165 258.830 261.017 260.034 256.134 259.574 268.582 264.174
