wo3 232.577 237.673 240.255 231.554 228.671 215.986 208.331 201.562 200.683 205.285
zai4 230.176 253.222 277.807 283.798 275.508 268.492 264.372 263.605 261.369 256.550
bin1 265.066 281.720 304.565 331.709 346.773 360.838 352.780 359.221 363.574 352.406
guan3 324.278 300.859 283.565 246.027 212.093 177.961 151.407 132.384 137.309 144.870
da4 173.825 207.649 227.213 254.827 251.214 243.950 218.882 205.309 188.954 181.460
ting1 194.433 210.808 225.551 245.692 251.590 256.675 248.669 246.618 246.666 244.326
zhuo1 298.914 303.231 307.350 306.700 309.312 308.621 306.067 313.356 316.537 308.893
dao4 307.244 306.987 298.500 283.152 264.181 241.098 229.659 220.936 210.495 221.147
yi4 225.449 233.257 255.190 279.051 296.636 305.605 298.054 282.702 262.101 233.245
zhi3 203.783 202.427 203.850 195.087 182.393 169.676 155.066 147.586 144.973 146.097
lei4 139.227 167.216 188.373 212.214 226.881 235.640 219.980 212.321 204.066 205.302
si4 192.363 200.569 212.216 225.367 235.011 238.473 229.585 221.543 208.062 199.529
guo1 204.026 221.889 244.464 270.054 287.652 298.002 306.655 313.518 316.435 308.383
guo5 306.123 303.502 299.902 293.576 278.187 256.125 232.843 217.897 189.892 176.724
de5 164.918 166.749 163.943 159.878 156.629 153.566 153.069 151.051 147.954 152.401
kun1 182.856 198.971 214.002 244.826 273.945 285.631 300.377 302.791 303.589 296.111
chong2 276.769 252.556 234.306 202.198 170.955 140.115 129.915 132.149 142.964 159.766
