cu4 359.742 357.326 352.382 355.187 355.102 355.814 349.116 347.908 326.685 303.518
shi3 276.435 267.494 250.802 239.616 223.091 206.122 182.261 164.336 157.484 162.724
you2 158.047 157.529 162.066 170.738 176.935 181.097 182.555 196.794 216.274 239.095
zheng4 286.411 305.888 329.086 342.560 347.120 341.310 314.823 287.391 264.559 249.626
ye4 228.400 233.316 235.111 241.379 239.110 233.675 217.609 200.659 191.581 190.993
wu4 187.818 197.239 201.555 193.886 176.543 160.463 139.156 127.622 127.274 132.674
you2 193.338 194.794 202.240 187.451 184.821 173.122 181.068 191.843 204.339 214.978
san1 248.467 269.245 290.318 315.160 330.134 338.463 335.294 340.656 347.004 333.755
zu2 314.755 299.849 278.476 248.474 226.733 206.715 204.459 210.625 225.334 236.268
ding3 244.890 247.371 238.766 224.546 194.147 168.196 146.645 126.882 122.618 134.389
li4 157.623 175.316 188.691 194.878 198.542 185.712 168.814 156.392 149.267 160.280
xiang4 278.657 283.541 276.155 270.643 260.449 244.087 238.631 225.450 221.657 226.587
si4 224.366 246.364 280.028 297.343 337.317 354.211 353.417 347.536 312.838 275.812
ye4 264.412 255.768 254.464 250.252 243.298 229.140 215.052 197.234 180.638 187.377
bing4 201.027 212.740 228.335 241.803 245.897 240.684 222.414 192.791 169.495 168.693
ju3 169.701 157.540 156.613 165.839 161.895 152.900 135.299 125.127 115.662 126.474
guo4 234.558 246.112 253.244 263.852 258.838 249.813 230.274 211.945 186.337 171.530
du4 173.910 182.769 191.018 186.460 166.491 145.904 123.543 106.261 111.569 120.958
