jat1 216.648 204.042 212.626 208.303 217.453 213.742 192.346 220.160 205.198 210.594
ming4 220.399 206.197 207.731 182.276 166.927 157.173 130.965 148.489 144.689 146.614
ci4 144.751 133.633 147.366 141.211 150.489 152.939 128.777 141.327 138.640 142.641
soeng1 160.132 168.336 199.052 209.386 226.932 236.258 226.024 246.793 235.741 236.633
cing4 232.216 211.719 213.296 193.912 183.312 168.748 132.965 143.672 138.176 138.611
zing3 147.049 143.830 158.444 157.288 168.275 168.979 147.345 169.209 164.247 164.856
noi6 159.918 148.485 156.736 145.555 153.639 153.366 131.492 151.094 144.560 146.745
dei6 150.488 144.249 156.017 149.685 159.458 155.166 133.270 151.314 144.331 147.044
naam4 144.739 130.248 137.099 128.206 126.497 122.471 104.693 128.889 123.335 125.959
zi2 125.981 117.250 134.286 128.147 137.959 142.140 142.053 178.216 186.730 204.535
jap6 189.113 177.557 189.965 176.764 182.748 182.537 159.641 177.192 171.091 177.181
uk1 188.981 179.150 190.105 188.652 198.638 205.066 182.909 204.192 191.233 193.271
baau3 210.728 196.035 210.387 196.042 191.070 187.546 164.178 184.553 171.611 173.773
sit3 185.561 170.657 189.842 183.834 196.189 195.900 171.071 182.591 172.569 175.758
zoeng1 186.254 182.866 209.957 211.088 221.980 223.624 210.517 225.543 214.324 216.485
lou5 213.724 186.424 185.926 168.214 167.635 160.879 137.651 160.798 155.053 160.640
fu5 166.988 149.397 166.192 155.585 159.764 156.611 132.174 145.686 142.955 152.972
lak6 157.056 139.491 151.517 144.403 153.809 157.133 133.195 147.729 139.182 141.228
bai6 162.105 148.065 162.242 149.357 156.428 154.941 131.229 147.561 139.613 147.423
hau6 160.305 147.254 157.607 148.877 158.130 155.606 133.701 148.041 142.678 148.335
tou4 163.193 145.648 155.524 146.500 152.633 144.948 120.475 130.603 124.759 129.766
wui4 139.077 119.927 130.785 123.082 130.720 134.676 116.566 130.711 125.120 128.164
noi6 133.459 123.380 135.367 129.967 139.728 142.583 125.687 146.268 137.650 140.606
dei6 148.168 139.144 151.582 140.897 146.443 145.258 136.932 157.781 152.515 166.567
daan6 177.705 168.963 178.052 165.890 171.268 169.799 151.955 173.172 162.260 174.048
zoi3 176.747 171.455 182.207 182.823 191.267 190.113 172.953 183.797 171.491 178.860
faan2 187.840 170.648 180.959 170.850 167.219 157.594 144.706 166.342 177.560 197.251
gong2 206.197 192.068 202.435 188.936 186.065 170.590 157.030 180.859 183.744 197.364
baau3 195.243 190.052 204.970 188.818 190.438 175.741 150.895 167.996 160.008 166.137
sit3 165.158 151.133 167.846 162.005 178.088 174.063 148.109 160.988 152.767 150.309
si4 156.172 132.425 148.648 140.830 147.569 137.817 110.735 120.109 114.444 115.949
bei6 128.663 116.587 130.104 129.010 138.084 138.756 120.460 135.310 126.555 128.573
bou6 137.860 126.296 140.487 127.880 134.722 125.750 112.791 133.727 131.218 149.902
