zhang1 3.173286056518554688e+01 2.858698272705078125e+01 4.359148788452148438e+01 2.221096992492675781e+01 2.541327476501464844e+01 1.110732078552246094e+01 1.220484161376953125e+01 1.843909454345703125e+01 6.672042369842529297e+00 9.588668823242187500e+00
yun2 3.971792984008789062e+01 2.804661369323730469e+01 3.069906234741210938e+01 1.142294979095458984e+01 1.349646186828613281e+01 1.164468193054199219e+01 1.725133514404296875e+01 1.704431724548339844e+01 9.678141593933105469e+00 1.137084293365478516e+01
chuan1 2.616767120361328125e+01 2.332566452026367188e+01 3.804448699951171875e+01 2.453259849548339844e+01 2.999444198608398438e+01 2.526364326477050781e+01 2.520086097717285156e+01 1.535408115386962891e+01 -7.164002656936645508e-01 8.252932548522949219e+00
hu2 3.184499549865722656e+01 1.792770767211914062e+01 2.887562942504882812e+01 1.417308712005615234e+01 2.799691390991210938e+01 2.498430824279785156e+01 2.855904388427734375e+01 2.156782913208007812e+01 8.372113227844238281e+00 1.143955326080322266e+01
biao1 2.548349380493164062e+01 2.738323020935058594e+01 4.776490402221679688e+01 2.562192535400390625e+01 2.611036872863769531e+01 2.239293098449707031e+01 2.347693252563476562e+01 1.573391819000244141e+01 3.102995395660400391e+00 5.395071029663085938e+00
wen2 2.990466880798339844e+01 2.017462921142578125e+01 2.834916114807128906e+01 7.380696296691894531e+00 1.326249790191650391e+01 1.380617141723632812e+01 2.841688919067382812e+01 2.552467155456542969e+01 1.702986526489257812e+01 1.327831268310546875e+01
xuan3 3.727420425415039062e+01 2.391109657287597656e+01 3.083220863342285156e+01 1.236467647552490234e+01 2.204607200622558594e+01 1.782428359985351562e+01 1.966228485107421875e+01 1.626680564880371094e+01 7.488658905029296875e+00 1.053332138061523438e+01
de2 2.620893096923828125e+01 1.735801124572753906e+01 2.922222518920898438e+01 4.242996215820312500e+00 1.049749946594238281e+01 1.285670852661132812e+01 1.846516227722167969e+01 1.854902076721191406e+01 7.733482360839843750e+00 3.783130645751953125e+00
zhou1 2.808423233032226562e+01 3.044375610351562500e+01 4.978629684448242188e+01 2.799258613586425781e+01 2.820673942565917969e+01 2.055442047119140625e+01 2.066432571411132812e+01 1.110085010528564453e+01 2.227619171142578125e+00 1.788630604743957520e+00
bo2 2.849221801757812500e+01 2.133350181579589844e+01 3.689025115966796875e+01 1.488769721984863281e+01 2.147270965576171875e+01 1.535647010803222656e+01 2.239100837707519531e+01 1.440490245819091797e+01 1.007291603088378906e+01 1.135746765136718750e+01
hua2 2.949490165710449219e+01 1.766582870483398438e+01 3.131288719177246094e+01 1.282773494720458984e+01 2.751463508605957031e+01 2.350210380554199219e+01 2.677201461791992188e+01 1.603317451477050781e+01 6.658404350280761719e+00 1.070624637603759766e+01
sun1 2.884080505371093750e+01 2.927084159851074219e+01 4.910988235473632812e+01 2.735167121887207031e+01 2.978809165954589844e+01 2.309057807922363281e+01 2.456265068054199219e+01 1.335113906860351562e+01 5.625703334808349609e-01 1.948952674865722656e-02
zai3 3.286410522460937500e+01 2.788342094421386719e+01 3.669583892822265625e+01 1.245657062530517578e+01 1.309067440032958984e+01 9.946805953979492188e+00 1.599808311462402344e+01 1.319279956817626953e+01 9.318322181701660156e+00 9.941040992736816406e+00
fu1 2.692461395263671875e+01 1.820872116088867188e+01 3.470552444458007812e+01 1.449761104583740234e+01 2.402767944335937500e+01 2.372568130493164062e+01 2.749108505249023438e+01 2.162425804138183594e+01 8.821851730346679688e+00 7.850902080535888672e+00
dang1 2.681893920898437500e+01 3.076864051818847656e+01 4.910684204101562500e+01 2.391758346557617188e+01 2.389631462097167969e+01 1.739087295532226562e+01 2.179550361633300781e+01 1.347520256042480469e+01 4.388459205627441406e+00 5.572785377502441406e+00
xuan3 3.192461776733398438e+01 1.896379661560058594e+01 2.633301544189453125e+01 1.172363948822021484e+01 2.332534980773925781e+01 1.832633399963378906e+01 2.665980720520019531e+01 1.820861053466796875e+01 1.283486270904541016e+01 1.388294696807861328e+01
wei2 2.631195259094238281e+01 1.949082946777343750e+01 2.922631072998046875e+01 5.148634910583496094e+00 1.078525924682617188e+01 8.242109298706054688e+00 2.178006553649902344e+01 1.863310813903808594e+01 1.562217044830322266e+01 1.433259201049804688e+01
sheng2 2.992097282409667969e+01 2.260012626647949219e+01 3.668644714355468750e+01 1.764218139648437500e+01 2.508037567138671875e+01 1.453359985351562500e+01 1.712703323364257812e+01 1.417876148223876953e+01 8.928719520568847656e+00 1.253391265869140625e+01
wei3 2.934864425659179688e+01 1.979708671569824219e+01 2.681746482849121094e+01 5.737029075622558594e+00 1.289187526702880859e+01 1.155909347534179688e+01 1.678206443786621094e+01 1.174968433380126953e+01 5.607017993927001953e+00 1.471211075782775879e+00
fu4 2.088221359252929688e+01 1.443218803405761719e+01 2.869817161560058594e+01 1.614193916320800781e+01 2.276539802551269531e+01 2.232062721252441406e+01 2.378043937683105469e+01 1.090021800994873047e+01 -3.125064611434936523e+00 8.215522766113281250e-02
shu1 2.517244911193847656e+01 1.608161735534667969e+01 3.116158485412597656e+01 1.115867710113525391e+01 2.037604141235351562e+01 1.829198074340820312e+01 2.030287170410156250e+01 9.918611526489257812e+00 -1.199427485466003418e+00 -2.514264345169067383e+00
ji5 2.134152412414550781e+01 1.532034683227539062e+01 2.927041816711425781e+01 1.009468173980712891e+01 1.480828857421875000e+01 1.466712379455566406e+01 1.720313262939453125e+01 9.056809425354003906e+00 9.935791492462158203e-01 -1.851264357566833496e+00
