ta1 348.435 343.856 337.302 332.982 338.979 344.433 351.131 357.446 356.054 343.277
men5 336.085 326.161 319.652 303.150 295.819 286.371 278.113 267.413 259.220 250.888
shi3 245.793 239.440 234.567 231.841 221.992 206.420 190.332 162.940 151.156 152.550
yong4 161.966 187.603 210.294 216.788 220.045 208.698 198.327 179.769 182.957 186.326
shi2 201.573 199.169 206.309 218.565 228.161 245.088 242.811 260.917 279.793 288.172
jiu3 299.576 291.398 281.203 265.224 236.573 205.907 179.933 160.394 156.124 162.408
shi4 175.661 199.972 223.622 250.577 283.144 303.185 306.486 296.598 283.576 254.737
ji4 248.141 255.316 271.864 273.195 265.775 250.960 228.503 206.644 194.825 192.356
jiu3 205.314 213.386 201.730 189.998 186.801 156.997 150.436 137.379 143.518 152.215
shi2 193.008 199.168 205.687 209.138 218.363 226.945 229.155 244.788 266.141 270.379
nian2 263.405 263.465 253.552 233.895 211.285 186.893 173.063 180.488 196.103 208.369
dai4 225.557 249.310 279.075 288.515 289.329 271.575 253.816 228.870 208.412 198.790
chu1 194.782 200.805 224.805 237.203 262.033 277.640 275.478 283.185 286.609 280.351
qi1 265.869 267.783 281.686 277.680 282.337 274.134 266.373 271.469 266.942 266.424
huan4 337.255 323.871 331.346 344.795 341.160 335.002 313.008 299.584 277.386 266.902
sao4 281.689 290.122 302.928 319.707 324.730 324.764 317.047 302.933 279.109 254.814
yang3 228.342 223.029 219.496 210.209 190.787 175.544 159.568 145.728 142.169 147.272
zheng4 184.261 211.568 248.577 261.585 258.436 247.358 232.975 208.616 201.069 187.497
de5 181.716 184.890 186.208 189.163 185.222 182.619 186.514 187.157 184.357 188.722
shi2 173.066 183.687 189.482 185.537 194.291 199.319 204.193 222.352 247.548 247.223
zhi3 247.645 256.758 252.184 235.784 208.973 191.814 174.521 170.131 161.045 164.552
mian2 152.244 164.427 168.461 172.999 177.063 179.203 179.536 195.853 218.967 232.822
yang2 223.803 215.049 216.847 203.945 196.616 193.483 184.498 202.763 220.528 241.199
de5 242.804 249.796 262.114 274.070 273.396 279.064 275.154 275.077 255.600 247.022
nao3 205.765 205.635 203.786 190.149 178.372 165.436 151.530 152.674 152.386 148.458
zu3 184.729 186.806 196.940 195.080 183.750 169.609 149.826 129.682 126.092 125.191
zhi1 142.316 164.580 187.176 189.208 200.621 209.346 212.712 219.295 224.782 212.688
yang4 241.372 248.661 264.357 281.932 280.756 270.260 248.631 224.999 196.602 179.628
ben3 163.822 154.136 141.915 138.026 123.852 99.360 95.768 93.932 112.000 124.329
