ban4 30.351 28.059 30.418 25.498 25.274 37.203 25.059 21.901 14.215 -5.292
yi2 7.424 -4.194 -17.943 -20.918 -27.398 -15.289 -14.182 -6.716 -1.508 -8.027
ge4 8.273 15.134 15.518 11.800 -0.970 11.615 7.243 13.069 4.800 7.365
an4 31.364 35.079 36.056 34.055 28.606 36.475 32.860 29.549 21.858 8.172
jian4 19.307 24.223 19.241 13.112 -8.651 -16.955 -22.830 -24.088 -18.877 -22.854
yao4 9.999 7.831 -6.654 -19.172 -32.984 -35.890 -32.782 -28.539 -18.305 -19.634
ze2 6.548 2.580 -3.197 -14.712 -15.164 -6.393 -8.606 -5.084 5.556 -3.506
cheng2 27.696 20.081 7.580 -4.968 -17.467 -14.722 -13.562 -13.258 -7.558 -21.103
fan4 23.177 25.709 32.454 38.920 47.183 59.590 63.144 59.096 51.435 26.245
zui4 25.640 11.974 3.503 -17.428 -32.854 -36.623 -39.996 -40.035 -27.417 -30.495
xian2 3.275 -3.079 -5.970 -15.289 -17.051 -7.932 -4.133 3.815 16.824 9.433
yi2 34.305 24.047 24.025 15.960 18.802 27.467 30.154 33.211 33.483 23.115
ren2 38.567 22.786 8.634 -6.769 -24.211 -24.326 -25.864 -27.251 -20.164 -25.763
xie3 7.511 7.098 0.560 -3.508 -2.214 1.032 -8.896 -6.764 -2.650 -17.029
yi2 -0.974 -4.736 -3.013 -17.921 -19.152 -9.237 -7.397 -3.717 -0.510 -0.413
fen4 16.355 24.180 33.496 23.355 12.455 13.588 11.963 12.590 13.728 -7.890
hui3 21.710 25.171 11.883 4.356 -0.248 2.493 -7.237 -7.437 -3.982 -12.511
guo4 10.470 17.201 21.460 15.028 3.321 4.818 4.016 1.766 0.057 -3.515
shu1 22.137 25.241 25.053 23.581 13.693 25.382 32.743 33.594 28.688 28.815
