fei1 377.223 366.995 367.758 366.858 365.685 368.982 362.164 368.693 364.023 359.557
ya4 362.435 355.815 348.143 332.711 313.380 281.680 258.769 241.488 224.669 226.453
te4 244.903 255.312 276.470 295.444 322.385 327.359 318.907 297.590 272.748 246.468
de5 215.541 210.281 205.487 194.433 191.695 186.228 184.576 183.162 187.600 192.450
ku4 202.103 228.630 255.093 279.440 297.473 296.602 277.871 250.532 221.614 203.361
cun2 196.650 195.035 192.421 189.326 179.826 173.231 170.700 186.759 204.304 221.692
shi2 215.314 218.142 219.235 212.027 201.825 190.059 184.799 183.930 196.861 205.697
jian1 218.127 239.901 263.038 271.610 275.058 270.353 274.101 274.502 278.061 272.382
que4 277.184 287.544 292.838 290.494 287.882 276.470 266.586 245.571 237.563 230.049
shi4 205.351 219.790 218.307 222.786 221.532 210.996 210.436 197.575 195.488 188.833
yi4 195.997 217.979 234.466 248.875 264.036 276.346 269.674 240.546 229.183 195.876
bai3 199.331 189.261 169.234 153.938 135.527 114.883 100.168 95.129 94.331 98.647
tian1 171.965 195.342 215.870 214.237 214.983 214.899 214.153 219.354 222.960 239.552
