fang3 2.625823974609375000e+01 1.687592697143554688e+01 3.084401130676269531e+01 1.300964641571044922e+01 1.710056495666503906e+01 -1.121903657913208008e-01 5.713146686553955078e+00 1.151113033294677734e+01 4.389267921447753906e+00 1.611953163146972656e+01
wen4 3.321042251586914062e+01 3.169099617004394531e+01 4.712940979003906250e+01 3.306385803222656250e+01 4.468215179443359375e+01 4.514928436279296875e+01 4.274568939208984375e+01 3.591652297973632812e+01 1.249993228912353516e+01 1.829780960083007812e+01
fan3 4.389153671264648438e+01 3.491587066650390625e+01 3.516654968261718750e+01 1.558088970184326172e+01 1.889216423034667969e+01 1.259094238281250000e+01 1.922735404968261719e+01 1.304923343658447266e+01 7.508298873901367188e+00 1.831441116333007812e+01
kui4 2.736145591735839844e+01 1.800361442565917969e+01 3.385778045654296875e+01 2.649750709533691406e+01 3.716709136962890625e+01 3.806088638305664062e+01 3.647744750976562500e+01 2.439843750000000000e+01 6.289283752441406250e+00 5.175947189331054688e+00
jie2 3.874937820434570312e+01 2.985952377319335938e+01 3.691903686523437500e+01 2.234112548828125000e+01 2.459677696228027344e+01 2.174933242797851562e+01 2.403047561645507812e+01 2.345579147338867188e+01 1.511723995208740234e+01 1.067530918121337891e+01
guo3 3.225223159790039062e+01 2.523649597167968750e+01 2.946243858337402344e+01 8.668878555297851562e+00 1.175928497314453125e+01 8.836894989013671875e+00 2.000987815856933594e+01 1.526640892028808594e+01 1.348703098297119141e+01 1.451750850677490234e+01
qian2 3.182158470153808594e+01 2.411661911010742188e+01 3.692328262329101562e+01 1.873283195495605469e+01 2.266473388671875000e+01 1.433421516418457031e+01 1.841011619567871094e+01 1.192334270477294922e+01 1.188199424743652344e+01 1.339978599548339844e+01
tiao2 3.119354820251464844e+01 2.367384910583496094e+01 4.027977371215820312e+01 1.719915008544921875e+01 2.570416069030761719e+01 1.479695320129394531e+01 1.747987937927246094e+01 1.258541679382324219e+01 7.223279476165771484e+00 1.154277992248535156e+01
de5 2.620986175537109375e+01 2.346976852416992188e+01 4.461376953125000000e+01 1.951793479919433594e+01 2.591958045959472656e+01 2.231119346618652344e+01 2.722712898254394531e+01 1.992022323608398438e+01 2.955575466156005859e+00 3.783523440361022949e-01
bi3 2.922662544250488281e+01 1.544631195068359375e+01 2.553112983703613281e+01 5.062160491943359375e+00 1.579885196685791016e+01 1.627025032043457031e+01 2.141047286987304688e+01 1.445441055297851562e+01 4.458220481872558594e+00 8.082956075668334961e-01
lv4 1.525855922698974609e+01 1.668979644775390625e+01 3.484054183959960938e+01 1.783254241943359375e+01 2.359763526916503906e+01 1.998079681396484375e+01 2.055872154235839844e+01 1.464567756652832031e+01 2.645989656448364258e+00 3.047049999237060547e+00
da2 2.579608917236328125e+01 2.074057197570800781e+01 3.462408828735351562e+01 4.323581218719482422e+00 7.601777553558349609e+00 3.561710119247436523e+00 1.467260360717773438e+01 7.788724899291992188e+00 2.446209907531738281e+00 4.900495052337646484e+00
dao4 2.157436370849609375e+01 2.754268074035644531e+01 4.242963027954101562e+01 2.265188407897949219e+01 2.323873519897460938e+01 1.507738304138183594e+01 1.405795001983642578e+01 9.543075561523437500e+00 -1.929476618766784668e+00 1.389812827110290527e+00
