zi5 3.210588455200195312e+01 2.882954025268554688e+01 4.084844207763671875e+01 2.310650444030761719e+01 2.792935562133789062e+01 1.336620140075683594e+01 2.027627182006835938e+01 2.411254692077636719e+01 1.189027976989746094e+01 1.169552707672119141e+01
zhou1 3.965641403198242188e+01 4.385724639892578125e+01 5.383419418334960938e+01 3.684054946899414062e+01 3.853794097900390625e+01 3.045630645751953125e+01 2.714965057373046875e+01 2.390995597839355469e+01 1.188330268859863281e+01 1.834473609924316406e+01
xian4 2.963343620300292969e+01 2.762191390991210938e+01 4.373274230957031250e+01 3.253324508666992188e+01 4.080010223388671875e+01 3.654238128662109375e+01 3.377338409423828125e+01 2.293531227111816406e+01 4.182102203369140625e+00 8.817392349243164062e+00
tuo2 3.582610321044921875e+01 2.592196273803710938e+01 3.269335556030273438e+01 1.977388381958007812e+01 2.996936225891113281e+01 2.629483795166015625e+01 2.995482444763183594e+01 2.247789001464843750e+01 1.253995132446289062e+01 1.112232112884521484e+01
er3 2.808284759521484375e+01 1.477938842773437500e+01 2.356197357177734375e+01 2.485095739364624023e+00 1.452939319610595703e+01 1.542866897583007812e+01 2.261854171752929688e+01 1.474463653564453125e+01 6.321578979492187500e+00 2.415808677673339844e+00
xiang4 2.365127563476562500e+01 1.825958251953125000e+01 3.653384780883789062e+01 2.316465950012207031e+01 2.847803497314453125e+01 2.677037429809570312e+01 2.460842323303222656e+01 1.443048572540283203e+01 3.001207828521728516e+00 6.413788795471191406e+00
xiang1 2.807194900512695312e+01 2.095810317993164062e+01 3.747189712524414062e+01 1.963941001892089844e+01 2.888329887390136719e+01 2.535042572021484375e+01 2.432086563110351562e+01 1.484201526641845703e+01 2.366504192352294922e+00 3.426309585571289062e+00
liu2 2.904311752319335938e+01 1.917215347290039062e+01 2.968110466003417969e+01 6.378639221191406250e+00 8.709784507751464844e+00 7.704222679138183594e+00 1.975761795043945312e+01 1.676641273498535156e+01 9.841965675354003906e+00 1.235834312438964844e+01
chuan2 3.113043785095214844e+01 2.256893348693847656e+01 3.915801620483398438e+01 1.868972206115722656e+01 2.530797576904296875e+01 1.582309913635253906e+01 1.801545715332031250e+01 1.156611251831054688e+01 4.451831340789794922e+00 1.132822513580322266e+01
zhe5 2.960272598266601562e+01 2.246760177612304688e+01 4.158250045776367188e+01 1.991976547241210938e+01 2.467782402038574219e+01 2.261145210266113281e+01 2.320879936218261719e+01 1.625521278381347656e+01 4.117965698242187500e+00 4.733017444610595703e+00
xiang1 2.873081207275390625e+01 2.349013328552246094e+01 4.128122329711914062e+01 2.319909858703613281e+01 2.737118911743164062e+01 2.099577713012695312e+01 2.230823135375976562e+01 1.190681457519531250e+01 -1.258797943592071533e-01 3.372457504272460938e+00
zhang3 3.251757431030273438e+01 2.679007148742675781e+01 3.829971313476562500e+01 1.297274780273437500e+01 1.336305713653564453e+01 6.404677867889404297e+00 1.479726791381835938e+01 1.125687122344970703e+01 9.026533126831054688e+00 7.925867557525634766e+00
he4 2.646207046508789062e+01 1.226468753814697266e+01 2.523542404174804688e+01 1.346995639801025391e+01 2.737899589538574219e+01 3.043835067749023438e+01 2.947282409667968750e+01 2.119021034240722656e+01 6.440141201019287109e+00 7.146330356597900391e+00
zhan4 2.780725097656250000e+01 3.213186264038085938e+01 4.958759689331054688e+01 2.861147308349609375e+01 3.137292861938476562e+01 2.215167617797851562e+01 1.971110343933105469e+01 1.184801959991455078e+01 3.458621263504028320e+00 2.270926475524902344e+00
wu3 2.614451789855957031e+01 1.293943405151367188e+01 2.078107261657714844e+01 8.556222319602966309e-01 1.378710746765136719e+01 1.399389457702636719e+01 2.153945159912109375e+01 1.244041919708251953e+01 8.402523994445800781e+00 1.019531726837158203e+00
liu4 1.525788497924804688e+01 1.850729560852050781e+01 3.474848937988281250e+01 1.861694908142089844e+01 2.392516517639160156e+01 1.946836471557617188e+01 1.819694328308105469e+01 1.381758403778076172e+01 4.396246433258056641e+00 4.609436035156250000e+00
gu4 2.524847221374511719e+01 2.521081733703613281e+01 3.786785507202148438e+01 1.912869453430175781e+01 2.273095512390136719e+01 1.847082519531250000e+01 1.983698081970214844e+01 1.398330402374267578e+01 1.334298253059387207e+00 -7.754097580909729004e-01
mao2 2.764010238647460938e+01 1.980545806884765625e+01 3.126459693908691406e+01 4.548388481140136719e+00 7.363219738006591797e+00 6.107815742492675781e+00 1.791973304748535156e+01 1.028511333465576172e+01 5.101307868957519531e+00 6.056873321533203125e+00
lu2 1.894824600219726562e+01 1.180938053131103516e+01 2.406028175354003906e+01 -2.877314090728759766e-01 8.078002929687500000e+00 7.718108654022216797e+00 2.136263084411621094e+01 1.241419124603271484e+01 3.355995416641235352e+00 1.380400300025939941e+00
