yong4 2.542006111145019531e+01 1.869400024414062500e+01 3.054750251770019531e+01 1.991893577575683594e+01 3.098895835876464844e+01 2.668675804138183594e+01 2.940883827209472656e+01 2.689767837524414062e+01 1.218597698211669922e+01 9.939844131469726562e+00
dang3 4.110467910766601562e+01 3.173359489440917969e+01 3.391248321533203125e+01 1.203756332397460938e+01 5.265716075897216797e+00 4.316362380981445312e+00 1.195169734954833984e+01 1.153060436248779297e+01 6.338663578033447266e+00 1.222195053100585938e+01
feng1 2.856524467468261719e+01 2.307520103454589844e+01 4.156401824951171875e+01 2.352019500732421875e+01 2.604658317565917969e+01 2.353191947937011719e+01 2.566378211975097656e+01 1.730902290344238281e+01 -1.165437340736389160e+00 2.481158733367919922e+00
lian2 3.254572296142578125e+01 2.218625831604003906e+01 3.442617416381835938e+01 6.786190986633300781e+00 7.676240444183349609e+00 3.213675975799560547e+00 1.310193157196044922e+01 1.216735458374023438e+01 5.445942401885986328e+00 7.981649875640869141e+00
zheng4 2.884958076477050781e+01 2.935456466674804688e+01 4.844210433959960938e+01 2.887988662719726562e+01 2.753984451293945312e+01 2.105105018615722656e+01 1.956776618957519531e+01 1.163100147247314453e+01 1.014601826667785645e+00 4.169387817382812500e+00
jian4 2.963138198852539062e+01 2.746935653686523438e+01 4.614702606201171875e+01 2.738768959045410156e+01 3.148385810852050781e+01 2.375531005859375000e+01 2.422823143005371094e+01 1.379171180725097656e+01 2.750236034393310547e+00 6.536987304687500000e+00
she4 3.417535781860351562e+01 2.667790985107421875e+01 3.974865722656250000e+01 2.334476280212402344e+01 3.351322937011718750e+01 3.005068206787109375e+01 3.199631881713867188e+01 2.264654541015625000e+01 8.129467010498046875e+00 4.292614936828613281e+00
he2 3.242461776733398438e+01 2.194491577148437500e+01 3.160090827941894531e+01 1.575807094573974609e+01 2.966881179809570312e+01 2.529400253295898438e+01 2.788767051696777344e+01 2.276039886474609375e+01 1.162616348266601562e+01 1.145387744903564453e+01
fan2 3.400613021850585938e+01 2.688316917419433594e+01 4.032772064208984375e+01 1.875210571289062500e+01 2.011097145080566406e+01 1.300414085388183594e+01 1.881107330322265625e+01 1.331385612487792969e+01 1.239708900451660156e+01 1.545148944854736328e+01
fu3 3.422036743164062500e+01 1.776979827880859375e+01 2.455304336547851562e+01 5.003646850585937500e+00 2.173372077941894531e+01 1.752248573303222656e+01 2.492324447631835938e+01 1.290235233306884766e+01 4.816264152526855469e+00 2.571428775787353516e+00
bai4 2.542530250549316406e+01 2.129455947875976562e+01 4.376239013671875000e+01 2.499870872497558594e+01 2.716542816162109375e+01 2.020256042480468750e+01 2.176568222045898438e+01 1.402923870086669922e+01 2.974690914154052734e+00 7.148091793060302734e+00
dou4 2.853519058227539062e+01 3.062245750427246094e+01 4.904890441894531250e+01 2.877607917785644531e+01 2.825637817382812500e+01 2.092408943176269531e+01 2.044140625000000000e+01 1.060005664825439453e+01 3.057567834854125977e+00 6.388138771057128906e+00
zheng1 3.065537452697753906e+01 3.401999282836914062e+01 4.930015945434570312e+01 2.891452217102050781e+01 2.823330879211425781e+01 2.159073829650878906e+01 2.220887947082519531e+01 1.294124698638916016e+01 5.174787998199462891e+00 4.476635932922363281e+00
de5 2.517986869812011719e+01 1.979944610595703125e+01 3.801354980468750000e+01 1.508449649810791016e+01 1.820060920715332031e+01 1.621365165710449219e+01 2.681130790710449219e+01 1.993577194213867188e+01 6.169455051422119141e+00 -6.800285577774047852e-01
cheng2 2.865406608581542969e+01 2.187796401977539062e+01 3.497218322753906250e+01 1.786301040649414062e+01 1.990254592895507812e+01 1.316872978210449219e+01 2.026551055908203125e+01 1.416775512695312500e+01 1.295157432556152344e+01 1.615786361694335938e+01
guo2 2.703516197204589844e+01 2.343882942199707031e+01 3.431542587280273438e+01 1.567484760284423828e+01 1.657276535034179688e+01 1.264486885070800781e+01 2.179270172119140625e+01 1.787154579162597656e+01 1.334239768981933594e+01 1.199391174316406250e+01
qu3 2.730990791320800781e+01 1.519207286834716797e+01 2.424875640869140625e+01 9.534420967102050781e+00 2.323465728759765625e+01 1.963311576843261719e+01 2.787796783447265625e+01 1.928995513916015625e+01 9.256734848022460938e+00 5.764675140380859375e+00
xin4 2.082547187805175781e+01 1.528378868103027344e+01 2.997053718566894531e+01 1.749074554443359375e+01 2.855331802368164062e+01 3.092066383361816406e+01 2.867047119140625000e+01 1.694302558898925781e+01 3.918865203857421875e+00 2.819520473480224609e+00
yu2 2.520935821533203125e+01 1.277825832366943359e+01 2.225805091857910156e+01 4.831900298595428467e-01 1.301846694946289062e+01 1.425084114074707031e+01 2.527618789672851562e+01 1.541423797607421875e+01 1.057192707061767578e+01 3.893616199493408203e+00
min2 2.351839065551757812e+01 1.643365287780761719e+01 2.760304069519042969e+01 2.203627586364746094e+00 9.122886657714843750e+00 7.987352848052978516e+00 2.039591598510742188e+01 1.215954875946044922e+01 2.552451372146606445e+00 2.046203136444091797e+00
