bing4 326.481 331.507 326.470 318.648 313.186 308.994 291.190 283.910 263.460 258.755
jiang1 245.616 260.960 283.544 291.289 296.185 302.388 300.738 303.903 299.882 293.507
qi2 282.484 265.548 254.736 244.936 223.113 208.530 197.649 201.031 212.978 222.510
wai4 239.984 266.883 286.404 300.490 295.940 282.768 260.044 243.936 232.787 226.488
jiao1 228.896 251.359 266.640 289.791 300.723 310.241 305.426 310.534 310.163 305.372
guan1 313.660 315.350 320.342 326.957 322.683 321.971 320.779 318.345 311.687 306.739
yuan2 277.175 252.678 229.643 201.682 174.027 160.530 153.690 158.788 171.465 194.146
de5 199.546 207.280 215.677 206.877 204.085 195.429 189.898 179.311 180.183 183.088
huo2 176.757 178.209 188.255 188.165 191.173 184.375 183.842 184.228 197.394 215.300
dong4 233.904 249.758 265.884 270.688 270.694 259.481 233.985 221.416 210.680 208.072
fan4 215.866 241.869 269.803 304.777 324.117 332.510 311.535 281.325 247.895 212.111
wei2 192.558 185.564 168.602 156.799 146.917 148.107 148.185 153.277 174.259 188.563
xian4 292.507 294.352 292.805 289.477 278.506 261.142 239.626 211.165 202.540 197.617
zhi4 204.148 212.236 229.354 238.019 247.258 234.475 221.282 202.381 185.866 185.238
zai4 196.671 212.360 210.773 202.761 186.550 170.362 158.245 157.932 155.932 173.173
yi1 245.976 251.654 257.624 270.511 279.974 286.957 292.698 297.501 297.370 290.852
si1 293.893 294.558 304.948 313.732 308.402 315.886 314.833 321.607 317.717 311.630
lan2 267.255 246.524 229.729 209.455 189.370 180.042 179.748 192.265 211.153 228.117
bao3 226.151 225.477 211.047 200.624 184.017 162.423 149.132 129.900 132.143 136.426
shi4 174.615 178.524 182.616 194.866 199.535 193.442 179.837 173.020 155.671 157.263
nei4 169.869 178.949 193.669 199.674 199.484 182.015 153.655 120.631 129.928 117.090
