ngo5 187.117 171.142 185.942 168.582 175.129 174.559 150.028 173.596 170.700 176.354
soeng1 194.431 191.014 212.657 214.702 226.645 229.001 211.396 229.528 219.157 228.551
seon3 226.127 212.548 228.797 221.329 222.878 216.969 187.594 203.771 190.092 185.493
fu3 188.940 177.439 191.340 188.525 194.944 193.770 167.582 182.661 170.307 172.245
mou6 173.714 161.671 171.987 158.467 164.030 162.836 137.945 157.186 152.315 154.484
guk6 161.641 155.056 169.957 161.528 170.161 166.086 137.679 154.114 146.123 147.834
guk6 157.161 150.527 165.944 160.864 165.489 162.346 136.484 150.856 142.215 143.238
zoeng2 164.302 154.113 161.336 154.355 152.686 149.710 133.004 163.102 173.738 186.326
jat1 204.273 195.958 209.127 206.515 217.032 219.783 200.129 214.889 205.713 208.895
ding6 200.816 187.684 198.210 182.423 176.677 168.345 143.108 157.102 151.909 154.446
jiu3 161.557 146.762 161.805 153.797 166.658 165.425 144.757 165.334 159.429 165.032
hoeng3 171.778 162.162 177.668 171.726 179.158 176.114 153.815 170.185 161.845 163.968
laap6 161.954 146.425 156.260 142.524 148.619 143.810 124.818 145.902 142.822 146.342
faat3 160.973 152.252 173.455 171.563 185.246 180.495 156.640 168.292 156.259 157.394
wui2 155.018 136.029 149.090 138.548 148.825 152.307 136.425 164.058 167.623 174.157
jau5 178.050 164.372 173.839 158.522 156.959 147.979 126.077 149.426 145.088 151.162
se1 164.605 165.089 189.986 196.238 212.803 216.720 198.637 215.680 205.157 206.512
wui6 197.655 175.595 175.973 161.407 158.138 154.963 127.770 146.906 140.507 143.049
bou3 145.538 137.055 153.507 141.363 148.297 146.508 137.236 164.072 162.821 173.969
wui6 164.612 151.858 166.634 159.608 166.765 165.208 151.623 172.957 169.154 182.232
bou3 176.866 170.486 189.422 187.090 192.837 191.690 171.788 192.135 186.197 191.883
zi1 194.054 182.983 203.605 203.950 219.308 220.495 201.801 225.273 211.816 211.168
hau6 207.531 182.561 182.225 162.035 152.990 145.350 127.276 152.686 151.953 163.723
sau1 200.663 197.035 207.630 199.723 206.680 209.845 185.784 209.012 199.165 201.133
dou3 195.415 189.653 204.070 196.285 199.645 194.099 165.781 180.785 164.742 168.696
faan2 167.379 150.822 161.788 152.494 152.333 144.982 127.190 154.740 156.889 168.983
jing3 177.231 169.133 183.909 176.697 178.564 174.359 154.586 175.550 166.980 169.709
zi1 173.830 169.771 191.854 196.547 212.904 217.156 199.606 219.877 207.643 205.313
hau6 202.397 178.239 176.620 155.354 148.220 140.999 120.966 144.420 141.202 153.259
wui6 169.809 158.424 170.579 162.211 171.225 169.506 154.834 175.727 170.974 179.525
zuk6 178.435 170.744 184.408 177.571 187.309 182.079 153.627 165.762 154.715 154.873
hong6 167.389 157.165 165.981 159.784 168.394 164.164 140.635 163.812 156.919 155.737
cyu5 159.137 140.697 156.905 150.976 163.088 156.639 132.704 155.400 149.987 153.659
lei5 150.266 132.866 132.059 121.384 131.194 124.131 114.282 141.743 143.134 164.301
