yi2 231.069 236.998 233.328 244.691 258.006 264.913 279.548 297.078 315.944 300.648
you3 309.440 299.791 285.201 260.059 232.916 210.872 190.939 173.962 173.507 179.661
que1 184.167 207.672 231.682 258.577 285.835 305.441 314.394 319.231 324.798 313.658
yang3 295.628 281.659 259.255 225.203 190.384 164.476 138.129 130.752 135.323 145.515
shui4 160.696 193.814 226.980 260.486 287.109 295.478 290.699 272.338 241.902 226.967
bu4 215.020 221.941 225.574 232.733 234.384 231.896 225.796 213.899 206.279 194.482
zhe5 200.506 201.811 206.266 199.721 191.868 186.143 184.684 179.159 177.614 186.427
jiao4 195.604 223.490 255.432 275.233 283.853 283.012 267.652 245.927 214.126 199.088
de5 182.225 178.930 176.900 171.546 165.458 163.003 159.666 163.895 171.011 171.307
gan3 173.047 183.239 180.596 180.701 166.892 152.368 140.169 126.887 127.305 121.114
jue2 132.159 144.650 144.107 150.156 145.879 150.223 156.811 169.318 188.066 208.985
