zai4 376.160 375.953 374.648 370.205 366.649 360.588 336.158 314.525 290.859 262.311
mei2 255.573 249.042 241.267 234.141 224.566 219.661 215.078 223.695 234.697 241.328
cai2 252.515 247.251 240.937 231.136 222.193 209.516 205.027 203.806 220.183 228.927
neng2 202.010 189.950 183.204 172.928 155.787 160.182 152.875 165.211 172.083 179.657
de5 186.471 198.310 204.356 190.522 181.666 170.787 166.322 166.691 172.575 184.033
tuo1 259.041 260.112 263.012 266.521 278.629 285.409 294.836 304.998 303.708 297.951
shang4 307.442 305.286 306.542 303.180 294.440 280.340 259.859 235.724 229.309 210.448
ji3 203.573 196.401 202.371 202.473 194.403 188.305 177.089 174.218 167.202 158.602
shi2 171.799 180.360 177.986 186.980 196.317 199.967 208.674 217.295 230.587 240.957
ji2 240.902 242.668 224.165 208.434 194.188 188.600 186.203 200.305 223.160 225.705
ye3 218.159 221.179 224.734 217.238 200.812 187.025 173.414 165.705 161.957 167.751
hun4 174.870 209.208 236.415 272.036 312.137 329.521 330.832 304.655 273.508 238.328
le5 207.275 200.997 192.073 179.511 180.638 181.123 178.285 176.022 172.425 170.706
ge4 175.454 195.449 214.147 226.374 235.937 244.838 239.154 223.184 208.198 203.481
lian3 186.834 177.674 185.597 171.803 167.560 150.520 138.774 129.931 120.742 130.979
er2 116.431 125.940 125.925 130.546 132.027 141.098 141.806 153.484 178.497 195.165
shu2 201.780 206.286 197.253 179.082 164.676 148.817 146.154 148.010 170.404 190.635
