jau4 167.495 165.214 169.498 162.807 158.119 159.290 134.310 158.468 143.390 154.925
jyu1 155.583 159.028 182.571 188.616 207.407 218.331 208.074 226.204 220.788 227.816
jat1 233.973 224.732 232.436 226.929 228.575 229.635 203.015 219.942 210.054 219.179
dou6 224.346 214.439 225.075 211.826 206.273 196.422 170.384 179.495 168.981 169.394
wan4 166.096 148.434 154.142 139.002 142.159 139.401 117.364 132.783 131.555 136.167
jyu5 146.256 131.979 143.838 137.773 153.373 154.734 138.005 161.095 160.203 167.031
daai3 175.263 170.091 188.396 182.554 185.670 179.503 157.763 172.691 165.926 167.533
jing2 174.586 154.161 166.417 153.977 158.230 160.075 150.766 180.920 187.739 194.793
hoeng2 210.182 190.756 198.583 182.056 175.252 164.806 148.555 176.277 182.784 196.260
gwong2 207.695 188.883 196.654 172.265 166.044 155.861 138.486 167.365 174.999 186.800
dung1 200.428 199.346 224.833 223.069 231.807 230.427 216.407 233.976 225.476 223.561
jyun4 219.498 187.835 182.512 156.571 150.908 146.294 116.809 135.209 132.533 133.140
ngon6 135.257 125.256 138.373 133.897 143.096 148.164 126.670 148.761 143.953 144.698
dei6 146.321 135.044 147.670 139.984 146.327 146.158 122.963 143.888 143.849 144.611
keoi1 156.356 167.376 190.395 199.157 212.634 220.042 204.597 222.196 216.553 217.501
bun2 172.995 155.674 167.330 152.354 157.493 159.004 143.060 167.936 179.995 191.145
gong2 192.855 179.995 193.467 178.777 175.872 163.703 151.237 177.698 178.345 189.865
gam1 195.575 192.463 214.184 212.737 222.729 222.971 206.677 227.558 221.167 224.773
jat6 217.729 199.613 201.747 189.349 188.033 183.357 150.340 166.594 155.806 152.908
daai6 159.724 147.866 161.325 149.000 151.496 148.035 127.905 149.282 141.904 146.546
zi3 152.548 140.924 159.621 158.423 173.480 171.707 150.908 169.511 163.896 167.269
do1 176.309 177.879 199.935 201.223 213.668 214.139 196.612 215.696 205.976 204.987
wan4 193.189 159.113 154.667 128.927 124.524 117.881 102.517 125.149 124.007 138.056
jau5 162.535 152.326 157.578 147.745 154.833 154.340 138.399 167.549 161.895 171.349
gei2 167.760 160.395 173.110 166.731 169.163 161.984 151.570 184.902 184.194 201.864
zan6 200.643 187.056 198.198 182.167 176.201 164.686 134.682 155.103 146.319 150.387
jyu5 146.729 128.760 139.993 126.977 134.279 139.095 132.778 162.553 162.539 176.724
ceoi1 194.978 184.783 197.277 191.531 205.322 208.607 188.258 210.313 199.187 197.703
koeng4 205.956 187.518 193.661 173.119 165.305 152.402 118.761 135.830 127.132 129.693
ging6 144.865 136.034 152.075 141.741 149.682 149.741 126.765 150.843 147.468 151.930
dung1 161.847 165.893 191.173 197.995 209.906 214.616 199.804 224.031 216.146 216.137
fung1 223.184 215.751 230.422 222.091 223.992 218.812 197.647 221.872 213.777 212.916
saau2 167.555 160.452 169.414 156.733 155.880 150.188 133.352 163.806 174.891 189.991
hau6 190.343 181.858 192.473 182.971 182.445 172.733 144.880 163.809 151.589 152.640
zyun2 144.316 130.060 141.680 136.233 136.880 134.727 118.958 149.455 154.201 163.955
ceoi1 177.596 169.615 194.362 192.654 209.374 210.225 192.282 210.302 203.288 201.749
bak1 193.895 180.517 193.389 192.008 199.187 198.126 175.583 191.825 185.613 188.276
fung1 197.921 191.121 212.942 209.745 203.050 194.605 171.699 195.226 181.201 190.629
