jian4 368.954 374.615 377.597 367.733 361.550 347.111 330.868 311.110 287.000 272.067
she4 251.009 257.932 259.582 267.218 264.467 259.721 252.329 240.686 229.993 225.595
xian1 228.091 242.638 266.783 293.566 312.923 324.056 329.133 325.830 330.590 329.737
jin4 326.308 332.277 329.380 319.194 300.440 273.514 251.416 225.742 210.940 202.567
ke3 197.249 193.982 195.281 204.689 210.036 202.656 181.875 157.629 144.742 147.233
kao4 154.939 180.089 202.907 225.374 250.671 250.930 242.310 225.299 205.562 188.408
de5 192.626 188.908 193.632 185.698 178.708 177.028 175.636 175.255 174.376 182.274
xin4 200.102 217.599 246.276 282.700 311.132 320.068 312.074 287.153 257.824 235.139
xi1 221.061 225.364 237.883 258.671 278.920 292.219 299.037 305.974 306.644 297.571
wang3 279.663 261.916 232.704 217.383 182.079 158.137 137.142 119.912 115.211 120.353
luo4 139.472 160.927 178.969 199.499 189.914 174.615 145.337 123.303 111.968 120.198
