guo1 381.367 378.548 377.309 371.068 366.760 372.969 374.022 374.369 366.246 357.017
lao3 329.061 310.882 289.089 252.478 215.950 180.517 164.752 152.658 151.450 155.256
hai2 165.917 167.327 163.537 168.397 172.219 172.926 162.146 162.279 174.192 190.390
shuo1 195.355 215.271 236.884 253.233 262.769 266.720 270.911 274.721 269.484 269.623
mu4 327.240 339.677 341.691 346.522 346.791 332.037 319.264 294.048 271.608 251.576
gui4 257.011 270.200 289.847 303.332 301.678 299.668 292.135 271.544 261.102 249.445
ying1 221.000 233.867 258.460 281.811 298.688 316.364 324.508 330.868 335.721 329.422
de5 315.453 301.249 297.862 270.613 253.542 236.912 213.320 201.667 195.444 188.207
tai2 182.683 178.609 185.042 183.897 187.199 181.216 181.390 191.084 214.624 230.990
ci2 241.372 233.823 228.032 214.377 195.771 182.640 166.046 168.120 175.134 188.903
wo3 212.180 216.351 207.497 196.911 180.506 168.979 152.130 143.467 139.333 143.334
bu2 142.881 155.475 164.553 175.834 180.670 174.800 179.003 199.919 214.590 234.473
gua4 266.487 290.106 310.059 323.804 332.986 323.579 308.368 281.110 254.688 237.885
shuai4 220.344 229.406 235.519 247.938 247.391 228.491 201.150 178.480 165.539 155.435
shui2 181.874 172.288 175.756 169.631 166.332 160.340 151.668 156.881 175.075 196.190
gua4 233.848 256.657 288.038 300.275 298.426 281.652 257.499 218.884 191.571 175.063
shuai4 166.930 180.896 193.560 209.611 207.574 178.585 150.624 121.947 109.770 127.098
