tu2 16.288 7.386 -1.635 -5.471 -0.124 11.722 19.404 26.920 33.761 31.547
rang3 50.461 46.766 28.857 17.005 10.412 0.771 -5.603 -11.649 -4.223 -8.716
fei2 8.843 -0.662 -14.242 -20.626 -21.892 -14.416 -4.578 -9.333 3.785 4.040
liao4 39.743 44.977 45.647 42.536 39.393 37.974 32.758 25.010 23.162 4.145
guan2 15.569 9.727 0.767 -10.220 -13.016 -3.704 -2.608 -0.363 16.805 12.291
li2 46.163 37.874 36.898 26.689 20.403 20.026 13.481 4.727 12.827 -2.919
ti3 20.074 18.192 5.879 -1.364 -5.053 -6.994 -11.735 -14.383 -10.693 -19.831
xi4 13.140 21.974 20.184 13.020 -3.277 -9.326 -12.751 -16.782 -8.419 -18.159
he2 21.206 14.797 4.507 -5.274 -11.836 -7.270 -5.845 -2.961 9.986 2.104
jian1 26.210 19.962 24.847 22.499 24.504 36.090 43.213 42.727 52.730 42.426
ce4 56.793 48.007 43.553 32.843 18.608 21.829 12.849 8.656 13.220 -6.911
ti3 18.688 14.821 2.028 -9.506 -13.822 -10.683 -16.138 -17.059 -12.032 -19.541
xi4 8.683 15.058 8.526 4.726 -11.862 -18.305 -16.972 -17.498 -11.036 -11.561
chu1 34.826 31.290 30.555 23.139 26.811 39.933 42.664 43.306 52.831 44.799
bu4 49.468 47.950 36.651 25.729 14.482 10.947 -0.414 -6.712 -6.408 -11.243
jian4 1.941 -1.978 -6.449 -14.161 -23.479 -22.378 -21.112 -22.544 -14.010 -16.087
li4 2.242 0.175 -11.327 -9.115 -25.132 -20.302 -16.847 -14.751 -7.481 -10.683
