liu2 1.811759757995605469e+01 1.250437545776367188e+01 2.351013946533203125e+01 8.280393600463867188e+00 1.139663410186767578e+01 9.694946289062500000e+00 1.954595565795898438e+01 2.900810432434082031e+01 2.105511665344238281e+01 2.763601493835449219e+01
san1 3.777700805664062500e+01 4.051590728759765625e+01 5.225793838500976562e+01 4.067218399047851562e+01 3.810901260375976562e+01 3.141289710998535156e+01 3.311042785644531250e+01 2.558738517761230469e+01 1.186663627624511719e+01 1.361154079437255859e+01
jie3 3.903888320922851562e+01 2.950469779968261719e+01 3.373320388793945312e+01 1.403307151794433594e+01 2.149477767944335938e+01 2.012068176269531250e+01 2.975237083435058594e+01 2.541876792907714844e+01 1.718587493896484375e+01 1.342814636230468750e+01
da2 2.940821838378906250e+01 2.796550178527832031e+01 3.882372665405273438e+01 1.262290954589843750e+01 1.036999511718750000e+01 8.449807167053222656e+00 2.223759841918945312e+01 1.687454223632812500e+01 1.479686450958251953e+01 1.381368732452392578e+01
ban3 3.668848800659179688e+01 2.932028198242187500e+01 3.372302627563476562e+01 1.121343040466308594e+01 1.082313823699951172e+01 5.592194557189941406e+00 1.295025920867919922e+01 1.306253623962402344e+01 1.141447925567626953e+01 1.051216030120849609e+01
cheng2 2.832242012023925781e+01 2.124514389038085938e+01 3.711004638671875000e+01 1.703841209411621094e+01 2.374794960021972656e+01 1.636503601074218750e+01 1.845915031433105469e+01 1.317927455902099609e+01 3.526071786880493164e+00 8.086389541625976562e+00
de5 2.419359588623046875e+01 2.082477569580078125e+01 3.816266632080078125e+01 1.390884208679199219e+01 1.817142295837402344e+01 1.858390998840332031e+01 2.056730651855468750e+01 1.667032432556152344e+01 7.007598876953125000e+00 4.937561511993408203e+00
gu1 2.870939445495605469e+01 2.503091049194335938e+01 4.044648742675781250e+01 1.979694747924804688e+01 2.309741020202636719e+01 2.011064910888671875e+01 2.044138145446777344e+01 1.413094806671142578e+01 4.337128639221191406e+00 3.451279163360595703e+00
niang5 2.208861160278320312e+01 2.050296020507812500e+01 3.572685623168945312e+01 1.375494575500488281e+01 1.593333625793457031e+01 1.144473648071289062e+01 1.849631690979003906e+01 1.145118713378906250e+01 6.145844936370849609e+00 1.220469856262207031e+01
cao3 3.033923912048339844e+01 1.945286369323730469e+01 2.858181953430175781e+01 1.140168952941894531e+01 2.742770195007324219e+01 1.939219856262207031e+01 2.403910827636718750e+01 1.558298301696777344e+01 6.932033061981201172e+00 4.841862201690673828e+00
yuan2 2.172376060485839844e+01 1.716243934631347656e+01 2.758520317077636719e+01 6.083189964294433594e+00 1.845811653137207031e+01 1.175665473937988281e+01 1.870245933532714844e+01 1.282617282867431641e+01 3.631466031074523926e-01 -6.889751553535461426e-02
zhi1 2.068330955505371094e+01 1.753798866271972656e+01 2.803094100952148438e+01 7.278553009033203125e+00 1.346065807342529297e+01 1.132310104370117188e+01 1.737247467041015625e+01 1.328663349151611328e+01 3.961023569107055664e+00 1.085048794746398926e+00
ye4 1.712996864318847656e+01 7.676822185516357422e+00 2.089213371276855469e+01 6.632194519042968750e+00 1.452256965637207031e+01 1.654972076416015625e+01 2.321388626098632812e+01 1.802897644042968750e+01 6.840593338012695312e+00 3.931051731109619141e+00
yi1 1.934477233886718750e+01 1.054862689971923828e+01 2.431158256530761719e+01 3.142952442169189453e+00 1.425924205780029297e+01 1.428843116760253906e+01 2.178689002990722656e+01 1.609156608581542969e+01 6.508997440338134766e+00 2.785686969757080078e+00
yi1 1.765898704528808594e+01 9.958768844604492188e+00 2.465049743652343750e+01 3.272594213485717773e+00 1.280593681335449219e+01 1.326188659667968750e+01 2.115425300598144531e+01 1.389333343505859375e+01 4.629066467285156250e+00 4.906190633773803711e-01
dao4 2.265611457824707031e+01 2.793911361694335938e+01 4.219456863403320312e+01 2.097011184692382812e+01 2.215007400512695312e+01 1.350968742370605469e+01 1.331703376770019531e+01 9.647844314575195312e+00 -7.321393489837646484e-01 7.116843461990356445e-01
lai2 2.179664611816406250e+01 1.593036842346191406e+01 2.798105239868164062e+01 8.270663619041442871e-01 6.046533107757568359e+00 6.247275352478027344e+00 1.979788398742675781e+01 9.364342689514160156e+00 3.617563962936401367e+00 3.450440406799316406e+00
