ru2 239.654 238.558 236.320 242.413 244.041 258.594 275.914 295.330 310.628 315.730
ci2 304.038 298.326 290.224 270.394 261.582 239.461 242.238 252.510 258.726 255.047
kao3 272.354 255.498 243.454 235.763 209.148 193.412 159.879 145.838 139.948 144.772
jiu1 176.579 192.393 229.308 245.751 261.553 263.019 264.172 266.214 267.945 262.932
de5 248.174 235.017 222.853 213.040 191.228 183.465 178.195 176.760 183.990 191.098
zhuang1 200.029 233.408 260.525 278.804 294.891 301.516 294.863 296.474 299.509 293.046
xiu1 283.489 286.847 298.916 305.636 310.221 307.660 307.199 308.349 302.738 293.214
he2 263.352 247.486 243.213 221.463 211.537 200.716 196.511 215.015 221.374 237.906
ya3 231.955 230.609 228.121 233.279 217.969 194.425 162.649 145.316 130.525 147.814
zhi4 142.948 164.027 192.317 224.498 249.741 261.919 249.316 236.579 214.122 195.866
de5 186.895 180.143 170.196 166.287 160.403 159.998 156.208 157.501 165.046 162.617
bai3 165.041 164.759 172.148 165.893 164.892 148.453 130.544 116.156 106.710 121.040
she4 136.781 155.813 186.825 201.254 213.923 199.486 178.626 155.331 147.199 158.912
