da4 358.565 361.184 360.827 365.432 359.812 345.432 325.409 316.204 300.954 291.835
zhuan1 280.673 303.844 323.935 339.778 347.964 355.639 354.211 355.070 363.596 357.227
yi3 333.316 312.415 282.936 260.234 234.452 218.192 189.425 175.384 168.833 174.001
shang4 185.911 210.131 228.159 242.613 244.672 229.730 215.045 198.808 192.185 194.148
xue2 196.778 193.990 198.800 208.524 213.194 211.605 204.144 201.919 214.932 228.066
li4 264.098 274.822 297.350 310.976 319.446 313.509 293.519 272.245 248.053 222.169
de5 204.081 200.431 197.750 188.426 185.450 183.937 179.746 182.176 186.872 185.773
bi3 193.468 193.575 197.720 196.461 196.610 184.625 165.921 151.671 141.981 140.330
li4 151.490 173.356 196.931 207.250 198.593 177.407 164.894 143.511 128.985 131.400
ti2 181.089 179.732 180.127 183.902 183.868 187.842 183.056 184.909 198.761 206.149
gao1 229.969 246.018 263.861 276.303 276.652 275.010 272.312 261.833 264.155 260.647
le5 236.980 213.110 201.329 181.698 159.837 145.677 125.014 112.053 111.988 115.992
