lei2 268.293 269.351 266.156 265.710 263.214 263.847 274.281 287.854 308.239 307.301
ruo4 304.295 317.057 329.358 337.059 339.895 329.712 316.533 294.836 277.344 247.673
de5 235.327 221.490 217.848 209.580 198.973 193.673 197.068 192.033 196.161 199.053
qu1 203.106 211.537 228.221 253.048 274.779 285.050 296.355 306.304 303.103 296.959
ti3 274.359 257.476 243.256 225.440 204.103 176.686 157.803 152.062 154.195 161.237
yi3 200.695 198.891 197.110 193.962 189.112 177.652 171.470 162.530 162.984 169.953
jing1 209.242 222.700 248.320 273.877 282.074 290.652 295.137 300.610 303.265 295.870
hen3 272.772 263.019 253.265 238.622 216.826 196.930 171.697 164.446 155.503 158.417
nan2 143.787 151.367 160.144 164.407 172.264 171.571 177.930 192.429 203.316 222.258
zhi1 213.700 238.279 260.126 282.366 293.233 296.083 295.090 291.168 292.804 287.530
cheng1 280.309 285.457 292.000 302.683 312.820 317.954 326.978 324.168 325.059 318.423
zhe4 294.260 299.541 302.035 292.796 279.195 253.267 223.463 206.080 196.461 195.350
ban1 193.908 203.626 218.461 233.772 252.474 257.312 258.430 265.234 272.574 272.266
wang4 268.188 270.893 278.911 289.602 285.360 264.596 240.294 213.701 188.592 173.178
wo3 161.142 158.842 162.720 158.143 148.560 133.789 112.152 99.735 104.395 113.382
