yi2 223.704 233.133 236.355 231.102 228.190 244.518 246.860 269.804 281.472 290.849
da4 299.881 311.255 326.948 337.787 336.728 321.874 298.285 278.359 260.767 254.992
pi1 239.538 246.994 265.366 282.181 291.353 293.814 296.989 304.437 302.962 302.029
you2 259.711 249.690 236.571 224.967 211.876 213.950 213.927 224.872 247.007 254.363
dan2 236.717 231.875 222.646 207.784 186.505 175.462 169.470 193.896 212.109 230.051
you3 215.872 218.120 220.150 213.684 200.223 182.224 157.579 154.959 137.396 147.353
shi2 145.642 152.886 162.894 173.141 181.092 182.958 180.528 184.108 185.085 199.946
de5 198.409 206.344 210.093 205.108 196.848 187.420 185.844 175.902 175.122 173.102
ren2 155.383 152.916 161.931 158.604 161.124 163.919 176.495 191.736 222.847 241.241
cai2 257.467 256.363 241.088 228.078 208.426 183.952 176.451 171.357 182.474 189.752
tuo1 201.422 214.421 242.178 264.559 293.336 300.376 311.010 314.556 311.923 306.327
ying3 290.213 275.444 257.440 227.484 205.907 170.868 155.228 140.785 137.080 139.660
er2 159.168 160.078 161.353 148.030 152.691 157.166 156.399 163.783 174.712 181.221
chu1 218.336 231.530 242.642 241.908 238.897 240.607 234.384 239.069 242.876 251.671
