wei4 343.445 349.543 348.008 338.345 330.064 321.344 319.442 299.914 281.851 264.985
zhi2 230.919 222.147 218.820 210.571 202.665 200.220 205.545 210.984 222.280 232.788
gong1 256.175 276.821 299.074 307.139 310.613 305.910 307.664 309.170 315.002 306.946
zai4 299.616 302.255 296.031 282.287 261.103 247.220 222.787 211.537 203.372 204.010
zi4 207.538 227.039 253.208 287.087 306.328 308.942 299.392 280.510 262.452 251.870
jia1 235.157 246.510 267.388 283.376 284.117 281.897 283.100 283.581 281.605 274.027
de5 247.291 244.607 236.035 229.998 211.154 206.318 195.552 203.215 195.073 192.361
yuan2 183.264 180.477 182.734 186.984 181.813 181.333 179.178 196.095 210.383 232.506
zi5 257.892 275.235 290.738 303.038 299.294 300.835 290.682 269.240 259.870 239.237
li2 220.957 213.464 208.320 190.718 178.551 176.759 174.311 191.854 216.885 234.203
cai3 238.686 237.979 238.849 231.266 221.237 197.506 168.325 151.363 138.054 153.941
zhai1 192.344 217.300 248.596 271.857 291.267 300.607 307.017 309.963 307.584 305.775
huo3 296.507 277.317 263.264 246.717 222.227 190.367 172.841 158.991 155.022 148.042
long2 157.447 156.963 156.502 154.543 160.553 157.365 171.576 192.932 230.412 247.264
guo3 224.926 226.593 210.544 187.624 166.988 129.925 113.822 108.918 117.652 127.368
