qie3 260.530 251.560 244.560 228.608 222.385 217.778 201.139 195.811 198.835 193.087
bu4 230.527 244.073 269.788 290.804 314.796 328.359 331.462 323.161 309.603 294.461
shuo1 291.879 294.739 316.425 331.006 335.956 347.710 346.317 349.433 345.495 332.498
xiao3 319.335 299.057 283.384 258.584 232.940 199.262 178.685 157.308 149.373 151.642
er4 177.853 203.555 223.545 242.784 247.196 248.050 230.332 228.214 217.743 219.482
hei1 205.728 220.332 245.120 273.948 300.056 320.199 320.919 333.450 330.381 320.034
jie2 303.128 279.154 253.824 233.450 207.300 184.336 178.500 171.241 195.859 204.545
hun1 206.269 216.797 239.265 264.709 290.139 300.429 310.069 311.088 311.470 311.603
shi4 302.182 298.584 289.528 281.965 272.949 254.588 239.941 223.478 209.279 198.251
bu2 185.075 188.963 189.393 193.752 192.284 186.202 199.221 205.640 223.360 238.497
shi4 231.480 239.957 242.333 250.498 249.289 236.422 227.565 216.261 208.331 199.615
dan1 225.859 242.910 273.085 287.586 299.345 305.462 308.299 306.419 310.377 317.588
dan1 304.018 311.397 322.209 325.743 322.830 321.976 326.002 325.518 333.280 325.970
xie3 309.297 288.308 281.134 265.031 248.016 220.212 183.246 163.205 139.169 137.192
le5 137.130 147.232 142.624 152.808 158.716 167.127 166.515 167.613 168.494 173.319
ge4 172.862 192.968 212.683 225.200 212.690 191.296 180.155 162.581 156.095 150.238
nan2 170.992 176.199 182.696 192.876 185.463 187.249 207.634 227.448 258.848 275.626
nv3 270.210 271.697 261.555 244.843 220.677 188.288 166.698 145.883 136.953 143.469
lian4 156.139 180.126 201.506 225.706 236.359 240.443 230.961 212.359 194.475 196.213
ai4 195.175 210.745 225.944 234.570 239.267 226.375 211.112 184.965 173.426 163.246
gu4 158.551 171.903 184.626 198.702 202.435 203.918 191.575 178.588 164.994 153.297
shi5 145.765 152.533 151.342 162.296 158.422 158.055 141.810 129.723 136.265 141.521
