xun2 264.571 268.933 263.790 261.039 255.734 249.055 260.155 274.944 299.256 304.516
fang3 303.821 287.005 271.258 253.029 217.565 196.894 172.290 158.223 150.861 154.108
ceng2 169.743 180.624 189.799 191.827 192.071 194.880 186.669 197.626 204.603 217.064
jing1 245.011 263.122 284.336 307.430 314.235 323.521 326.890 333.070 335.355 322.756
bao3 305.142 298.101 271.735 248.831 213.645 187.636 165.448 150.866 143.468 142.676
liu2 149.594 152.938 156.931 158.373 159.556 159.841 163.662 172.583 184.132 191.827
le5 197.988 209.507 211.922 205.732 197.759 192.277 186.942 182.343 185.286 177.997
ge2 176.320 172.943 186.298 188.498 187.247 182.195 179.219 189.724 205.120 227.462
ming4 255.853 276.174 299.810 312.389 309.733 294.280 267.184 244.515 223.943 207.044
huo2 183.533 176.579 173.851 179.918 185.644 192.734 205.042 230.866 260.243 268.870
zhong3 272.915 268.322 250.007 239.817 211.223 180.053 150.128 128.317 116.289 124.010
de5 136.209 146.068 146.396 151.119 146.785 152.085 155.518 162.057 164.052 175.096
qiong2 205.833 217.869 218.205 212.157 208.907 197.638 197.964 209.149 237.688 255.896
ya2 274.878 266.863 260.863 239.779 212.291 195.658 190.732 192.781 210.188 221.189
ge2 209.265 204.303 201.427 201.530 187.955 177.781 171.603 165.895 184.796 203.351
ming4 239.006 257.657 277.412 292.637 281.926 267.715 237.316 206.767 190.136 190.306
gen1 207.919 222.720 246.288 266.561 287.021 291.952 286.144 283.910 295.614 291.828
ju4 276.250 278.430 279.890 283.315 287.133 269.763 237.678 195.816 175.534 165.924
di4 154.674 163.147 178.382 182.345 174.663 160.526 138.944 110.393 115.417 120.075
