guan1 357.282 361.806 364.633 360.652 360.132 360.758 359.252 358.183 352.507 343.245
si5 329.869 324.395 305.442 305.305 291.542 268.445 256.636 248.978 240.605 239.934
yi3 229.779 219.727 219.129 209.020 198.201 190.006 172.828 155.674 155.671 157.375
gai1 182.329 215.349 231.011 247.541 255.231 258.992 260.036 261.300 263.416 263.392
yi1 263.562 260.648 269.373 283.415 297.227 308.575 309.335 310.066 316.746 305.036
yuan4 296.381 301.113 296.027 276.776 257.292 225.338 201.987 182.010 173.795 178.447
bai4 200.042 219.032 243.590 262.122 264.942 252.229 240.234 219.754 203.326 202.598
su4 204.385 216.901 230.897 239.044 250.857 236.040 223.145 206.083 184.004 182.876
pei2 190.787 195.008 197.794 206.533 213.486 197.550 187.729 188.654 206.495 231.577
fu4 243.438 252.355 268.970 271.805 268.401 251.720 234.173 217.760 197.153 179.478
er2 170.209 165.377 157.264 157.996 156.050 154.491 155.031 162.596 168.077 179.292
gao4 198.383 228.002 261.020 271.694 258.687 237.926 205.371 169.836 148.337 144.656
zhong1 178.481 208.297 234.720 241.517 244.797 242.781 243.298 247.940 253.796 264.212
