pa4 3.823731994628906250e+01 3.213201522827148438e+01 4.590497207641601562e+01 3.228064346313476562e+01 3.535644531250000000e+01 2.607249641418457031e+01 2.716381454467773438e+01 1.537662887573242188e+01 4.520463466644287109e+00 1.508919143676757812e+01
shang1 3.440586090087890625e+01 3.682339859008789062e+01 4.350823974609375000e+01 3.143609046936035156e+01 4.170812606811523438e+01 2.936364936828613281e+01 2.871575355529785156e+01 2.103569602966308594e+01 9.601578712463378906e+00 1.531045055389404297e+01
le5 3.302257537841796875e+01 2.238859367370605469e+01 3.439802932739257812e+01 1.488929843902587891e+01 2.408827018737792969e+01 2.385943794250488281e+01 2.635483741760253906e+01 2.553646087646484375e+01 1.239703941345214844e+01 1.013491725921630859e+01
hua1 2.838964080810546875e+01 1.667097473144531250e+01 2.643135261535644531e+01 1.596860790252685547e+01 3.129356575012207031e+01 2.951466369628906250e+01 2.771007347106933594e+01 1.662450218200683594e+01 6.436604022979736328e+00 5.752455234527587891e+00
cao3 3.180771064758300781e+01 2.187061309814453125e+01 3.329954147338867188e+01 1.541987323760986328e+01 2.758196830749511719e+01 2.378274536132812500e+01 2.382666206359863281e+01 1.435488796234130859e+01 5.326324939727783203e+00 8.836653709411621094e+00
you4 1.884546470642089844e+01 1.654541778564453125e+01 3.303830337524414062e+01 2.364278221130371094e+01 3.018869972229003906e+01 3.166044425964355469e+01 2.889734077453613281e+01 2.186571502685546875e+01 4.570573329925537109e+00 4.969756603240966797e+00
re2 2.559114837646484375e+01 1.696558761596679688e+01 2.646497535705566406e+01 7.289687156677246094e+00 1.537584686279296875e+01 1.766084098815917969e+01 3.369960021972656250e+01 2.624388504028320312e+01 1.848731803894042969e+01 1.033902835845947266e+01
qi3 2.741121292114257812e+01 1.523662281036376953e+01 2.309856033325195312e+01 8.768406867980957031e+00 2.106202125549316406e+01 1.988956260681152344e+01 2.853357887268066406e+01 1.864748382568359375e+01 9.908378601074218750e+00 5.335155487060546875e+00
zi4 2.305706596374511719e+01 2.169050598144531250e+01 3.838560485839843750e+01 1.931177330017089844e+01 2.315051078796386719e+01 2.023354911804199219e+01 2.117185974121093750e+01 1.417617130279541016e+01 3.381725549697875977e-01 -2.015543937683105469e+00
ze2 2.004701042175292969e+01 1.574030208587646484e+01 2.820813179016113281e+01 7.785265922546386719e+00 1.356940364837646484e+01 1.238671684265136719e+01 2.308072471618652344e+01 1.579979515075683594e+01 9.271281242370605469e+00 5.799588680267333984e+00
he2 2.778852081298828125e+01 1.399199962615966797e+01 2.733938789367675781e+01 9.396228790283203125e+00 2.308426666259765625e+01 2.197429847717285156e+01 2.681031036376953125e+01 1.556168556213378906e+01 5.594265460968017578e+00 6.277887821197509766e+00
bei1 2.349281692504882812e+01 2.093683052062988281e+01 3.944300460815429688e+01 1.632023239135742188e+01 2.116901016235351562e+01 1.836524581909179688e+01 2.011627960205078125e+01 1.312517261505126953e+01 1.965624213218688965e+00 2.406253814697265625e+00
lian2 2.621149826049804688e+01 1.854760169982910156e+01 3.071075057983398438e+01 4.135911941528320312e+00 7.933989524841308594e+00 5.941006183624267578e+00 1.718807220458984375e+01 1.086375808715820312e+01 3.549987792968750000e+00 4.216566562652587891e+00
