cai2 2.232026290893554688e+01 1.535255432128906250e+01 2.874835586547851562e+01 1.578481483459472656e+01 1.897922515869140625e+01 2.173572778701782227e-01 1.853849172592163086e+00 6.419350147247314453e+00 7.940754890441894531e-01 9.496495246887207031e+00
qu4 3.224102401733398438e+01 2.479556465148925781e+01 3.777490615844726562e+01 2.844014549255371094e+01 3.864532470703125000e+01 3.481641006469726562e+01 3.448541259765625000e+01 2.766515541076660156e+01 9.834621429443359375e+00 1.475131225585937500e+01
jiang4 3.792934036254882812e+01 3.822760772705078125e+01 5.577257537841796875e+01 3.728757476806640625e+01 4.129783630371093750e+01 3.319291305541992188e+01 3.728086471557617188e+01 2.643896675109863281e+01 8.574843406677246094e+00 1.362399482727050781e+01
zhi2 3.764509963989257812e+01 2.940178489685058594e+01 4.007941818237304688e+01 1.774679374694824219e+01 2.356571769714355469e+01 2.739385604858398438e+01 3.048024368286132812e+01 2.674487304687500000e+01 1.324684047698974609e+01 8.697937965393066406e+00
ren4 2.893147468566894531e+01 2.391632270812988281e+01 3.727313232421875000e+01 2.374829101562500000e+01 3.024039840698242188e+01 2.846950912475585938e+01 3.035901832580566406e+01 2.621656417846679688e+01 1.213864994049072266e+01 1.310499382019042969e+01
yong4 2.968878746032714844e+01 2.307782363891601562e+01 4.042237854003906250e+01 2.408378410339355469e+01 3.347213363647460938e+01 3.239876937866210938e+01 3.396112823486328125e+01 2.527517318725585938e+01 9.542818069458007812e+00 7.070713043212890625e+00
li2 2.635856246948242188e+01 1.758774185180664062e+01 2.590010070800781250e+01 7.508745193481445312e+00 1.312903308868408203e+01 1.772977828979492188e+01 3.289754867553710938e+01 2.833232498168945312e+01 1.762036705017089844e+01 1.091766071319580078e+01
gang3 3.430202865600585938e+01 2.758279037475585938e+01 3.489563369750976562e+01 9.001296997070312500e+00 7.567290306091308594e+00 3.509171485900878906e+00 1.473844146728515625e+01 1.427054119110107422e+01 1.374263858795166016e+01 1.149997997283935547e+01
pei2 3.201768875122070312e+01 2.105638694763183594e+01 3.203303909301757812e+01 1.611373329162597656e+01 2.527226829528808594e+01 2.045854759216308594e+01 2.160632896423339844e+01 1.261668395996093750e+01 6.616627693176269531e+00 1.130005550384521484e+01
xun4 2.434618568420410156e+01 2.038042259216308594e+01 3.697154235839843750e+01 2.428594589233398438e+01 3.514841461181640625e+01 3.078831100463867188e+01 2.923707771301269531e+01 1.514354133605957031e+01 1.105143725872039795e-01 -1.836415171623229980e+00
gai3 3.414163589477539062e+01 2.625495529174804688e+01 3.588011550903320312e+01 1.242923069000244141e+01 1.598913288116455078e+01 1.408027458190917969e+01 1.607304191589355469e+01 1.326118850708007812e+01 4.283386230468750000e+00 4.851634502410888672e+00
ren4 2.271184158325195312e+01 1.947972869873046875e+01 3.447420501708984375e+01 2.162978935241699219e+01 2.761188316345214844e+01 2.516686820983886719e+01 2.597961425781250000e+01 1.849634933471679688e+01 1.051807212829589844e+01 1.052099323272705078e+01
fei1 2.987853431701660156e+01 2.374184799194335938e+01 4.126778411865234375e+01 2.147884941101074219e+01 3.140042495727539062e+01 2.471517372131347656e+01 3.056596374511718750e+01 1.988313674926757812e+01 6.232076644897460938e+00 4.380830287933349609e+00
ling2 3.052340888977050781e+01 2.131855010986328125e+01 3.152970886230468750e+01 7.329378128051757812e+00 9.579852104187011719e+00 1.049181938171386719e+01 2.593464279174804688e+01 2.198990058898925781e+01 1.382184028625488281e+01 1.142827987670898438e+01
dao3 3.368821716308593750e+01 2.655174827575683594e+01 3.616285705566406250e+01 9.676181793212890625e+00 7.162651062011718750e+00 2.972496509552001953e+00 1.564429855346679688e+01 1.301406669616699219e+01 1.035134601593017578e+01 1.229987716674804688e+01
zhi2 2.643195915222167969e+01 1.796393775939941406e+01 3.518814468383789062e+01 1.379921340942382812e+01 1.869192886352539062e+01 2.054022026062011719e+01 2.787707710266113281e+01 2.309793853759765625e+01 1.127231693267822266e+01 5.842108249664306641e+00
wu4 2.592484474182128906e+01 2.024850273132324219e+01 3.693366241455078125e+01 1.548359775543212891e+01 2.498907470703125000e+01 2.540305519104003906e+01 3.047296142578125000e+01 2.315427780151367188e+01 7.826070785522460938e+00 3.347999572753906250e+00
zhuan2 3.086960029602050781e+01 2.856656646728515625e+01 4.466962432861328125e+01 2.058933639526367188e+01 1.624753379821777344e+01 1.207232284545898438e+01 1.874532318115234375e+01 1.174046897888183594e+01 8.899935722351074219e+00 1.154548549652099609e+01
gang3 3.391849899291992188e+01 2.800377845764160156e+01 3.748534011840820312e+01 1.257621860504150391e+01 1.121425819396972656e+01 6.940566062927246094e+00 1.473660945892333984e+01 9.955582618713378906e+00 9.822603225708007812e+00 1.124052429199218750e+01
dai4 2.724921035766601562e+01 3.206300354003906250e+01 5.108229064941406250e+01 2.722734642028808594e+01 2.762414169311523438e+01 2.264114570617675781e+01 2.222502517700195312e+01 1.210629463195800781e+01 -9.257641434669494629e-02 1.257602453231811523e+00
gang2 2.929419136047363281e+01 2.658824157714843750e+01 3.961809158325195312e+01 1.651504325866699219e+01 1.189964294433593750e+01 8.590305328369140625e+00 2.006277084350585938e+01 1.368592453002929688e+01 1.378499984741210938e+01 1.479379463195800781e+01
deng3 2.911874389648437500e+01 2.473279571533203125e+01 3.462876510620117188e+01 9.720025062561035156e+00 1.026309680938720703e+01 4.362039566040039062e+00 1.458838558197021484e+01 1.128839778900146484e+01 8.783103942871093750e+00 9.585363388061523438e+00
ban4 2.004797172546386719e+01 2.290815353393554688e+01 4.011134338378906250e+01 2.685910987854003906e+01 3.130998229980468750e+01 2.418021392822265625e+01 2.304758834838867188e+01 1.081666088104248047e+01 -2.289813518524169922e+00 -1.064285516738891602e+00
fa3 2.739847183227539062e+01 1.994444084167480469e+01 3.347921752929687500e+01 1.238289451599121094e+01 2.506674766540527344e+01 2.060546302795410156e+01 2.401373100280761719e+01 1.430344200134277344e+01 4.135613441467285156e+00 1.980461955070495605e+00
