shi4 334.557 331.331 331.862 343.295 338.707 354.476 354.738 342.678 327.573 304.633
fou3 280.193 272.009 253.195 230.492 197.564 170.004 150.786 141.434 145.471 155.555
du1 193.343 211.852 241.179 254.479 266.856 269.223 265.758 269.244 277.604 278.461
hui4 282.743 287.127 289.981 292.944 286.980 280.847 253.033 229.504 212.643 204.503
zai4 207.252 215.707 220.906 216.242 205.050 196.923 187.519 180.363 189.930 197.237
zha1 210.075 231.252 250.975 281.754 294.223 305.871 313.539 309.200 313.298 306.543
zha1 306.420 305.968 310.698 318.133 320.002 322.149 325.336 324.885 326.944 321.427
li3 298.190 273.992 246.661 231.452 200.746 171.245 156.991 136.785 139.123 148.559
zan4 176.692 204.709 229.088 253.039 254.632 247.796 232.345 212.097 203.561 200.298
sheng1 202.404 230.133 248.517 268.604 277.842 275.910 279.735 276.133 281.663 275.505
zhong1 274.067 278.907 287.325 292.232 292.306 287.396 289.860 289.471 289.818 281.496
si3 269.666 248.301 238.014 231.131 210.193 175.776 153.236 137.995 125.277 132.806
qu4 125.631 154.524 186.236 200.813 201.670 187.841 177.483 150.641 143.646 161.237
