mai3 16.270 10.251 -6.798 -9.007 -10.333 -1.178 -16.236 -8.465 -3.885 -16.848
mai5 15.538 15.850 19.468 22.197 24.926 36.300 41.168 34.529 34.326 22.828
gu3 33.062 28.538 11.428 9.952 5.228 5.195 -2.266 -2.781 -2.573 -10.170
piao4 12.788 21.201 24.352 24.659 32.100 39.227 45.883 43.206 36.458 15.633
yi3 27.604 21.234 11.070 1.591 -3.664 2.119 -11.168 -11.011 -5.714 -11.259
wai4 17.465 29.422 29.574 27.774 20.083 27.043 17.042 4.297 5.155 -9.672
de5 9.013 -0.240 -17.215 -26.604 -27.546 -25.086 -22.236 -18.940 -9.611 -18.184
qi2 7.276 2.969 -6.970 -10.255 -11.792 -1.810 -2.978 5.039 7.039 3.585
ta1 34.279 31.942 33.548 26.421 19.045 26.160 31.975 28.890 33.874 29.346
wai4 42.681 45.218 44.576 44.305 50.546 61.616 55.555 49.474 43.477 17.420
bi4 32.276 24.035 16.666 -0.189 -17.131 -26.671 -33.118 -39.486 -24.725 -28.720
you3 10.711 9.629 1.770 1.222 0.980 5.154 -0.683 -3.399 -1.634 -11.534
jia4 16.866 27.450 27.110 29.054 27.311 30.127 25.765 17.776 14.187 -1.123
zheng4 20.751 21.087 17.821 18.556 10.054 14.843 20.223 14.463 8.836 -4.460
quan4 18.749 19.082 9.629 9.099 -6.733 -6.789 -9.432 -14.033 -9.213 -8.061
