sao3 201.257 259.321 259.126 249.429 243.538 229.862 216.540 201.425 196.586 -5.486
chu2 228.969 196.801 206.386 210.637 206.296 207.214 207.469 206.171 211.940 212.599
le5 227.899 236.231 240.888 240.746 237.926 231.830 228.877 227.927 220.120 230.385
zhong1 299.661 252.966 286.503 301.869 310.575 318.223 313.485 323.699 326.610 214.021
mei3 168.510 275.361 256.896 233.015 202.035 172.827 155.224 141.012 144.886 314.501
jing1 282.723 196.802 221.629 247.518 261.798 270.733 272.493 274.750 279.003 152.295
mao4 204.032 280.581 287.885 282.226 268.252 237.503 210.870 197.142 180.362 282.487
guan1 305.910 230.990 262.104 282.514 294.529 297.021 297.716 298.190 306.772 194.538
xi4 195.467 282.237 276.586 273.811 270.160 252.891 223.774 208.520 188.504 306.305
zhong1 236.020 225.461 241.957 253.943 256.647 250.563 244.681 245.584 240.018 195.743
de5 174.504 224.076 217.806 207.885 193.167 177.247 162.408 163.762 161.821 239.765
yi2 247.522 171.921 171.718 168.980 170.065 173.007 180.337 190.330 212.643 172.467
da4 186.411 277.821 306.488 320.217 315.241 293.223 273.541 248.767 219.108 223.748
ren2 217.770 175.916 172.176 159.236 150.501 154.628 160.708 168.467 195.361 200.302
wei2 218.263 213.209 210.928 200.284 194.142 175.345 170.474 175.761 190.975 209.980
zheng4 189.158 251.718 288.076 306.039 303.747 289.761 265.844 238.039 207.719 205.157
zhi4 205.015 198.279 206.171 210.060 213.223 204.112 192.629 180.222 173.552 183.744
gan1 285.056 228.027 257.768 279.244 296.060 293.973 304.850 305.428 307.119 192.439
rao3 130.483 259.721 245.287 218.167 181.869 155.605 131.751 111.986 109.462 287.242
yin1 209.215 137.409 148.608 175.285 192.789 210.182 209.927 212.154 208.840 110.144
su4 -4.867 223.068 229.526 229.094 217.845 190.540 156.663 128.281 122.545 213.121
