gei3 249.527 252.415 245.889 240.594 223.017 207.399 206.516 204.831 205.779 203.540
ye2 192.149 192.445 203.432 218.514 225.281 230.695 248.014 260.845 278.423 284.065
ye5 303.062 301.462 310.668 307.430 314.321 304.849 297.720 280.083 271.705 259.079
shao1 234.077 252.139 284.928 302.510 320.979 329.426 332.900 330.615 331.388 328.749
dian3 309.296 299.491 278.448 250.603 208.638 175.947 156.399 146.534 139.273 146.400
shen2 178.191 187.153 195.750 193.601 186.805 178.482 168.982 160.218 165.164 178.405
me5 201.771 201.370 204.963 209.613 216.236 218.618 209.508 208.843 211.927 216.189
hao4 220.439 232.318 257.294 275.851 282.727 274.441 235.627 199.041 174.029 164.882
chi1 285.917 292.332 292.502 296.190 302.375 303.129 306.738 302.807 298.446 283.916
de5 271.137 265.584 262.927 254.370 239.055 226.325 208.901 185.874 163.671 157.728
ne5 143.593 149.127 145.740 152.005 149.093 156.933 157.515 145.696 146.512 152.184
