pan4 303.392 349.759 349.545 352.974 357.984 353.328 347.240 331.353 325.426 -8.881
wang4 208.820 307.629 314.369 307.668 292.615 276.949 252.445 240.000 219.542 324.888
you3 178.010 204.681 205.251 202.777 189.757 177.747 162.919 149.201 147.184 220.026
zhao1 240.214 206.741 240.194 263.010 269.766 261.913 268.753 270.707 269.091 143.407
yi2 217.994 218.054 197.081 187.440 179.780 178.873 175.363 181.859 191.357 258.326
ri4 301.069 233.901 243.674 248.784 227.976 205.049 183.309 161.386 151.313 209.421
qin1 294.671 297.104 309.311 311.891 320.037 319.755 326.520 329.376 327.042 175.149
yan3 165.700 272.893 249.657 223.248 194.774 162.720 143.283 132.471 134.379 318.868
kan4 196.710 177.631 201.611 225.525 247.500 246.677 228.515 208.974 194.907 139.822
kan5 186.763 196.173 199.284 211.825 216.153 206.895 196.573 187.418 186.522 198.194
wei3 164.133 195.459 189.117 184.518 178.118 163.241 144.604 126.918 126.248 195.314
da4 186.214 205.500 245.776 277.806 287.826 292.104 283.884 256.333 232.651 137.761
de5 167.513 167.464 168.339 159.350 155.095 150.796 141.437 145.134 145.937 187.574
zhong1 256.388 192.632 221.140 238.890 251.396 259.235 258.508 267.017 274.236 146.622
guo2 -2.284 237.840 209.256 178.185 144.774 124.719 114.789 118.377 140.513 269.638
