cong2 15.190 12.411 -0.330 -7.129 -12.186 -4.638 -5.676 -3.010 5.810 -2.501
yi1 24.403 18.941 27.274 15.657 20.948 34.683 37.826 38.289 47.027 38.363
jiu2 52.226 30.745 20.616 1.148 -3.151 5.616 2.326 1.718 17.282 5.511
jiu3 30.599 25.194 6.379 -2.755 -12.233 -12.620 -17.689 -14.416 -5.879 -14.564
qi1 13.779 17.399 20.910 7.157 5.537 16.619 19.261 18.887 31.339 25.765
nian2 38.294 26.111 10.226 0.715 -7.448 -6.687 -4.493 -10.239 3.799 -9.512
yuan2 6.800 -5.728 -13.550 -20.851 -26.216 -20.172 -14.265 -16.871 -2.900 -5.319
yue4 17.593 34.153 31.689 23.814 0.756 -6.643 -20.065 -17.334 -9.505 -14.983
zhi4 21.048 13.422 2.059 -14.323 -24.129 -22.289 -17.837 -14.120 -1.585 -0.503
er4 30.155 32.312 31.053 38.336 46.796 58.990 61.464 56.677 51.033 25.782
ling2 28.397 14.079 1.992 -12.504 -11.841 -0.636 1.227 5.223 13.996 5.943
ling2 12.731 5.233 1.321 -13.289 -9.092 4.388 6.291 17.634 17.229 14.977
yi1 40.594 36.997 38.054 20.428 19.844 34.334 32.145 31.041 42.545 34.922
nian2 38.786 27.693 10.502 -5.224 -11.039 -10.439 -12.450 -16.920 -2.851 -15.275
shi2 10.797 2.765 -7.023 -9.896 -10.759 -8.520 1.317 0.348 23.477 20.269
yi2 48.435 43.027 37.779 24.870 19.343 20.101 26.407 23.422 33.703 24.037
yue4 34.924 43.928 44.995 42.300 42.747 51.304 48.606 41.782 40.513 24.884
di3 28.470 23.443 10.422 -1.969 -13.295 -14.067 -18.289 -20.056 -11.612 -13.550
