you4 281.136 333.347 345.674 339.393 350.759 342.559 341.949 323.810 309.114 1.928
yong4 232.073 295.985 294.763 295.753 270.326 260.094 236.667 227.982 223.006 291.783
xi4 251.716 249.645 274.860 308.178 337.471 345.432 336.746 316.809 286.196 228.743
ni4 183.290 251.182 248.845 252.380 238.646 224.029 211.687 200.649 196.509 249.777
rou2 270.672 180.443 178.778 184.655 188.410 185.621 192.934 209.980 238.148 185.694
he2 202.249 262.740 254.349 251.014 244.473 237.206 216.111 201.403 199.297 259.093
de5 184.376 220.470 223.701 217.735 208.337 195.451 190.677 186.317 189.166 208.264
biao2 244.085 187.072 195.370 192.439 186.104 174.186 178.878 189.089 216.733 178.372
yan2 235.129 237.420 231.166 217.297 198.659 175.453 179.116 192.040 215.945 239.005
ti3 159.731 224.114 221.216 219.370 212.212 196.396 173.424 145.430 138.737 227.302
xian4 206.407 178.030 204.609 227.749 242.972 240.183 227.536 212.204 198.344 144.313
jin1 305.648 225.836 249.814 277.954 297.524 307.607 309.198 315.852 318.148 202.924
zi5 172.877 295.200 285.273 261.045 240.640 217.597 195.649 178.633 167.362 310.522
de5 184.935 183.162 183.677 179.663 177.903 167.987 167.728 165.497 163.567 177.134
shan4 190.202 214.050 244.292 277.929 302.835 301.667 296.279 273.686 240.657 174.094
liang2 215.476 179.439 171.872 154.717 138.918 138.279 140.372 160.428 183.486 202.610
he2 188.459 208.042 211.293 212.433 206.059 193.391 179.835 179.534 180.962 187.560
tong2 215.313 189.227 195.135 194.676 185.200 178.651 167.438 171.607 182.927 187.572
qing2 180.856 220.201 217.348 206.552 192.883 172.680 157.798 150.964 154.007 213.624
xin1 4.069 206.280 233.030 244.092 249.628 256.177 253.375 255.385 257.686 171.042
