nu3 230.770 231.217 224.557 232.335 229.727 224.371 217.813 222.323 229.031 230.502
li4 266.034 283.856 315.737 334.380 343.077 349.447 344.237 328.380 309.807 285.781
que4 283.394 285.951 302.843 324.023 335.171 349.658 338.014 318.719 287.816 261.214
bao3 234.364 223.187 223.046 204.261 180.736 160.811 157.394 146.936 151.771 160.156
wai4 184.404 209.017 241.551 273.277 293.891 305.461 302.356 290.369 272.872 257.079
mao4 246.353 255.935 274.393 269.485 270.451 247.588 241.034 220.595 216.254 220.188
jin4 213.475 231.406 258.172 281.133 292.461 293.826 289.703 273.902 264.631 251.420
chu1 231.147 237.509 252.183 266.320 281.014 284.285 294.602 299.388 298.303 282.986
kou2 280.010 265.785 255.042 241.837 237.576 216.613 216.575 213.135 234.962 248.595
zong3 240.372 238.693 229.641 218.070 192.400 160.901 139.464 128.492 128.061 130.360
e2 135.948 140.967 139.803 143.528 155.955 164.245 169.206 179.009 196.903 211.798
bu4 199.346 220.134 252.018 259.339 278.345 275.279 278.115 271.811 259.856 246.714
di1 242.106 257.145 283.182 297.535 313.300 326.644 329.314 333.929 338.038 325.562
yu2 303.808 278.476 250.362 230.814 205.631 190.415 171.726 170.671 181.803 194.308
jin1 201.269 222.990 244.028 269.866 288.223 303.601 307.595 308.539 306.194 297.184
nian2 274.554 251.525 230.580 200.272 175.677 151.268 142.041 145.491 159.845 175.241
de5 184.591 198.962 205.225 214.079 219.031 216.672 213.506 213.807 207.464 210.620
shui3 207.084 210.271 201.121 213.279 196.238 184.195 166.376 142.280 127.194 122.727
ping2 134.597 146.401 162.179 158.740 153.781 152.605 157.596 167.372 194.023 210.883
