dang3 1.951372146606445312e+01 1.054856967926025391e+01 1.951307106018066406e+01 1.964508056640625000e+00 2.687671661376953125e+00 -2.543206453323364258e+00 1.449354648590087891e+00 7.450583457946777344e+00 1.808070898056030273e+00 1.609180831909179688e+01
zhong1 3.329566574096679688e+01 3.621110153198242188e+01 5.447054672241210938e+01 3.577317810058593750e+01 3.921182250976562500e+01 2.715003776550292969e+01 2.850853919982910156e+01 3.076385498046875000e+01 9.972121238708496094e+00 2.188593292236328125e+01
yang1 3.927574920654296875e+01 3.272582626342773438e+01 4.263499832153320312e+01 2.526435470581054688e+01 3.061648941040039062e+01 2.474113655090332031e+01 2.295657348632812500e+01 2.793338775634765625e+01 1.061091804504394531e+01 1.522262763977050781e+01
guo2 4.238629913330078125e+01 3.763778686523437500e+01 4.286340332031250000e+01 2.144580268859863281e+01 2.737981986999511719e+01 2.288118171691894531e+01 2.468240356445312500e+01 1.865239143371582031e+01 1.299629783630371094e+01 1.491302204132080078e+01
wu4 3.574831771850585938e+01 2.332987213134765625e+01 3.635569763183593750e+01 2.129676055908203125e+01 2.775671386718750000e+01 2.750896453857421875e+01 3.704953002929687500e+01 2.966948509216308594e+01 1.340251350402832031e+01 1.202338886260986328e+01
yuan4 3.229935836791992188e+01 2.194087028503417969e+01 4.130150222778320312e+01 2.896841621398925781e+01 3.478174209594726562e+01 2.827070236206054688e+01 2.887443733215332031e+01 1.609183311462402344e+01 3.732168912887573242e+00 4.417625904083251953e+00
gao1 3.015322113037109375e+01 3.139734840393066406e+01 5.177152633666992188e+01 3.035849761962890625e+01 2.937724304199218750e+01 2.042648124694824219e+01 2.310201835632324219e+01 1.233117866516113281e+01 4.398805141448974609e+00 7.268843173980712891e+00
du4 3.203525924682617188e+01 2.832424926757812500e+01 4.342161941528320312e+01 2.268350982666015625e+01 2.220995712280273438e+01 1.917207527160644531e+01 2.162093544006347656e+01 1.536476707458496094e+01 2.420512676239013672e+00 4.930983781814575195e-01
zhong4 3.143895721435546875e+01 3.260916137695312500e+01 4.828869628906250000e+01 2.664866447448730469e+01 2.702368736267089844e+01 1.915622329711914062e+01 1.725440788269042969e+01 1.104677772521972656e+01 7.093122601509094238e-02 5.238159656524658203e+00
shi4 3.434073638916015625e+01 2.530998039245605469e+01 3.686080169677734375e+01 1.968397331237792969e+01 2.812245941162109375e+01 2.422159194946289062e+01 2.613366889953613281e+01 1.777166557312011719e+01 2.848997831344604492e+00 2.238368034362792969e+00
san1 3.034188461303710938e+01 2.742719268798828125e+01 4.754277801513671875e+01 2.647542762756347656e+01 2.771145248413085938e+01 2.008373451232910156e+01 1.991666030883789062e+01 9.824120521545410156e+00 1.824038863182067871e+00 3.240098953247070312e+00
xia2 3.058969879150390625e+01 2.074459266662597656e+01 3.593510437011718750e+01 1.570149517059326172e+01 2.583115196228027344e+01 1.905487442016601562e+01 2.205508613586425781e+01 1.250998783111572266e+01 6.922674655914306641e+00 9.715090751647949219e+00
ku4 3.051543998718261719e+01 1.561202526092529297e+01 2.992820549011230469e+01 1.714333152770996094e+01 2.912349510192871094e+01 3.240476989746093750e+01 3.424871826171875000e+01 2.239505767822265625e+01 5.215453147888183594e+00 6.540420055389404297e+00
qu1 3.374990081787109375e+01 2.084607696533203125e+01 3.491600799560546875e+01 1.704510879516601562e+01 2.763442039489746094e+01 2.681882095336914062e+01 3.037891197204589844e+01 2.152790641784667969e+01 8.731404304504394531e+00 4.269852638244628906e+00
de5 2.746872520446777344e+01 2.297282791137695312e+01 3.529344558715820312e+01 1.348860454559326172e+01 1.724728393554687500e+01 1.499823570251464844e+01 1.908287239074707031e+01 1.511254405975341797e+01 6.942552089691162109e+00 2.537872791290283203e+00
di4 2.805307579040527344e+01 2.751214218139648438e+01 4.111323547363281250e+01 1.940296936035156250e+01 2.383250427246093750e+01 1.992048835754394531e+01 1.968816566467285156e+01 1.409652996063232422e+01 3.920356750488281250e+00 1.928271889686584473e+00
zhi4 2.892655372619628906e+01 2.778062438964843750e+01 4.092180252075195312e+01 1.790972328186035156e+01 2.406527328491210938e+01 2.062468338012695312e+01 2.066104507446289062e+01 1.397166919708251953e+01 2.361118316650390625e+00 -9.260697364807128906e-01
zai1 2.852486228942871094e+01 2.634134292602539062e+01 4.306508255004882812e+01 1.990796852111816406e+01 2.166304016113281250e+01 1.584682273864746094e+01 1.771777343750000000e+01 8.483743667602539062e+00 3.316012620925903320e+00 3.208140850067138672e+00
hai4 2.394493103027343750e+01 1.582484817504882812e+01 3.000340652465820312e+01 1.845824241638183594e+01 3.345002365112304688e+01 3.065319061279296875e+01 3.185190582275390625e+01 1.595681762695312500e+01 1.622237861156463623e-01 -1.126095890998840332e+00
guan2 2.658056640625000000e+01 2.574131584167480469e+01 3.960092926025390625e+01 1.586586856842041016e+01 1.745211410522460938e+01 9.778171539306640625e+00 1.779934120178222656e+01 1.040169143676757812e+01 6.716232776641845703e+00 8.061388969421386719e+00
li3 2.445306968688964844e+01 1.245173454284667969e+01 2.183942794799804688e+01 2.011204957962036133e+00 8.343076705932617188e+00 8.149057388305664062e+00 2.165943908691406250e+01 1.269302749633789062e+01 7.653290748596191406e+00 2.282750606536865234e+00
