shu4 4.076211166381835938e+01 3.357190322875976562e+01 4.500144958496093750e+01 3.542919158935546875e+01 4.294717407226562500e+01 3.160892868041992188e+01 3.773637008666992188e+01 2.991284942626953125e+01 1.560636520385742188e+01 1.303846645355224609e+01
bai2 4.416809844970703125e+01 3.591791152954101562e+01 3.930718612670898438e+01 2.184206199645996094e+01 2.066819190979003906e+01 1.607518959045410156e+01 2.622153663635253906e+01 2.235177421569824219e+01 1.932192611694335938e+01 1.685032653808593750e+01
zhan3 3.874392318725585938e+01 3.093458175659179688e+01 3.732899856567382812e+01 1.283812618255615234e+01 1.288070201873779297e+01 8.337902069091796875e+00 1.256093215942382812e+01 1.153477478027343750e+01 5.597686290740966797e+00 5.769053936004638672e+00
da4 2.576095581054687500e+01 2.864119911193847656e+01 4.756452560424804688e+01 2.784147071838378906e+01 2.693345832824707031e+01 2.195113182067871094e+01 2.178042602539062500e+01 1.162410736083984375e+01 -9.466398954391479492e-01 2.552433967590332031e+00
hong2 3.027839469909667969e+01 2.012982177734375000e+01 3.346907806396484375e+01 1.368112182617187500e+01 2.687922668457031250e+01 2.335201835632324219e+01 2.227989959716796875e+01 1.253357982635498047e+01 2.990693330764770508e+00 7.280662059783935547e+00
deng1 2.663883018493652344e+01 2.639562797546386719e+01 4.639076614379882812e+01 2.373287582397460938e+01 2.417264366149902344e+01 1.905530357360839844e+01 1.936915969848632812e+01 1.415559196472167969e+01 1.750315666198730469e+00 5.433351993560791016e+00
long5 2.375945281982421875e+01 1.810470390319824219e+01 3.532936859130859375e+01 1.067923927307128906e+01 1.534001636505126953e+01 1.055064201354980469e+01 1.837426757812500000e+01 1.371310424804687500e+01 4.763553142547607422e+00 1.124867820739746094e+01
he2 2.904557418823242188e+01 1.573302841186523438e+01 3.007510757446289062e+01 1.277366924285888672e+01 2.577626800537109375e+01 2.508025932312011719e+01 2.456764984130859375e+01 1.508737373352050781e+01 3.066447019577026367e+00 5.899528980255126953e+00
shang4 2.971752738952636719e+01 2.475857925415039062e+01 4.275331497192382812e+01 2.410390853881835938e+01 2.792125129699707031e+01 2.151984024047851562e+01 2.247014808654785156e+01 1.415554141998291016e+01 6.512165069580078125e-01 4.575281143188476562e+00
wan4 2.349351119995117188e+01 1.941861534118652344e+01 3.541571807861328125e+01 1.991836357116699219e+01 2.567091560363769531e+01 2.190051269531250000e+01 2.151164817810058594e+01 1.356487464904785156e+01 7.392467260360717773e-01 8.304955959320068359e-01
pen2 2.677192687988281250e+01 1.775017929077148438e+01 3.305314254760742188e+01 1.560420799255371094e+01 2.712514305114746094e+01 2.323639488220214844e+01 2.440526199340820312e+01 1.250525856018066406e+01 4.944917678833007812e+00 7.380841732025146484e+00
xian1 2.488204002380371094e+01 1.589051342010498047e+01 3.311940383911132812e+01 1.601315498352050781e+01 2.565040206909179688e+01 2.459331512451171875e+01 2.414430999755859375e+01 1.483605766296386719e+01 1.138288497924804688e+00 5.696188449859619141e+00
hua1 2.631595230102539062e+01 1.163886737823486328e+01 2.637110710144042969e+01 1.245342350006103516e+01 2.766088485717773438e+01 2.979310226440429688e+01 2.826180458068847656e+01 1.670244407653808594e+01 4.023088932037353516e+00 6.370957374572753906e+00
xiao4 2.149115371704101562e+01 1.759733200073242188e+01 3.283604812622070312e+01 2.301751518249511719e+01 3.482409667968750000e+01 3.159331130981445312e+01 2.974767875671386719e+01 1.737952041625976562e+01 3.075275570154190063e-02 1.322801113128662109e+00
ying2 2.989471626281738281e+01 1.795542335510253906e+01 2.814225769042968750e+01 4.978287696838378906e+00 1.357164859771728516e+01 1.321913719177246094e+01 2.216019058227539062e+01 1.178937244415283203e+01 7.828938484191894531e+00 5.277421951293945312e+00
lai2 2.298417091369628906e+01 1.646299934387207031e+01 2.762910652160644531e+01 1.744392156600952148e+00 8.127405166625976562e+00 7.211667537689208984e+00 1.857419204711914062e+01 1.104676723480224609e+01 2.601831912994384766e+00 1.690595746040344238e+00
ke4 2.363290023803710938e+01 1.506979465484619141e+01 2.488984489440917969e+01 1.499634647369384766e+01 2.971736526489257812e+01 2.967543411254882812e+01 2.953569221496582031e+01 1.468485260009765625e+01 1.580114811658859253e-01 4.858897924423217773e-01
