tong2 2.124640655517578125e+01 1.236251163482666016e+01 2.775210189819335938e+01 1.094585609436035156e+01 1.682410049438476562e+01 -3.851434230804443359e+00 4.111925363540649414e-01 4.413861751556396484e+00 -3.484883308410644531e-01 1.457630920410156250e+01
zhu4 3.628501129150390625e+01 3.779067611694335938e+01 4.964753341674804688e+01 3.550063705444335938e+01 4.301190567016601562e+01 3.746620178222656250e+01 3.656749343872070312e+01 2.937880134582519531e+01 1.464112472534179688e+01 1.902695274353027344e+01
zai4 4.235493850708007812e+01 4.070532226562500000e+01 5.580869293212890625e+01 3.661022186279296875e+01 4.232815933227539062e+01 3.559669876098632812e+01 3.600580215454101562e+01 2.853636932373046875e+01 1.608710861206054688e+01 1.887493324279785156e+01
ba1 3.770038604736328125e+01 3.633287811279296875e+01 5.298345947265625000e+01 3.497558593750000000e+01 3.525927352905273438e+01 2.965336227416992188e+01 3.463379287719726562e+01 2.642059135437011719e+01 8.039804458618164062e+00 8.569874763488769531e+00
li2 3.351018524169921875e+01 1.768720436096191406e+01 3.017975234985351562e+01 3.842837810516357422e+00 1.375575160980224609e+01 1.570969772338867188e+01 3.052984619140625000e+01 2.570372962951660156e+01 9.801089286804199219e+00 6.323994636535644531e+00
shi4 3.542864227294921875e+01 2.551716613769531250e+01 3.659474182128906250e+01 2.112481880187988281e+01 2.853232574462890625e+01 2.832127571105957031e+01 3.166282272338867188e+01 2.517402839660644531e+01 7.859552860260009766e+00 1.000905609130859375e+01
wai4 2.974582290649414062e+01 2.399099731445312500e+01 3.870214080810546875e+01 2.453175544738769531e+01 2.765719223022460938e+01 2.613976860046386719e+01 2.731752395629882812e+01 1.866705894470214844e+01 1.216269779205322266e+01 1.003723335266113281e+01
qi1 3.519828033447265625e+01 2.373125457763671875e+01 3.924691390991210938e+01 1.996665573120117188e+01 3.106775093078613281e+01 2.795901679992675781e+01 3.371063613891601562e+01 2.228080177307128906e+01 1.114580440521240234e+01 5.266116619110107422e+00
shi2 3.344421005249023438e+01 2.198879814147949219e+01 3.523085021972656250e+01 1.679646873474121094e+01 2.895491409301757812e+01 2.525697326660156250e+01 3.332781600952148438e+01 2.424591064453125000e+01 1.209855079650878906e+01 6.741122245788574219e+00
wu3 2.714983940124511719e+01 1.464550685882568359e+01 2.193500328063964844e+01 1.733399271965026855e+00 1.110373878479003906e+01 1.091493034362792969e+01 2.067798423767089844e+01 1.791392898559570312e+01 1.147058582305908203e+01 6.959694862365722656e+00
gong1 2.829686546325683594e+01 3.164807128906250000e+01 5.113206863403320312e+01 2.705671310424804688e+01 2.624438095092773438e+01 2.316511154174804688e+01 2.275273704528808594e+01 1.418808078765869141e+01 3.366414070129394531e+00 -7.246527075767517090e-01
li3 2.755605316162109375e+01 1.484560298919677734e+01 2.180263328552246094e+01 8.966084718704223633e-01 1.048896694183349609e+01 1.306984329223632812e+01 2.214163017272949219e+01 1.869804954528808594e+01 8.724607467651367188e+00 4.099301815032958984e+00
de5 2.174089241027832031e+01 2.032873535156250000e+01 3.716874313354492188e+01 1.199472045898437500e+01 1.523356723785400391e+01 1.603782081604003906e+01 2.373505783081054688e+01 1.673336219787597656e+01 6.763298034667968750e+00 3.840698719024658203e+00
xi2 2.812937927246093750e+01 1.565410804748535156e+01 3.016121292114257812e+01 1.049834918975830078e+01 2.175974464416503906e+01 2.147700691223144531e+01 2.683951759338378906e+01 1.892410087585449219e+01 8.070563316345214844e+00 6.282841682434082031e+00
fen1 2.586708641052246094e+01 2.215069770812988281e+01 3.858808898925781250e+01 1.862214088439941406e+01 2.815758514404296875e+01 2.429029846191406250e+01 2.765231895446777344e+01 1.844509506225585938e+01 7.547150611877441406e+00 6.882400989532470703e+00
ni2 2.891105461120605469e+01 1.751923751831054688e+01 2.874284172058105469e+01 7.809164047241210938e+00 1.918947410583496094e+01 2.017747688293457031e+01 3.161770629882812500e+01 2.336910438537597656e+01 1.348328304290771484e+01 5.909631729125976562e+00
yi2 2.439335441589355469e+01 1.332586383819580078e+01 2.051721763610839844e+01 -4.857523441314697266e-01 1.112305641174316406e+01 1.133208084106445312e+01 2.084672164916992188e+01 1.271150016784667969e+01 5.823597908020019531e+00 2.242322444915771484e+00
zhuang4 2.513221168518066406e+01 3.179353141784667969e+01 4.887379455566406250e+01 2.887537193298339844e+01 2.975825881958007812e+01 2.193877792358398438e+01 1.812174606323242188e+01 8.834439277648925781e+00 -1.507073938846588135e-01 2.014049530029296875e+00
gai4 2.782729148864746094e+01 3.380591201782226562e+01 4.752417755126953125e+01 2.651192665100097656e+01 2.867603874206542969e+01 2.130724906921386719e+01 2.032111549377441406e+01 1.194040107727050781e+01 3.925763845443725586e+00 4.362933635711669922e+00
de5 2.386659240722656250e+01 1.986490631103515625e+01 3.342354202270507812e+01 1.104989337921142578e+01 1.454687595367431641e+01 1.434172630310058594e+01 2.012801742553710938e+01 1.450400543212890625e+01 7.035912513732910156e+00 1.131254315376281738e+00
bu4 2.520330810546875000e+01 2.231485366821289062e+01 3.624291610717773438e+01 1.898707580566406250e+01 2.306098937988281250e+01 1.857471466064453125e+01 2.380286788940429688e+01 1.284065914154052734e+01 -4.488907158374786377e-01 -2.587127208709716797e+00
zheng3 2.208912086486816406e+01 2.110391044616699219e+01 3.283710479736328125e+01 8.716448783874511719e+00 1.146097660064697266e+01 6.089515209197998047e+00 1.832978248596191406e+01 1.126832962036132812e+01 7.016440868377685547e+00 9.326766014099121094e+00
qi2 2.189601516723632812e+01 1.322105121612548828e+01 2.540903472900390625e+01 5.557022094726562500e+00 1.319716644287109375e+01 1.351420211791992188e+01 2.192478179931640625e+01 1.334704589843750000e+01 2.984122514724731445e+00 -1.935524046421051025e-01
