te4 360.483 355.356 356.899 363.547 365.276 368.602 352.648 342.519 311.527 285.077
bie2 256.892 242.707 239.083 223.853 211.606 200.098 198.013 195.579 206.049 211.947
shi4 225.485 245.325 261.359 265.846 273.958 257.772 255.377 241.981 233.875 213.517
hai3 219.736 212.165 203.169 196.358 185.483 178.345 158.737 147.481 138.810 145.655
ao2 195.397 204.463 199.859 181.121 187.540 181.575 177.621 192.212 200.479 207.154
xia1 220.984 252.854 275.848 284.023 290.322 286.049 282.049 281.390 280.300 275.772
da4 320.161 328.915 329.023 319.517 303.366 278.024 249.970 230.322 221.825 212.326
xia1 236.363 257.658 276.755 294.968 302.549 305.193 299.081 300.095 299.646 294.317
he2 257.948 242.689 235.555 215.978 201.901 187.481 177.633 186.592 191.909 205.009
long2 186.311 190.879 188.624 184.980 174.131 175.356 186.163 197.976 226.821 241.360
xia1 252.967 271.385 298.324 317.039 321.473 321.642 327.035 325.786 324.796 317.431
deng3 275.466 255.273 234.062 207.056 175.082 141.102 134.700 123.661 129.226 137.091
gao1 179.692 214.589 243.731 257.139 278.246 281.075 283.405 287.054 292.963 288.011
dang4 298.953 295.691 306.039 296.643 288.463 268.959 242.647 222.953 210.137 200.237
hai3 190.375 186.086 189.875 191.792 192.881 176.933 153.234 138.462 126.480 136.955
xian1 164.416 183.558 211.973 230.441 243.265 249.241 267.059 264.259 264.443 255.408
yan2 203.404 195.875 191.348 188.172 177.236 188.302 195.311 209.143 229.231 242.050
zhong4 276.908 299.260 313.845 332.855 322.047 298.790 272.508 243.213 217.749 197.678
gao4 198.119 208.512 221.776 231.307 214.096 205.428 179.807 151.899 141.922 137.825
ji2 135.090 133.529 132.037 129.708 125.812 126.689 130.016 139.319 154.383 177.100
