la1 2.755969429016113281e+01 2.557688522338867188e+01 3.968246841430664062e+01 2.063882446289062500e+01 2.332941436767578125e+01 1.513422966003417969e+01 1.952209854125976562e+01 2.287658309936523438e+01 1.509017467498779297e+01 2.121696662902832031e+01
ke4 3.047348403930664062e+01 2.201162719726562500e+01 3.300835800170898438e+01 2.648390007019042969e+01 4.036624908447265625e+01 3.879190063476562500e+01 3.685044097900390625e+01 2.744813156127929688e+01 5.069552898406982422e+00 9.303040504455566406e+00
shuai3 3.488944244384765625e+01 2.996157264709472656e+01 3.409528732299804688e+01 1.881766700744628906e+01 2.578334236145019531e+01 2.181796073913574219e+01 2.042152595520019531e+01 1.213106250762939453e+01 1.046561336517333984e+01 1.007250022888183594e+01
ke4 2.932544136047363281e+01 1.754379653930664062e+01 3.015931701660156250e+01 2.046382141113281250e+01 3.264388656616210938e+01 3.099887084960937500e+01 3.323382186889648438e+01 2.111444091796875000e+01 4.291258811950683594e+00 -1.269515752792358398e-01
zai3 3.051790046691894531e+01 2.537776947021484375e+01 3.560311126708984375e+01 1.152602577209472656e+01 1.447232151031494141e+01 9.357198715209960938e+00 1.590766334533691406e+01 1.082156562805175781e+01 7.877523899078369141e+00 6.747815608978271484e+00
ke4 2.655327224731445312e+01 1.331640720367431641e+01 2.568057250976562500e+01 1.284627151489257812e+01 2.527916145324707031e+01 3.161624717712402344e+01 2.751850700378417969e+01 1.853205108642578125e+01 4.981251239776611328e+00 6.303083896636962891e+00
xian4 2.626191902160644531e+01 1.898917198181152344e+01 3.546548080444335938e+01 2.443584823608398438e+01 3.467763137817382812e+01 3.145121765136718750e+01 2.772813224792480469e+01 1.520867538452148438e+01 2.818238735198974609e+00 4.097537994384765625e+00
xiang4 2.468971824645996094e+01 2.277062225341796875e+01 4.030063629150390625e+01 2.800779533386230469e+01 3.501180648803710938e+01 2.939109420776367188e+01 2.546194267272949219e+01 1.380911064147949219e+01 1.923546195030212402e-02 4.534838199615478516e-01
ji1 2.836399269104003906e+01 2.280987358093261719e+01 3.914840698242187500e+01 1.739995574951171875e+01 2.726410675048828125e+01 2.365685462951660156e+01 2.704380989074707031e+01 1.412792396545410156e+01 3.182129383087158203e+00 -1.497942447662353516e+00
ben3 2.472640609741210938e+01 1.621940422058105469e+01 2.652224159240722656e+01 5.650890350341796875e+00 1.321249675750732422e+01 1.087674522399902344e+01 1.840578079223632812e+01 1.010435771942138672e+01 4.821965694427490234e+00 1.866061568260192871e+00
ni4 1.474689483642578125e+01 1.066804218292236328e+01 2.425382232666015625e+01 1.007313728332519531e+01 1.305116653442382812e+01 1.353868865966796875e+01 1.869731903076171875e+01 1.452911472320556641e+01 2.627372503280639648e+00 1.236735939979553223e+00
ji4 2.266232490539550781e+01 1.772000503540039062e+01 3.164617156982421875e+01 1.191520595550537109e+01 1.755980491638183594e+01 1.554965972900390625e+01 1.830270576477050781e+01 1.293196678161621094e+01 1.768376827239990234e-01 -2.741953372955322266e+00
