cun1 3.852211380004882812e+01 2.998456001281738281e+01 3.878376007080078125e+01 2.934694290161132812e+01 3.688134384155273438e+01 2.691829109191894531e+01 3.070360374450683594e+01 2.669157409667968750e+01 1.508172321319580078e+01 1.121059799194335938e+01
wei3 4.371554183959960938e+01 3.409614944458007812e+01 2.847629165649414062e+01 1.303688240051269531e+01 1.480167007446289062e+01 1.563123321533203125e+01 2.112762641906738281e+01 1.643775367736816406e+01 1.225672721862792969e+01 1.498071479797363281e+01
hui4 2.683715629577636719e+01 1.689733314514160156e+01 2.944191551208496094e+01 2.263002777099609375e+01 3.355519104003906250e+01 3.270216369628906250e+01 3.368101501464843750e+01 2.192357254028320312e+01 4.030827522277832031e+00 3.463898301124572754e-01
zhu3 3.151205635070800781e+01 2.070022010803222656e+01 3.044392204284667969e+01 9.671681404113769531e+00 1.965449905395507812e+01 1.763861274719238281e+01 2.257884597778320312e+01 1.483065414428710938e+01 5.009109020233154297e+00 1.504769682884216309e+00
ren4 1.923159790039062500e+01 1.398906135559082031e+01 3.361170578002929688e+01 1.733019447326660156e+01 2.165730094909667969e+01 2.195880126953125000e+01 2.111028289794921875e+01 1.697257804870605469e+01 2.294845581054687500e+00 4.028924465179443359e+00
zhang1 2.975205802917480469e+01 3.012247085571289062e+01 4.844765472412109375e+01 2.650976943969726562e+01 2.559956550598144531e+01 1.832228088378906250e+01 1.938294601440429688e+01 8.655097007751464844e+00 1.311854958534240723e+00 5.200547695159912109e+00
ai1 2.751702880859375000e+01 2.159953117370605469e+01 4.093468475341796875e+01 1.756673240661621094e+01 2.273161506652832031e+01 1.735176467895507812e+01 1.955016326904296875e+01 1.200396537780761719e+01 4.693635463714599609e+00 7.837703227996826172e+00
jun4 2.703692054748535156e+01 2.612301445007324219e+01 4.360767364501953125e+01 2.457841682434082031e+01 3.028775024414062500e+01 2.304804229736328125e+01 2.317843437194824219e+01 1.307209300994873047e+01 7.802222967147827148e-01 -4.050391316413879395e-01
yan3 2.984154129028320312e+01 1.831309509277343750e+01 2.698149490356445312e+01 3.641898155212402344e+00 1.335261535644531250e+01 1.271235656738281250e+01 1.836034584045410156e+01 9.832936286926269531e+00 6.022749423980712891e+00 1.088662505149841309e+00
lei4 1.377624797821044922e+01 1.317776393890380859e+01 2.669940376281738281e+01 1.267955303192138672e+01 1.700518226623535156e+01 1.435937309265136719e+01 1.728115653991699219e+01 1.573422813415527344e+01 4.495150566101074219e+00 6.792121887207031250e+00
wang1 2.207940483093261719e+01 1.594338130950927734e+01 3.307400894165039062e+01 6.699687004089355469e+00 1.416318130493164062e+01 1.044433593750000000e+01 1.903275871276855469e+01 1.038298988342285156e+01 5.254870653152465820e-01 2.890160083770751953e+00
wang1 2.211009216308593750e+01 1.572022056579589844e+01 3.392599868774414062e+01 6.020188331604003906e+00 1.372953414916992188e+01 9.498872756958007812e+00 1.786378860473632812e+01 9.596908569335937500e+00 -6.979929208755493164e-01 7.572201490402221680e-01
de5 2.046836662292480469e+01 1.619165802001953125e+01 3.041174888610839844e+01 6.555541992187500000e+00 1.243814182281494141e+01 1.140099906921386719e+01 1.543664169311523438e+01 9.328290939331054688e+00 1.719598889350891113e+00 -2.721178531646728516e+00
shuo1 2.387047576904296875e+01 1.653945922851562500e+01 3.165534591674804688e+01 1.293538379669189453e+01 2.054888343811035156e+01 1.947113227844238281e+01 2.184724235534667969e+01 1.111661148071289062e+01 -3.196140050888061523e+00 -1.587138414382934570e+00
