er2 4.683 4.410 -11.415 -14.596 -20.103 -10.767 -14.112 -11.698 -2.763 -9.410
xue1 17.500 18.330 19.727 20.203 22.129 33.745 42.329 45.283 55.558 44.277
shen1 51.028 42.761 40.297 25.079 21.107 29.028 27.191 28.362 33.234 24.444
deng3 37.768 32.664 22.482 12.007 4.900 4.897 -8.054 -6.511 -2.572 -19.357
ren2 8.924 3.543 -8.853 -13.800 -20.154 -13.222 -9.580 -11.106 0.055 -5.417
que1 13.484 8.978 11.458 8.712 2.262 7.099 13.517 7.607 22.255 13.012
zhen4 28.938 22.291 12.028 -6.211 -27.148 -33.145 -39.335 -30.910 -20.418 -21.657
ken3 14.015 14.820 0.313 -5.559 -6.699 -5.543 -10.475 -7.738 -1.153 -6.918
ding4 18.076 21.933 26.525 21.336 23.095 30.709 29.872 21.838 25.604 13.752
hui4 27.248 27.503 14.331 1.582 -13.269 -17.852 -16.445 -16.094 -4.428 -9.930
xue1 26.958 16.026 17.655 6.694 5.937 8.200 8.601 7.517 17.657 16.856
ruo4 4.239 -2.523 -12.661 -32.336 -41.799 -47.505 -42.380 -33.399 -21.400 -20.697
guo2 10.894 4.892 -7.949 -13.692 -19.407 -13.510 -9.069 -4.086 7.418 4.112
an1 29.845 24.036 27.635 19.266 15.062 31.968 36.454 30.482 45.980 36.091
dui4 49.314 48.813 39.287 26.866 15.678 11.914 1.941 -2.184 0.356 -15.913
de5 5.347 -2.694 -15.075 -30.100 -37.427 -32.808 -25.232 -25.785 -13.740 -15.492
gong1 16.572 12.194 12.121 13.357 14.951 28.884 39.169 36.624 50.445 43.844
fang2 52.234 37.069 25.098 5.586 -4.029 -5.224 -8.371 -12.966 1.945 -5.648
shui2 15.857 6.378 -0.498 -10.003 -17.288 -15.082 -5.629 -9.919 7.874 6.659
zhun3 35.319 35.539 23.622 19.294 3.885 -0.267 -12.727 -9.787 -8.478 -15.063
