yi2 4.064 -2.711 -14.324 -19.051 -21.606 -11.730 -12.315 -4.879 4.491 4.819
dui4 24.063 24.304 13.358 -4.600 -20.027 -21.576 -29.875 -25.917 -10.441 -11.416
bai2 19.243 11.308 1.087 -8.791 -12.405 -5.345 -3.568 1.166 20.428 18.326
fa4 43.375 49.535 40.601 40.967 43.284 41.780 43.188 38.624 31.572 19.162
cang1 38.352 28.712 27.735 15.893 14.538 21.208 26.465 25.430 35.149 32.208
cang1 45.325 38.100 26.431 17.350 1.111 8.288 11.679 10.030 19.751 14.106
de5 15.408 4.632 -4.835 -22.048 -26.323 -23.858 -22.328 -19.674 -10.863 -22.312
lao3 6.749 4.044 -4.838 -7.171 -9.677 -5.319 -9.941 -8.250 -1.677 -13.188
fu1 8.344 6.609 8.733 2.968 -1.645 3.510 10.773 5.424 16.227 12.526
fu4 28.249 28.255 19.249 3.510 -14.999 -24.352 -34.124 -28.287 -17.669 -22.125
liang4 36.633 41.619 36.706 30.362 33.801 42.222 37.341 39.799 27.444 15.464
liang4 43.643 42.517 34.161 28.900 33.200 33.854 31.217 31.729 25.314 10.827
qiang4 42.158 42.753 36.792 36.978 39.929 40.638 40.068 35.937 30.618 13.525
qiang4 44.771 42.602 35.735 34.297 32.125 29.899 23.501 16.380 12.499 -2.119
de5 7.559 -0.551 -9.274 -23.837 -29.426 -22.950 -19.269 -18.766 -9.662 -18.233
pu1 5.622 4.735 2.548 -6.208 -2.634 3.541 8.428 6.768 18.085 12.035
jin4 15.102 9.853 6.219 -3.097 -17.136 -6.578 -10.775 -11.546 -3.758 -17.402
lai2 11.192 3.051 -13.251 -16.234 -24.415 -20.549 -16.529 -12.672 -6.906 -19.408
