xi1 342.221 338.353 345.590 348.135 355.735 362.026 368.341 368.217 361.480 346.439
liao2 311.297 287.711 269.842 243.524 224.338 207.405 209.887 222.985 244.912 253.804
he2 254.037 248.963 240.177 232.264 228.919 218.243 209.598 208.272 215.710 235.557
shang4 248.450 269.673 302.646 321.087 328.707 321.533 305.789 275.232 253.862 236.157
you2 204.789 198.116 187.120 184.291 172.765 166.852 159.844 169.358 184.048 200.452
de5 204.978 222.104 221.013 212.914 203.572 193.781 189.781 182.276 190.030 195.044
weng1 208.556 222.571 257.885 282.535 311.712 328.259 335.294 335.641 343.419 326.723
niu2 306.032 280.651 253.349 223.071 195.347 174.170 167.492 169.479 186.211 204.515
te4 221.944 242.689 271.779 297.367 320.839 326.213 321.985 297.388 268.322 237.711
qi2 218.310 212.489 205.985 204.088 203.104 198.546 200.017 205.289 218.457 231.984
ping2 218.876 219.912 220.023 216.011 207.002 194.392 184.775 180.371 190.096 206.873
di4 233.025 250.247 267.158 274.256 264.987 239.367 221.608 206.943 194.010 198.536
song1 221.839 241.402 270.647 293.195 314.066 322.376 330.995 330.285 329.719 316.662
lin2 293.938 272.316 243.431 217.863 188.447 176.212 167.014 166.228 183.087 195.326
ba1 214.586 240.908 269.210 287.026 298.132 303.731 315.209 316.500 318.410 308.734
bai2 286.565 272.083 246.192 217.576 193.478 174.294 177.946 176.123 193.469 205.845
li3 216.982 212.224 190.914 177.240 149.638 114.042 105.303 95.399 100.121 113.029
