yi2 233.934 235.636 235.571 241.036 255.685 239.229 264.740 268.504 280.929 279.364
mian4 299.280 315.350 332.515 327.285 315.996 298.484 276.704 267.432 259.140 252.637
xiu4 266.500 272.022 305.688 328.451 342.464 345.209 341.460 315.292 282.025 261.118
you3 226.854 213.322 201.327 184.511 163.540 149.062 144.895 132.713 133.749 149.211
zhong1 274.257 286.286 303.109 304.777 305.103 304.036 304.217 301.046 302.331 307.690
hua2 285.482 260.258 241.863 222.874 203.998 192.091 176.337 172.569 179.056 194.691
hun2 192.750 187.366 184.376 188.396 186.831 186.661 175.737 186.989 198.648 219.943
san1 224.381 248.891 278.995 301.595 318.626 319.349 323.692 322.188 327.388 326.306
ge4 311.779 309.324 305.830 288.702 266.510 246.016 227.362 212.263 204.060 211.657
da4 234.885 258.365 289.076 305.186 315.906 312.057 307.301 278.780 258.545 234.691
zi4 230.816 231.797 240.542 244.285 243.099 238.006 230.842 219.089 209.370 190.599
de5 180.488 178.310 177.003 169.192 160.539 154.597 149.738 147.705 151.079 155.114
qi2 162.100 166.380 172.650 179.855 183.186 183.612 176.837 170.126 180.217 196.897
zhi4 205.287 233.064 249.582 246.882 227.207 190.772 159.364 132.378 127.628 133.062
zai4 268.078 276.567 278.299 256.179 230.764 207.224 186.631 185.066 182.516 187.792
kan4 196.178 215.987 243.342 284.485 311.383 323.551 306.594 277.735 248.215 224.417
tai2 202.003 193.067 187.674 179.209 169.027 166.757 157.203 155.145 172.707 187.075
shang5 215.040 226.263 236.749 246.723 245.050 219.272 201.044 181.517 169.233 159.981
chuan2 174.557 169.808 168.933 167.663 156.356 145.600 135.527 134.334 142.582 161.110
di4 183.467 203.320 226.382 223.864 214.810 186.508 160.909 136.539 132.482 136.914
