ling2 10.545 6.176 -3.186 -10.219 -5.882 9.429 12.859 24.703 24.022 23.750
yang2 52.654 44.970 42.974 35.084 28.018 37.535 35.397 31.965 36.607 23.032
zhen4 44.962 40.522 27.155 9.402 -3.674 -12.297 -24.289 -23.157 -15.284 -17.219
pi2 9.533 2.399 -7.154 -12.639 -13.488 -6.548 -3.326 1.955 19.008 19.832
pa5 51.607 52.930 51.194 44.867 41.993 43.984 37.678 33.253 31.206 19.219
cun1 49.796 38.470 26.214 10.508 -1.985 -3.083 0.665 -2.865 6.322 4.575
xiao2 18.178 12.436 4.489 -3.262 -2.872 2.747 6.490 6.205 28.631 26.107
zu3 54.284 45.530 31.852 20.944 10.300 7.827 -4.787 -7.474 1.274 -9.326
cun1 13.754 9.282 13.198 6.393 1.432 13.049 14.185 9.455 17.413 18.464
min2 26.443 21.202 5.063 -8.875 -18.119 -12.479 -9.815 -7.461 4.810 3.604
guo1 30.120 23.596 25.215 24.164 22.434 33.024 47.470 40.821 52.200 44.074
fan2 52.096 35.130 21.643 0.203 -10.663 -12.114 -11.579 -16.066 2.046 -8.415
chu3 26.700 27.280 11.393 8.498 -4.684 -6.213 -15.755 -15.018 -10.452 -12.816
