jing3 16.930 12.762 -6.363 -0.628 -2.298 0.899 -10.857 -13.337 -5.165 -16.784
cha2 17.200 10.861 -3.127 -8.968 -17.587 -12.961 -6.942 -9.145 6.074 -0.327
zhua1 18.581 11.923 20.976 12.304 13.742 24.197 26.777 21.499 34.309 25.955
xiao3 41.263 37.402 18.593 8.021 4.792 1.690 -9.320 -10.878 -1.372 -16.119
tou1 16.846 20.890 16.849 7.280 -6.127 -0.057 4.115 4.843 14.865 11.321
dou4 27.521 26.192 23.829 26.994 27.781 30.693 30.988 26.493 22.460 2.979
dai3 27.034 22.251 6.536 -3.415 -9.811 -3.438 -15.413 -14.582 -9.090 -20.546
tu2 15.688 8.314 -4.644 -14.666 -26.810 -21.870 -15.547 -14.667 -0.443 -9.135
jian4 23.856 25.427 26.739 28.340 31.890 41.797 40.960 37.312 35.187 22.600
yi4 26.757 24.838 13.374 -1.074 -2.915 -8.974 -7.280 -9.147 -6.252 -9.734
yong3 24.490 20.803 7.495 -0.951 -7.635 -4.540 -9.748 -11.496 -7.005 -15.132
wei2 16.869 8.492 -4.676 -13.754 -27.677 -23.128 -24.440 -21.931 -12.792 -20.131
fen4 19.182 24.158 27.947 34.794 41.559 57.523 59.128 52.277 49.288 22.028
bu2 15.085 6.551 -7.213 -18.543 -30.911 -19.801 -20.501 -13.499 -8.523 -13.458
gu4 7.169 16.116 20.927 8.013 -4.114 0.955 2.623 7.971 8.670 0.768
shen1 31.774 32.182 32.733 37.635 23.054 39.716 45.558 40.173 41.815 36.149
