tao2 14.038 8.908 0.264 -3.939 -2.368 5.306 4.388 10.941 26.596 24.146
zong1 48.331 42.892 40.721 32.835 30.923 41.704 46.243 42.128 48.686 36.400
yi2 42.826 25.673 10.760 -5.543 -14.371 -12.868 -14.183 -10.702 -1.396 -10.803
chuo4 16.930 23.813 22.277 26.140 22.643 25.170 26.763 20.884 25.570 8.361
geng1 20.863 25.955 26.271 20.332 9.388 20.515 22.932 22.413 31.649 25.555
lu4 25.735 34.801 29.094 26.176 8.676 6.054 -0.482 -2.088 2.671 -15.723
suo3 21.030 15.641 6.697 -2.567 -13.035 -6.956 -9.885 -7.261 -2.412 -6.660
ji4 14.982 25.896 20.267 19.299 12.349 13.928 16.148 9.381 8.321 -5.369
yuan2 18.776 9.377 -1.289 -11.959 -14.076 -12.306 -6.484 -3.910 15.353 14.749
dai4 37.585 42.432 46.736 44.084 39.462 39.170 29.169 24.347 20.945 1.505
zai3 28.098 25.145 12.045 1.675 -3.518 -1.904 -7.055 -12.221 -7.357 -14.609
xiang4 13.960 25.775 21.903 16.166 -2.443 -7.779 -9.439 -11.206 -3.331 -13.861
bo2 19.114 10.885 3.498 -7.967 -7.486 -2.492 0.460 6.119 25.633 24.113
yan2 46.037 37.192 30.488 10.675 9.925 9.772 6.667 5.379 16.025 10.400
de5 33.174 26.497 23.872 15.824 9.873 23.953 23.180 18.057 19.850 13.017
tou2 18.672 9.777 2.450 -11.474 -14.132 -10.099 -4.354 -5.105 15.370 5.955
xian2 38.651 32.058 11.150 5.825 -11.484 -9.513 -1.146 0.462 11.217 9.827
