qing1 351.610 351.687 355.052 356.716 355.405 354.961 355.703 347.080 347.354 343.811
su4 338.701 335.314 335.913 344.012 330.667 317.353 283.066 258.575 236.923 216.753
zhe5 209.457 208.075 211.200 200.777 194.249 190.695 178.359 178.652 169.031 171.820
ren2 169.018 170.886 172.905 173.244 167.865 166.645 171.389 184.748 196.722 211.952
jian1 227.170 249.607 275.648 291.681 302.764 306.142 307.216 303.841 309.156 308.024
chang2 296.186 273.005 255.562 243.026 220.241 198.363 182.760 184.418 202.046 219.777
jian4 251.732 285.997 302.968 312.133 306.465 290.852 266.403 245.863 213.357 198.447
de5 182.687 177.699 181.412 176.821 169.990 166.139 162.627 166.769 164.227 162.170
li2 163.013 168.227 175.308 168.871 167.560 166.581 176.977 204.183 233.240 256.721
chou2 271.138 270.932 275.528 263.357 255.488 231.041 220.201 221.575 233.974 237.779
bie2 216.481 217.924 217.732 208.534 189.972 181.994 174.351 178.918 189.683 201.043
hen4 231.664 244.675 257.866 265.727 251.858 231.256 189.755 155.809 137.649 143.437
he2 221.495 220.001 215.555 206.562 201.773 197.326 191.134 195.002 202.884 215.156
chong2 217.491 222.382 229.075 233.409 219.430 205.807 203.829 210.127 227.453 244.485
feng2 259.861 259.977 257.651 248.176 231.746 218.352 198.696 198.914 206.617 214.912
zhi1 220.625 235.199 249.522 254.650 268.626 274.784 276.068 278.623 285.995 275.796
xi3 271.518 250.426 234.119 211.054 192.389 157.662 142.508 121.525 120.665 127.777
