jue2 258.631 262.638 261.253 245.727 237.967 232.571 247.146 258.433 274.406 287.561
mei2 296.740 287.773 282.346 263.392 254.903 250.050 254.599 265.493 279.485 282.061
you2 279.468 263.348 254.125 236.052 226.214 218.768 223.400 237.594 253.421 263.188
liu3 253.123 241.269 233.973 216.942 188.060 171.594 158.048 145.577 146.083 155.114
zhao4 195.765 232.607 278.587 297.511 306.893 290.124 279.446 259.514 241.157 229.567
er4 232.830 241.490 257.974 270.948 280.526 270.301 258.174 242.232 224.037 217.610
seng1 218.211 232.865 260.226 277.577 296.026 300.312 302.182 309.836 309.989 303.351
na4 300.189 298.466 301.979 291.333 275.206 248.580 227.570 204.778 189.448 170.822
me5 172.117 174.197 170.090 172.086 173.520 168.191 173.980 169.452 171.355 182.163
chi1 188.471 201.678 225.649 255.541 285.680 304.484 308.170 311.864 307.511 298.536
wang4 291.317 283.338 282.083 254.906 235.547 201.957 174.205 147.601 142.550 143.072
he2 169.967 164.303 162.383 172.120 180.028 177.668 166.055 162.812 170.188 182.886
zhuan1 200.843 229.909 259.003 275.676 280.217 280.293 283.049 280.481 289.337 281.918
zhu4 268.545 277.509 279.530 267.481 235.239 198.417 150.852 126.890 119.788 122.894
