zhi2 11.004 14.100 -3.588 -4.443 -6.565 2.824 4.845 16.689 20.713 17.901
jie1 39.686 36.220 39.184 32.714 29.302 42.980 41.466 42.089 41.783 33.126
guan1 46.250 41.252 37.021 24.950 18.070 30.457 28.686 27.092 30.112 26.417
xi4 30.198 32.118 24.010 11.728 -6.427 -8.716 -15.747 -20.997 -13.134 -14.285
dao4 10.943 10.518 5.187 -7.980 -15.001 -13.212 -9.502 -8.897 -6.858 -5.272
dang3 20.050 15.963 4.038 -5.014 -12.297 -7.244 -10.716 -12.888 -9.190 -15.552
de5 9.734 8.624 -3.519 -15.242 -20.998 -17.950 -10.388 -10.684 -6.927 -5.370
lu4 33.322 31.389 31.955 33.955 30.737 36.930 33.648 24.195 21.130 7.357
xian4 20.132 14.620 3.300 -15.668 -31.814 -36.375 -34.228 -26.418 -15.166 -14.121
fang1 12.480 10.307 16.168 18.872 17.446 27.914 34.935 39.727 49.685 40.297
zhen1 47.585 40.308 37.840 24.606 20.017 29.172 31.938 28.681 34.848 27.592
zheng4 47.767 49.820 43.060 37.955 35.707 41.689 35.695 30.026 20.416 1.022
ce4 24.993 19.231 12.842 -3.038 -17.649 -20.700 -26.320 -30.171 -23.886 -25.752
de5 6.369 -1.195 -16.996 -27.732 -32.062 -27.669 -20.700 -16.535 -9.996 -15.247
guan4 20.064 24.549 28.469 37.365 43.283 57.952 66.090 62.873 54.787 29.955
che4 34.187 27.421 16.959 0.256 -19.599 -23.232 -25.868 -28.129 -19.388 -18.884
luo4 -0.862 0.915 -0.902 -1.914 -14.478 -8.643 -1.371 -2.424 2.210 4.100
shi2 28.703 18.882 1.707 1.154 -14.354 -6.343 4.861 -0.705 8.799 11.996
