yi4 2.441786384582519531e+01 2.077290534973144531e+01 3.466226959228515625e+01 2.301773643493652344e+01 3.318767547607421875e+01 3.105495643615722656e+01 3.616330337524414062e+01 2.870974731445312500e+01 1.200017738342285156e+01 1.137947940826416016e+01
pai2 3.791036224365234375e+01 3.298078155517578125e+01 3.472056961059570312e+01 2.354859924316406250e+01 2.799517822265625000e+01 1.575232887268066406e+01 1.893284416198730469e+01 1.090482711791992188e+01 1.240214538574218750e+01 1.650571441650390625e+01
pai2 3.440581893920898438e+01 2.466075897216796875e+01 3.483395767211914062e+01 1.975104522705078125e+01 2.670738601684570312e+01 1.966123199462890625e+01 1.828269004821777344e+01 1.029622077941894531e+01 2.709976673126220703e+00 9.847376823425292969e+00
cu1 2.830742454528808594e+01 1.583012771606445312e+01 2.839304161071777344e+01 1.336740684509277344e+01 2.507958221435546875e+01 2.934795379638671875e+01 2.845070075988769531e+01 1.921648788452148438e+01 4.725581169128417969e+00 7.526834964752197266e+00
da4 2.765903663635253906e+01 3.269578552246093750e+01 5.052892684936523438e+01 2.974828910827636719e+01 2.855450248718261719e+01 2.310156059265136719e+01 2.047057151794433594e+01 1.141765975952148438e+01 4.231057167053222656e+00 5.688388347625732422e+00
de5 2.449548721313476562e+01 2.035232353210449219e+01 3.534864044189453125e+01 1.191734027862548828e+01 1.470370006561279297e+01 1.427899932861328125e+01 1.906359100341796875e+01 1.472019386291503906e+01 5.947228431701660156e+00 -1.624031901359558105e+00
gang1 2.891052246093750000e+01 3.166535377502441406e+01 4.838457107543945312e+01 2.650524330139160156e+01 2.523690986633300781e+01 1.779436874389648438e+01 1.955365753173828125e+01 7.565242290496826172e+00 2.332048118114471436e-01 4.684968471527099609e+00
pi1 3.053377532958984375e+01 1.767904663085937500e+01 2.894568824768066406e+01 1.295803165435791016e+01 2.686976432800292969e+01 2.574964904785156250e+01 2.647723197937011719e+01 1.803765106201171875e+01 4.542125701904296875e+00 3.433990955352783203e+00
mo2 2.414582443237304688e+01 1.571715736389160156e+01 2.706510543823242188e+01 4.272459030151367188e+00 9.243610382080078125e+00 6.851757049560546875e+00 1.602614593505859375e+01 9.267929077148437500e+00 5.166531562805175781e+00 4.281476497650146484e+00
san4 2.222985267639160156e+01 2.511553955078125000e+01 4.037440490722656250e+01 2.637368392944335938e+01 2.939003181457519531e+01 2.370492935180664062e+01 2.142050743103027344e+01 9.357976913452148438e+00 -3.837352275848388672e+00 -1.472554922103881836e+00
fa1 2.562907028198242188e+01 2.061974143981933594e+01 3.769587707519531250e+01 1.942158126831054688e+01 2.685725593566894531e+01 2.221954727172851562e+01 2.245991134643554688e+01 9.835689544677734375e+00 -2.341486454010009766e+00 -7.328282594680786133e-01
chu1 2.532857131958007812e+01 1.603902244567871094e+01 3.069255828857421875e+01 1.007952594757080078e+01 2.183591461181640625e+01 1.948209381103515625e+01 2.314150619506835938e+01 1.197423648834228516e+01 2.943848371505737305e-01 -2.968849182128906250e+00
zhuo2 2.269882774353027344e+01 1.633659934997558594e+01 2.996360778808593750e+01 4.695160865783691406e+00 1.172086429595947266e+01 1.019215774536132812e+01 1.745825386047363281e+01 8.930454254150390625e+00 2.704692840576171875e+00 -8.058621883392333984e-01
ren2 1.848570251464843750e+01 1.223521232604980469e+01 2.434491157531738281e+01 -3.835939168930053711e-01 9.105261802673339844e+00 8.053192138671875000e+00 1.994968414306640625e+01 1.105773544311523438e+01 9.064885377883911133e-01 -9.338401556015014648e-01
de5 1.786798477172851562e+01 1.472438049316406250e+01 2.360113525390625000e+01 4.287319183349609375e+00 1.026434898376464844e+01 8.438626289367675781e+00 1.543511199951171875e+01 1.164633274078369141e+01 2.696551322937011719e+00 3.793542385101318359e-01
re4 1.321710968017578125e+01 1.007417583465576172e+01 2.199626731872558594e+01 8.402383804321289062e+00 1.316101837158203125e+01 1.332071113586425781e+01 1.916990852355957031e+01 1.544878768920898438e+01 4.133453369140625000e+00 -3.679853677749633789e-02
lang4 1.871512794494628906e+01 1.809228134155273438e+01 3.392145538330078125e+01 1.318933486938476562e+01 1.711794662475585938e+01 1.071445846557617188e+01 1.442989826202392578e+01 1.001146221160888672e+01 -6.115549802780151367e-01 6.401920318603515625e-01
