lao2 223.572 227.418 218.128 212.736 208.400 220.149 228.204 238.763 256.220 265.982
lei4 281.699 304.779 327.504 338.465 344.078 338.060 317.651 290.405 268.476 251.738
le5 225.008 218.152 222.395 213.862 203.116 202.557 205.645 194.721 195.769 203.476
yi4 199.317 211.939 244.924 263.806 285.566 288.819 289.547 266.819 250.615 235.809
zhou1 229.636 248.764 272.268 288.734 292.109 289.879 294.767 295.393 291.579 282.749
de5 268.742 266.923 257.784 247.216 229.835 226.152 215.613 214.117 214.127 211.990
feng4 231.016 253.386 286.340 315.984 332.829 336.672 329.885 294.932 250.922 218.504
huang2 197.794 176.723 169.645 168.143 158.728 169.330 176.654 202.838 223.799 237.155
cheng2 242.818 242.328 233.472 207.381 196.269 177.109 175.276 184.836 207.840 223.749
pi2 230.355 228.430 229.451 220.458 215.808 201.564 201.053 208.220 226.174 243.741
juan4 249.173 269.137 293.973 308.574 314.164 302.589 282.444 252.515 228.177 207.708
de5 204.111 206.996 204.153 192.337 184.258 168.440 162.639 158.772 163.676 173.121
tang3 203.266 211.004 216.350 215.196 202.178 178.396 158.436 140.842 129.259 135.695
zai4 166.159 181.930 201.363 206.887 204.773 188.913 169.966 168.762 162.743 172.949
sha1 186.806 207.661 235.846 262.234 286.757 294.494 293.743 299.294 299.578 296.993
mo4 290.972 292.022 295.785 273.125 242.106 207.710 166.788 136.521 127.092 132.816
zhong1 166.285 187.648 203.301 207.326 210.128 207.899 199.389 204.590 212.337 212.599
