ji1 37.735 35.798 32.619 28.202 12.270 28.736 24.371 29.040 30.227 23.426
ya5 24.083 24.766 11.265 4.777 -4.338 -1.756 2.569 2.655 11.774 3.101
ya1 37.005 32.579 31.244 27.229 11.499 13.895 22.538 18.570 26.448 19.732
ya5 21.969 12.475 -4.635 -16.881 -28.379 -22.130 -18.246 -12.130 -5.291 -13.579
leng3 16.460 11.777 -2.438 -6.025 -10.390 -10.805 -13.273 -11.826 -7.096 -18.756
de5 3.358 7.095 6.976 2.479 2.366 16.430 15.886 9.448 11.324 9.373
shi2 20.517 16.058 5.730 0.121 -7.458 1.096 -2.211 2.702 5.618 5.079
hou5 28.273 33.555 30.265 26.020 14.349 14.919 12.900 3.134 4.837 -10.499
hai2 4.178 -3.741 -12.154 -21.225 -25.120 -10.087 -16.051 -14.827 -4.264 -9.111
wang3 17.317 14.510 10.408 -3.873 -6.812 -3.530 -0.455 0.154 3.376 -5.647
yi2 14.089 7.534 -1.579 -9.414 -12.718 -3.624 -2.546 1.167 8.409 7.622
kuai4 37.481 44.739 43.856 46.252 48.571 50.779 48.846 47.143 37.324 14.111
er5 26.023 6.155 3.233 -6.590 -15.417 -18.016 -17.343 -12.007 -8.221 -18.898
ji3 17.924 18.414 9.354 7.538 3.639 3.447 -0.407 -3.061 0.552 -15.702
yi5 5.455 4.920 10.455 6.168 8.611 20.030 22.762 23.838 32.045 16.828
ji3 50.335 39.431 32.484 16.440 7.773 3.177 -2.213 -6.109 -1.270 -10.302
kao4 10.957 19.633 30.941 23.826 27.956 43.712 41.898 39.020 33.509 8.989
yi5 7.841 3.616 3.331 -8.566 -16.758 -10.378 -4.607 -4.203 -6.049 -4.048
kao4 16.536 7.816 4.602 -0.699 -13.976 -16.822 -18.188 -14.267 -10.941 -10.670
