dan4 347.586 343.913 339.831 328.318 320.217 314.600 310.330 293.845 287.417 275.273
na4 285.904 298.287 306.889 317.856 322.735 317.112 307.075 289.933 282.288 260.536
lv4 244.503 259.442 286.817 307.274 315.957 313.705 291.896 270.608 235.932 214.695
de5 188.908 193.241 181.669 177.734 169.200 166.415 164.764 156.837 164.959 172.973
chuan1 262.893 270.648 274.135 279.778 293.368 300.341 296.668 302.703 303.135 299.613
dao4 302.993 296.745 295.980 273.941 251.245 220.099 192.511 171.411 167.196 174.649
lv4 278.334 283.773 298.082 315.245 316.399 310.310 305.859 274.048 242.574 213.150
de5 196.149 190.424 177.881 170.919 165.059 161.747 164.682 158.954 171.045 176.184
shan1 200.115 229.954 250.546 271.148 283.709 290.879 288.420 289.639 291.591 284.713
po1 285.204 291.710 297.762 301.381 300.434 304.107 298.837 299.947 301.634 300.091
lv4 325.533 326.453 331.404 344.898 344.909 320.257 303.193 263.544 239.037 213.981
de5 201.233 189.124 184.206 177.097 173.146 162.267 157.115 154.482 161.688 171.517
gou1 266.157 279.714 298.431 309.242 314.204 316.980 319.180 313.511 316.383 305.246
cha4 312.305 301.091 301.853 286.555 260.027 214.509 184.520 155.202 147.210 152.697
shi4 251.413 246.311 246.680 240.573 234.389 222.980 217.632 209.629 205.459 207.767
hen3 198.835 192.122 197.229 195.088 185.785 162.160 148.901 135.662 133.701 144.017
you4 163.404 187.290 215.987 249.458 272.906 278.332 267.734 242.649 209.456 180.079
ren2 160.062 154.087 134.521 128.971 115.807 107.597 101.015 101.784 107.672 116.479
de5 138.337 141.226 137.263 126.186 131.542 126.528 127.723 123.825 141.760 146.324
