qi4 5.051636886596679688e+01 3.820885086059570312e+01 4.702191925048828125e+01 3.416746139526367188e+01 4.408409500122070312e+01 3.576626968383789062e+01 4.225201797485351562e+01 3.193028259277343750e+01 1.531329059600830078e+01 1.869516754150390625e+01
de5 4.594376754760742188e+01 4.179404067993164062e+01 4.822504806518554688e+01 2.853591346740722656e+01 3.538834381103515625e+01 2.886732673645019531e+01 3.528379440307617188e+01 2.841203880310058594e+01 1.475389671325683594e+01 1.987018013000488281e+01
zhe4 3.657059097290039062e+01 3.836855316162109375e+01 4.887160873413085938e+01 2.893430709838867188e+01 3.490883636474609375e+01 3.471913909912109375e+01 3.568849563598632812e+01 2.696899986267089844e+01 1.563198184967041016e+01 2.108548927307128906e+01
wei4 3.231125640869140625e+01 2.652231788635253906e+01 3.998070144653320312e+01 2.573239898681640625e+01 3.158414459228515625e+01 2.833189582824707031e+01 3.167428970336914062e+01 2.273863983154296875e+01 1.216615390777587891e+01 1.438990783691406250e+01
xian4 2.888275146484375000e+01 2.142921829223632812e+01 3.654414749145507812e+01 2.559165954589843750e+01 3.633661270141601562e+01 3.477090454101562500e+01 3.476862335205078125e+01 2.095321846008300781e+01 4.583667755126953125e+00 3.035260677337646484e+00
ling2 3.044770622253417969e+01 2.217701339721679688e+01 3.229945373535156250e+01 9.521783828735351562e+00 1.023039531707763672e+01 1.011101341247558594e+01 2.651133346557617188e+01 2.156441116333007812e+01 1.458564472198486328e+01 1.289409351348876953e+01
dao3 3.226117706298828125e+01 2.654732513427734375e+01 3.382661056518554688e+01 9.285017013549804688e+00 7.811071395874023438e+00 2.835531234741210938e+00 1.210445022583007812e+01 1.066993427276611328e+01 9.818113327026367188e+00 8.897256851196289062e+00
pai1 2.422979354858398438e+01 1.637038421630859375e+01 3.100851058959960938e+01 1.767468452453613281e+01 2.525663566589355469e+01 2.525466156005859375e+01 2.266676330566406250e+01 1.487568569183349609e+01 -3.015411853790283203e+00 3.301149845123291016e+00
zhe5 2.418959617614746094e+01 2.050458717346191406e+01 3.830602645874023438e+01 1.448286437988281250e+01 1.914058113098144531e+01 1.540633010864257812e+01 1.878151702880859375e+01 1.184943485260009766e+01 1.310974597930908203e+00 -1.990687847137451172e-01
xiong1 2.349855995178222656e+01 1.947479248046875000e+01 3.701679611206054688e+01 1.983274269104003906e+01 2.581300354003906250e+01 2.211197471618652344e+01 2.089159011840820312e+01 1.188147258758544922e+01 -8.601114749908447266e-01 2.600628852844238281e+00
pu2 2.773041725158691406e+01 1.631713867187500000e+01 3.007845878601074219e+01 1.024978065490722656e+01 2.701926612854003906e+01 2.263684272766113281e+01 2.644491386413574219e+01 1.519779872894287109e+01 6.677510261535644531e+00 6.732593059539794922e+00
shuo1 2.541835594177246094e+01 1.947240638732910156e+01 3.392490768432617188e+01 1.728330802917480469e+01 2.520792388916015625e+01 2.275600433349609375e+01 2.341438674926757812e+01 1.221155738830566406e+01 -1.727434277534484863e+00 -3.043258786201477051e-01
