yin1 19.576 14.459 14.016 10.891 16.398 27.981 31.756 35.178 38.387 32.677
ci3 34.377 25.975 10.383 0.087 -10.851 -8.342 -9.841 -8.603 0.496 -2.382
you4 21.177 25.620 34.562 32.488 40.935 49.432 45.629 37.861 37.852 14.019
dei3 24.339 20.351 9.412 -4.778 -7.808 4.117 -5.080 -1.669 -2.563 -10.698
you3 3.423 4.321 -3.360 -13.804 -15.518 -10.003 -14.247 -12.440 -6.300 -16.741
ge5 4.248 3.712 -4.441 -19.660 -26.880 -18.982 -17.734 -15.236 -3.357 -16.406
bang1 15.598 12.342 16.811 13.142 13.808 19.794 28.173 26.582 43.823 33.020
shou5 41.141 33.296 22.983 9.792 -8.802 -9.018 -20.860 -14.542 -6.558 -11.767
zai4 28.547 29.005 23.360 15.461 17.199 20.076 16.550 15.641 15.984 5.589
pang2 23.444 13.003 -1.403 -15.884 -26.658 -21.388 -21.387 -21.213 -10.659 -20.389
wei2 10.230 5.969 -5.307 -16.880 -17.376 -13.598 -12.148 -11.789 -0.659 -8.031
zi4 18.236 17.325 23.347 23.501 27.161 43.471 48.324 48.075 48.692 35.282
sha1 38.755 32.483 30.899 19.859 16.825 28.666 32.386 32.286 39.833 32.806
zhe3 47.121 36.646 17.484 -2.668 -9.436 -13.144 -16.665 -18.925 -5.013 -16.605
kan3 12.924 16.719 5.874 10.696 7.273 13.074 8.044 -2.051 -1.648 -11.401
xia4 10.353 19.247 19.475 20.301 10.904 9.331 8.112 0.062 -0.073 -16.811
nao3 9.493 11.277 0.687 -10.063 -17.327 -9.654 -12.388 -16.349 -5.613 -12.214
dai5 10.680 19.491 16.227 19.767 10.705 14.942 15.845 12.255 11.117 4.358
