dang1 341.395 340.712 336.260 338.498 328.556 328.533 331.611 332.670 329.615 323.883
wo3 328.114 305.327 293.385 271.395 251.659 229.194 203.378 182.872 175.180 160.058
men5 156.026 166.483 173.699 177.507 180.809 178.036 175.408 175.325 180.624 182.943
ru2 171.788 170.979 173.080 180.652 187.206 189.985 199.893 209.989 224.140 232.273
yue4 230.797 246.933 257.715 278.401 286.777 293.222 274.102 251.668 233.225 216.297
de5 205.337 199.576 198.326 195.230 189.052 191.946 186.076 187.080 187.291 185.284
mian4 206.191 230.342 249.275 273.697 278.897 261.709 243.662 214.382 196.996 176.570
pang2 181.186 177.775 177.782 177.044 164.682 159.073 156.388 161.819 175.307 199.278
yin1 255.344 260.430 261.143 259.614 258.734 262.903 259.113 270.931 265.074 266.594
shuai1 257.011 259.592 278.640 291.533 305.676 317.759 318.248 319.327 320.546 314.859
lao3 281.873 272.813 248.731 213.376 180.360 153.107 136.050 122.875 124.247 134.115
he2 166.855 168.060 168.928 177.967 186.168 196.908 187.133 191.682 204.155 209.827
ji2 201.980 209.843 211.495 214.078 203.305 203.781 194.860 188.936 190.397 203.496
bing4 224.160 253.531 272.631 266.027 244.406 203.486 165.934 133.535 125.201 128.553
niu3 187.625 191.994 190.043 182.490 173.230 161.700 143.903 133.935 136.076 141.880
qu1 175.235 196.328 210.761 233.659 249.325 268.627 277.518 276.697 278.355 280.051
bian4 284.614 299.227 310.128 312.065 305.538 284.575 255.916 223.786 195.893 181.148
xing2 165.705 160.260 161.530 152.288 146.902 136.074 134.532 136.497 154.678 179.279
