jin1 316.851 314.302 314.570 316.183 314.338 317.037 316.606 309.627 306.921 301.344
tian1 292.867 298.212 313.172 309.500 316.761 317.011 315.189 313.943 314.757 308.969
you4 301.097 304.456 302.445 296.458 295.345 283.907 272.037 259.110 247.162 239.486
yi3 213.578 214.411 208.448 206.273 191.800 188.086 174.920 170.201 172.331 173.607
liang2 159.856 173.722 177.550 186.652 178.445 186.430 198.231 218.148 261.533 273.969
xiao3 293.492 289.221 280.371 269.166 239.400 208.028 174.560 159.598 140.533 142.417
shi2 168.042 163.958 168.868 178.083 174.038 177.350 182.138 194.561 221.343 238.835
wu3 212.696 215.594 206.256 198.814 188.720 168.969 155.869 145.419 148.350 154.696
fen1 184.281 206.805 238.157 260.485 276.175 283.647 291.630 294.071 291.579 289.749
de5 280.824 275.923 260.795 246.566 226.428 210.889 197.458 191.449 182.277 180.760
cheng2 174.969 177.120 179.339 175.989 171.531 168.432 161.722 168.523 186.556 203.190
ji4 235.342 247.897 261.541 246.581 214.884 178.269 134.104 120.081 121.550 141.695
shuai4 296.656 306.885 322.458 320.343 321.723 314.215 298.224 266.786 253.921 231.461
xian1 241.650 253.729 275.367 292.683 303.271 302.347 292.964 304.888 301.183 297.238
di3 264.319 252.018 232.210 217.929 192.287 169.080 151.754 137.991 134.411 137.678
da2 144.291 149.697 160.618 158.185 155.519 152.589 155.550 165.248 173.578 192.356
zhong1 218.731 241.296 261.979 280.394 284.635 290.513 289.801 291.124 295.655 290.938
dian3 267.663 245.899 227.117 190.836 151.557 126.077 104.340 98.116 103.469 108.193
