xian4 4.459764099121093750e+01 3.810765075683593750e+01 4.570831298828125000e+01 4.022439193725585938e+01 4.461614608764648438e+01 3.634738159179687500e+01 3.868605804443359375e+01 3.142618751525878906e+01 2.024797439575195312e+01 2.131735992431640625e+01
li2 4.332402038574218750e+01 3.211128997802734375e+01 3.760663223266601562e+01 1.911623764038085938e+01 2.430962944030761719e+01 3.215328598022460938e+01 3.800575256347656250e+01 3.448239135742187500e+01 2.040740966796875000e+01 1.346966743469238281e+01
ling2 3.714720535278320312e+01 2.749278259277343750e+01 3.070878982543945312e+01 8.967079162597656250e+00 9.107366561889648438e+00 1.275448417663574219e+01 2.695396614074707031e+01 2.270522499084472656e+01 1.433135795593261719e+01 1.411949634552001953e+01
dao3 3.592493438720703125e+01 2.913654708862304688e+01 3.537214279174804688e+01 1.077032375335693359e+01 8.054703712463378906e+00 5.224834918975830078e+00 1.388870239257812500e+01 1.039048671722412109e+01 8.681667327880859375e+00 8.113567352294921875e+00
bu4 2.932541465759277344e+01 2.195315742492675781e+01 3.857934570312500000e+01 1.968542480468750000e+01 2.369211196899414062e+01 2.309735488891601562e+01 2.773148345947265625e+01 2.003612327575683594e+01 5.602632522583007812e+00 8.897371292114257812e+00
chu1 3.151820755004882812e+01 1.905166244506835938e+01 3.171159172058105469e+01 1.186669826507568359e+01 2.404703140258789062e+01 2.526384544372558594e+01 2.807953643798828125e+01 2.054485321044921875e+01 7.064889430999755859e+00 8.628466606140136719e+00
mian4 2.668252182006835938e+01 2.214653015136718750e+01 4.126804733276367188e+01 2.421709823608398438e+01 2.843078422546386719e+01 2.217521286010742188e+01 2.220525932312011719e+01 1.514707374572753906e+01 6.226065635681152344e+00 8.733086585998535156e+00
bian4 2.786835098266601562e+01 2.638953018188476562e+01 4.625748062133789062e+01 2.597777938842773438e+01 3.043349075317382812e+01 2.367943000793457031e+01 2.413933181762695312e+01 1.223512077331542969e+01 -6.089870929718017578e-01 -9.985084533691406250e-01
xian3 3.168947219848632812e+01 2.141060638427734375e+01 3.133167839050292969e+01 1.314708900451660156e+01 2.530944824218750000e+01 2.218130683898925781e+01 2.649828720092773438e+01 1.365986633300781250e+01 9.511498451232910156e+00 8.979788780212402344e+00
de5 2.507112312316894531e+01 2.214499664306640625e+01 4.368578338623046875e+01 1.869508361816406250e+01 2.265054893493652344e+01 2.050460052490234375e+01 2.783157348632812500e+01 2.351727867126464844e+01 3.390860557556152344e+00 6.466234922409057617e-01
bu2 2.749476814270019531e+01 1.574601268768310547e+01 2.785775947570800781e+01 6.250908851623535156e+00 1.408715152740478516e+01 1.244376373291015625e+01 1.994341468811035156e+01 1.569527149200439453e+01 1.007353115081787109e+01 6.533740997314453125e+00
gou4 2.732870292663574219e+01 3.202692794799804688e+01 5.049627304077148438e+01 2.852661323547363281e+01 3.062338066101074219e+01 2.209722709655761719e+01 2.087235260009765625e+01 9.752676010131835938e+00 1.692945957183837891e+00 1.070527315139770508e+00
li3 2.568617820739746094e+01 1.371157073974609375e+01 2.214668464660644531e+01 6.296512484550476074e-01 1.227824974060058594e+01 1.257544898986816406e+01 2.031623649597167969e+01 1.239258956909179688e+01 8.337674140930175781e+00 2.307451248168945312e+00
mao4 2.009275436401367188e+01 2.376873207092285156e+01 4.193331909179687500e+01 2.398694229125976562e+01 2.927476882934570312e+01 1.973163223266601562e+01 1.956652832031250000e+01 1.018188953399658203e+01 5.848821401596069336e-01 2.222874641418457031e+00
bu2 2.290729141235351562e+01 1.436167812347412109e+01 2.573728179931640625e+01 1.221490859985351562e+00 1.065554332733154297e+01 9.738393783569335938e+00 1.845808410644531250e+01 9.056664466857910156e+00 5.086210727691650391e+00 1.898874878883361816e+00
zhong4 2.077932739257812500e+01 2.643876647949218750e+01 4.169942474365234375e+01 2.079330635070800781e+01 2.138144683837890625e+01 1.471203041076660156e+01 1.320862770080566406e+01 7.654545307159423828e+00 -2.765865325927734375e+00 -1.187974810600280762e+00
shi4 2.528776741027832031e+01 1.723292160034179688e+01 2.913766670227050781e+01 1.110180091857910156e+01 2.193288803100585938e+01 2.128863334655761719e+01 2.368052482604980469e+01 1.180925846099853516e+01 4.282800555229187012e-01 -1.547814607620239258e+00
