nin4 171.496 161.118 167.857 153.761 153.699 151.919 128.121 150.733 137.656 148.507
siu1 146.012 149.989 179.798 189.061 211.118 218.767 205.058 222.104 214.876 213.554
si5 218.117 206.208 223.565 220.455 224.652 220.959 194.394 202.312 195.070 192.085
coeng4 188.867 173.733 182.289 163.891 159.781 148.510 120.222 131.951 131.920 137.892
taan1 153.829 154.685 184.953 192.976 216.112 228.358 218.581 240.750 233.989 235.020
wai2 231.139 206.702 207.986 185.322 185.862 176.084 159.001 182.691 188.626 198.483
ging3 207.325 201.739 212.840 202.743 202.735 193.275 168.180 184.735 173.420 171.476
tau4 166.499 150.286 160.741 148.980 153.790 146.719 119.303 132.890 128.032 130.515
ling6 133.290 123.531 135.921 130.832 142.088 145.541 129.318 152.033 149.310 152.614
zing3 158.676 155.753 173.951 173.006 185.250 183.124 159.978 177.349 172.820 173.339
fu2 167.732 156.744 175.202 164.201 171.839 168.135 148.423 173.191 185.089 195.660
faat3 198.880 191.027 205.825 204.485 210.488 200.979 173.677 181.120 168.158 164.375
daai6 164.534 153.609 163.088 151.861 151.763 147.628 126.292 144.983 141.907 142.867
coi4 143.419 131.380 139.190 125.147 128.596 124.205 107.218 128.128 131.191 146.844
gai3 210.224 206.248 216.047 206.842 212.909 214.624 188.197 208.121 203.700 205.169
wai4 169.685 159.642 156.779 141.372 143.271 142.783 114.917 136.746 129.186 135.749
do1 145.519 151.147 178.481 185.342 205.495 215.277 203.973 224.917 222.467 220.561
lei6 226.155 212.218 218.792 203.023 196.787 187.556 162.550 172.531 169.926 167.867
ngaa3 167.005 156.865 170.729 161.706 169.283 168.408 150.485 168.556 170.092 173.933
gung1 188.391 189.850 215.480 218.112 230.056 231.453 216.707 235.447 223.277 219.359
jyun2 209.181 178.786 180.597 158.625 157.636 150.173 136.604 170.433 175.700 189.949
nin4 178.319 160.786 163.743 140.753 140.265 141.133 108.608 127.345 123.522 125.225
siu1 141.045 142.637 171.881 183.544 204.566 216.184 201.125 219.758 211.704 211.001
si5 212.233 191.070 200.438 188.530 193.531 185.111 155.666 163.867 157.793 158.687
coeng4 170.825 154.929 165.119 150.591 150.989 141.589 113.211 127.208 122.144 129.807
suk6 142.822 132.700 154.529 149.806 163.087 162.378 137.565 151.861 143.724 145.210
sik6 157.202 144.373 163.807 158.844 173.860 168.879 142.973 151.883 143.842 146.970
dong3 152.893 144.523 165.876 160.326 166.314 162.952 143.433 163.971 163.182 168.538
dik1 179.310 175.427 197.044 197.232 208.769 212.569 187.385 199.233 199.264 199.926
zou1 220.627 216.791 229.927 228.876 229.812 229.787 206.727 216.205 208.353 213.132
gam1 217.173 212.666 225.438 222.501 221.253 218.556 198.102 209.832 201.817 206.713
cong3 191.920 183.995 194.206 183.432 181.833 173.827 147.226 164.077 157.104 160.004
ceot1 175.690 171.412 183.699 185.593 200.697 207.275 185.118 203.619 191.756 190.170
lik6 180.314 159.974 166.516 153.473 156.030 154.061 124.554 138.767 133.809 134.065
si2 155.763 140.377 151.420 143.141 146.394 144.303 124.221 152.107 151.398 160.813
san1 173.547 174.373 195.280 200.313 208.747 202.139 190.310 207.123 203.577 203.373
gou1 204.329 199.371 209.976 203.904 208.806 204.075 180.948 199.708 192.044 188.274
hau6 181.060 161.829 164.083 146.938 143.608 136.195 119.978 141.098 139.616 149.089
zok3 197.697 191.342 197.152 190.042 194.423 187.584 163.578 180.548 173.423 170.949
jat6 168.274 153.303 159.232 145.364 152.979 153.912 138.954 161.902 160.540 170.505
wong6 187.366 178.574 193.568 180.556 187.893 194.929 175.352 196.470 195.027 195.126
gok3 201.901 198.886 214.596 208.629 213.979 212.425 187.415 198.552 198.451 198.737
faa1 201.779 196.101 209.427 205.680 214.606 212.201 191.199 212.710 208.213 206.907
heoi1 207.042 194.758 208.062 201.682 212.963 212.944 193.838 210.610 206.217 203.335
gung1 206.844 198.294 218.785 212.723 220.089 218.468 200.906 217.863 209.335 206.382
jyun2 202.259 174.155 179.420 156.673 157.801 150.843 139.571 168.171 173.447 186.147
nin4 182.076 165.627 168.130 143.836 142.051 139.850 110.005 128.076 125.961 127.760
siu1 140.264 145.794 174.807 186.476 206.067 218.291 202.462 222.019 216.760 219.917
taan1 220.696 209.595 221.547 217.473 228.210 227.543 208.517 226.324 215.710 213.439
wai2 206.366 181.629 179.543 157.839 158.248 153.328 131.813 160.773 162.044 167.526
ging3 174.364 171.816 182.379 174.084 173.492 166.832 140.676 158.529 151.289 150.233
tau4 150.365 131.573 139.653 124.453 121.819 118.329 99.472 119.942 123.020 130.622
faan2 165.356 155.584 164.567 153.332 157.444 151.717 133.249 166.076 178.144 197.117
jing3 206.307 199.984 214.245 202.012 206.781 203.659 180.557 200.078 184.675 182.127
gang3 186.156 178.676 191.096 179.900 184.157 179.745 155.357 173.517 171.904 174.959
gaa1 194.573 193.114 212.978 210.808 222.038 222.524 202.583 223.661 214.330 213.559
jit6 209.026 188.718 189.785 174.777 173.462 168.492 140.475 156.215 146.982 145.031
lit6 143.994 127.419 135.846 125.735 138.666 140.404 128.253 155.633 150.473 156.437
faai3 194.948 190.547 198.004 193.158 190.885 184.702 161.924 186.154 181.979 183.102
caan1 180.072 176.003 193.449 195.094 199.219 195.213 182.652 205.988 202.281 204.538
sap1 207.822 197.322 203.108 198.934 202.588 199.786 176.704 195.835 183.027 185.265
fo3 191.743 180.060 189.153 179.399 170.914 166.834 152.242 172.271 165.905 172.624
kap6 203.203 189.494 205.054 200.899 201.248 205.801 188.724 203.802 194.221 194.698
gon1 188.369 182.863 202.251 196.532 205.900 207.524 188.542 210.856 204.750 203.664
fo3 200.785 190.146 211.352 204.413 208.160 203.685 181.820 192.575 186.524 185.978
taan1 183.807 176.361 195.558 195.873 209.506 214.149 200.554 221.692 213.582 215.744
wai2 210.903 187.691 192.286 170.844 173.095 166.538 150.041 171.758 175.628 182.325
dik1 195.155 190.739 209.610 216.832 228.305 230.967 210.212 225.120 214.440 215.660
sing4 209.647 187.583 192.215 171.320 161.209 146.321 117.290 129.500 128.015 132.123
gaau1 150.035 158.318 187.936 193.073 208.539 217.775 204.988 227.479 221.961 223.829
gaa3 226.007 211.396 218.502 198.521 188.190 176.284 148.945 164.092 162.970 166.416
gwan1 187.735 187.131 209.401 210.785 221.273 225.270 208.906 229.531 218.540 217.559
zoi3 214.615 194.620 204.407 188.532 184.735 175.769 147.883 159.581 155.150 158.770
paan1 166.886 164.496 182.082 187.379 199.375 206.321 188.921 209.174 203.626 209.687
gou1 205.171 200.778 216.039 208.089 212.862 211.054 185.953 203.706 203.111 203.990
fung1 206.246 205.519 221.120 214.260 215.632 213.514 195.378 216.223 211.817 214.817
daa2 154.325 145.380 154.264 137.630 143.302 144.009 126.945 158.947 173.328 190.397
po3 191.317 180.712 191.408 184.528 190.927 185.160 161.813 180.276 169.605 165.041
lik6 166.978 150.450 158.666 146.071 153.332 154.103 127.655 140.584 136.633 139.315
nin4 143.114 127.991 136.099 119.400 124.362 126.903 103.249 125.129 123.453 125.649
dik1 147.003 150.726 177.310 188.407 203.492 214.356 198.776 215.120 206.629 206.498
gei2 194.875 176.674 178.362 164.001 161.827 153.197 133.135 161.410 160.584 171.557
luk6 180.621 163.383 166.672 149.165 147.136 140.451 120.897 142.305 136.514 144.715
kei4 145.765 139.771 148.498 145.121 149.286 145.738 118.833 139.948 136.044 135.532
zung1 149.164 151.716 181.649 191.464 210.779 220.478 208.030 232.640 229.002 230.844
jat1 238.536 220.429 235.607 228.998 235.764 232.678 208.940 225.816 219.024 220.780
go3 210.541 199.845 210.746 200.103 195.032 184.929 157.204 172.770 164.377 165.863
faai3 168.193 159.324 175.092 171.412 170.851 166.355 143.216 162.837 156.624 159.370
caan1 168.685 165.487 183.818 190.566 198.977 202.237 187.081 207.929 201.121 207.198
taan1 202.287 194.463 201.354 198.227 202.734 200.380 180.473 200.626 191.442 191.841
wai2 176.498 151.557 149.137 127.038 134.576 131.208 123.038 159.225 162.110 185.001
ji5 158.844 149.020 160.749 149.567 157.559 160.670 142.014 162.161 168.998 174.273
ciu1 169.573 163.872 183.125 183.526 201.321 206.004 189.828 207.424 204.504 202.517
ceot1 195.454 186.027 196.028 197.831 211.465 210.632 189.650 204.751 193.934 196.394
dai2 180.779 162.446 171.549 152.592 152.579 144.254 129.293 153.397 161.555 172.001
gaa3 179.848 176.288 189.107 178.473 176.621 168.256 144.237 161.649 157.481 159.593
sei3 164.348 156.512 172.253 170.443 180.344 174.291 149.047 162.589 156.725 155.935
dim2 155.748 138.191 151.978 144.909 151.254 150.695 139.321 167.384 173.985 188.295
luk6 191.659 179.579 182.256 170.828 177.813 170.380 140.754 156.396 142.143 138.972
pui5 142.462 129.266 140.782 137.022 149.490 147.743 125.157 143.204 142.460 150.807
gaa3 161.901 156.295 171.027 165.332 168.364 160.464 135.444 155.712 149.652 151.626
cin4 150.860 135.445 145.578 136.959 142.622 136.088 107.809 124.169 118.823 122.268
zou1 125.092 132.393 153.606 164.351 178.962 187.684 170.081 193.468 192.101 196.247
ceot1 199.269 199.699 207.982 208.040 208.788 208.739 188.520 200.367 196.275 203.470
gon1 196.767 194.996 203.777 200.836 209.194 212.669 186.309 204.948 199.266 201.822
fo3 190.312 182.736 195.358 189.752 190.114 183.874 156.805 170.817 163.596 164.645
taan1 169.574 166.253 176.453 178.889 187.930 192.887 174.170 196.979 188.700 190.848
wai2 179.769 154.635 150.618 128.671 136.274 132.119 123.998 159.487 164.963 186.140
ping4 153.106 147.510 158.154 154.716 149.037 148.926 122.691 139.291 139.832 138.576
gwan1 152.158 159.464 188.986 188.327 206.405 216.828 205.723 227.260 224.373 228.874
sing4 217.314 197.725 204.763 186.522 174.119 156.393 125.968 138.329 134.585 137.156
gaau1 152.089 160.115 191.180 193.074 208.731 215.324 205.518 228.642 221.012 224.320
gaa3 220.539 207.113 214.862 196.756 189.164 174.342 148.807 162.918 157.291 159.746
jik6 158.865 144.258 150.066 140.272 152.459 147.367 125.708 141.649 131.961 134.259
bei2 143.562 128.140 141.399 134.240 143.124 140.954 128.413 155.366 163.160 178.431
heoi3 194.025 182.873 194.296 187.530 194.418 184.825 159.817 170.441 156.299 153.682
nin4 145.864 126.027 133.321 122.331 121.522 119.316 101.352 117.600 116.797 122.134
gwai3 134.508 128.509 147.696 142.585 150.647 147.892 128.733 149.386 149.194 151.314
jat1 173.892 163.895 179.994 178.451 196.127 196.383 180.173 199.502 192.033 188.585
pui5 187.693 164.923 169.351 156.568 154.287 146.043 120.879 136.665 133.603 139.360
bun3 150.928 134.784 147.464 140.494 141.999 137.672 126.122 152.227 149.727 161.448
