lian2 9.030 8.307 -6.198 -13.676 -17.246 -7.503 -11.777 -5.118 4.615 -0.110
tong1 28.871 25.135 25.712 13.841 6.846 13.880 16.291 12.878 23.644 19.975
de5 18.697 12.582 -2.386 -20.463 -23.325 -19.977 -18.944 -15.095 -3.475 -12.617
guo2 13.559 7.646 -3.884 -10.343 -12.945 -9.535 -4.549 -2.414 20.113 14.247
nei4 45.120 47.937 48.582 45.679 42.006 41.383 37.615 30.722 26.858 10.312
chang2 22.437 14.883 2.586 -8.503 -13.365 -10.261 -8.494 -4.416 14.626 9.000
hua4 39.966 40.103 41.562 33.100 32.359 28.855 20.899 17.662 19.565 1.508
wang3 21.773 15.814 3.679 -9.733 -16.147 -16.974 -20.120 -17.895 -3.562 -17.034
yi3 11.123 17.990 1.516 -9.056 -8.113 -2.184 -12.311 -5.566 -4.626 -7.341
tong1 11.416 13.366 18.048 13.420 14.066 28.673 33.271 32.350 41.881 37.492
da2 37.967 25.053 13.140 -4.473 -11.797 -3.697 -7.426 -8.743 -3.052 -15.060
quan2 13.091 4.043 -3.856 -6.690 -11.122 -6.634 -0.616 -1.328 19.126 12.679
guo2 32.173 19.293 8.663 -3.886 -18.141 -12.519 -12.629 -10.817 -1.970 -6.909
duo1 22.337 17.760 22.092 19.504 21.206 32.585 42.734 37.689 54.253 41.975
ge4 53.546 45.786 36.620 19.872 8.458 5.268 -6.170 -13.077 -1.109 -11.183
cheng2 12.347 3.340 -6.725 -14.489 -27.347 -16.825 -18.139 -15.293 -11.022 -10.872
shi4 4.942 11.349 7.674 6.990 -11.669 -12.986 -14.401 -14.356 -6.173 -9.154
