yi2 234.131 228.475 240.063 236.049 247.053 249.882 255.055 269.446 272.862 286.955
wei4 277.893 294.023 306.955 297.782 266.033 242.148 223.588 215.665 195.954 197.691
ai3 209.017 206.637 205.967 204.410 184.808 174.330 167.157 159.561 158.163 166.085
pang4 195.728 223.011 249.440 273.623 277.432 273.315 263.585 247.956 231.069 228.103
er2 199.112 194.860 191.431 182.218 180.528 182.317 196.632 206.965 215.054 226.433
feng1 228.414 254.479 276.177 290.879 305.484 308.399 313.351 315.930 318.742 306.454
qing2 292.808 271.329 254.412 229.016 209.114 193.408 187.123 187.996 206.503 216.004
wan4 224.148 252.349 281.160 306.461 318.783 315.557 304.256 280.293 258.205 232.371
zhong3 208.180 211.063 208.655 201.657 183.506 167.058 144.369 138.787 130.379 140.906
de5 145.694 160.401 168.219 174.388 181.088 191.285 191.354 198.036 206.572 207.843
ban4 228.176 257.983 287.103 312.623 322.075 315.379 292.866 268.366 239.499 213.411
lao3 208.904 195.193 192.368 176.837 168.418 154.427 150.012 139.554 145.612 155.661
xu2 173.381 174.281 179.746 181.810 188.475 188.425 197.041 204.497 236.673 252.435
niang2 248.647 244.635 230.639 216.806 197.320 180.128 180.147 185.968 202.816 208.012
jie1 210.045 228.377 255.159 273.575 290.898 291.288 303.245 300.905 302.744 295.911
guo4 299.491 300.442 290.217 266.004 247.807 219.490 194.690 187.138 183.772 185.263
gong1 204.335 231.849 260.745 280.939 298.390 307.139 309.852 309.525 308.319 302.928
wen2 286.349 264.059 233.999 210.374 190.885 168.775 172.779 178.207 198.066 211.193
zhi3 225.704 223.573 213.980 212.114 194.497 173.133 143.811 129.370 124.600 133.102
zuan1 282.152 291.448 292.618 293.274 289.225 285.707 291.367 288.183 283.905 274.737
yan2 259.597 240.133 226.693 199.727 176.039 165.325 152.538 159.000 173.891 183.403
liang2 157.382 150.652 145.429 155.828 143.405 153.572 159.720 177.409 191.216 213.594
jiu3 216.760 212.672 195.508 178.482 140.366 112.738 100.690 78.568 113.805 109.080
