you2 3.306 1.804 -8.940 -11.015 -5.744 8.114 11.226 22.099 28.368 25.697
qi2 50.917 43.014 37.216 26.700 18.004 23.958 23.017 21.724 27.112 16.892
yao4 32.883 41.085 35.164 24.881 17.016 19.830 19.162 18.172 17.359 11.789
zhu4 35.439 33.801 30.630 23.174 18.753 18.325 15.767 8.691 8.903 -3.110
yi4 17.465 10.594 0.398 -14.943 -32.494 -35.920 -38.918 -33.045 -18.373 -19.438
dui4 19.565 16.407 0.249 -11.308 -17.496 -12.759 -7.751 -3.381 5.090 7.351
gan4 29.222 32.432 34.859 40.831 48.687 60.076 60.660 54.745 50.008 29.148
bu4 37.136 27.360 11.629 -5.612 -22.291 -28.461 -26.693 -26.648 -14.969 -14.060
si1 10.884 5.822 13.204 7.786 12.677 21.998 21.466 26.023 38.725 36.735
xiang3 38.070 27.935 11.207 -4.086 -11.206 -12.587 -16.249 -14.455 -4.409 -12.495
zheng4 15.155 20.117 29.074 23.450 22.979 25.403 27.830 21.368 19.227 3.254
zhi4 19.671 12.242 8.748 -10.027 -20.905 -15.706 -12.768 -13.881 0.979 -10.935
su4 27.861 28.678 32.200 35.642 43.477 55.673 64.742 57.642 52.489 28.823
zhi4 27.934 19.669 13.060 1.905 -9.094 -1.616 -1.429 -3.589 4.027 -13.667
de5 0.660 -8.889 -16.901 -24.332 -32.972 -26.459 -17.855 -19.358 -7.860 -16.467
kao3 0.123 4.617 -4.443 -13.225 -13.862 -11.580 -14.002 -12.500 -2.008 -13.346
cha2 13.507 6.357 -5.982 -8.889 -18.064 -13.654 -1.468 -0.737 8.855 1.972
