chai2 224.474 225.144 223.791 216.279 210.023 223.448 244.290 259.524 286.456 291.555
ke3 289.999 289.141 280.183 267.436 244.081 221.527 196.656 180.804 173.264 183.588
fu1 182.561 204.132 232.289 250.537 265.007 271.040 271.384 271.016 274.624 275.856
si1 270.333 277.925 290.285 294.762 294.609 297.424 291.094 293.425 293.118 292.346
ji1 289.869 292.100 300.861 304.966 304.475 306.664 304.397 303.781 305.899 308.136
gao4 310.843 315.854 311.184 310.953 296.824 281.951 260.465 233.664 217.911 210.433
su4 201.453 210.560 227.399 245.939 254.004 247.074 235.544 218.296 201.090 198.275
ta1 191.584 206.873 223.455 233.491 233.238 231.193 246.131 244.272 244.000 236.714
de5 223.427 226.573 220.240 213.435 200.948 196.814 189.852 197.500 194.224 192.707
zhi2 184.652 185.250 190.240 190.214 185.990 182.184 175.593 184.587 195.655 210.821
er5 211.196 219.964 234.754 224.756 212.947 201.434 194.176 186.939 182.277 182.048
da2 177.734 171.014 172.994 171.236 166.893 167.408 168.527 179.655 200.885 213.552
wei2 214.094 208.096 200.873 189.664 176.335 168.348 170.228 178.901 201.409 207.701
duo1 219.302 240.951 262.969 275.466 295.244 289.328 290.613 294.851 289.190 281.471
fu1 265.960 267.536 271.174 273.125 274.721 270.052 269.167 267.102 265.095 253.919
shuo1 236.487 246.844 247.651 253.894 244.951 234.990 227.405 225.082 235.827 235.178
