ta1 1.128 -5.196 -12.561 -19.795 -32.826 -29.035 -23.600 -27.184 -12.423 -18.058
chang4 15.323 19.479 25.816 33.669 38.808 51.076 49.276 42.358 39.196 20.448
xiang3 42.685 32.026 14.197 -1.109 -10.319 -14.825 -14.075 -16.522 -5.785 -13.136
le5 1.899 -0.520 -12.281 -22.664 -33.772 -26.749 -23.081 -20.318 -16.391 -14.481
xi1 13.181 6.383 12.209 6.912 11.338 23.276 28.116 26.763 38.596 35.558
bai3 39.747 32.400 10.569 2.050 -12.985 -9.285 -16.131 -16.645 -5.584 -14.765
po1 13.391 12.293 13.286 0.540 -4.303 -1.657 7.450 4.677 17.356 16.741
jing1 28.885 24.882 28.580 21.687 20.397 30.432 37.225 29.348 47.318 35.781
shen5 46.438 45.187 35.016 25.223 18.089 19.320 10.810 1.175 9.683 -7.415
de5 11.924 3.182 -10.458 -23.107 -33.645 -29.143 -24.317 -21.424 -13.808 -17.641
zui4 15.950 18.700 19.997 22.098 30.024 39.066 46.764 44.015 38.245 16.035
qiang2 32.549 20.905 5.828 -2.939 -14.163 -12.807 -3.809 -6.122 7.309 2.312
yin1 31.014 30.497 30.014 28.356 12.764 17.780 30.116 27.400 28.235 22.472
