jin1 324.022 321.147 315.969 314.536 312.106 316.685 312.816 311.598 316.055 304.665
sheng1 295.033 296.081 306.420 310.154 313.950 317.372 317.469 321.797 322.475 310.253
chong2 294.313 276.699 263.672 245.506 226.075 210.873 201.917 194.526 207.673 224.729
wen1 225.760 235.414 251.679 264.929 275.769 280.618 287.546 287.753 291.944 288.773
yuan1 269.292 265.921 284.118 294.596 314.396 319.856 330.668 330.332 345.649 342.883
nie4 335.326 329.020 332.270 328.529 312.825 290.703 265.148 232.488 217.142 197.366
qing2 193.597 190.140 195.877 197.492 189.533 176.172 168.952 168.695 174.142 194.799
de5 195.912 204.415 206.990 194.215 176.752 173.763 162.314 158.656 157.722 163.866
bang1 180.336 206.743 235.220 263.481 273.564 290.181 285.659 287.532 293.663 299.364
qiang1 284.172 290.427 290.852 302.096 300.805 299.645 289.133 284.762 287.836 288.345
hong1 282.243 287.909 287.343 302.096 301.005 306.843 296.191 287.686 290.185 282.299
tuo1 259.592 258.160 259.344 267.351 270.681 276.742 272.834 272.264 278.693 278.526
zhong1 244.529 266.306 270.526 260.472 251.342 239.482 231.308 231.419 244.784 247.100
