bie2 2.672 -1.231 -11.599 -16.184 -12.791 -5.308 -0.675 3.155 8.792 5.210
zai4 33.053 34.138 37.614 30.554 29.448 37.998 35.988 30.569 30.201 19.323
rang4 40.379 36.092 19.952 8.731 5.466 5.104 13.615 11.537 22.096 16.763
jie1 28.204 21.689 27.551 14.277 14.224 24.322 24.447 24.148 38.929 32.090
tou2 26.538 15.639 3.900 -11.465 -14.506 -12.245 -16.576 -11.270 0.928 -11.218
de5 0.278 -3.198 -7.191 -14.048 -18.555 -6.236 -5.726 0.025 1.730 -4.673
you2 16.857 11.469 -0.207 -8.788 -15.673 -10.085 -9.994 -5.106 10.459 0.898
yi1 28.348 30.877 27.494 23.865 10.104 14.185 17.951 16.618 28.814 17.003
keng1 24.164 22.654 17.279 8.299 -3.299 3.111 2.257 5.727 16.184 12.002
hai4 28.601 32.177 16.873 6.663 -7.038 -18.349 -18.028 -18.028 -7.479 -16.550
nan2 11.251 5.692 -4.414 -11.868 -15.376 -9.074 -9.332 -7.149 5.644 8.185
xing4 40.329 44.189 45.353 48.760 51.190 53.515 53.318 43.205 40.908 17.430
bing4 19.440 9.412 2.006 -12.935 -31.509 -37.679 -31.331 -35.118 -20.254 -20.973
huan4 1.420 8.160 10.760 11.930 16.186 30.059 33.558 30.905 23.487 9.454
zhe3 7.171 4.761 -5.558 -14.033 -25.661 -16.532 -20.778 -17.265 -8.388 -14.510
la5 4.800 4.975 -9.074 -7.200 -17.025 -4.567 1.978 4.159 -6.463 -6.466
