bao1 282.886 316.674 314.373 311.903 310.955 308.900 309.086 301.746 302.164 -9.398
han2 208.105 263.122 243.043 229.910 212.234 190.231 179.797 178.865 186.710 307.995
duo1 287.408 235.977 268.133 286.734 306.665 312.102 315.596 317.000 316.031 205.311
me5 207.449 261.851 243.038 221.904 204.717 192.380 179.413 178.258 180.148 300.047
shen1 302.563 223.629 247.487 272.495 293.264 301.965 299.267 306.776 302.930 195.657
ke4 189.388 293.004 282.567 283.551 275.889 256.139 228.616 202.810 187.242 311.813
he2 209.445 192.842 185.582 189.410 187.065 184.086 179.126 178.807 186.443 188.017
feng1 333.497 237.570 269.025 296.645 321.162 334.342 335.700 332.591 335.226 192.443
fu4 196.385 329.720 330.099 335.690 330.915 316.590 292.915 261.122 234.595 336.570
de5 184.986 184.175 180.322 172.950 169.344 161.495 161.645 156.843 159.882 199.276
nei4 163.043 204.046 232.098 248.330 257.552 252.106 229.711 202.424 173.862 163.919
rong2 159.481 159.125 153.089 150.434 143.316 132.512 125.169 132.471 146.438 175.915
a5 5.817 160.346 164.465 154.841 143.997 124.267 116.548 111.006 113.756 158.722
