ye1 23.545 20.973 20.923 16.378 17.431 31.603 27.982 34.700 37.910 39.751
lu4 51.664 52.641 35.682 31.928 20.880 26.942 22.643 15.972 21.015 8.227
sa1 42.935 38.063 39.687 22.963 22.093 35.169 36.269 35.251 43.357 39.052
leng2 45.937 34.265 22.931 12.083 0.674 2.850 0.002 -9.073 4.764 -5.260
deng3 11.694 6.610 -0.537 -8.265 -14.717 -11.859 -14.197 -13.552 -8.587 -20.170
di4 8.460 9.089 4.506 -4.853 -16.763 -24.214 -21.878 -27.752 -20.518 -20.293
you4 7.604 -0.803 -9.887 -22.909 -28.631 -26.443 -22.528 -13.634 -4.741 -9.760
lian2 22.494 15.496 3.381 -10.924 -17.909 -7.471 -11.981 -3.882 2.740 0.391
xu4 29.167 22.742 16.432 2.974 -7.274 -20.858 -25.464 -27.300 -13.584 -21.101
fa1 8.372 1.657 -3.366 -8.172 -16.811 -12.376 -7.341 -8.867 -2.596 -5.225
sheng1 16.299 9.711 -0.959 -15.152 -27.976 -26.972 -23.531 -23.315 -8.456 -18.643
da4 20.780 24.336 31.717 39.333 47.502 61.630 69.691 65.881 60.918 36.007
gui1 47.919 41.187 38.695 26.676 21.750 31.336 30.111 31.342 37.433 32.332
mo2 36.690 25.349 12.233 -5.388 -11.551 -8.604 -11.086 -9.965 -3.321 -12.791
bao4 16.115 18.687 24.879 30.592 33.987 48.567 55.767 49.843 46.448 27.050
zha4 33.875 23.970 13.426 -6.008 -23.334 -28.541 -32.066 -34.063 -18.611 -21.665
xi2 11.197 5.112 -7.945 -12.750 -23.243 -14.812 -12.430 -9.829 4.811 -0.274
ji1 32.051 28.861 28.178 24.868 13.950 17.183 24.730 23.391 35.806 22.876
he2 28.488 19.355 5.920 -6.738 -11.474 -6.626 -6.332 -4.407 7.288 -3.426
jiao1 19.161 11.486 14.537 14.915 14.925 27.930 37.831 37.472 49.078 39.907
huo3 49.101 41.481 26.167 16.785 8.861 7.686 -8.658 -11.365 -4.879 -20.215
shi4 7.878 10.447 9.517 1.520 -7.212 -2.436 -2.092 -8.373 -4.530 -12.950
jian4 7.190 9.913 -0.177 -0.694 -17.671 -17.443 -11.337 -13.390 -7.093 -7.628
