dui4 5.207 2.740 -11.573 -22.993 -28.615 -20.121 -19.834 -16.450 -5.257 -9.289
ling2 14.020 7.732 5.226 -4.913 -3.516 9.882 13.686 22.842 38.068 30.661
dao3 56.359 48.128 34.022 22.444 9.133 10.378 -5.855 -6.236 1.306 -2.234
yao1 13.883 9.073 17.430 6.900 8.905 22.407 22.096 18.948 35.003 33.516
qiu2 39.375 25.865 8.480 -7.798 -16.251 -14.471 -14.186 -13.490 -4.248 -5.313
zuo4 5.610 2.618 3.308 -6.874 -13.779 -12.019 -13.896 -18.444 -11.720 -19.342
dao4 0.459 -2.741 -12.939 -26.537 -42.643 -44.736 -39.235 -30.412 -14.953 -17.235
san1 21.160 21.025 22.520 23.888 20.723 34.020 44.179 39.906 53.730 43.951
jian3 49.287 40.929 21.011 4.584 -4.317 -6.841 -12.897 -13.925 -5.669 -9.504
san1 19.482 27.410 22.738 22.172 5.785 12.890 15.829 16.447 25.933 16.981
dao4 14.353 6.843 -3.605 -24.527 -36.056 -42.085 -41.790 -33.244 -20.943 -24.908
jian2 16.656 8.126 5.867 -6.419 -4.368 2.629 6.933 12.067 26.030 21.642
shao3 45.926 45.470 30.803 20.289 17.197 7.416 -1.111 -3.951 1.239 -7.928
hui4 25.716 31.127 34.932 32.964 34.613 35.957 36.207 27.606 22.526 1.781
yi4 28.027 21.764 11.634 1.571 -17.786 -26.375 -31.633 -29.641 -19.867 -24.892
jian2 2.447 -0.814 -2.641 -14.141 -12.905 0.394 -2.564 4.305 4.735 2.372
shao3 28.633 31.310 20.327 13.661 15.547 12.623 6.641 0.734 1.901 -10.399
wen2 11.977 6.278 -5.941 -14.775 -20.711 -15.952 -12.814 -10.534 -2.479 -4.303
jian4 26.547 38.619 36.741 25.433 6.593 -6.012 -16.914 -15.466 -6.049 -14.694
jian2 15.466 6.849 4.191 -8.454 -9.485 -1.669 -2.544 4.671 20.021 13.520
shao3 45.076 42.684 30.130 15.336 10.836 4.444 -2.878 -7.018 -2.697 -8.777
ying4 11.878 21.769 32.905 27.117 25.158 39.096 42.187 37.564 28.806 9.613
chou5 21.032 15.960 7.448 5.032 -11.482 -1.849 -3.487 -1.176 -8.271 -7.814
