shao4 381.262 375.831 381.595 380.026 367.716 363.433 349.543 334.520 311.727 284.911
wei3 264.096 247.147 229.458 215.782 201.936 190.402 175.779 158.573 155.855 156.581
gang1 187.947 223.294 254.052 272.524 269.584 265.308 274.708 262.876 265.588 258.579
fu4 327.966 335.147 340.024 349.230 357.769 356.964 345.048 320.097 291.261 263.923
yu2 230.461 209.878 193.911 181.317 175.694 163.296 169.424 181.187 189.882 196.805
han2 194.249 192.783 193.999 202.303 203.592 194.768 193.930 211.014 238.458 267.767
guo2 267.218 265.883 263.040 240.323 214.949 193.407 186.345 185.344 206.076 215.064
shao4 243.567 272.109 297.487 324.774 333.133 321.763 299.006 261.759 229.787 211.307
nian2 192.509 182.458 178.085 169.502 155.740 148.469 148.409 155.369 174.952 190.039
cui1 203.064 218.946 245.530 274.612 297.142 313.094 322.815 317.514 323.240 321.146
zhe2 293.923 277.991 256.151 230.963 197.732 173.114 158.645 150.440 149.304 168.752
han4 177.941 198.654 211.270 235.278 229.413 198.593 163.410 123.521 115.381 115.965
