gen1 348.671 346.697 340.178 337.024 340.154 340.284 343.879 349.490 339.767 335.770
ju4 318.722 313.572 312.719 309.277 298.066 282.535 268.114 264.440 256.591 248.276
ji1 234.268 252.899 274.684 292.329 312.940 326.318 338.752 339.903 338.277 330.055
ben2 307.974 288.774 260.198 236.551 208.836 191.920 190.800 202.023 223.265 232.811
fa3 221.361 224.965 228.086 218.772 209.065 190.095 168.505 145.986 138.998 143.041
de5 147.067 160.046 164.429 165.854 163.067 164.842 166.868 168.565 178.278 181.332
jing1 190.326 212.579 239.352 251.834 278.867 281.955 286.585 297.450 296.445 289.697
shen5 278.382 274.906 253.269 237.578 218.002 195.419 178.096 169.339 174.063 174.676
he2 193.193 189.917 194.415 198.904 201.482 198.729 192.492 192.839 198.292 211.215
xiang1 219.928 239.226 282.135 306.213 324.925 336.402 338.334 342.885 343.700 331.609
gang3 317.678 296.290 278.655 241.427 208.610 178.969 153.302 140.060 138.567 145.440
hui2 152.151 158.648 166.969 177.110 183.280 188.982 179.592 175.470 184.568 192.174
gui1 193.065 206.782 235.451 246.879 262.147 268.150 276.441 282.802 290.920 278.958
de5 252.815 251.035 240.670 232.344 217.699 203.311 192.345 180.676 172.530 172.071
shi2 166.989 165.433 157.899 160.861 169.064 174.526 157.175 159.090 162.127 183.637
ji4 206.178 228.768 242.169 244.817 231.043 205.827 165.785 138.541 134.368 136.777
