dui4 341.878 338.297 326.312 313.137 290.976 273.764 259.956 245.237 235.175 238.728
zhang1 249.652 274.885 292.979 312.175 315.768 322.641 328.439 322.812 322.755 308.637
jia1 307.517 312.812 314.350 313.037 310.596 308.163 307.404 306.566 308.420 299.970
jie4 311.906 313.120 318.962 310.758 288.602 265.330 241.448 221.715 204.576 200.742
yi4 261.137 262.169 271.079 264.976 261.168 246.282 251.847 227.559 221.898 213.228
jia1 211.164 228.894 245.610 263.478 266.908 268.893 274.583 276.575 276.802 268.637
hang2 245.569 235.134 219.634 205.896 190.441 182.041 183.289 190.055 212.572 233.920
yun4 225.537 246.557 265.390 275.965 270.290 251.959 230.905 205.187 190.671 185.551
gong1 221.804 248.749 265.821 278.602 282.597 279.979 281.210 281.262 280.771 270.899
si1 268.826 275.881 281.439 286.372 280.165 278.779 274.322 269.052 273.106 267.476
shi1 305.589 307.195 312.220 319.407 320.213 322.077 334.493 325.451 330.904 321.959
qu4 293.177 284.516 275.756 261.817 241.993 221.798 203.442 193.446 192.424 194.731
jing1 212.551 230.755 248.940 272.900 282.791 293.778 301.681 305.547 307.367 296.396
ying2 268.265 251.396 235.795 218.189 203.323 189.031 193.774 200.877 221.094 237.477
quan2 245.009 237.650 226.861 214.013 192.629 172.850 156.590 150.170 158.321 162.873
de5 179.069 181.048 181.641 190.883 184.553 195.068 187.811 189.427 190.551 179.630
diao4 203.520 229.539 245.291 256.542 250.071 238.630 207.444 180.357 160.748 140.955
cha2 157.541 151.223 141.481 134.954 126.500 116.868 113.444 120.969 134.028 154.040
