wo3 1.029242420196533203e+01 2.434073925018310547e+00 1.392939281463623047e+01 3.612165212631225586e+00 7.942799568176269531e+00 -1.752803564071655273e+00 7.537549972534179688e+00 1.043997859954833984e+01 2.620298385620117188e+00 1.327822875976562500e+01
shen4 2.945465469360351562e+01 2.739790916442871094e+01 4.212353134155273438e+01 3.559393692016601562e+01 4.585619735717773438e+01 3.503779983520507812e+01 3.189970016479492188e+01 2.391380882263183594e+01 6.730224609375000000e+00 1.753383636474609375e+01
zhi4 4.004516601562500000e+01 3.674253845214843750e+01 4.965406799316406250e+01 3.508370971679687500e+01 3.866218185424804688e+01 3.745505142211914062e+01 3.703638076782226562e+01 2.578423690795898438e+01 1.550612449645996094e+01 1.800155830383300781e+01
kan4 2.968805885314941406e+01 1.953553962707519531e+01 3.605663681030273438e+01 2.610965919494628906e+01 3.980553817749023438e+01 3.124310874938964844e+01 3.180911254882812500e+01 1.641011810302734375e+01 5.788166522979736328e-01 7.366710186004638672e+00
jian4 3.369863891601562500e+01 3.159678649902343750e+01 4.863788986206054688e+01 2.823014640808105469e+01 3.846969604492187500e+01 3.054085350036621094e+01 3.102865028381347656e+01 1.981893539428710938e+01 5.252200126647949219e+00 1.231031227111816406e+01
jiang4 3.189699554443359375e+01 3.288797378540039062e+01 5.014948654174804688e+01 3.004181861877441406e+01 3.565581893920898438e+01 2.679251861572265625e+01 2.770493125915527344e+01 2.028264427185058594e+01 4.984291076660156250e+00 1.246354103088378906e+01
xin1 3.545582580566406250e+01 2.343009948730468750e+01 3.889177703857421875e+01 2.014284515380859375e+01 2.822587776184082031e+01 2.647902488708496094e+01 3.326320648193359375e+01 2.197289466857910156e+01 7.285828590393066406e+00 4.518534183502197266e+00
du2 3.238426208496093750e+01 1.835129356384277344e+01 3.092772674560546875e+01 9.625774383544921875e+00 1.508215236663818359e+01 1.633741569519042969e+01 2.720223999023437500e+01 2.385308647155761719e+01 1.108829593658447266e+01 5.334583282470703125e+00
yun4 2.626846694946289062e+01 2.059053421020507812e+01 3.740556335449218750e+01 2.285913276672363281e+01 2.968891334533691406e+01 2.895654678344726562e+01 2.903997421264648438e+01 2.193317413330078125e+01 1.010527801513671875e+01 6.537687301635742188e+00
de5 3.025321197509765625e+01 2.605941581726074219e+01 4.358787155151367188e+01 2.283728027343750000e+01 2.581644821166992188e+01 2.452725791931152344e+01 3.121161842346191406e+01 2.290582275390625000e+01 7.114531040191650391e+00 -1.726081132888793945e+00
zhu3 2.729400634765625000e+01 1.747219276428222656e+01 2.617163085937500000e+01 1.268360710144042969e+01 1.879624366760253906e+01 1.808525848388671875e+01 3.017992019653320312e+01 2.508328437805175781e+01 1.548657703399658203e+01 9.602339744567871094e+00
ren2 2.548051834106445312e+01 1.547607231140136719e+01 2.941173362731933594e+01 5.589894294738769531e+00 1.471774482727050781e+01 1.504665565490722656e+01 2.625306510925292969e+01 2.100766754150390625e+01 9.447866439819335938e+00 6.331792354583740234e+00
yan2 2.847642135620117188e+01 1.895549011230468750e+01 2.976428604125976562e+01 3.692946672439575195e+00 9.194250106811523438e+00 4.166381835937500000e+00 1.789143943786621094e+01 1.379289817810058594e+01 1.171983909606933594e+01 1.429038429260253906e+01
shan1 2.788681602478027344e+01 2.807898521423339844e+01 4.441371154785156250e+01 2.634636306762695312e+01 2.985912704467773438e+01 2.279664039611816406e+01 2.158369064331054688e+01 1.024635410308837891e+01 -1.069549441337585449e+00 -4.572757482528686523e-01
ji3 2.637984657287597656e+01 1.485397338867187500e+01 2.663764572143554688e+01 8.160505294799804688e+00 1.999732971191406250e+01 1.998475074768066406e+01 2.547987365722656250e+01 1.798404693603515625e+01 6.770448684692382812e+00 8.500614166259765625e-01
la1 1.779382705688476562e+01 1.726998519897460938e+01 3.699192810058593750e+01 1.378021717071533203e+01 1.931363296508789062e+01 1.728267860412597656e+01 1.976026344299316406e+01 1.273184967041015625e+01 5.416832447052001953e+00 6.967305183410644531e+00
chu1 2.735294151306152344e+01 1.614922523498535156e+01 3.179213523864746094e+01 1.243537425994873047e+01 2.592955017089843750e+01 2.603464889526367188e+01 2.754608154296875000e+01 2.011431503295898438e+01 7.751874446868896484e+00 6.124774456024169922e+00
de5 2.481552696228027344e+01 2.021446037292480469e+01 3.669052886962890625e+01 1.271759223937988281e+01 1.991774177551269531e+01 1.684387779235839844e+01 2.333010101318359375e+01 1.868672180175781250e+01 6.234027385711669922e+00 1.296427249908447266e+00
yi2 2.228438568115234375e+01 1.191002845764160156e+01 2.330664634704589844e+01 1.003710746765136719e+00 1.091393661499023438e+01 1.114650535583496094e+01 2.395910072326660156e+01 1.679361343383789062e+01 1.024868202209472656e+01 9.094350814819335938e+00
chuan4 2.039650535583496094e+01 1.927558135986328125e+01 3.695706176757812500e+01 2.578822708129882812e+01 3.413714981079101562e+01 2.870003700256347656e+01 2.637117958068847656e+01 1.325266456604003906e+01 -3.226233005523681641e+00 -2.495625257492065430e+00
cai3 2.613260650634765625e+01 1.749545860290527344e+01 3.102949333190917969e+01 1.169398403167724609e+01 2.683171463012695312e+01 2.243340301513671875e+01 2.589582824707031250e+01 1.486815547943115234e+01 6.635925769805908203e+00 2.577506542205810547e+00
deng1 1.960689353942871094e+01 2.033941841125488281e+01 3.701478958129882812e+01 1.337307167053222656e+01 1.521956443786621094e+01 1.031051635742187500e+01 1.539978408813476562e+01 1.014917659759521484e+01 -6.439541578292846680e-01 2.477295398712158203e+00
