ta1 3.530895233154296875e+01 2.575553894042968750e+01 3.909975433349609375e+01 2.940323257446289062e+01 2.966841125488281250e+01 1.823991012573242188e+01 2.123119735717773438e+01 1.909685897827148438e+01 7.263987541198730469e+00 1.211949253082275391e+01
men5 4.235995864868164062e+01 3.440713500976562500e+01 4.049976730346679688e+01 2.288181304931640625e+01 3.066874313354492188e+01 2.369599151611328125e+01 2.916349983215332031e+01 2.229466056823730469e+01 9.818427085876464844e+00 1.403012943267822266e+01
zai4 3.586373519897460938e+01 3.700762939453125000e+01 5.304497146606445312e+01 3.327938079833984375e+01 3.576601409912109375e+01 2.854444885253906250e+01 3.282645034790039062e+01 2.284533119201660156e+01 6.594925403594970703e+00 1.344311046600341797e+01
shi4 3.837316513061523438e+01 3.026872253417968750e+01 4.054731369018554688e+01 2.430612182617187500e+01 3.450223922729492188e+01 3.066987419128417969e+01 3.377516555786132812e+01 2.754571342468261719e+01 9.182446479797363281e+00 8.969121932983398438e+00
qu1 3.540517425537109375e+01 2.377370834350585938e+01 3.727612686157226562e+01 1.887108802795410156e+01 2.771248435974121094e+01 2.687820243835449219e+01 3.196425247192382812e+01 2.437883949279785156e+01 9.260645866394042969e+00 3.369304656982421875e+00
yi2 2.773331832885742188e+01 1.337714099884033203e+01 2.449527359008789062e+01 3.206801414489746094e+00 1.251629447937011719e+01 1.588467025756835938e+01 2.579475402832031250e+01 2.074492645263671875e+01 8.686452865600585938e+00 5.469929695129394531e+00
zai1 2.644573974609375000e+01 2.565356636047363281e+01 4.246508026123046875e+01 2.171516799926757812e+01 2.432894515991210938e+01 2.234109687805175781e+01 2.141019821166992188e+01 1.574502658843994141e+01 1.008701992034912109e+01 8.837424278259277344e+00
le5 3.117433929443359375e+01 2.015574645996093750e+01 3.147182083129882812e+01 1.363879966735839844e+01 2.063426780700683594e+01 2.275936126708984375e+01 2.567655944824218750e+01 2.414730644226074219e+01 1.609094047546386719e+01 1.120044136047363281e+01
yi4 2.962116432189941406e+01 1.990617752075195312e+01 3.466149139404296875e+01 1.615625953674316406e+01 2.568183898925781250e+01 2.701963615417480469e+01 3.161388778686523438e+01 2.198621177673339844e+01 9.436603546142578125e+00 2.960272789001464844e+00
bai3 2.893580245971679688e+01 2.312934303283691406e+01 2.976952362060546875e+01 8.270755767822265625e+00 1.310927295684814453e+01 9.650411605834960938e+00 1.970203971862792969e+01 1.555551719665527344e+01 1.428550434112548828e+01 1.420689868927001953e+01
ke1 2.743283081054687500e+01 1.621785354614257812e+01 2.850127792358398438e+01 1.374493503570556641e+01 2.918045425415039062e+01 2.827973175048828125e+01 3.046046257019042969e+01 2.135535621643066406e+01 9.278506278991699219e+00 5.691479682922363281e+00
you3 3.089419937133789062e+01 2.042580795288085938e+01 2.750743103027343750e+01 6.960999488830566406e+00 1.020960235595703125e+01 7.767865180969238281e+00 1.401301479339599609e+01 1.078225612640380859e+01 9.490859031677246094e+00 9.783768653869628906e+00
san1 2.688371849060058594e+01 2.889058876037597656e+01 4.694810485839843750e+01 2.682233619689941406e+01 2.846263694763183594e+01 2.142564392089843750e+01 2.034859657287597656e+01 1.129685020446777344e+01 5.162449479103088379e-01 8.799111843109130859e-01
shi2 3.031627655029296875e+01 1.809972000122070312e+01 3.254483032226562500e+01 1.399210453033447266e+01 2.779022216796875000e+01 2.472757148742675781e+01 2.849034881591796875e+01 2.120400238037109375e+01 9.099359512329101562e+00 6.285161972045898438e+00
nian2 2.859635925292968750e+01 1.937874412536621094e+01 3.161808586120605469e+01 6.517762184143066406e+00 1.087355995178222656e+01 5.745032310485839844e+00 1.543510055541992188e+01 1.186416912078857422e+01 8.281890869140625000e+00 7.619994640350341797e+00
shu4 2.524417686462402344e+01 1.852314758300781250e+01 3.109805297851562500e+01 1.816715049743652344e+01 3.086753845214843750e+01 2.899441528320312500e+01 2.980198669433593750e+01 1.778435516357421875e+01 9.850492477416992188e-01 6.951464414596557617e-01
ling2 2.465491485595703125e+01 1.837438011169433594e+01 2.946310997009277344e+01 3.223137855529785156e+00 6.952481746673583984e+00 6.159579753875732422e+00 1.846056747436523438e+01 1.019840335845947266e+01 5.119771003723144531e+00 4.478249073028564453e+00
de5 1.948446083068847656e+01 1.677541732788085938e+01 2.993025588989257812e+01 8.646225929260253906e+00 1.233118343353271484e+01 1.157235145568847656e+01 1.858955764770507812e+01 1.134496688842773438e+01 3.581708192825317383e+00 7.338799238204956055e-01
hong2 2.636751174926757812e+01 1.717074012756347656e+01 2.753725242614746094e+01 1.392620086669921875e+01 2.270498275756835938e+01 2.002405357360839844e+01 2.173143386840820312e+01 1.235208034515380859e+01 6.330881118774414062e+00 6.942134857177734375e+00
song1 2.430088233947753906e+01 2.304680633544921875e+01 3.928073883056640625e+01 1.983879661560058594e+01 2.374099159240722656e+01 1.727565193176269531e+01 1.809311103820800781e+01 9.392402648925781250e+00 -2.668834447860717773e+00 -6.644001603126525879e-02
