ta1 344.846 335.379 338.528 330.251 340.198 342.516 348.632 354.483 351.551 347.685
men5 333.915 323.264 315.968 299.588 288.596 275.121 269.021 251.099 249.374 242.391
ye2 217.114 207.878 205.275 197.236 203.007 205.688 209.684 230.237 254.944 265.178
biao3 269.027 266.351 256.151 239.447 207.500 172.355 145.882 128.140 122.951 129.725
shi4 146.977 165.298 182.923 204.428 206.000 200.702 180.073 173.908 167.932 163.466
huan1 305.688 304.501 306.604 311.568 328.540 336.953 336.286 340.153 335.253 327.105
ying2 299.031 272.538 251.352 225.545 206.045 201.917 186.619 197.412 205.275 221.579
geng4 251.622 276.513 302.819 312.915 311.778 298.719 270.521 246.922 227.743 220.712
duo1 216.007 230.511 251.665 262.158 272.847 275.266 283.701 289.134 286.142 276.162
de5 255.155 251.984 239.101 219.255 197.949 187.245 177.490 173.135 172.725 178.526
zhong1 190.389 217.626 252.046 275.678 292.327 304.068 309.569 312.216 318.291 312.030
guo2 293.561 275.003 250.044 221.859 195.823 180.283 178.443 188.334 202.553 217.461
qi3 208.673 214.010 217.058 222.659 229.812 221.202 193.210 171.019 155.045 149.431
ye4 137.338 148.515 167.997 187.798 194.505 203.163 191.928 191.082 178.977 176.006
jia1 188.899 209.295 232.972 251.817 265.422 279.918 277.328 284.215 299.367 287.274
fang3 283.358 271.938 252.117 235.913 209.853 178.693 148.838 128.641 117.769 119.168
wen4 136.596 152.944 181.715 191.856 199.594 185.808 152.869 132.484 130.264 134.383
