jyun5 183.452 168.017 175.205 159.209 167.322 170.365 150.689 172.994 176.927 186.331
waa4 187.284 178.722 180.940 160.506 158.940 153.337 127.521 142.953 144.253 145.746
ngon3 152.888 151.136 171.791 168.493 182.536 188.887 171.928 191.235 191.424 192.487
si6 198.580 185.714 199.483 191.303 201.832 201.415 173.507 187.903 179.809 177.299
zung1 177.862 182.104 207.847 214.938 229.310 235.181 221.951 242.701 236.248 235.851
gung6 236.568 226.050 233.635 219.987 212.921 199.967 174.246 186.271 181.888 176.146
gin3 178.662 175.454 192.155 186.105 191.647 186.582 166.177 184.498 178.706 177.107
gwok3 179.398 171.620 187.528 181.419 187.016 181.405 157.055 170.290 163.461 162.753
ji5 165.917 149.301 158.906 149.220 160.844 161.955 141.318 162.177 160.571 161.830
loi4 163.880 143.106 149.009 133.863 134.557 129.595 109.048 126.747 124.556 128.934
zeoi3 143.025 136.965 162.239 163.765 177.567 179.538 158.018 174.728 169.562 169.873
daai6 166.124 152.902 165.094 154.741 158.442 154.850 130.913 150.633 148.675 149.971
dik1 171.904 168.186 196.232 199.868 212.736 218.504 198.380 209.316 208.130 207.119
taam1 221.278 209.687 225.574 222.908 230.834 231.404 211.162 225.393 219.481 219.855
wu1 219.240 204.024 214.649 207.907 215.111 218.031 195.093 213.145 206.998 206.116
ngon3 192.908 174.714 183.706 164.856 158.252 156.880 138.967 164.676 161.381 171.752
sip3 218.671 204.041 219.392 208.739 218.264 215.942 191.496 205.836 194.897 193.550
ngon3 188.068 177.254 192.023 183.358 187.843 188.005 167.742 184.385 178.680 178.711
ze2 174.714 158.505 172.167 160.603 166.972 161.585 146.062 171.612 179.359 192.160
jau4 202.925 187.533 189.986 165.299 155.384 143.070 113.169 134.201 127.821 131.209
gong1 151.654 157.666 186.620 193.287 212.024 220.861 209.263 232.076 225.148 222.449
zaak6 219.702 199.707 208.664 195.648 192.855 178.592 147.823 157.979 145.927 145.408
man4 138.078 123.666 131.899 120.391 122.690 123.033 102.795 123.399 122.811 126.232
san1 138.620 148.622 175.332 189.153 204.382 214.379 198.542 220.123 214.733 219.851
bin1 226.427 214.269 227.573 222.789 235.727 234.173 215.745 231.971 219.816 217.326
hung4 218.080 189.732 187.697 163.382 151.525 139.416 111.865 129.995 123.453 127.492
jan4 135.566 114.243 123.174 107.313 110.673 119.427 107.555 132.388 130.259 142.974
zi3 210.878 197.215 211.472 204.427 215.700 219.529 195.536 213.470 200.540 201.788
haa6 204.574 191.519 200.702 188.627 189.830 184.964 159.218 178.176 169.081 169.562
mun4 165.858 148.441 154.919 139.098 143.594 140.619 116.931 136.831 130.308 131.088
hoi2 141.402 127.980 140.139 134.896 141.550 144.724 128.936 159.091 167.555 179.388
gwaan1 197.589 198.517 223.422 223.093 239.330 236.922 224.555 243.591 231.383 233.315
jan4 227.056 194.146 187.708 160.293 148.541 137.647 111.807 134.168 126.723 130.302
jyun4 135.866 114.051 123.789 110.993 114.280 122.170 112.224 135.355 130.638 143.913
gu2 177.138 159.836 171.500 157.691 171.650 168.619 152.693 181.644 188.394 203.012
gai3 210.780 207.160 226.007 219.421 225.014 219.086 195.069 210.360 193.225 194.620
zi3 184.343 173.871 185.553 183.534 196.920 193.823 168.312 184.904 171.445 172.073
siu2 170.678 158.093 175.422 165.985 182.526 177.693 154.560 175.746 176.388 185.390
jau5 199.977 188.391 196.331 180.507 182.380 171.538 146.948 167.966 158.218 161.196
ji6 158.642 141.977 150.748 141.798 154.726 156.530 133.645 154.434 146.135 146.859
baak3 151.308 142.568 157.924 155.872 164.921 162.045 141.508 157.769 148.154 150.433
ng5 128.093 104.102 118.952 117.480 137.065 147.547 127.462 159.249 151.424 152.336
sap6 163.362 152.782 170.612 165.229 174.471 169.158 140.008 152.192 140.672 141.278
jan4 130.502 117.537 125.502 112.069 119.990 118.828 107.528 131.929 126.904 139.353
ji5 141.171 128.583 138.743 128.496 144.580 153.006 133.059 162.655 159.244 165.260
gung1 171.749 172.884 198.090 201.705 217.176 223.062 205.162 224.712 222.045 222.677
hoi1 227.777 212.542 224.963 218.031 230.208 230.337 206.759 226.230 214.396 212.027
dik1 214.078 202.280 214.909 216.458 219.991 222.098 193.417 211.369 197.754 199.812
daai6 183.527 171.065 182.910 168.685 163.699 163.846 133.734 150.984 145.849 150.517
lou5 145.251 130.072 138.903 130.316 134.372 135.889 118.735 145.510 139.773 147.253
fu2 150.543 136.796 153.272 148.366 150.147 145.798 125.561 153.418 148.051 159.263
baau1 164.862 172.111 194.796 197.377 203.789 202.133 187.364 207.570 199.188 200.943
kut3 182.930 166.999 175.770 167.427 169.011 164.131 143.420 167.115 159.151 162.952
gung1 192.525 191.485 204.474 197.768 204.976 206.039 186.375 209.396 200.740 199.001
on1 199.445 188.962 199.117 196.956 206.212 204.468 183.088 203.957 196.812 197.908
bou6 195.642 184.289 191.024 176.465 169.809 163.837 133.755 152.660 142.948 145.458
fu3 154.158 147.773 161.771 159.501 172.582 170.810 146.827 167.635 158.647 158.834
bou6 153.625 143.665 153.595 142.786 149.052 144.303 117.498 138.727 135.964 136.070
zoeng2 141.588 131.586 146.073 134.246 139.270 135.129 132.830 169.752 176.712 196.304
gaai2 155.701 150.373 162.399 153.670 156.596 149.553 136.233 165.003 171.824 188.462
fong3 193.679 186.546 207.910 205.242 208.505 202.985 183.651 198.880 187.994 189.930
gwan1 197.035 191.475 212.510 209.629 220.232 221.425 204.850 227.275 214.944 214.644
zung2 203.942 183.326 192.940 171.720 171.252 160.618 140.285 163.381 163.545 171.685
caam1 182.901 178.822 197.916 200.574 214.275 213.778 199.162 219.648 209.240 212.854
mau4 204.121 181.376 177.854 153.028 146.181 135.203 107.285 126.056 121.280 124.070
bou6 131.566 123.133 137.009 131.515 143.380 144.345 123.075 144.313 139.095 139.705
cing4 149.501 137.731 150.227 142.625 146.917 138.970 111.613 128.473 123.661 127.893
bou3 135.666 132.168 149.986 147.260 158.161 159.231 135.948 161.119 155.231 154.829
bou6 155.099 144.848 154.615 144.640 150.435 145.046 119.539 139.293 135.071 135.290
zoeng2 138.036 127.166 140.166 129.335 135.654 133.816 131.004 168.284 177.046 197.585
kap6 186.572 172.669 188.970 184.414 186.458 190.316 169.046 183.893 172.785 177.341
fuk1 182.990 178.256 190.481 190.361 203.992 203.068 181.835 201.361 194.239 192.355
gin3 190.261 182.679 201.490 197.365 199.990 195.005 173.008 186.727 176.682 169.121
saang2 168.319 149.329 166.651 152.975 154.847 148.033 131.715 158.964 170.716 186.860
kap6 197.404 185.735 197.995 189.948 194.509 186.093 160.154 172.050 157.084 153.526
haa6 158.521 145.639 155.212 145.818 155.155 150.609 127.513 147.956 141.195 145.144
mun4 142.929 128.680 137.251 126.505 132.778 133.468 109.844 127.613 124.608 125.910
si5 128.432 119.128 138.063 133.240 150.474 147.145 123.730 142.459 143.885 151.630
gok3 156.630 152.272 172.548 167.364 172.744 164.381 137.527 152.905 149.890 154.185
kap1 170.498 167.732 188.337 190.226 209.283 212.773 194.133 209.778 204.273 205.662
gun1 204.813 201.608 211.751 209.558 214.057 210.401 188.086 203.015 191.464 188.919
jyun4 170.896 138.566 129.163 111.376 109.797 101.869 87.260 111.473 103.136 119.985
