xiao3 1.582422828674316406e+01 1.475447654724121094e+01 2.723472595214843750e+01 1.534348201751708984e+01 4.385408401489257812e+00 5.475212574005126953e+00 1.075146865844726562e+01 5.814909458160400391e+00 -1.330962085723876953e+01 -1.166591930389404297e+01
shuo1 -1.042327642440795898e+00 -3.392601013183593750e+00 1.748373794555664062e+01 8.946537971496582031e+00 -1.070652008056640625e+01 -1.625077128410339355e+00 7.231446266174316406e+00 1.159175014495849609e+01 1.511786746978759766e+01 2.266524696350097656e+01
san3 4.048068523406982422e+00 2.332705974578857422e+00 1.890928840637207031e+01 1.726403045654296875e+01 -3.716391563415527344e+00 5.023009777069091797e-01 3.746737480163574219e+00 9.178330898284912109e-01 -9.900524139404296875e+00 -8.744328022003173828e-01
wen2 -1.703494071960449219e+01 -2.755517196655273438e+01 -1.219884300231933594e+01 -1.824860382080078125e+01 -4.101421356201171875e+01 -3.780705261230468750e+01 -2.803560638427734375e+01 -2.931751060485839844e+01 -2.147591972351074219e+01 -2.414615392684936523e+00
shi1 2.609139060974121094e+01 1.522912216186523438e+01 3.259520721435546875e+01 2.019299316406250000e+01 -3.484589099884033203e+00 4.353955388069152832e-02 1.222435283660888672e+01 4.555064678192138672e+00 6.861595630645751953e+00 1.503848266601562500e+01
ge1 2.572227096557617188e+01 1.649989700317382812e+01 4.104994201660156250e+01 2.759204673767089844e+01 1.262353134155273438e+01 2.262807464599609375e+01 2.892027854919433594e+01 3.840092849731445312e+01 4.017649459838867188e+01 3.752814102172851562e+01
ying3 -9.983589172363281250e+00 -1.620131301879882812e+01 6.691241264343261719e+00 -2.094613790512084961e+00 -2.271925354003906250e+01 -1.874801826477050781e+01 -1.280226516723632812e+01 -1.699237632751464844e+01 -1.821249580383300781e+01 -2.625538825988769531e+00
shi4 5.232514381408691406e+00 -9.520614743232727051e-01 2.458177566528320312e+01 2.760679435729980469e+01 1.840865135192871094e+01 3.117935943603515625e+01 3.093256187438964844e+01 1.745809173583984375e+01 8.357986450195312500e+00 -2.627597093582153320e+00
wen2 -1.635270690917968750e+01 -3.207066726684570312e+01 -1.595590782165527344e+01 -2.021882820129394531e+01 -3.404963302612304688e+01 -2.984844017028808594e+01 -2.208419609069824219e+01 -9.173130989074707031e+00 2.848789095878601074e-02 2.669184494018554688e+01
xue2 4.966114425659179688e+01 4.689382171630859375e+01 5.296524429321289062e+01 3.955092620849609375e+01 7.482686996459960938e+00 -7.435820579528808594e+00 -1.446635913848876953e+01 -2.166249847412109375e+01 -2.574149894714355469e+01 -1.132263469696044922e+01
deng3 -6.222515583038330078e+00 -1.374046516418457031e+01 -2.127643823623657227e+00 -1.184551334381103516e+01 -3.107182121276855469e+01 -3.115677452087402344e+01 -3.314558410644531250e+01 -2.738513183593750000e+01 -3.941657257080078125e+01 -2.063338279724121094e+01
jun1 -1.249740600585937500e+01 -1.709399986267089844e+01 1.403213500976562500e+00 2.666344165802001953e+00 -1.415471935272216797e+01 3.800382137298583984e+00 1.307116508483886719e+01 1.946351623535156250e+01 2.457517814636230469e+01 4.187656021118164062e+01
you3 4.682415771484375000e+01 3.678438949584960938e+01 4.051319503784179688e+01 2.862895011901855469e+01 -7.339144349098205566e-01 -1.292975425720214844e+01 -1.781962013244628906e+01 -2.285932350158691406e+01 -3.701488494873046875e+01 -2.588920211791992188e+01
she4 -8.714868545532226562e+00 -1.264281272888183594e+01 -5.150279045104980469e+00 1.183245539665222168e+00 -5.714386463165283203e+00 3.400949954986572266e+00 6.498083114624023438e+00 6.504491329193115234e+00 -1.682770729064941406e+01 -1.395223903656005859e+01
lie4 1.499593734741210938e+01 3.818384408950805664e+00 3.116262626647949219e+01 3.118064308166503906e+01 1.517024230957031250e+01 1.676012229919433594e+01 3.046983957290649414e+00 -9.829731941223144531e+00 -2.337945938110351562e+01 -1.465832805633544922e+01
