zhan4 5.513333892822265625e+01 4.824053955078125000e+01 6.154310607910156250e+01 6.111206054687500000e+01 5.322687530517578125e+01 5.726116943359375000e+01 4.752887344360351562e+01 3.747194671630859375e+01 1.272185039520263672e+01 1.426531314849853516e+01
sheng4 1.316890048980712891e+01 6.040297985076904297e+00 1.139847183227539062e+01 1.558070659637451172e+00 -7.814299106597900391e+00 -4.479525089263916016e+00 -7.901512622833251953e+00 -1.047607803344726562e+01 -2.857362937927246094e+01 -2.268264389038085938e+01
le5 -2.318821144104003906e+01 -2.870234680175781250e+01 -1.946226501464843750e+01 -3.254522323608398438e+01 -4.879971694946289062e+01 -4.365997695922851562e+01 -3.282125091552734375e+01 -3.275235366821289062e+01 -3.597885131835937500e+01 -1.695815658569335938e+01
xin1 -1.278596973419189453e+01 -1.778529739379882812e+01 4.359833717346191406e+00 5.439249038696289062e+00 -7.276594161987304688e+00 9.091574668884277344e+00 1.875093460083007812e+01 2.456604003906250000e+01 2.569385528564453125e+01 4.081851577758789062e+01
jia1 3.485437011718750000e+01 2.757440567016601562e+01 3.981116867065429688e+01 2.567974472045898438e+01 9.067672491073608398e-01 3.669251441955566406e+00 1.456141948699951172e+01 1.447632217407226562e+01 2.056528091430664062e+01 3.224664688110351562e+01
po1 4.332670974731445312e+01 3.380619049072265625e+01 4.783148193359375000e+01 3.560021209716796875e+01 1.254828453063964844e+01 1.801932525634765625e+01 2.356284523010253906e+01 2.648482513427734375e+01 2.885522079467773438e+01 4.126591491699218750e+01
zhu4 5.517101287841796875e+01 4.952778244018554688e+01 6.863937377929687500e+01 6.465473175048828125e+01 5.082370758056640625e+01 5.596991348266601562e+01 5.674841308593750000e+01 4.398707199096679688e+01 2.023878479003906250e+01 1.765860748291015625e+01
ming2 -3.548882961273193359e+00 -1.772843551635742188e+01 -9.249525666236877441e-01 -1.538400268554687500e+01 -3.749142074584960938e+01 -3.035019874572753906e+01 -3.239374923706054688e+01 -1.689227676391601562e+01 -1.554068183898925781e+01 1.102577590942382812e+01
xuan2 9.241847991943359375e+00 4.513017654418945312e+00 1.895231246948242188e+01 2.648818969726562500e+00 -2.560110092163085938e+01 -3.215041732788085938e+01 -3.792961120605468750e+01 -3.629679870605468750e+01 -3.785431671142578125e+01 -1.836268615722656250e+01
shou2 -1.225468254089355469e+01 -2.111008071899414062e+01 -5.713469028472900391e+00 -1.626100349426269531e+01 -3.720639419555664062e+01 -4.305985260009765625e+01 -3.677515792846679688e+01 -2.606527900695800781e+01 -1.733379173278808594e+01 5.187254428863525391e+00
jing3 -3.623529911041259766e+00 -9.352228164672851562e+00 3.050023794174194336e+00 -8.077754974365234375e-01 -1.575814533233642578e+01 -1.461334419250488281e+01 -1.599753856658935547e+01 -2.020380783081054688e+01 -3.988051605224609375e+01 -2.442391586303710938e+01
jun4 2.438261032104492188e+00 -1.063133001327514648e+00 2.499441337585449219e+01 2.009674263000488281e+01 1.359263610839843750e+01 1.653209495544433594e+01 2.762731742858886719e+01 1.233893680572509766e+01 -1.210995483398437500e+01 -1.479893684387207031e+01
hong2 -4.174149513244628906e+00 -1.573208808898925781e+01 8.677133560180664062e+00 -2.108552932739257812e+00 -1.388548755645751953e+01 -1.316241383552551270e+00 7.531307339668273926e-01 1.627070808410644531e+01 2.090908241271972656e+01 3.182969474792480469e+01
