xue3 1.196635246276855469e+01 6.037997722625732422e+00 1.695281982421875000e+01 1.219747543334960938e+01 -1.041005492210388184e+00 9.517504692077636719e+00 4.551765918731689453e+00 -8.389230728149414062e+00 -1.897460937500000000e+01 -1.282885169982910156e+01
ren2 -3.371363067626953125e+01 -3.964116668701171875e+01 -2.358122253417968750e+01 -2.411595535278320312e+01 -3.225219345092773438e+01 -3.570601272583007812e+01 -2.372296333312988281e+01 -8.630805969238281250e+00 -3.097013473510742188e+00 1.777891731262207031e+01
xiao2 2.954971504211425781e+01 2.907724189758300781e+01 3.820367050170898438e+01 2.217055892944335938e+01 -8.707338571548461914e-01 -1.851645278930664062e+01 -2.140532302856445312e+01 -2.870957756042480469e+01 -2.411380767822265625e+01 -3.796703577041625977e+00
chou3 -1.371043300628662109e+01 -2.031281280517578125e+01 -3.288232803344726562e+00 -1.534912014007568359e+01 -2.972000885009765625e+01 -3.667746734619140625e+01 -3.215229415893554688e+01 -3.533514785766601562e+01 -4.217718505859375000e+01 -1.489403152465820312e+01
xi1 4.641410827636718750e+01 3.303825759887695312e+01 4.277871322631835938e+01 3.071978569030761719e+01 5.969813346862792969e+00 1.215558528900146484e+01 2.236320686340332031e+01 2.057719039916992188e+01 2.166993141174316406e+01 3.479442596435546875e+01
yin3 4.391634750366210938e+01 3.636380767822265625e+01 4.775115585327148438e+01 2.997730064392089844e+01 7.069378852844238281e+00 -4.077517390251159668e-01 -6.304784774780273438e+00 -1.054151439666748047e+01 -2.879145622253417969e+01 -2.244718170166015625e+01
zhe5 -2.676141166687011719e+01 -3.373553466796875000e+01 -2.236844825744628906e+01 -3.328635025024414062e+01 -4.708535766601562500e+01 -4.325978469848632812e+01 -3.829529571533203125e+01 -3.945220184326171875e+01 -3.596620178222656250e+01 -1.826543235778808594e+01
guo4 1.393527984619140625e-01 4.397928237915039062e+00 2.406413459777832031e+01 3.629834365844726562e+01 4.244332504272460938e+01 5.085074234008789062e+01 6.352282714843750000e+01 5.406405639648437500e+01 3.478816604614257812e+01 2.640403366088867188e+01
wang3 -8.099843025207519531e+00 -1.897316741943359375e+01 -9.948005676269531250e+00 -1.330606079101562500e+01 -3.559717559814453125e+01 -3.367913055419921875e+01 -3.118472862243652344e+01 -3.130140876770019531e+01 -3.600796127319335938e+01 -1.900783348083496094e+01
xing2 -3.914511489868164062e+01 -3.910704421997070312e+01 -1.390310668945312500e+01 -2.390751457214355469e+01 -3.180182075500488281e+01 -3.180841255187988281e+01 -2.455190277099609375e+01 -1.855338668823242188e+01 -1.243194007873535156e+01 1.153912258148193359e+01
ren2 -7.376574039459228516e+00 -1.538681030273437500e+01 -6.650152683258056641e+00 -1.726548576354980469e+01 -4.343692016601562500e+01 -4.830986404418945312e+01 -4.779686737060546875e+01 -4.412477874755859375e+01 -4.604916381835937500e+01 -2.652427864074707031e+01
te4 4.480593204498291016e+00 8.394827842712402344e+00 3.433349227905273438e+01 4.031560516357421875e+01 4.287539291381835938e+01 6.894196319580078125e+01 7.706215667724609375e+01 7.607672119140625000e+01 5.272171783447265625e+01 4.398594665527343750e+01
bie2 1.480467033386230469e+01 7.928698539733886719e+00 1.048170280456542969e+01 -6.755087852478027344e+00 -3.862306213378906250e+01 -3.898882293701171875e+01 -4.068326187133789062e+01 -3.994174575805664062e+01 -4.374587249755859375e+01 -1.907515525817871094e+01
shi4 -1.855011558532714844e+01 -1.488470172882080078e+01 -4.587323665618896484e+00 -1.241028881072998047e+01 -1.770223808288574219e+01 -2.078698921203613281e+01 -1.649421310424804688e+01 -1.328365135192871094e+01 -3.530278015136718750e+01 -2.422051429748535156e+01
hai2 -3.217872619628906250e+01 -3.684353637695312500e+01 -2.293966674804687500e+01 -3.792223739624023438e+01 -5.335074996948242188e+01 -5.486970901489257812e+01 -4.711441802978515625e+01 -4.844355773925781250e+01 -4.886185455322265625e+01 -2.679396247863769531e+01
zi5 6.099011898040771484e+00 4.465586662292480469e+00 2.982353973388671875e+01 2.890520286560058594e+01 2.126464653015136719e+01 1.980283164978027344e+01 2.579422760009765625e+01 2.199941062927246094e+01 -3.354787588119506836e+00 -4.242156505584716797e+00
men5 -4.204822540283203125e+00 -1.618828582763671875e+01 8.891340255737304688e+00 5.633389949798583984e+00 -8.425888061523437500e+00 -1.918466687202453613e+00 1.225241422653198242e+00 2.355941772460937500e+00 -3.137989997863769531e+00 8.929634094238281250e+00
