shao4 6.090592575073242188e+01 5.304713439941406250e+01 7.110357666015625000e+01 6.383017349243164062e+01 5.062649154663085938e+01 5.415514373779296875e+01 5.597737884521484375e+01 5.338864135742187500e+01 2.456101417541503906e+01 2.719262313842773438e+01
wei3 5.738343238830566406e+00 2.457128524780273438e+00 1.219281291961669922e+01 1.252584457397460938e+01 -3.762609481811523438e+00 4.214231967926025391e+00 7.164272308349609375e+00 1.871243000030517578e+00 -1.630824851989746094e+01 -5.469196796417236328e+00
gang1 3.054301977157592773e+00 1.925401091575622559e+00 2.447762489318847656e+01 2.292827033996582031e+01 3.235992670059204102e+00 7.669079303741455078e+00 2.363177108764648438e+01 1.987133407592773438e+01 1.820235252380371094e+01 2.004912376403808594e+01
fu4 3.199478721618652344e+01 3.637633895874023438e+01 5.120721435546875000e+01 5.608293151855468750e+01 5.042216491699218750e+01 6.164011001586914062e+01 6.552746582031250000e+01 5.209852600097656250e+01 2.862062263488769531e+01 3.004955101013183594e+01
yu2 -3.921586275100708008e+00 -1.517982292175292969e+01 -9.138961791992187500e+00 -2.265779876708984375e+01 -4.461222839355468750e+01 -5.468638610839843750e+01 -4.879827117919921875e+01 -4.017045974731445312e+01 -4.453847122192382812e+01 -2.395758438110351562e+01
han2 -3.091454124450683594e+01 -3.065561294555664062e+01 -1.129054927825927734e+01 -1.101566410064697266e+01 -2.286429786682128906e+01 -2.469045448303222656e+01 -1.312626552581787109e+01 4.841422557830810547e+00 1.573596763610839844e+01 4.687087631225585938e+01
guo2 5.198601531982421875e+01 4.131860351562500000e+01 5.237936401367187500e+01 2.812442588806152344e+01 -2.319699525833129883e+00 -1.485332965850830078e+01 -1.509597969055175781e+01 -1.639036178588867188e+01 -1.376893615722656250e+01 2.635521888732910156e+00
shao4 4.067940902709960938e+01 4.358103942871093750e+01 6.101245117187500000e+01 6.658742523193359375e+01 5.891778564453125000e+01 5.973781585693359375e+01 5.848926162719726562e+01 4.282864761352539062e+01 1.253258800506591797e+01 1.480462646484375000e+01
nian2 -1.243053245544433594e+01 -2.152742767333984375e+01 -9.883912086486816406e+00 -2.117780876159667969e+01 -4.329738235473632812e+01 -4.216377258300781250e+01 -3.451708602905273438e+01 -3.139846229553222656e+01 -3.170784187316894531e+01 -1.428875923156738281e+01
cui1 -3.830324172973632812e+00 -4.906708717346191406e+00 1.766844940185546875e+01 1.938299751281738281e+01 8.729453086853027344e+00 2.054708671569824219e+01 3.798030090332031250e+01 4.020410156250000000e+01 4.770806503295898438e+01 6.430754852294921875e+01
zhe2 6.218423461914062500e+01 5.066777038574218750e+01 5.631010818481445312e+01 3.730530548095703125e+01 2.717586755752563477e+00 -8.543671607971191406e+00 -1.504630851745605469e+01 -2.115153884887695312e+01 -3.263916397094726562e+01 -1.413584423065185547e+01
han4 2.638272285461425781e+01 1.869353103637695312e+01 3.153447723388671875e+01 3.484247589111328125e+01 1.099274349212646484e+01 1.765408277511596680e+00 -9.717887878417968750e+00 -2.412891960144042969e+01 -3.141140937805175781e+01 -2.305088615417480469e+01
