wan2 -1.245223712921142578e+01 -1.334079170227050781e+01 3.801074504852294922e+00 -5.085433006286621094e+00 -2.212763786315917969e+01 -7.218525409698486328e+00 1.149352550506591797e+00 6.023605823516845703e+00 7.395710468292236328e+00 2.593283843994140625e+01
shan4 5.365683364868164062e+01 5.194431304931640625e+01 6.645674896240234375e+01 6.262513732910156250e+01 5.453516387939453125e+01 5.798149871826171875e+01 5.272280502319335938e+01 4.043757629394531250e+01 1.043304252624511719e+01 9.422026634216308594e+00
guo2 -1.196900844573974609e+01 -2.386743164062500000e+01 -9.540080070495605469e+00 -1.548784446716308594e+01 -3.579653549194335938e+01 -3.070338058471679688e+01 -2.392350959777832031e+01 -2.379093933105468750e+01 -1.837758255004882812e+01 -4.520382881164550781e+00
jia1 2.344947433471679688e+01 1.592513275146484375e+01 2.963514518737792969e+01 2.630529403686523438e+01 2.847256183624267578e+00 1.095095443725585938e+01 1.550920104980468750e+01 1.916943168640136719e+01 1.559101963043212891e+01 3.127808952331542969e+01
zhu4 5.188536071777343750e+01 4.897956085205078125e+01 5.532997131347656250e+01 4.699116134643554688e+01 2.594511222839355469e+01 1.727376365661621094e+01 1.172376155853271484e+01 3.567981481552124023e+00 -1.577707290649414062e+01 -1.307257556915283203e+01
xue2 -1.532892036437988281e+01 -2.085924911499023438e+01 -9.388708114624023438e+00 -1.850263977050781250e+01 -4.185156631469726562e+01 -4.070361709594726562e+01 -3.615616989135742188e+01 -3.110642051696777344e+01 -3.255849838256835938e+01 -1.157000637054443359e+01
dai4 2.546829795837402344e+01 2.876679039001464844e+01 4.525215148925781250e+01 5.335129928588867188e+01 4.391259765625000000e+01 4.651052474975585938e+01 4.173437881469726562e+01 2.873635864257812500e+01 2.530317306518554688e+00 2.463407516479492188e+00
kuan2 -1.594114017486572266e+01 -2.440321731567382812e+01 -4.575657844543457031e+00 -2.204512214660644531e+01 -3.964162445068359375e+01 -4.315924835205078125e+01 -3.877822875976562500e+01 -2.951449775695800781e+01 -2.386936569213867188e+01 -4.067307949066162109e+00
you3 4.408484935760498047e+00 -2.788711071014404297e+00 1.540204620361328125e+01 1.452050304412841797e+01 -1.074531674385070801e+00 -2.669860839843750000e+00 -1.916548967361450195e+00 -1.024751281738281250e+01 -2.552857208251953125e+01 -1.115681362152099609e+01
guan1 1.144660949707031250e+01 7.837638854980468750e+00 2.292883872985839844e+01 1.948238754272460938e+01 4.555654525756835938e+00 1.183493518829345703e+01 2.432555007934570312e+01 2.792298316955566406e+01 3.097087478637695312e+01 4.440531158447265625e+01
cuo4 5.390970611572265625e+01 4.657073974609375000e+01 5.709272003173828125e+01 4.964878845214843750e+01 2.391914367675781250e+01 1.517498493194580078e+01 1.287390041351318359e+01 4.842208862304687500e+00 -1.191403579711914062e+01 -5.996820926666259766e+00
shi1 -1.238373184204101562e+01 -1.677538490295410156e+01 -3.734154939651489258e+00 -1.151835441589355469e+01 -2.739313888549804688e+01 -2.102785873413085938e+01 -1.505813312530517578e+01 -9.169842720031738281e+00 -9.399337768554687500e+00 4.633329868316650391e+00
he2 2.351114273071289062e+01 1.253822708129882812e+01 1.907944297790527344e+01 -6.151261329650878906e-01 -2.981123352050781250e+01 -3.562467956542968750e+01 -2.967934989929199219e+01 -2.526210594177246094e+01 -2.833244323730468750e+01 -1.072355842590332031e+01
tie1 -1.358642959594726562e+01 -1.667865943908691406e+01 9.563506245613098145e-01 -4.276406288146972656e+00 -1.308593654632568359e+01 -1.639806628227233887e+00 8.948448181152343750e+00 1.765920066833496094e+01 2.126522064208984375e+01 3.190780830383300781e+01
xi1 1.986794471740722656e+01 1.542061710357666016e+01 2.618946838378906250e+01 1.409098815917968750e+01 2.128613233566284180e+00 6.008950710296630859e+00 1.580461502075195312e+01 2.442219543457031250e+01 3.142925453186035156e+01 4.614903259277343750e+01
ban4 5.460236740112304688e+01 5.221761703491210938e+01 6.992699432373046875e+01 6.512794494628906250e+01 5.020302200317382812e+01 4.986724853515625000e+01 5.238704681396484375e+01 3.893949890136718750e+01 1.231283950805664062e+01 1.110579967498779297e+01
fa3 -4.393647670745849609e+00 -1.242635917663574219e+01 1.432056713104248047e+01 6.700703620910644531e+00 -8.520065307617187500e+00 2.375840663909912109e+00 2.645026683807373047e+00 4.876214981079101562e+00 7.127947807312011719e-01 1.263398456573486328e+01
