jing1 1.400229930877685547e+01 9.556678771972656250e+00 2.698301887512207031e+01 1.725391387939453125e+01 2.903282344341278076e-01 9.354225158691406250e+00 1.520419502258300781e+01 1.881893920898437500e+01 1.610448265075683594e+01 3.240330886840820312e+01
zhu1 4.371300125122070312e+01 3.578404998779296875e+01 4.766353225708007812e+01 3.864961624145507812e+01 1.486754417419433594e+01 2.801404571533203125e+01 2.981022262573242188e+01 3.204467773437500000e+01 2.965251922607421875e+01 4.541559600830078125e+01
guo2 5.238077926635742188e+01 2.781530761718750000e+01 3.577901458740234375e+01 1.345426273345947266e+01 -2.020567512512207031e+01 -2.756151390075683594e+01 -2.542217445373535156e+01 -2.382702064514160156e+01 -2.378941154479980469e+01 -8.411243438720703125e+00
dao4 3.243654632568359375e+01 2.571663284301757812e+01 4.185673522949218750e+01 3.685146331787109375e+01 1.380322647094726562e+01 5.140183925628662109e+00 2.760014533996582031e+00 -4.247275352478027344e+00 -2.597361946105957031e+01 -6.154326915740966797e+00
zhu3 -1.970380783081054688e+01 -2.768444442749023438e+01 -1.508379364013671875e+01 -1.428561973571777344e+01 -3.440199279785156250e+01 -3.216505432128906250e+01 -2.167617797851562500e+01 -2.354464912414550781e+01 -2.345193099975585938e+01 -1.229687213897705078e+01
gan4 2.847508621215820312e+01 2.617266464233398438e+01 4.951086807250976562e+01 5.788243484497070312e+01 5.380184936523437500e+01 6.296419143676757812e+01 6.597109222412109375e+01 5.201527786254882812e+01 2.702655220031738281e+01 2.037911796569824219e+01
xian4 1.004065322875976562e+01 -1.860540628433227539e+00 7.046104431152343750e+00 -1.032811164855957031e+01 -3.183273315429687500e+01 -4.106700515747070312e+01 -4.098913192749023438e+01 -3.647796249389648438e+01 -4.337774658203125000e+01 -1.998234367370605469e+01
lei3 -2.156669998168945312e+01 -2.436926269531250000e+01 -5.097259044647216797e+00 -6.138657927513122559e-01 -1.392188644409179688e+01 -4.002594470977783203e+00 8.494097590446472168e-01 9.003700017929077148e-01 -1.837586021423339844e+01 -1.102930641174316406e+01
yang2 -1.103509998321533203e+01 -1.766395187377929688e+01 -5.376668930053710938e+00 -1.681510162353515625e+01 -3.689442062377929688e+01 -4.593872833251953125e+01 -4.772782516479492188e+01 -4.212184906005859375e+01 -4.741087722778320312e+01 -3.135868453979492188e+01
zhi4 2.411690354347229004e-01 -8.679689764976501465e-01 1.423497676849365234e+01 -2.132357835769653320e+00 -2.008909797668457031e+01 -2.578812217712402344e+01 -2.397005844116210938e+01 -1.550603199005126953e+01 -2.704212379455566406e+01 -1.724606513977050781e+01
yi2 -1.629820442199707031e+01 -2.723716545104980469e+01 -7.296685218811035156e+00 -1.425291824340820312e+01 -2.941498565673828125e+01 -2.649855995178222656e+01 -1.628132247924804688e+01 -1.197914314270019531e+01 -8.434247016906738281e+00 6.799715042114257812e+00
zhang1 3.071295356750488281e+01 2.512738037109375000e+01 4.129387283325195312e+01 3.840956497192382812e+01 2.052965354919433594e+01 2.637399101257324219e+01 3.059778404235839844e+01 3.325517654418945312e+01 3.464918899536132812e+01 4.500645828247070312e+01
gao1 4.848801422119140625e+01 3.948347854614257812e+01 5.337086486816406250e+01 4.433721923828125000e+01 2.532185363769531250e+01 3.015583610534667969e+01 3.525804519653320312e+01 3.995522308349609375e+01 4.112482452392578125e+01 5.101385498046875000e+01
su4 4.786783218383789062e+01 3.938119888305664062e+01 4.424733734130859375e+01 3.158112907409667969e+01 3.088444471359252930e+00 -7.427041053771972656e+00 -4.306689739227294922e+00 -1.116261386871337891e+01 -2.259900093078613281e+01 -9.274212837219238281e+00
gong1 -1.360421657562255859e+00 -7.881870269775390625e+00 1.196389865875244141e+01 1.161928749084472656e+01 9.355484247207641602e-01 1.448876953125000000e+01 2.551799392700195312e+01 3.025919532775878906e+01 3.977457809448242188e+01 5.311019897460937500e+01
lu4 5.956689071655273438e+01 4.849327850341796875e+01 5.500133132934570312e+01 3.869108963012695312e+01 6.790562152862548828e+00 -2.301104068756103516e+00 -8.610118865966796875e+00 -1.540590667724609375e+01 -2.924155235290527344e+01 -1.435942935943603516e+01
jun4 5.024774551391601562e+00 2.218683242797851562e+00 2.386997604370117188e+01 2.941638183593750000e+01 2.895297622680664062e+01 4.412717056274414062e+01 4.844371414184570312e+01 5.057186508178710938e+01 3.076064300537109375e+01 3.061230659484863281e+01
gong1 6.573357105255126953e+00 4.355154037475585938e+00 1.590318298339843750e+01 1.891632795333862305e+00 -1.268169784545898438e+01 -1.659280395507812500e+01 -7.647840976715087891e+00 -7.640410423278808594e+00 -6.079433917999267578e+00 6.580446720123291016e+00
tong1 -1.425218391418457031e+01 -9.626105308532714844e+00 5.476127147674560547e+00 6.060186028480529785e-02 -7.076051235198974609e+00 3.465850830078125000e+00 1.398064136505126953e+01 2.631898689270019531e+01 3.003477096557617188e+01 3.445653915405273438e+01
che1 3.067813110351562500e+01 2.608705329895019531e+01 4.766059494018554688e+01 3.142509841918945312e+01 1.475027942657470703e+01 2.340455436706542969e+01 2.728148269653320312e+01 4.123571395874023438e+01 4.571836471557617188e+01 5.255683135986328125e+01
