shen2 1.484944915771484375e+01 1.733705520629882812e+01 2.747181129455566406e+01 1.247273635864257812e+01 -4.580494880676269531e+00 -6.070348262786865234e+00 -1.128371477127075195e+00 -1.186949443817138672e+01 -1.867530632019042969e+01 -6.769834041595458984e+00
me5 -1.760001778602600098e-01 -1.387368202209472656e+01 -5.024068832397460938e+00 -2.600235939025878906e+00 -2.420487022399902344e+01 -1.559290409088134766e+01 -3.539148569107055664e+00 8.733474731445312500e+00 3.081385850906372070e+00 1.934995079040527344e+01
xing4 2.837540817260742188e+01 2.523914146423339844e+01 4.742028045654296875e+01 5.355627822875976562e+01 5.306375122070312500e+01 6.920259857177734375e+01 8.231757354736328125e+01 7.092083740234375000e+01 4.704283523559570312e+01 3.610378265380859375e+01
yun4 9.403541564941406250e+00 -3.061578035354614258e+00 2.563114404678344727e+00 -4.834041118621826172e+00 -1.486335945129394531e+01 -1.908154678344726562e+01 -1.155133152008056641e+01 -2.242248535156250000e+01 -3.811267089843750000e+01 -3.015003776550292969e+01
ya5 -2.598705863952636719e+01 -3.109336280822753906e+01 -1.927274322509765625e+01 -3.049076271057128906e+01 -4.126832580566406250e+01 -4.265349960327148438e+01 -3.256268692016601562e+01 -3.346092987060546875e+01 -3.355663299560546875e+01 -1.779132461547851562e+01
kai1 1.134901714324951172e+01 3.055314302444458008e+00 2.043663215637207031e+01 1.660015869140625000e+01 -3.361083984375000000e+00 1.017009449005126953e+01 2.521030426025390625e+01 2.536077308654785156e+01 2.909229469299316406e+01 3.960526657104492188e+01
xin1 2.533279418945312500e+01 2.084558296203613281e+01 3.478475952148437500e+01 2.234544944763183594e+01 4.813246428966522217e-01 3.993116617202758789e-01 1.061563873291015625e+01 1.253575325012207031e+01 1.221417903900146484e+01 2.451181411743164062e+01
ya5 2.654969024658203125e+01 1.646644592285156250e+01 2.615100479125976562e+01 7.550188541412353516e+00 -2.044780540466308594e+01 -2.025566291809082031e+01 -1.224750518798828125e+01 -9.512256622314453125e+00 -2.266728401184082031e+01 -2.543439269065856934e-01
chao1 5.067723083496093750e+01 4.035844039916992188e+01 5.794757461547851562e+01 4.818858337402343750e+01 3.523710632324218750e+01 4.410818862915039062e+01 5.243220138549804688e+01 5.545774459838867188e+01 5.345258712768554688e+01 5.927553939819335938e+01
ji2 6.806889343261718750e+01 5.539556884765625000e+01 6.244862747192382812e+01 4.123634338378906250e+01 6.333359718322753906e+00 -4.966758728027343750e+00 -9.267143249511718750e+00 -1.480683803558349609e+01 -2.634864997863769531e+01 -1.236600208282470703e+01
bao3 -1.629703712463378906e+01 -2.100747489929199219e+01 -5.084717750549316406e+00 -6.526899814605712891e+00 -2.313465690612792969e+01 -1.852311706542968750e+01 -1.752385711669921875e+01 -2.048933792114257812e+01 -3.754660797119140625e+01 -2.885127449035644531e+01
bao5 -2.313928604125976562e+01 -3.343664550781250000e+01 -2.179372215270996094e+01 -3.215013885498046875e+01 -5.088356781005859375e+01 -4.990622329711914062e+01 -4.707402801513671875e+01 -4.627890014648437500e+01 -4.932870101928710938e+01 -3.274341583251953125e+01
ya5 -1.375200366973876953e+01 -9.675476074218750000e+00 3.752937316894531250e+00 6.192744731903076172e+00 -9.717792272567749023e-01 1.387216567993164062e+01 2.272893524169921875e+01 2.626541328430175781e+01 1.203834533691406250e+01 2.168422317504882812e+01
zhi1 -3.701729297637939453e+00 -6.873515605926513672e+00 7.777282714843750000e+00 2.205820560455322266e+00 -1.439643478393554688e+01 -1.877047419548034668e+00 6.488221168518066406e+00 1.129919338226318359e+01 1.512224578857421875e+01 3.046696853637695312e+01
lei4 4.113804626464843750e+01 3.559407806396484375e+01 5.000732040405273438e+01 4.563296127319335938e+01 2.779394149780273438e+01 2.448337173461914062e+01 1.524465370178222656e+01 6.461260318756103516e+00 -2.023702049255371094e+01 -1.676034736633300781e+01
de5 -1.718296623229980469e+01 -2.289780998229980469e+01 -2.647346735000610352e+00 -1.428996086120605469e+00 -1.288382911682128906e+01 -1.623885989189147949e+00 3.450653791427612305e+00 8.111245632171630859e-01 -2.308967351913452148e+00 3.889504194259643555e+00
