shi3 1.817416191101074219e+01 1.540469074249267578e+01 2.819472503662109375e+01 2.543527412414550781e+01 1.457115459442138672e+01 2.080254173278808594e+01 1.716048240661621094e+01 6.751638889312744141e+00 -9.498585700988769531e+00 -8.320837974548339844e+00
qi2 -2.178018379211425781e+01 -2.575678825378417969e+01 -9.858388900756835938e+00 -2.613280487060546875e+01 -3.873311996459960938e+01 -4.394101715087890625e+01 -3.943088912963867188e+01 -3.736520385742187500e+01 -3.961890029907226562e+01 -2.077404403686523438e+01
an4 -1.857494592666625977e+00 -6.304604411125183105e-01 1.289218139648437500e+01 5.211861610412597656e+00 -1.084131431579589844e+01 -1.655644607543945312e+01 -1.399016666412353516e+01 -8.078707695007324219e+00 -1.707611846923828125e+01 -6.397326946258544922e+00
zhao4 1.462820720672607422e+01 1.538269615173339844e+01 3.058437156677246094e+01 2.950198173522949219e+01 2.089875984191894531e+01 3.182292175292968750e+01 3.514480590820312500e+01 4.037910842895507812e+01 2.993994140625000000e+01 2.477823066711425781e+01
shi4 1.515011692047119141e+01 1.732938957214355469e+01 3.215386199951171875e+01 4.008687210083007812e+01 3.619464874267578125e+01 5.713042068481445312e+01 6.791944885253906250e+01 6.432093048095703125e+01 4.653914260864257812e+01 4.884336471557617188e+01
chang3 -6.717922687530517578e-01 -1.153157615661621094e+01 3.541083574295043945e+00 -2.717360019683837891e+00 -2.122545433044433594e+01 -1.926312828063964844e+01 -1.583485889434814453e+01 -1.951352310180664062e+01 -3.187365531921386719e+01 -1.502695751190185547e+01
jing1 -9.592112541198730469e+00 -1.454908466339111328e+01 1.644986152648925781e+00 -1.892382979393005371e+00 -1.846185302734375000e+01 -7.942671775817871094e+00 -7.390177845954895020e-01 3.225357770919799805e+00 5.601491451263427734e+00 2.278134918212890625e+01
ji4 1.936850166320800781e+01 1.297904205322265625e+01 1.904043388366699219e+01 1.059686183929443359e+00 -2.684589195251464844e+01 -3.242514419555664062e+01 -3.087947273254394531e+01 -2.869013786315917969e+01 -4.009953689575195312e+01 -2.125324249267578125e+01
gui1 -2.573542356491088867e+00 -6.176103115081787109e+00 1.393121719360351562e+01 1.200409984588623047e+01 6.714210510253906250e-01 1.491712093353271484e+01 2.984469223022460938e+01 3.494556808471679688e+01 4.052503204345703125e+01 5.585440063476562500e+01
lv4 5.843889999389648438e+01 5.261503601074218750e+01 5.972433471679687500e+01 4.489489364624023438e+01 1.722417640686035156e+01 5.375034809112548828e+00 -1.426988244056701660e-01 -8.181303024291992188e+00 -2.762659835815429688e+01 -1.843270492553710938e+01
tong3 -2.581591415405273438e+01 -3.307896804809570312e+01 -1.368959426879882812e+01 -1.540236091613769531e+01 -3.095207786560058594e+01 -2.661643791198730469e+01 -2.283855438232421875e+01 -1.925286102294921875e+01 -3.690247726440429688e+01 -2.431348991394042969e+01
chou2 -3.292871475219726562e+01 -3.457194900512695312e+01 -2.122975349426269531e+01 -2.888314819335937500e+01 -4.385372161865234375e+01 -4.813273620605468750e+01 -4.256762695312500000e+01 -4.355140686035156250e+01 -5.021959686279296875e+01 -2.835223960876464844e+01
jiu4 -1.140645217895507812e+01 -1.559227466583251953e+01 -8.648143410682678223e-01 -5.688804626464843750e+00 -6.052031040191650391e+00 -5.909976959228515625e+00 -2.670939564704895020e-01 2.177618265151977539e+00 -1.820587921142578125e+01 -1.386783695220947266e+01
ye4 1.136046886444091797e+01 2.339933156967163086e+00 1.908152198791503906e+01 2.024796485900878906e+01 8.364620208740234375e-01 2.278728485107421875e+00 -9.358697891235351562e+00 -2.171214866638183594e+01 -2.925345993041992188e+01 -1.720825576782226562e+01
