huo3 1.385485267639160156e+01 1.119974899291992188e+01 2.490701103210449219e+01 2.121308326721191406e+01 1.706584692001342773e+00 8.272765159606933594e+00 5.868506908416748047e+00 -5.022006511688232422e+00 -2.064011192321777344e+01 -7.789451599121093750e+00
ban4 2.623134422302246094e+01 2.329095077514648438e+01 4.423300170898437500e+01 4.199187850952148438e+01 3.802065658569335938e+01 5.313108825683593750e+01 5.575787734985351562e+01 4.615707397460937500e+01 2.222778129577636719e+01 1.869690704345703125e+01
men5 -3.682095766067504883e+00 -1.959415435791015625e+01 -1.167315864562988281e+01 -2.328323173522949219e+01 -4.180449676513671875e+01 -3.617072677612304688e+01 -3.357847213745117188e+01 -3.336970901489257812e+01 -4.562819671630859375e+01 -3.171615219116210938e+01
yan2 -1.237759876251220703e+01 -2.271352958679199219e+01 -7.407278060913085938e+00 -1.543495941162109375e+01 -3.897422790527343750e+01 -3.741014480590820312e+01 -2.093023872375488281e+01 -2.024076080322265625e+01 -2.587172126770019531e+01 -1.131037712097167969e+01
zhe5 2.115926551818847656e+01 1.555250453948974609e+01 3.643818283081054688e+01 3.898555374145507812e+01 2.881344032287597656e+01 3.938791275024414062e+01 4.726801681518554688e+01 4.539413452148437500e+01 3.150486183166503906e+01 2.859403610229492188e+01
na4 2.874098777770996094e+01 2.261379241943359375e+01 3.765981292724609375e+01 4.538469696044921875e+01 3.873352050781250000e+01 4.644011306762695312e+01 5.711970901489257812e+01 4.633937835693359375e+01 2.325020408630371094e+01 1.891324806213378906e+01
tiao2 -6.565294265747070312e+00 -1.836281776428222656e+01 -4.454496383666992188e+00 -1.711016082763671875e+01 -4.218005752563476562e+01 -3.783257293701171875e+01 -2.779747962951660156e+01 -2.708067893981933594e+01 -2.693415069580078125e+01 -9.847595214843750000e+00
qu1 5.649833679199218750e+00 -5.488277077674865723e-01 2.121883201599121094e+01 1.512611389160156250e+01 1.376381993293762207e+00 1.422556591033935547e+01 2.209387207031250000e+01 2.562714004516601562e+01 2.693903350830078125e+01 4.641128921508789062e+01
li3 5.086277770996093750e+01 4.032562255859375000e+01 4.825910568237304688e+01 3.685984420776367188e+01 3.292323827743530273e+00 -9.727422714233398438e+00 -1.022918224334716797e+01 -1.594649410247802734e+01 -3.620111083984375000e+01 -2.232449531555175781e+01
guai3 -2.028140449523925781e+01 -2.441780281066894531e+01 -1.057201480865478516e+01 -1.811318397521972656e+01 -3.549536895751953125e+01 -2.854079246520996094e+01 -2.416362762451171875e+01 -2.217625999450683594e+01 -3.313970947265625000e+01 -1.426781368255615234e+01
wan1 1.721728324890136719e+01 1.173559284210205078e+01 3.417300033569335938e+01 2.787306594848632812e+01 1.303658580780029297e+01 1.895436859130859375e+01 3.222046661376953125e+01 3.023278427124023438e+01 3.314646148681640625e+01 4.938649749755859375e+01
de5 6.061615753173828125e+01 4.996373748779296875e+01 6.456605529785156250e+01 5.264006042480468750e+01 2.722884750366210938e+01 3.071543693542480469e+01 2.465123367309570312e+01 2.275872611999511719e+01 2.001754999160766602e+00 1.100714397430419922e+01
xiao3 -9.775480270385742188e+00 -1.475681781768798828e+01 4.082209110260009766e+00 6.561226367950439453e+00 -5.941648006439208984e+00 -5.244184970855712891e+00 -7.992490291595458984e+00 -1.733309745788574219e+01 -3.707947921752929688e+01 -2.145924568176269531e+01
dao4 1.188853025436401367e+00 -8.690509796142578125e+00 1.369579124450683594e+01 7.264248371124267578e+00 -2.981208562850952148e+00 -4.679490566253662109e+00 -3.981809377670288086e+00 -1.950058174133300781e+01 -3.450563812255859375e+01 -2.269444274902343750e+01
pa2 -2.759349060058593750e+01 -3.292085647583007812e+01 -1.920920944213867188e+01 -2.937817573547363281e+01 -4.533025360107421875e+01 -4.401852798461914062e+01 -3.594766998291015625e+01 -3.744838333129882812e+01 -4.706480026245117188e+01 -2.404267311096191406e+01
shang4 -8.782551765441894531e+00 -3.393359780311584473e-01 1.183055305480957031e+01 1.980452728271484375e+01 1.618940734863281250e+01 1.914578819274902344e+01 2.434639358520507812e+01 1.366467761993408203e+01 -8.461924552917480469e+00 -2.972389936447143555e+00
le5 -2.246419143676757812e+01 -3.115093231201171875e+01 -2.249591445922851562e+01 -3.532201004028320312e+01 -5.391956329345703125e+01 -4.674899291992187500e+01 -4.394858932495117188e+01 -4.210098266601562500e+01 -4.669990539550781250e+01 -2.931080818176269531e+01
ya2 -2.484830665588378906e+01 -2.674173736572265625e+01 -4.158114433288574219e+00 -8.575183868408203125e+00 -1.357695484161376953e+01 -1.415364074707031250e+01 -1.230303096771240234e+01 -4.359065532684326172e+00 1.801826000213623047e+00 1.777917289733886719e+01
ding3 3.798550796508789062e+01 2.527542877197265625e+01 4.721549987792968750e+01 4.929196166992187500e+01 3.214940261840820312e+01 3.319654083251953125e+01 2.560989189147949219e+01 1.962128448486328125e+01 8.994894027709960938e+00 8.730156898498535156e+00
