guo2 -4.782084465026855469e+00 -1.024082565307617188e+01 6.934088230133056641e+00 -2.463477373123168945e+00 -1.776095962524414062e+01 -1.508985710144042969e+01 -1.254659366607666016e+01 -1.151166152954101562e+01 -7.576439857482910156e+00 5.366382598876953125e+00
jia1 1.604507637023925781e+01 9.234703063964843750e+00 2.533573913574218750e+01 1.404830551147460938e+01 -5.770265102386474609e+00 -2.820303440093994141e+00 1.935464143753051758e+00 4.290432453155517578e+00 1.405042052268981934e+00 1.877816772460937500e+01
zhu2 -2.053182840347290039e+00 -9.098759651184082031e+00 -2.064906358718872070e-01 -6.831594944000244141e+00 -2.587525177001953125e+01 -2.771247291564941406e+01 -2.604942703247070312e+01 -7.528132438659667969e+00 1.874622821807861328e+00 2.576612091064453125e+01
nian2 2.402520561218261719e+01 1.366830444335937500e+01 1.791040992736816406e+01 2.320468723773956299e-01 -2.665915870666503906e+01 -3.191501808166503906e+01 -2.862612915039062500e+01 -2.302002906799316406e+01 -2.740270614624023438e+01 -9.415705680847167969e+00
jia1 2.011004447937011719e+01 1.136324310302734375e+01 2.860974884033203125e+01 2.195456314086914062e+01 6.611529350280761719e+00 8.534415245056152344e+00 1.886607360839843750e+01 1.982684707641601562e+01 1.911989021301269531e+01 3.641213607788085938e+01
da4 5.297620010375976562e+01 4.579027938842773438e+01 6.365610885620117188e+01 6.259074020385742188e+01 4.221773529052734375e+01 4.841084289550781250e+01 4.422446823120117188e+01 3.345532608032226562e+01 6.674454212188720703e+00 8.420591354370117188e+00
dui4 4.732638835906982422e+00 -8.422697067260742188e+00 -1.304917097091674805e+00 -1.779079627990722656e+01 -3.662644577026367188e+01 -3.574455642700195312e+01 -2.672038459777832031e+01 -2.232483673095703125e+01 -2.921293640136718750e+01 -1.086913204193115234e+01
ke1 -1.017673206329345703e+01 -1.415419387817382812e+01 1.051022624969482422e+01 1.254032516479492188e+01 -8.970456123352050781e-01 1.534213256835937500e+01 2.399839019775390625e+01 3.039709091186523438e+01 3.088977241516113281e+01 5.058939361572265625e+01
ji4 5.081214141845703125e+01 4.575207519531250000e+01 5.277088928222656250e+01 3.011629104614257812e+01 5.661503076553344727e-01 -1.220256996154785156e+01 -1.977210235595703125e+01 -2.595080184936523438e+01 -4.215812683105468750e+01 -2.978066635131835938e+01
he2 -1.578446197509765625e+01 -1.912716674804687500e+01 -4.100035190582275391e+00 -1.150703716278076172e+01 -3.311370468139648438e+01 -3.599406051635742188e+01 -3.088764572143554688e+01 -2.522066688537597656e+01 -2.530969047546386719e+01 -9.378881454467773438e+00
jiao4 2.380290031433105469e+01 2.199615287780761719e+01 4.518120956420898438e+01 5.972267150878906250e+01 6.022349548339843750e+01 7.528525543212890625e+01 8.369142150878906250e+01 7.293547821044921875e+01 4.589309310913085938e+01 3.670315170288085938e+01
yu4 2.261721611022949219e+01 3.265743732452392578e+00 2.546195507049560547e+00 -8.582581520080566406e+00 -3.778725051879882812e+01 -3.667885589599609375e+01 -3.741341018676757812e+01 -3.993980407714843750e+01 -4.304627609252929688e+01 -2.441463088989257812e+01
shi4 -7.625486850738525391e+00 -1.141368770599365234e+01 6.141968250274658203e+00 1.352445125579833984e+01 1.701146697998046875e+01 4.064952087402343750e+01 5.531784057617187500e+01 5.141957092285156250e+01 2.821949005126953125e+01 2.702219581604003906e+01
ye4 3.751651525497436523e+00 -4.174941539764404297e+00 1.457112431526184082e+00 -9.084577560424804688e+00 -2.933572769165039062e+01 -2.861080741882324219e+01 -2.929963111877441406e+01 -3.526076507568359375e+01 -4.863420867919921875e+01 -3.826555633544921875e+01
de5 -2.863435173034667969e+01 -3.640825653076171875e+01 -2.425020408630371094e+01 -3.223262786865234375e+01 -4.518693542480468750e+01 -4.056884002685546875e+01 -2.920959472656250000e+01 -3.581324768066406250e+01 -3.496084213256835938e+01 -2.174587059020996094e+01
zhi1 1.759446620941162109e+00 2.007665872573852539e+00 2.572080230712890625e+01 2.054957389831542969e+01 7.202228546142578125e+00 1.671353149414062500e+01 3.182847213745117188e+01 3.652107238769531250e+01 3.798405838012695312e+01 3.191505050659179688e+01
chi2 -1.168795299530029297e+01 -1.309981441497802734e+01 1.421606540679931641e+00 -7.767070293426513672e+00 -3.052495384216308594e+01 -3.251931762695312500e+01 -3.411753082275390625e+01 -3.336797332763671875e+01 -3.605332565307617188e+01 -1.762590599060058594e+01
li4 1.532052230834960938e+01 9.888302803039550781e+00 2.656089973449707031e+01 2.391621971130371094e+01 1.116996383666992188e+01 4.371918678283691406e+00 -2.186327576637268066e-01 -6.928852558135986328e+00 -4.082386398315429688e+01 -2.440929794311523438e+01
du4 -7.824978351593017578e+00 -1.706234169006347656e+01 1.775106489658355713e-01 -1.314243078231811523e+00 -1.554706287384033203e+01 -1.152603912353515625e+01 -1.410271263122558594e+01 -1.711191749572753906e+01 -1.690609359741210938e+01 -4.279641151428222656e+00
