xue3 1.669740295410156250e+01 1.589696884155273438e+01 3.079484748840332031e+01 2.045264053344726562e+01 2.599360704421997070e+00 1.129115009307861328e+01 1.631976318359375000e+01 9.609517097473144531e+00 -6.811116695404052734e+00 -7.003489136695861816e-02
hua1 -9.250798225402832031e+00 -1.065145397186279297e+01 9.341443061828613281e+00 8.945189476013183594e+00 -7.093386650085449219e+00 7.928206920623779297e+00 1.549527549743652344e+01 2.186333847045898438e+01 2.553359794616699219e+01 4.090407943725585938e+01
ru2 3.966074371337890625e+01 2.495705032348632812e+01 2.931603431701660156e+01 4.996163845062255859e+00 -2.839909172058105469e+01 -3.381490325927734375e+01 -3.056984329223632812e+01 -2.671360969543457031e+01 -2.919274139404296875e+01 -8.625321388244628906e+00
xi4 1.661357498168945312e+01 9.771478652954101562e+00 2.998018455505371094e+01 3.030581665039062500e+01 2.828930664062500000e+01 4.814544677734375000e+01 6.057913589477539062e+01 5.567515563964843750e+01 3.315110778808593750e+01 3.396404266357421875e+01
sui4 4.218352890014648438e+01 2.764800834655761719e+01 4.216701889038085938e+01 2.467860412597656250e+01 2.169924545288085938e+01 2.779534530639648438e+01 3.230671310424804688e+01 3.567960739135742188e+01 9.734853744506835938e+00 6.564564704895019531e+00
de5 4.978682518005371094e+00 -1.483882904052734375e+01 -4.580027103424072266e+00 -2.549182510375976562e+01 -4.762024307250976562e+01 -4.299203491210937500e+01 -3.439389801025390625e+01 -3.069589233398437500e+01 -4.300221633911132812e+01 -2.485607528686523438e+01
yan2 -3.241936492919921875e+01 -3.442631530761718750e+01 -1.581216239929199219e+01 -2.775646972656250000e+01 -3.838265228271484375e+01 -3.762656021118164062e+01 -2.801272392272949219e+01 -2.544723892211914062e+01 -2.458099746704101562e+01 -8.609771728515625000e+00
ban1 -1.005379796028137207e+00 -2.195060729980468750e+00 2.205054283142089844e+01 1.063860988616943359e+01 -3.350123167037963867e+00 -4.501098394393920898e-01 1.487904548645019531e+01 2.502398109436035156e+01 2.775988197326660156e+01 3.070211982727050781e+01
cong2 -8.215420722961425781e+00 -7.705830574035644531e+00 -6.012532234191894531e+00 -1.308037662506103516e+01 -3.046272659301757812e+01 -3.477864837646484375e+01 -2.570864868164062500e+01 -2.074416923522949219e+01 -1.475366687774658203e+01 -4.943838417530059814e-01
tian1 -7.601201534271240234e-01 -1.182595634460449219e+01 1.223593902587890625e+01 8.729801177978515625e+00 -8.060677528381347656e+00 2.746853351593017578e+00 1.113617324829101562e+01 1.757311058044433594e+01 1.654195785522460938e+01 3.276117324829101562e+01
kong1 2.357293891906738281e+01 1.495172595977783203e+01 3.499558258056640625e+01 2.323315429687500000e+01 2.924240350723266602e+00 1.027625942230224609e+01 1.776582717895507812e+01 2.415722656250000000e+01 2.724852943420410156e+01 3.953605651855468750e+01
rou2 2.956793594360351562e+01 1.159868907928466797e+01 2.007770919799804688e+01 -1.428443074226379395e+00 -3.005297470092773438e+01 -3.453283691406250000e+01 -3.373270416259765625e+01 -1.807621002197265625e+01 -1.435569286346435547e+01 3.738235473632812500e+00
rou2 1.829836654663085938e+01 4.037837505340576172e+00 1.257094192504882812e+01 9.629144668579101562e+00 -6.533011913299560547e+00 -1.933879280090332031e+01 -1.293806934356689453e+01 -1.262298011779785156e+01 -1.468501281738281250e+01 2.311400175094604492e+00
de5 2.516518211364746094e+01 2.161660766601562500e+01 3.932336044311523438e+01 3.416666030883789062e+01 1.949145507812500000e+01 2.101257896423339844e+01 1.630733299255371094e+01 8.681221961975097656e+00 -1.535583019256591797e+01 -8.129237174987792969e+00
sa1 -1.689480018615722656e+01 -2.193180274963378906e+01 -5.191086292266845703e+00 -1.524896621704101562e+01 -2.912533569335937500e+01 -2.159313583374023438e+01 -1.681466102600097656e+01 -8.519318580627441406e+00 -7.309607028961181641e+00 7.956703662872314453e+00
luo4 4.481629943847656250e+01 3.428359222412109375e+01 5.362122726440429688e+01 4.084278106689453125e+01 1.687860870361328125e+01 1.353877925872802734e+01 9.735071182250976562e+00 5.647397518157958984e+00 -2.570131540298461914e+00 1.576808810234069824e+00
