zhi2 -3.153372764587402344e+00 7.341412901878356934e-01 1.338428306579589844e+01 8.925086975097656250e+00 -2.605672836303710938e+00 1.488951110839843750e+01 2.300707817077636719e+01 2.458756256103515625e+01 1.968975830078125000e+01 2.203822135925292969e+01
bai2 3.085381889343261719e+01 2.064465904235839844e+01 2.830882835388183594e+01 1.037816238403320312e+01 -1.475320148468017578e+01 -2.528791427612304688e+01 -1.642027854919433594e+01 -2.016336822509765625e+01 -2.723424720764160156e+01 -9.365139961242675781e+00
de5 8.270521759986877441e-01 -4.978624343872070312e+00 6.770829677581787109e+00 4.434685707092285156e+00 -1.296852493286132812e+01 -7.762950897216796875e+00 -2.972773790359497070e+00 2.069682836532592773e+00 -1.284165382385253906e+01 5.619397640228271484e+00
luo2 -2.086805152893066406e+01 -2.643788146972656250e+01 -4.999701023101806641e+00 -1.608771324157714844e+01 -3.436901473999023438e+01 -3.580084991455078125e+01 -3.045069503784179688e+01 -2.006550598144531250e+01 -4.448435783386230469e+00 2.524383354187011719e+01
xi3 3.010100364685058594e+01 3.072490882873535156e+01 4.397504043579101562e+01 3.929299926757812500e+01 2.611292076110839844e+01 1.694425582885742188e+01 1.683040237426757812e+01 5.167163372039794922e+00 -1.319828701019287109e+01 -5.273125171661376953e+00
he2 -1.198806476593017578e+01 -2.236441421508789062e+01 -5.211986541748046875e+00 -1.422051620483398438e+01 -3.467587280273437500e+01 -3.211934661865234375e+01 -2.582006072998046875e+01 -2.299340248107910156e+01 -1.879032516479492188e+01 1.200887441635131836e+00
ba1 1.487137317657470703e+01 1.449643898010253906e+01 3.351709747314453125e+01 2.959806632995605469e+01 1.395623683929443359e+01 1.959271430969238281e+01 2.817702293395996094e+01 3.363066864013671875e+01 3.205038070678710938e+01 4.736019515991210938e+01
duan4 3.136256027221679688e+01 2.063761520385742188e+01 2.382924270629882812e+01 -2.022558003664016724e-01 -3.255371856689453125e+01 -3.734931182861328125e+01 -3.533692932128906250e+01 -2.842049789428710938e+01 -3.600351715087890625e+01 -1.595863819122314453e+01
kai1 -1.259487628936767578e+01 -1.591826152801513672e+01 3.761028289794921875e+00 5.572603225708007812e+00 -6.063373088836669922e+00 1.095741653442382812e+01 2.271995925903320312e+01 2.966185951232910156e+01 3.360501098632812500e+01 4.879777908325195312e+01
ju2 4.717747879028320312e+01 3.395903396606445312e+01 3.285044097900390625e+01 9.014488220214843750e+00 -2.651117897033691406e+01 -3.350676727294921875e+01 -3.461641311645507812e+01 -2.959210968017578125e+01 -2.673177719116210938e+01 -7.417008399963378906e+00
zou3 -6.233841419219970703e+00 -9.390584945678710938e+00 8.111123085021972656e+00 3.256750822067260742e+00 -1.275519084930419922e+01 -1.770421981811523438e+01 -1.640716171264648438e+01 -2.095566749572753906e+01 -4.454082489013671875e+01 -3.257720565795898438e+01
de5 -3.176123046875000000e+01 -3.573030090332031250e+01 -2.197789955139160156e+01 -2.252178573608398438e+01 -4.232590866088867188e+01 -3.830168533325195312e+01 -3.565824127197265625e+01 -3.834218215942382812e+01 -3.770249557495117188e+01 -2.079091835021972656e+01
bian4 2.381660842895507812e+01 1.470814037322998047e+01 1.924951934814453125e+01 8.831944465637207031e+00 -1.739092636108398438e+01 -2.390209388732910156e+01 -2.605173301696777344e+01 -2.388392639160156250e+01 -4.052562713623046875e+01 -3.058056068420410156e+01
bu2 -3.187405014038085938e+01 -3.122122192382812500e+01 -1.513034343719482422e+01 -2.063268280029296875e+01 -2.732151222229003906e+01 -3.155682754516601562e+01 -2.220270347595214844e+01 -1.463483619689941406e+01 -1.076913166046142578e+01 8.872486114501953125e+00
shen4 4.191893768310546875e+01 4.264229583740234375e+01 6.317055892944335938e+01 6.348603439331054688e+01 5.335437774658203125e+01 5.536069488525390625e+01 5.430008697509765625e+01 3.585766220092773438e+01 9.884696006774902344e+00 7.566251754760742188e+00
jian3 -2.421500587463378906e+01 -3.007260322570800781e+01 -1.401444625854492188e+01 -1.849735069274902344e+01 -3.906518936157226562e+01 -3.210950469970703125e+01 -2.478611564636230469e+01 -2.505072021484375000e+01 -3.237915420532226562e+01 -2.525192642211914062e+01
ming2 -3.866838514804840088e-01 -9.538296699523925781e+00 1.369034671783447266e+01 8.342087745666503906e+00 -5.207068920135498047e+00 1.203782558441162109e+01 2.516558265686035156e+01 2.754368400573730469e+01 3.613044357299804688e+01 4.481468963623046875e+01
