te4 2.691706466674804688e+01 3.154988098144531250e+01 4.450038146972656250e+01 4.908669662475585938e+01 4.185770034790039062e+01 5.755447006225585938e+01 6.560795593261718750e+01 6.377825546264648438e+01 3.702685928344726562e+01 4.324427413940429688e+01
yi4 4.128534317016601562e+01 2.991035652160644531e+01 3.683184432983398438e+01 1.740871810913085938e+01 2.050210714340209961e+00 -4.198056697845458984e+00 -8.576452255249023438e+00 -1.036433982849121094e+01 -2.259800910949707031e+01 -1.544780921936035156e+01
dao4 -1.072496986389160156e+01 -1.477376270294189453e+01 -5.988803863525390625e+00 -1.798780632019042969e+01 -3.695331573486328125e+01 -3.770511245727539062e+01 -3.186577415466308594e+01 -2.958720588684082031e+01 -3.007775878906250000e+01 -1.131857109069824219e+01
xiang1 8.137783050537109375e+00 7.257128238677978516e+00 3.147133064270019531e+01 3.343667602539062500e+01 2.069481658935546875e+01 3.187375068664550781e+01 4.391440963745117188e+01 4.911473464965820312e+01 4.779325866699218750e+01 6.001208496093750000e+01
ya3 6.340088653564453125e+01 5.203903961181640625e+01 5.640900421142578125e+01 4.343867111206054688e+01 1.545204067230224609e+01 3.798514842987060547e+00 1.960056066513061523e+00 -4.309045791625976562e+00 -1.865786361694335938e+01 -6.460173606872558594e+00
yi1 1.152885198593139648e+00 -5.250232696533203125e+00 1.137412929534912109e+01 9.703232765197753906e+00 -1.009259796142578125e+01 -1.648991465568542480e+00 6.710729122161865234e+00 8.848901748657226562e+00 7.749419212341308594e+00 2.663047599792480469e+01
yuan4 4.245985412597656250e+01 3.885157394409179688e+01 4.694408798217773438e+01 3.444205474853515625e+01 1.025344848632812500e+01 -6.869522333145141602e-01 -1.197283983230590820e+00 -7.186359405517578125e+00 -2.433210563659667969e+01 -1.805769538879394531e+01
lai2 -1.269560241699218750e+01 -2.259511756896972656e+01 -8.922686576843261719e+00 -2.196953392028808594e+01 -4.147080993652343750e+01 -4.096473693847656250e+01 -3.754082107543945312e+01 -3.351445388793945312e+01 -3.804976272583007812e+01 -1.838825035095214844e+01
zhu4 9.360059738159179688e+00 1.206846332550048828e+01 3.067991638183593750e+01 3.480411529541015625e+01 1.804383850097656250e+01 1.465404605865478516e+01 1.111620903015136719e+01 1.891480326652526855e+00 -2.487156867980957031e+01 -1.017478847503662109e+01
yuan4 4.568774223327636719e+00 -4.630650997161865234e+00 1.043221378326416016e+01 -8.117798805236816406e+00 -2.836529541015625000e+01 -2.952951049804687500e+01 -2.688874816894531250e+01 -2.738356399536132812e+01 -3.704324722290039062e+01 -2.122639846801757812e+01
bao3 -2.627138519287109375e+01 -3.333527374267578125e+01 -1.383976078033447266e+01 -1.177034854888916016e+01 -2.585513496398925781e+01 -1.797921943664550781e+01 -1.105702304840087891e+01 -1.300198078155517578e+01 -2.878876686096191406e+01 -1.617266654968261719e+01
tai1 5.989460468292236328e+00 2.009963035583496094e+00 1.903825378417968750e+01 1.158411312103271484e+01 -1.666352391242980957e+00 4.184711933135986328e+00 1.555849361419677734e+01 1.811780548095703125e+01 2.381115341186523438e+01 4.182968139648437500e+01
zhi4 5.066078948974609375e+01 4.438401412963867188e+01 6.373155212402343750e+01 6.427760314941406250e+01 5.126445007324218750e+01 5.132828140258789062e+01 5.013575363159179688e+01 3.756829833984375000e+01 1.043635654449462891e+01 7.466460704803466797e+00
liao2 -1.009669303894042969e+00 -1.026320552825927734e+01 7.544940948486328125e+00 5.389056205749511719e-01 -2.265832519531250000e+01 -1.286204624176025391e+01 -1.463202285766601562e+01 -1.223909378051757812e+01 -1.228989219665527344e+01 -2.864649295806884766e+00
