ye3 1.732000350952148438e+01 1.592415809631347656e+01 2.516902923583984375e+01 1.846205139160156250e+01 -3.441967725753784180e+00 1.062004661560058594e+01 8.170653343200683594e+00 8.320229649543762207e-01 -1.228138732910156250e+01 -4.838445484638214111e-01
dui4 2.745863151550292969e+01 2.734439849853515625e+01 5.235678482055664062e+01 4.073995208740234375e+01 2.916131019592285156e+01 2.838094902038574219e+01 2.940126609802246094e+01 3.106702995300292969e+01 1.742239189147949219e+01 1.889919471740722656e+01
na4 -4.119325637817382812e+00 -8.801473617553710938e+00 6.005685329437255859e+00 3.276661932468414307e-01 -1.501625347137451172e+01 -1.022676277160644531e+01 7.847509980201721191e-01 -1.053977310657501221e-01 -9.370905876159667969e+00 -7.729292511940002441e-01
xie1 1.876986265182495117e+00 -9.600513458251953125e+00 3.253639221191406250e+00 -1.358782768249511719e+01 -3.787081146240234375e+01 -3.088202667236328125e+01 -2.417527198791503906e+01 -2.508032989501953125e+01 -1.907867813110351562e+01 -3.413350343704223633e+00
xu1 -5.263814449310302734e+00 -5.913528919219970703e+00 1.459941768646240234e+01 1.487658500671386719e+01 1.735666751861572266e+00 1.885891723632812500e+01 2.825947570800781250e+01 3.406157302856445312e+01 3.568438720703125000e+01 4.937381744384765625e+01
jia2 4.980696105957031250e+01 3.100800895690917969e+01 3.778546905517578125e+01 1.187963104248046875e+01 -2.060643959045410156e+01 -2.855864524841308594e+01 -2.382880783081054688e+01 -1.290473556518554688e+01 -1.514313030242919922e+01 5.298336505889892578e+00
jiao3 1.626315712928771973e-01 -2.530215024948120117e+00 1.504661655426025391e+01 1.165748119354248047e+01 -5.156952738761901855e-01 -2.755692958831787109e+00 -8.887224197387695312e+00 -1.402333354949951172e+01 -3.229899215698242188e+01 -2.190708160400390625e+01
qing2 -2.638649368286132812e+01 -3.475788116455078125e+01 -2.123128700256347656e+01 -2.743543624877929688e+01 -4.434560775756835938e+01 -4.180211257934570312e+01 -3.379545211791992188e+01 -3.328818130493164062e+01 -3.068552589416503906e+01 -1.067938423156738281e+01
mai4 8.403131484985351562e+00 1.280262374877929688e+01 2.564384460449218750e+01 2.097200393676757812e+01 -3.221314191818237305e+00 -1.183874511718750000e+01 -2.044064903259277344e+01 -3.054098892211914062e+01 -4.698632049560546875e+01 -3.202655410766601562e+01
dia3 -2.132272720336914062e+01 -3.085653114318847656e+01 -1.073313331604003906e+01 -1.811408042907714844e+01 -2.741501808166503906e+01 -2.158121871948242188e+01 -1.034634494781494141e+01 -7.750573158264160156e+00 -1.954098129272460938e+01 -4.778932571411132812e+00
mai4 3.156366539001464844e+01 2.363980674743652344e+01 4.387788772583007812e+01 4.990562438964843750e+01 4.229408645629882812e+01 4.692182159423828125e+01 4.594705200195312500e+01 3.357532882690429688e+01 1.630888366699218750e+01 1.337067699432373047e+01
guai1 1.224503517150878906e+00 1.284180164337158203e+00 2.272775077819824219e+01 2.196553802490234375e+01 1.187320232391357422e+01 2.114318084716796875e+01 3.668995666503906250e+01 4.033235931396484375e+01 4.262751770019531250e+01 6.008392715454101562e+01
de5 5.700136184692382812e+01 4.264433670043945312e+01 5.092160797119140625e+01 3.034986114501953125e+01 -1.948985338211059570e+00 -7.185279846191406250e+00 -1.255063819885253906e+01 -1.207286930084228516e+01 -2.642572593688964844e+01 -1.020182323455810547e+01
yu3 -1.684236526489257812e+01 -2.262472724914550781e+01 -2.557806253433227539e+00 -2.577398538589477539e+00 -1.195730590820312500e+01 -4.898000240325927734e+00 -1.891683816909790039e+00 -7.304807662963867188e+00 -2.580730819702148438e+01 -1.299984645843505859e+01
yan2 -4.617368221282958984e+00 -4.788154602050781250e+00 8.959668159484863281e+00 -1.498444437980651855e+00 -3.001921081542968750e+01 -3.675098419189453125e+01 -4.213328552246093750e+01 -4.746778106689453125e+01 -4.960039901733398438e+01 -2.917993927001953125e+01
zhi4 1.620884132385253906e+01 1.251252746582031250e+01 3.305444717407226562e+01 3.677763748168945312e+01 3.386780929565429688e+01 3.638647842407226562e+01 4.481093597412109375e+01 3.177643966674804688e+01 7.405617713928222656e+00 4.940320491790771484e+00
pin3 -2.812889575958251953e+00 -1.780974388122558594e+01 2.232856988906860352e+00 -2.750945806503295898e+00 -1.930560684204101562e+01 -1.568666458129882812e+01 -1.595182132720947266e+01 -1.388150405883789062e+01 -1.566683864593505859e+01 -4.149320125579833984e+00
