da4 5.342500305175781250e+01 4.754097366333007812e+01 6.214094924926757812e+01 5.991944885253906250e+01 5.321009063720703125e+01 5.716712188720703125e+01 5.227826309204101562e+01 4.577201461791992188e+01 2.071433067321777344e+01 2.092427444458007812e+01
liang4 4.346171855926513672e+00 -7.967292785644531250e+00 -2.310381174087524414e+00 -1.753958892822265625e+01 -3.806054306030273438e+01 -3.612800216674804688e+01 -2.685430335998535156e+01 -2.594034385681152344e+01 -3.681888580322265625e+01 -1.749849700927734375e+01
fei4 1.140117549896240234e+01 1.524372959136962891e+01 3.445838546752929688e+01 4.455798721313476562e+01 4.435912322998046875e+01 5.780895996093750000e+01 6.576100921630859375e+01 5.478558349609375000e+01 3.040423202514648438e+01 2.707732391357421875e+01
zha1 7.544923782348632812e+00 3.655582189559936523e+00 1.516539573669433594e+01 3.581266164779663086e+00 -1.625464248657226562e+01 -1.608931732177734375e+01 -7.473701000213623047e+00 -4.134926319122314453e+00 -5.796525478363037109e+00 1.316805839538574219e+01
hai2 2.714063072204589844e+01 1.199394035339355469e+01 1.966535758972167969e+01 8.338663578033447266e-01 -2.983776092529296875e+01 -3.871409606933593750e+01 -3.266161727905273438e+01 -2.208338928222656250e+01 -2.015329170227050781e+01 1.214069724082946777e+00
shi3 9.956002831459045410e-01 -4.026947498321533203e+00 1.231227684020996094e+01 7.340707302093505859e+00 -3.266313552856445312e+00 -9.085613250732421875e+00 -1.033950996398925781e+01 -1.208540916442871094e+01 -3.124639129638671875e+01 -2.034092140197753906e+01
ming2 -2.973904228210449219e+01 -3.622709274291992188e+01 -1.766443061828613281e+01 -2.481514739990234375e+01 -3.870315551757812500e+01 -3.805321121215820312e+01 -3.233340835571289062e+01 -2.532433700561523438e+01 -1.968844032287597656e+01 9.194008827209472656e+00
yue4 2.417203330993652344e+01 2.299556732177734375e+01 4.358465957641601562e+01 3.786211013793945312e+01 2.425149726867675781e+01 1.604203987121582031e+01 1.060969924926757812e+01 -6.418549537658691406e+00 -2.759125328063964844e+01 -2.531673812866210938e+01
hu2 -2.847690200805664062e+01 -3.147217369079589844e+01 -1.716881179809570312e+01 -2.348575592041015625e+01 -4.267445755004882812e+01 -3.996797943115234375e+01 -2.950519180297851562e+01 -2.245338439941406250e+01 -2.390279960632324219e+01 -3.642608880996704102e+00
yu1 2.358575057983398438e+01 1.888959693908691406e+01 4.099803924560546875e+01 3.587031555175781250e+01 2.364934730529785156e+01 2.721995162963867188e+01 4.182101821899414062e+01 4.178513717651367188e+01 4.024816131591796875e+01 4.871907424926757812e+01
ji1 3.100126647949218750e+01 2.092947959899902344e+01 2.700906562805175781e+01 7.301559925079345703e+00 -2.223579406738281250e+01 -2.401931571960449219e+01 -1.456137752532958984e+01 -1.021748352050781250e+01 -1.110894012451171875e+01 5.933073997497558594e+00
hu2 6.250680923461914062e+00 -5.662326812744140625e+00 6.106069564819335938e+00 -5.378862380981445312e+00 -2.669527244567871094e+01 -2.752145195007324219e+01 -2.339086341857910156e+01 -5.486187934875488281e+00 1.475154280662536621e+00 2.363934898376464844e+01
shui3 2.021446228027343750e+01 1.896040153503417969e+01 2.383968925476074219e+01 2.193819999694824219e+01 -8.105505704879760742e-01 -5.191125392913818359e+00 -1.379238510131835938e+01 -2.685767936706542969e+01 -4.429524230957031250e+01 -3.106572723388671875e+01
bian4 1.812089920043945312e+00 -5.118599891662597656e+00 1.174599170684814453e+01 1.451775836944580078e+01 8.240093231201171875e+00 1.185244274139404297e+01 1.127658462524414062e+01 1.083425998687744141e+00 -1.625929260253906250e+01 -1.577198505401611328e+01
zhi4 3.836180925369262695e+00 -6.523560047149658203e+00 1.347918128967285156e+01 8.997354507446289062e+00 -5.579286098480224609e+00 -8.210453033447265625e+00 -1.432513332366943359e+01 -2.043811225891113281e+01 -2.700708389282226562e+01 -1.360270977020263672e+01
