man4 3.611710739135742188e+01 2.965105628967285156e+01 4.318988037109375000e+01 3.551997375488281250e+01 1.851203918457031250e+01 2.611532592773437500e+01 2.646320724487304688e+01 2.479489135742187500e+01 7.353249549865722656e+00 1.669242858886718750e+01
shan1 1.190595245361328125e+01 8.459664344787597656e+00 2.179579734802246094e+01 1.645120048522949219e+01 -3.061126708984375000e+00 6.904890060424804688e+00 1.325535583496093750e+01 1.906373023986816406e+01 1.627995681762695312e+01 3.252619171142578125e+01
bian4 4.999138259887695312e+01 4.556563568115234375e+01 6.694280242919921875e+01 6.427944946289062500e+01 5.039756774902343750e+01 6.268269348144531250e+01 6.125980377197265625e+01 5.293883132934570312e+01 2.655846214294433594e+01 2.425920295715332031e+01
ye3 -1.065985584259033203e+01 -1.665917396545410156e+01 -1.959171772003173828e+00 -1.012866020202636719e+01 -3.007438850402832031e+01 -1.947630500793457031e+01 -1.664135360717773438e+01 -1.764282226562500000e+01 -3.284740066528320312e+01 -2.235605049133300781e+01
de5 -2.211577415466308594e+01 -3.042598724365234375e+01 -2.157508468627929688e+01 -3.255491638183593750e+01 -5.097657775878906250e+01 -4.238069534301757812e+01 -3.252105712890625000e+01 -3.379265213012695312e+01 -3.662326431274414062e+01 -1.867636871337890625e+01
gou1 -7.513106822967529297e+00 -9.437466621398925781e+00 1.445153808593750000e+01 1.422898101806640625e+01 6.585615634918212891e+00 1.814213943481445312e+01 3.272743606567382812e+01 3.498326110839843750e+01 3.943629074096679688e+01 5.342116165161132812e+01
gou1 5.710196304321289062e+01 4.732148742675781250e+01 5.976302337646484375e+01 4.894411849975585938e+01 2.856032562255859375e+01 3.149721717834472656e+01 3.794593048095703125e+01 4.545507812500000000e+01 4.186104965209960938e+01 5.203980636596679688e+01
mao2 6.243103408813476562e+01 4.633702087402343750e+01 4.917863464355468750e+01 2.844208335876464844e+01 -9.034152030944824219e+00 -2.045876121520996094e+01 -2.227242851257324219e+01 -2.539507484436035156e+01 -3.101122283935546875e+01 -1.138679218292236328e+01
mao3 9.315893173217773438e+00 7.815611958503723145e-01 1.478149032592773438e+01 3.506188631057739258e+00 -1.543560314178466797e+01 -3.429179382324218750e+01 -3.893841171264648438e+01 -4.328129196166992188e+01 -5.747282028198242188e+01 -3.578246688842773438e+01
zhi1 2.002567529678344727e+00 -8.391469001770019531e+00 5.811217308044433594e+00 -7.027631282806396484e+00 -3.626038742065429688e+01 -2.629275894165039062e+01 -1.876338195800781250e+01 -1.513959980010986328e+01 -1.675562095642089844e+01 1.603580474853515625e+00
zhi1 4.871844768524169922e+00 -4.332187652587890625e+00 1.184733676910400391e+01 4.187455654144287109e+00 -1.584816169738769531e+01 -7.454310894012451172e+00 6.754885673522949219e+00 2.840988874435424805e+00 9.408043861389160156e+00 2.721529579162597656e+01
ye4 4.705990219116210938e+01 3.802029418945312500e+01 5.586652374267578125e+01 5.733145141601562500e+01 3.876583480834960938e+01 4.799193954467773438e+01 3.851461029052734375e+01 2.687887954711914062e+01 6.203865528106689453e+00 1.005709457397460938e+01
ye4 -6.335538864135742188e+00 -1.817281913757324219e+01 -2.321311473846435547e+00 -1.343791675567626953e+01 -2.997967338562011719e+01 -3.845378494262695312e+01 -3.734918212890625000e+01 -4.039086914062500000e+01 -4.708198165893554688e+01 -2.658580589294433594e+01
hua1 6.715528488159179688e+00 1.356062293052673340e+00 2.248395538330078125e+01 1.916645622253417969e+01 3.839669942855834961e+00 1.776564788818359375e+01 2.884165763854980469e+01 3.549559402465820312e+01 3.881106567382812500e+01 4.869233703613281250e+01
hua1 3.903479385375976562e+01 2.963151550292968750e+01 4.534383392333984375e+01 3.683357238769531250e+01 1.876729202270507812e+01 2.898009872436523438e+01 3.863356781005859375e+01 4.327440261840820312e+01 4.675904846191406250e+01 5.654164505004882812e+01
cao2 6.279713058471679688e+01 4.752739334106445312e+01 5.012014770507812500e+01 2.726204299926757812e+01 -7.882168292999267578e+00 -1.804603576660156250e+01 -2.183152770996093750e+01 -2.471865463256835938e+01 -3.210421752929687500e+01 -1.242884063720703125e+01
cao3 1.135195970535278320e+00 -9.265672683715820312e+00 7.268646240234375000e+00 -6.673806667327880859e+00 -3.094505119323730469e+01 -2.881574440002441406e+01 -3.677583312988281250e+01 -3.501089859008789062e+01 -4.024745178222656250e+01 -1.416935729980468750e+01
chong2 2.686404943466186523e+00 -9.675001144409179688e+00 3.235436677932739258e+00 -4.091393947601318359e+00 -2.357993698120117188e+01 -2.001987075805664062e+01 -1.761336517333984375e+01 3.378513097763061523e+00 1.574946403503417969e+01 3.760208892822265625e+01
chong2 5.422264480590820312e+01 4.303478240966796875e+01 5.434479904174804688e+01 4.285242462158203125e+01 1.927886199951171875e+01 1.217203426361083984e+01 5.505035400390625000e+00 1.618240356445312500e+01 1.637264633178710938e+01 3.723319625854492188e+01
niao2 2.529279899597167969e+01 2.127918815612792969e+01 3.129470443725585938e+01 1.541662597656250000e+01 -1.099988651275634766e+01 -2.487788391113281250e+01 -2.302502632141113281e+01 -2.360602951049804688e+01 -1.693597221374511719e+01 1.017778301239013672e+01
niao3 1.933579635620117188e+01 1.050358009338378906e+01 1.972600936889648438e+01 7.050375461578369141e+00 -1.131710815429687500e+01 -2.947575950622558594e+01 -3.580771636962890625e+01 -4.152934646606445312e+01 -5.389326477050781250e+01 -3.078565216064453125e+01
dou1 4.456244277954101562e+01 3.182573890686035156e+01 4.068880462646484375e+01 2.968545722961425781e+01 4.697267532348632812e+00 5.713510036468505859e+00 1.841390037536621094e+01 1.866779708862304688e+01 1.828163337707519531e+01 3.049932861328125000e+01
zai4 4.520761871337890625e+01 3.631098556518554688e+01 4.607122039794921875e+01 2.691106414794921875e+01 -2.843693017959594727e+00 -1.173950672149658203e+01 -1.680597305297851562e+01 -1.964650917053222656e+01 -3.153890037536621094e+01 -1.821909332275390625e+01
han3 -2.538453292846679688e+01 -3.219167709350585938e+01 -1.706491851806640625e+01 -1.783414459228515625e+01 -3.244553756713867188e+01 -2.467054176330566406e+01 -1.820873641967773438e+01 -1.665772628784179688e+01 -2.232918357849121094e+01 -8.342240333557128906e+00
jiao4 4.105647277832031250e+01 3.701219177246093750e+01 5.021421432495117188e+01 5.811684417724609375e+01 4.363193893432617188e+01 5.450302124023437500e+01 6.142572784423828125e+01 4.325105285644531250e+01 2.145421218872070312e+01 2.534831809997558594e+01
wo3 -4.168271541595458984e+00 -1.075574874877929688e+01 6.341280460357666016e+00 4.346077919006347656e+00 -1.392603874206542969e+01 -8.166687011718750000e+00 -8.245256423950195312e+00 -9.416640281677246094e+00 -3.194411087036132812e+01 -2.838890266418457031e+01
le5 -3.775274753570556641e+00 -5.094958782196044922e+00 1.108766174316406250e+01 8.939021110534667969e+00 7.167848348617553711e-01 1.345791625976562500e+01 2.764606475830078125e+01 2.224395751953125000e+01 2.896037292480468750e+01 3.141995620727539062e+01
