huo4 2.184830665588378906e+01 1.539190292358398438e+01 2.541172027587890625e+01 1.834665298461914062e+01 8.487915992736816406e+00 1.690599060058593750e+01 2.814166259765625000e+01 2.810386657714843750e+01 1.256613349914550781e+01 1.447084712982177734e+01
zhe3 -1.283242607116699219e+01 -1.726890945434570312e+01 -1.049342250823974609e+01 -2.025462913513183594e+01 -3.624004745483398438e+01 -3.657483673095703125e+01 -3.152478981018066406e+01 -2.842236900329589844e+01 -3.171368408203125000e+01 -1.079814434051513672e+01
zhong1 -5.493691563606262207e-01 -5.558821558952331543e-01 2.464630317687988281e+01 2.542687225341796875e+01 1.316664981842041016e+01 2.844575691223144531e+01 4.155496215820312500e+01 4.497805786132812500e+01 4.701332473754882812e+01 6.500220489501953125e+01
cai2 6.427079772949218750e+01 5.422293853759765625e+01 5.857659530639648438e+01 3.915620803833007812e+01 7.227312088012695312e+00 -1.296009159088134766e+01 -1.635149002075195312e+01 -2.164784622192382812e+01 -3.383314132690429688e+01 -1.569150543212890625e+01
jue2 -1.896261596679687500e+01 -2.936455345153808594e+01 -1.712798690795898438e+01 -2.220500755310058594e+01 -4.142463684082031250e+01 -4.327909088134765625e+01 -4.440133285522460938e+01 -4.129360961914062500e+01 -4.969919967651367188e+01 -2.834040641784667969e+01
ding4 -1.720122146606445312e+01 -1.676533126831054688e+01 -1.041808366775512695e+00 -1.185493659973144531e+01 -4.001787948608398438e+01 -4.386880111694335938e+01 -5.059772491455078125e+01 -5.386904907226562500e+01 -5.948940277099609375e+01 -3.235137939453125000e+01
wei4 6.740303802490234375e+01 5.367408752441406250e+01 7.061331939697265625e+01 6.725669097900390625e+01 5.850608062744140625e+01 5.774840545654296875e+01 5.891941070556640625e+01 5.149371337890625000e+01 2.535722160339355469e+01 2.793507194519042969e+01
que4 3.240649414062500000e+01 2.555378150939941406e+01 4.353770828247070312e+01 2.802034950256347656e+01 1.689082527160644531e+01 2.116768074035644531e+01 2.007436370849609375e+01 1.813248062133789062e+01 4.075729548931121826e-01 7.309792637825012207e-01
ding4 -4.131729125976562500e+00 -1.636399269104003906e+01 -3.772849321365356445e+00 -1.486996078491210938e+01 -3.434407806396484375e+01 -3.409577560424804688e+01 -3.082886314392089844e+01 -3.231597900390625000e+01 -3.689685821533203125e+01 -2.068292427062988281e+01
zhui1 -8.156194686889648438e+00 -1.291520690917968750e+01 4.904235839843750000e+00 6.050094604492187500e+00 -1.001855182647705078e+01 6.710515022277832031e+00 1.855807304382324219e+01 2.288867950439453125e+01 2.156044006347656250e+01 3.820092773437500000e+01
su4 4.095237350463867188e+01 3.048326492309570312e+01 3.829525756835937500e+01 2.446299171447753906e+01 -4.386950492858886719e+00 -1.119642829895019531e+01 -8.519403457641601562e+00 -1.042175102233886719e+01 -2.092522430419921875e+01 -8.339819908142089844e+00
zheng1 -2.332297801971435547e+00 -6.846844673156738281e+00 1.273173809051513672e+01 1.109321403503417969e+01 -1.577879667282104492e+00 7.764451980590820312e+00 2.013894081115722656e+01 2.466160964965820312e+01 2.497590255737304688e+01 3.558463668823242188e+01
shou1 4.119699478149414062e+01 3.420578765869140625e+01 4.886032104492187500e+01 3.389137649536132812e+01 1.378244686126708984e+01 1.797307777404785156e+01 2.453908729553222656e+01 3.285678482055664062e+01 3.403158569335937500e+01 4.475193786621093750e+01
fan3 2.110114860534667969e+01 1.286338138580322266e+01 2.311747741699218750e+01 1.661803627014160156e+01 -8.956373214721679688e+00 -1.340260505676269531e+01 -6.926114559173583984e+00 -2.832128286361694336e+00 -1.816172027587890625e+01 -5.581861019134521484e+00
qing1 -3.265536308288574219e+00 -6.566012382507324219e+00 8.922527313232421875e+00 2.156677007675170898e+00 -9.101031303405761719e+00 -1.712950468063354492e-01 9.495319366455078125e+00 1.720681762695312500e+01 1.997500801086425781e+01 3.086237144470214844e+01
xiao1 2.011923027038574219e+01 1.422603416442871094e+01 2.774474716186523438e+01 1.690574264526367188e+01 1.609572529792785645e+00 5.792540550231933594e+00 1.596111106872558594e+01 2.384005546569824219e+01 2.792826271057128906e+01 4.086748504638671875e+01
shui4 4.874812316894531250e+01 4.498429870605468750e+01 6.206333160400390625e+01 5.377503967285156250e+01 3.925315475463867188e+01 2.823448181152343750e+01 2.634597969055175781e+01 1.400400638580322266e+01 -1.329600524902343750e+01 -1.368419551849365234e+01
de5 -1.525571060180664062e+01 -2.038971138000488281e+01 -2.844051837921142578e+00 -3.972929716110229492e+00 -1.799542617797851562e+01 -1.112187099456787109e+01 -5.132460117340087891e+00 -5.275289535522460938e+00 -6.455627441406250000e+00 -2.067655324935913086e+00
