zhong1 3.015454673767089844e+01 2.657839775085449219e+01 4.842238616943359375e+01 3.625368118286132812e+01 2.427645301818847656e+01 2.894961547851562500e+01 3.809946823120117188e+01 4.058129119873046875e+01 3.930160522460937500e+01 4.878532409667968750e+01
guo2 4.460088729858398438e+01 2.934379768371582031e+01 3.546384429931640625e+01 1.160351562500000000e+01 -2.119482040405273438e+01 -2.283151435852050781e+01 -2.195051956176757812e+01 -1.493284416198730469e+01 -2.035671234130859375e+01 -3.926756381988525391e+00
jing1 8.162469863891601562e+00 1.203564167022705078e+00 2.049650573730468750e+01 1.775758171081542969e+01 3.035130977630615234e+00 1.231872653961181641e+01 1.960369873046875000e+01 2.624562263488769531e+01 2.498901939392089844e+01 4.092277908325195312e+01
ju4 5.429598236083984375e+01 4.641801071166992188e+01 5.176653671264648438e+01 3.795464324951171875e+01 6.388283729553222656e+00 -2.318177700042724609e+00 -1.136941719055175781e+01 -1.434498691558837891e+01 -2.702858734130859375e+01 -1.324109649658203125e+01
shi3 -1.965042686462402344e+01 -2.389493942260742188e+01 -7.407978534698486328e+00 -1.253348350524902344e+01 -2.482603836059570312e+01 -1.931753349304199219e+01 -1.742915534973144531e+01 -1.976367950439453125e+01 -3.390399932861328125e+01 -2.503040885925292969e+01
quan2 -2.745113945007324219e+01 -3.015582466125488281e+01 -1.575890922546386719e+01 -1.935806274414062500e+01 -3.811333847045898438e+01 -3.627552413940429688e+01 -2.780048179626464844e+01 -2.173180961608886719e+01 -2.192203712463378906e+01 -4.109997451305389404e-01
shu1 1.211718559265136719e+01 1.271422266960144043e+00 2.207882118225097656e+01 1.230614089965820312e+01 -4.795226097106933594e+00 -2.743784904479980469e+00 5.702717781066894531e+00 6.146346569061279297e+00 8.001970291137695312e+00 2.172768020629882812e+01
san1 3.235275268554687500e+01 2.619975280761718750e+01 4.722359085083007812e+01 3.927442932128906250e+01 3.028233146667480469e+01 3.821186828613281250e+01 5.011799621582031250e+01 5.744828414916992188e+01 5.879951858520507812e+01 6.431262207031250000e+01
juan3 5.798108291625976562e+01 5.240551376342773438e+01 5.843738555908203125e+01 4.177520370483398438e+01 1.579442119598388672e+01 1.747624754905700684e+00 -5.393977642059326172e+00 -1.620477676391601562e+01 -3.546691894531250000e+01 -2.123326683044433594e+01
si4 -4.761273264884948730e-01 -1.061872577667236328e+01 5.494333267211914062e+00 -3.601254940032958984e+00 -2.828367471694946289e+00 1.315218639373779297e+01 1.945723152160644531e+01 2.045153999328613281e+01 8.012382984161376953e-01 -2.455680608749389648e+00
ce4 1.492133712768554688e+01 3.533223152160644531e+00 2.377221298217773438e+01 1.822116088867187500e+01 1.999234676361083984e+00 1.724651008844375610e-01 -1.137668800354003906e+01 -1.759130668640136719e+01 -2.863281250000000000e+01 -1.642653465270996094e+01
