ye2 9.370279312133789062e+00 7.965943336486816406e+00 2.688978767395019531e+01 7.424667358398437500e+00 -1.607891464233398438e+01 -9.627840518951416016e-01 6.330357074737548828e+00 1.228564739227294922e+01 8.607295989990234375e+00 2.926516723632812500e+01
ke3 2.628956985473632812e+01 2.786128044128417969e+01 3.773978805541992188e+01 3.575257873535156250e+01 1.837019729614257812e+01 1.964231300354003906e+01 1.015625190734863281e+01 3.672800362110137939e-01 -1.914117050170898438e+01 -1.370387935638427734e+01
zai4 2.850738525390625000e+00 -7.674254417419433594e+00 5.001892566680908203e+00 -1.183605480194091797e+01 -3.444643783569335938e+01 -4.633143234252929688e+01 -4.258732223510742188e+01 -3.884958648681640625e+01 -4.140333175659179688e+01 -2.689477729797363281e+01
lv3 -3.647785949707031250e+01 -3.313390731811523438e+01 -9.126955986022949219e+00 -7.401283740997314453e+00 -1.512378025054931641e+01 -6.781849861145019531e-01 2.862316846847534180e+00 -7.338948249816894531e+00 -2.204382896423339844e+01 -1.328988647460937500e+01
you2 -2.487155151367187500e+01 -3.279000473022460938e+01 -2.177429962158203125e+01 -2.854526138305664062e+01 -4.443019866943359375e+01 -5.265083694458007812e+01 -5.104310226440429688e+01 -4.093098831176757812e+01 -3.937382888793945312e+01 -2.696757507324218750e+01
tuan2 -1.523510360717773438e+01 -2.302047729492187500e+01 -8.822040557861328125e+00 -2.029904937744140625e+01 -3.869320678710937500e+01 -3.443277740478515625e+01 -3.009549522399902344e+01 -1.004590320587158203e+01 2.338118553161621094e+00 2.993212318420410156e+01
di3 4.946070480346679688e+01 4.058092498779296875e+01 4.741516876220703125e+01 3.323079299926757812e+01 7.643432140350341797e+00 2.581070899963378906e+00 -1.670121669769287109e+00 -8.219628334045410156e+00 -2.230112075805664062e+01 -1.660338783264160156e+01
da2 -2.496811103820800781e+01 -2.833325195312500000e+01 -1.101716804504394531e+01 -2.306335639953613281e+01 -3.929481887817382812e+01 -3.333203887939453125e+01 -2.194515800476074219e+01 -6.631629943847656250e+00 1.000126743316650391e+01 3.358463668823242188e+01
kou3 2.662873649597167969e+01 1.772615814208984375e+01 3.789575195312500000e+01 3.729425048828125000e+01 1.663140296936035156e+01 7.414697170257568359e+00 3.001379251480102539e+00 -8.654300689697265625e+00 -2.850031661987304688e+01 -1.615633583068847656e+01
an4 1.838154411315917969e+01 1.321341991424560547e+01 3.256038284301757812e+01 2.099675750732421875e+01 2.560092687606811523e+00 -5.386880040168762207e-01 -1.243231678009033203e+01 -1.530387306213378906e+01 -3.885260772705078125e+01 -3.229725646972656250e+01
qian2 -2.015205574035644531e+01 -3.303184890747070312e+01 -1.738126945495605469e+01 -3.140497589111328125e+01 -4.848593521118164062e+01 -4.820831298828125000e+01 -4.264979553222656250e+01 -3.623746109008789062e+01 -3.417919158935546875e+01 -1.560343265533447266e+01
ti2 -1.087615966796875000e+01 -1.047942066192626953e+01 1.349942111968994141e+01 8.089849472045898438e+00 -1.140829443931579590e+00 -1.647219061851501465e+00 1.112733650207519531e+01 1.487659645080566406e+01 1.952429389953613281e+01 4.099820709228515625e+01
qian2 4.428576660156250000e+01 3.238090515136718750e+01 3.517811965942382812e+01 1.285059738159179688e+01 -1.578039169311523438e+01 -2.856589698791503906e+01 -2.800727653503417969e+01 -2.459689521789550781e+01 -3.612594985961914062e+01 -2.002974319458007812e+01
zuo4 1.623769378662109375e+01 1.480747222900390625e+01 3.563322448730468750e+01 4.342533493041992188e+01 2.975259590148925781e+01 3.006657791137695312e+01 2.877946090698242188e+01 2.045245742797851562e+01 -1.202997589111328125e+01 -1.091466069221496582e+00
hao3 -2.162717056274414062e+01 -2.901903152465820312e+01 -1.392820930480957031e+01 -2.481583786010742188e+01 -4.443122100830078125e+01 -3.672052383422851562e+01 -3.249120330810546875e+01 -3.043441390991210938e+01 -3.785780715942382812e+01 -1.744926643371582031e+01
qian1 -1.214220142364501953e+01 -1.501674747467041016e+01 8.034248352050781250e-01 -5.133634090423583984e+00 -1.800537490844726562e+01 -5.742005348205566406e+00 5.014359474182128906e+00 1.332858467102050781e+01 1.464653396606445312e+01 2.971342658996582031e+01
zheng4 4.565261840820312500e+01 4.132472610473632812e+01 5.022493362426757812e+01 4.533365631103515625e+01 2.013014984130859375e+01 8.953225135803222656e+00 8.263534545898437500e+00 -2.590545892715454102e+00 -1.706351280212402344e+01 -9.964113235473632812e+00
jiao1 -1.905225276947021484e+00 -5.597241878509521484e+00 1.410797977447509766e+01 1.120406341552734375e+01 -3.576314151287078857e-01 1.461545944213867188e+01 2.677652931213378906e+01 3.116023254394531250e+01 4.129042816162109375e+01 5.407409667968750000e+01
lv3 6.000413131713867188e+01 5.223472213745117188e+01 6.109925079345703125e+01 4.689265060424804688e+01 2.298078918457031250e+01 8.116969108581542969e+00 1.452354669570922852e+00 -3.722551345825195312e+00 -2.772158050537109375e+01 -2.080617332458496094e+01
xing2 -2.952442741394042969e+01 -3.251015090942382812e+01 -2.009222412109375000e+01 -2.128681564331054688e+01 -3.850989913940429688e+01 -3.831345748901367188e+01 -3.740492630004882812e+01 -3.567124557495117188e+01 -3.928881454467773438e+01 -2.335344696044921875e+01
she4 1.254251098632812500e+01 3.799283266067504883e+00 2.873266029357910156e+01 2.507397651672363281e+01 6.050259113311767578e+00 4.439468085765838623e-01 -5.843819141387939453e+00 -1.520330429077148438e+01 -2.504846572875976562e+01 -1.374063873291015625e+01
