gu4 4.049274826049804688e+01 3.806718063354492188e+01 4.635968017578125000e+01 3.925760269165039062e+01 3.186472702026367188e+01 3.622086715698242188e+01 3.432952117919921875e+01 2.660206794738769531e+01 6.324723720550537109e+00 1.112997245788574219e+01
ke4 8.432358741760253906e+00 4.037144660949707031e+00 2.121977615356445312e+01 1.851665687561035156e+01 1.718402290344238281e+01 3.852992630004882812e+01 4.945252609252929688e+01 4.611631774902343750e+01 2.011063003540039062e+01 2.265300750732421875e+01
men5 4.789933204650878906e+00 -1.687637710571289062e+01 -6.790900707244873047e+00 -2.543862915039062500e+01 -4.921157836914062500e+01 -4.499274444580078125e+01 -4.101115036010742188e+01 -3.996749114990234375e+01 -4.995697784423828125e+01 -3.494783020019531250e+01
quan2 -2.535137939453125000e+01 -2.738015937805175781e+01 -1.308007717132568359e+01 -1.706752777099609375e+01 -3.276879501342773438e+01 -2.883551597595214844e+01 -1.749292373657226562e+01 -1.544487285614013672e+01 -1.553593921661376953e+01 4.084836483001708984e+00
dou1 1.877791976928710938e+01 1.188192272186279297e+01 2.552280426025390625e+01 1.708950805664062500e+01 -3.871951341629028320e+00 8.386113047599792480e-01 7.759202957153320312e+00 7.617230415344238281e+00 7.851840972900390625e+00 2.030310821533203125e+01
qi1 1.189574623107910156e+01 7.814200878143310547e+00 2.774223136901855469e+01 2.262518501281738281e+01 8.214234352111816406e+00 2.008303260803222656e+01 3.106938362121582031e+01 3.613811492919921875e+01 4.011170959472656250e+01 5.209919738769531250e+01
zui3 4.676013565063476562e+01 3.442486572265625000e+01 3.743341064453125000e+01 1.775783348083496094e+01 -1.480370426177978516e+01 -2.376753807067871094e+01 -2.197725486755371094e+01 -1.845295143127441406e+01 -3.095719909667968750e+01 -1.651271247863769531e+01
ba1 -4.514439105987548828e+00 -7.328087329864501953e+00 1.486771774291992188e+01 1.705866432189941406e+01 5.892443180084228516e+00 2.120407867431640625e+01 3.528048706054687500e+01 3.906224441528320312e+01 4.575283432006835938e+01 6.009450531005859375e+01
she2 6.625715637207031250e+01 5.935070419311523438e+01 6.871575927734375000e+01 4.685620880126953125e+01 1.539386558532714844e+01 -1.965927481651306152e+00 -6.477656364440917969e+00 -1.223621368408203125e+01 -2.659412574768066406e+01 -1.751437187194824219e+01
de5 6.101949214935302734e+00 -1.647497296333312988e+00 8.034477233886718750e+00 7.137081027030944824e-02 -2.896833038330078125e+01 -3.194138145446777344e+01 -2.643254661560058594e+01 -3.292273712158203125e+01 -3.696084594726562500e+01 -2.098557853698730469e+01
wen4 -5.847609519958496094e+00 -7.846079826354980469e+00 5.348535537719726562e+00 2.797009229660034180e+00 -4.046674251556396484e+00 2.444571971893310547e+00 5.309999942779541016e+00 3.639730513095855713e-01 -1.562166309356689453e+01 -1.171478843688964844e+01
shou4 -2.432801008224487305e+00 -1.264659976959228516e+01 -2.373166084289550781e+00 -1.630856704711914062e+01 -3.345858001708984375e+01 -2.615891265869140625e+01 -2.605634689331054688e+01 -2.153711318969726562e+01 -3.479225540161132812e+01 -2.302734184265136719e+01
huo4 -1.020730400085449219e+01 -1.248782157897949219e+01 6.307727336883544922e+00 1.920190572738647461e+00 5.393722534179687500e+00 2.574139404296875000e+01 3.832677841186523438e+01 3.737646102905273438e+01 1.267173862457275391e+01 7.252679347991943359e+00
yuan2 -6.233970165252685547e+00 -1.569915771484375000e+01 2.521717071533203125e+00 -1.274692344665527344e+01 -3.138485717773437500e+01 -1.297744274139404297e+01 -1.076450157165527344e+01 -5.256596088409423828e+00 1.899274110794067383e+00 1.432275390625000000e+01
