bing4 4.208461761474609375e+01 4.034399795532226562e+01 5.619646835327148438e+01 4.867432403564453125e+01 3.361623001098632812e+01 3.646466827392578125e+01 3.953791427612304688e+01 3.924873733520507812e+01 1.354159259796142578e+01 2.243012619018554688e+01
fa1 1.455265045166015625e+00 -2.137860298156738281e+00 1.372158050537109375e+01 1.002021694183349609e+01 -7.131974697113037109e+00 4.545242786407470703e+00 1.298371410369873047e+01 1.763857650756835938e+01 1.744990921020507812e+01 3.377552032470703125e+01
biao3 3.880213546752929688e+01 2.984004020690917969e+01 3.533014678955078125e+01 2.086563682556152344e+01 -9.377556800842285156e+00 -1.602978134155273438e+01 -1.990727615356445312e+01 -2.305082130432128906e+01 -4.074760055541992188e+01 -3.150143241882324219e+01
le5 -2.140324974060058594e+01 -2.927945709228515625e+01 -1.997595977783203125e+01 -3.148469543457031250e+01 -5.052416610717773438e+01 -4.117558288574218750e+01 -3.106834602355957031e+01 -2.808121681213378906e+01 -2.990270233154296875e+01 -1.318869400024414062e+01
zhang1 -1.581752538681030273e+00 -3.507253646850585938e+00 1.998492431640625000e+01 2.224222946166992188e+01 8.571026802062988281e+00 2.319940376281738281e+01 3.486294555664062500e+01 3.852405166625976562e+01 4.041711425781250000e+01 5.742283630371093750e+01
wei3 5.768646240234375000e+01 4.761537933349609375e+01 5.782767486572265625e+01 4.952897262573242188e+01 2.014628410339355469e+01 9.644000053405761719e+00 1.120314502716064453e+01 9.082871437072753906e+00 -1.082191658020019531e+01 -2.109510660171508789e+00
wai4 2.588253784179687500e+01 2.400930023193359375e+01 4.764046096801757812e+01 5.960177993774414062e+01 4.885580444335937500e+01 5.462765502929687500e+01 5.332232666015625000e+01 3.247181701660156250e+01 5.185121536254882812e+00 4.714013576507568359e+00
sheng3 -1.830107498168945312e+01 -2.039937210083007812e+01 -1.366015148162841797e+01 -1.991215324401855469e+01 -3.915089797973632812e+01 -2.777470779418945312e+01 -2.735438919067382812e+01 -3.078487586975097656e+01 -3.801688385009765625e+01 -2.237045288085937500e+01
shu1 -5.007418155670166016e+00 -5.232393264770507812e+00 1.856034088134765625e+01 8.347805976867675781e+00 -7.212156772613525391e+00 2.039475440979003906e+00 1.585964393615722656e+01 2.037054824829101562e+01 1.921084403991699219e+01 1.838312149047851562e+01
lei4 2.935334968566894531e+01 3.286703109741210938e+01 4.941868209838867188e+01 4.660054016113281250e+01 4.309737777709960938e+01 4.316961669921875000e+01 5.012478637695312500e+01 3.329185485839843750e+01 1.272035408020019531e+01 1.249817466735839844e+01
tou4 1.655284500122070312e+01 3.806864500045776367e+00 9.633794784545898438e+00 4.302248001098632812e+00 -1.164719963073730469e+01 -7.845707893371582031e+00 -9.929544329643249512e-01 -4.663451671600341797e+00 -2.105288124084472656e+01 -1.365661907196044922e+01
zhi3 -3.216188430786132812e+01 -3.486457443237304688e+01 -2.401710319519042969e+01 -2.799535942077636719e+01 -4.097716140747070312e+01 -3.291156005859375000e+01 -2.560104370117187500e+01 -2.550484466552734375e+01 -3.492994308471679688e+01 -1.380515670776367188e+01
bei4 1.539340114593505859e+01 2.335069465637207031e+01 4.442527389526367188e+01 5.560640716552734375e+01 5.460941696166992188e+01 5.451215362548828125e+01 5.656842041015625000e+01 3.308157348632812500e+01 8.170953750610351562e+00 4.731933116912841797e+00
de5 -1.874811935424804688e+01 -2.889366340637207031e+01 -2.027176094055175781e+01 -3.298001480102539062e+01 -5.483226394653320312e+01 -4.578450012207031250e+01 -4.176945495605468750e+01 -4.261994934082031250e+01 -4.860307312011718750e+01 -2.888210105895996094e+01
chang2 -3.411040115356445312e+01 -3.612094116210937500e+01 -2.142221832275390625e+01 -2.738267707824707031e+01 -3.260820007324218750e+01 -4.142012405395507812e+01 -3.554860305786132812e+01 -2.826546287536621094e+01 -2.602897644042968750e+01 -6.862199783325195312e+00
wen2 3.291120529174804688e+01 2.079086303710937500e+01 3.296658325195312500e+01 2.050911903381347656e+01 2.342199802398681641e+00 9.631897926330566406e+00 1.365219402313232422e+01 1.708284759521484375e+01 2.012178421020507812e+01 2.988319778442382812e+01
