he2 2.506586647033691406e+01 2.336843109130859375e+01 3.905347442626953125e+01 3.812319946289062500e+01 2.547805404663085938e+01 3.054627227783203125e+01 3.611601257324218750e+01 4.018685150146484375e+01 4.152287673950195312e+01 5.542102432250976562e+01
lu3 4.152714538574218750e+01 3.324305343627929688e+01 5.227211380004882812e+01 4.047150802612304688e+01 2.636615943908691406e+01 1.465847301483154297e+01 6.688434600830078125e+00 -2.479982852935791016e+00 -2.741416931152343750e+01 -1.346051597595214844e+01
li4 2.795544147491455078e+00 -2.056519746780395508e+00 6.976912975311279297e+00 -8.170043945312500000e+00 -2.710713005065917969e+01 -4.286215972900390625e+01 -4.920933151245117188e+01 -4.808380889892578125e+01 -5.574236679077148438e+01 -3.888310241699218750e+01
cheng2 -3.237364578247070312e+01 -3.392691040039062500e+01 -1.527215003967285156e+01 -2.091266250610351562e+01 -3.742967605590820312e+01 -3.550781250000000000e+01 -2.588718032836914062e+01 -2.001776313781738281e+01 -2.343365669250488281e+01 -2.769973039627075195e+00
si1 1.658021736145019531e+01 4.474363803863525391e+00 2.395241165161132812e+01 9.336668014526367188e+00 -1.382516384124755859e+01 -9.409932136535644531e+00 5.071992874145507812e-01 -2.659247398376464844e+00 -7.947746515274047852e-01 1.782637214660644531e+01
wei1 1.949258613586425781e+01 1.210186195373535156e+01 3.537649917602539062e+01 2.397099494934082031e+01 8.340753555297851562e+00 1.454473209381103516e+01 2.581090545654296875e+01 2.979001617431640625e+01 3.077372169494628906e+01 4.693773651123046875e+01
xu3 4.264202117919921875e+01 3.129961967468261719e+01 4.116243743896484375e+01 2.721267509460449219e+01 -3.142882108688354492e+00 -1.229876995086669922e+01 -5.125472068786621094e+00 -8.564216613769531250e+00 -2.679181289672851562e+01 -7.833961963653564453e+00
jia1 5.552364349365234375e+00 2.453690052032470703e+00 2.475165748596191406e+01 2.257017707824707031e+01 9.815326690673828125e+00 1.943546676635742188e+01 3.161401939392089844e+01 3.590089035034179688e+01 4.027160263061523438e+01 5.861936187744140625e+01
lu4 6.219553756713867188e+01 5.868706130981445312e+01 6.571491241455078125e+01 5.613003158569335938e+01 2.776181411743164062e+01 1.788949584960937500e+01 1.659872245788574219e+01 1.083236217498779297e+01 -1.500718307495117188e+01 -4.159172534942626953e+00
jiang3 -1.770764732360839844e+01 -2.325390434265136719e+01 -6.893773078918457031e+00 -1.015805435180664062e+01 -2.498777008056640625e+01 -2.205203056335449219e+01 -2.039778137207031250e+01 -2.479141426086425781e+01 -3.545650863647460938e+01 -2.099546813964843750e+01
zheng4 1.729063987731933594e+01 1.870429801940917969e+01 3.403836822509765625e+01 3.753416061401367188e+01 2.954428100585937500e+01 3.356007766723632812e+01 3.525913238525390625e+01 2.013017463684082031e+01 -3.736084222793579102e+00 -1.273062586784362793e+00
hua2 -1.921789741516113281e+01 -2.835342025756835938e+01 -1.220320320129394531e+01 -2.158053588867187500e+01 -4.228893661499023438e+01 -4.102083206176757812e+01 -4.386507415771484375e+01 -4.205730056762695312e+01 -3.906089401245117188e+01 -1.544297790527343750e+01
wan4 4.546550750732421875e+01 4.247652435302734375e+01 5.458311080932617188e+01 4.982183456420898438e+01 4.410579299926757812e+01 4.318659973144531250e+01 4.156832885742187500e+01 2.433144187927246094e+01 -7.656445026397705078e+00 -9.236483573913574219e-01
guo2 -2.679240989685058594e+01 -3.225968551635742188e+01 -1.865746116638183594e+01 -3.235614776611328125e+01 -4.726341247558593750e+01 -4.284110260009765625e+01 -4.128134536743164062e+01 -3.566363143920898438e+01 -2.716825675964355469e+01 -1.702960491180419922e+00
quan2 9.429291725158691406e+00 3.381703853607177734e+00 8.513063430786132812e+00 -7.504205703735351562e+00 -3.674619293212890625e+01 -4.903974533081054688e+01 -4.611093902587890625e+01 -4.556082534790039062e+01 -5.553818130493164062e+01 -2.505787658691406250e+01
zhou1 4.049968719482421875e+01 3.179021835327148438e+01 4.373788070678710938e+01 3.963254165649414062e+01 2.254953193664550781e+01 2.785361289978027344e+01 4.214857101440429688e+01 4.438564300537109375e+01 4.475319671630859375e+01 5.541415786743164062e+01
tie3 5.751453018188476562e+01 4.953359222412109375e+01 5.944358062744140625e+01 5.077756500244140625e+01 2.399782371520996094e+01 9.017210006713867188e+00 7.056169986724853516e+00 -1.036030673980712891e+01 -3.137675476074218750e+01 -1.710281944274902344e+01
nong2 -2.911974334716796875e+01 -3.924717712402343750e+01 -2.585891723632812500e+01 -3.129307365417480469e+01 -4.578271102905273438e+01 -3.903778839111328125e+01 -3.816167068481445312e+01 -3.105862617492675781e+01 -3.021490287780761719e+01 -5.656490325927734375e+00
wang2 -6.131858825683593750e+00 -1.300882053375244141e+01 -3.932828187942504883e+00 -5.452841281890869141e+00 -1.949323272705078125e+01 -2.310670089721679688e+01 -1.230028247833251953e+01 2.224600553512573242e+00 8.698295593261718750e+00 3.818890762329101562e+01
wen2 9.586745262145996094e+00 8.654674530029296875e+00 1.459629154205322266e+01 -1.470004439353942871e+00 -1.861950683593750000e+01 -3.043341636657714844e+01 -2.380377388000488281e+01 -1.855890464782714844e+01 -1.377268218994140625e+01 5.201858997344970703e+00
yuan2 5.936309337615966797e+00 -1.126560926437377930e+00 6.052565574645996094e+00 -3.929324150085449219e+00 -2.744808387756347656e+01 -3.045592498779296875e+01 -2.636766624450683594e+01 -2.673422050476074219e+01 -3.246884918212890625e+01 -1.149675273895263672e+01
chu1 -4.669082641601562500e+00 -1.327723979949951172e+01 6.658591747283935547e+00 -7.413940906524658203e+00 -2.459461402893066406e+01 -2.025490379333496094e+01 -1.499152565002441406e+01 -9.376156806945800781e+00 -9.656295776367187500e+00 5.402895927429199219e+00
xi2 3.224727249145507812e+01 1.364761352539062500e+01 3.334719467163085938e+01 1.810696220397949219e+01 -1.050895690917968750e+01 -3.045006275177001953e+00 1.638646602630615234e+00 1.020760250091552734e+01 1.738134956359863281e+01 1.995884132385253906e+01
