ka3 1.829532241821289062e+01 1.458690834045410156e+01 2.807147407531738281e+01 2.398939704895019531e+01 7.194903373718261719e+00 1.268879032135009766e+01 1.107162952423095703e+01 3.596318483352661133e+00 -9.939535140991210938e+00 5.856717586517333984e+00
nuo4 4.301332092285156250e+01 4.792859268188476562e+01 6.741188812255859375e+01 7.135234069824218750e+01 5.562295532226562500e+01 5.736291503906250000e+01 6.193994522094726562e+01 4.305789184570312500e+01 2.196620559692382812e+01 1.990821266174316406e+01
ye3 -2.091874033212661743e-01 -1.450600337982177734e+01 -1.477498054504394531e+00 -8.179064750671386719e+00 -2.808107566833496094e+01 -2.395206260681152344e+01 -2.570711708068847656e+01 -2.264810562133789062e+01 -3.545225906372070312e+01 -2.250819206237792969e+01
ceng2 -2.948107528686523438e+01 -3.557376098632812500e+01 -1.450354766845703125e+01 -2.337635231018066406e+01 -3.963887023925781250e+01 -4.525021362304687500e+01 -4.194340133666992188e+01 -3.617803192138671875e+01 -2.745575714111328125e+01 -8.538095474243164062e+00
ju3 -5.047115802764892578e+00 -1.954026699066162109e+00 1.450848102569580078e+01 1.112701988220214844e+01 -3.050822257995605469e+00 -9.762821197509765625e-01 -3.176748752593994141e+00 -1.028474712371826172e+01 -3.482837677001953125e+01 -2.809507751464843750e+01
xing2 -3.166979408264160156e+01 -3.974004745483398438e+01 -2.217368888854980469e+01 -3.615180969238281250e+01 -4.995477676391601562e+01 -5.229859161376953125e+01 -4.540364074707031250e+01 -4.471746444702148438e+01 -4.699880599975585938e+01 -2.597480773925781250e+01
guo5 -1.071718502044677734e+01 -7.023278713226318359e+00 7.457192897796630859e+00 -6.201747417449951172e+00 -2.892766380310058594e+01 -3.746149826049804688e+01 -3.369198226928710938e+01 -3.800775909423828125e+01 -4.580239105224609375e+01 -3.200244140625000000e+01
fan3 -2.567928504943847656e+01 -3.235408401489257812e+01 -1.366828060150146484e+01 -1.086905002593994141e+01 -1.799291992187500000e+01 -5.648245334625244141e+00 -6.093710660934448242e-02 4.419972419738769531e+00 -6.527318000793457031e+00 6.997839450836181641e+00
mei3 2.996474504470825195e-01 -6.181591987609863281e+00 1.070647144317626953e+01 1.038043117523193359e+01 -7.505559444427490234e+00 -9.217501878738403320e-01 -1.029889106750488281e+00 -1.046594715118408203e+01 -2.752657318115234375e+01 -2.137595176696777344e+01
you2 -2.309179306030273438e+01 -3.386551284790039062e+01 -1.446006774902343750e+01 -2.229973220825195312e+01 -3.867780685424804688e+01 -4.107614135742187500e+01 -3.596937942504882812e+01 -2.426794433593750000e+01 -2.385757255554199219e+01 -5.016690254211425781e+00
xing2 3.336878204345703125e+01 1.774008560180664062e+01 3.733556365966796875e+01 2.019717216491699219e+01 -7.580169677734375000e+00 -4.447617530822753906e+00 -5.216670036315917969e+00 -4.142508506774902344e+00 -1.452261686325073242e+00 1.055757999420166016e+01
