jin1 2.520814514160156250e+01 2.126854896545410156e+01 4.103517532348632812e+01 3.441653060913085938e+01 2.236199951171875000e+01 2.574145889282226562e+01 3.574487304687500000e+01 3.953670883178710938e+01 4.114442825317382812e+01 5.244777297973632812e+01
ding3 5.278461456298828125e+01 3.955642318725585938e+01 4.758731079101562500e+01 2.631959533691406250e+01 -6.337355613708496094e+00 -1.706633186340332031e+01 -1.973121833801269531e+01 -2.843431472778320312e+01 -3.925052261352539062e+01 -2.135738754272460938e+01
cheng2 -2.680410003662109375e+01 -3.131697845458984375e+01 -1.249512672424316406e+01 -1.995525169372558594e+01 -3.665541839599609375e+01 -3.386901092529296875e+01 -2.721628379821777344e+01 -2.378263092041015625e+01 -2.675845909118652344e+01 -5.476231575012207031e+00
gong1 1.898372840881347656e+01 1.275626468658447266e+01 3.092929649353027344e+01 2.369114112854003906e+01 5.214016437530517578e+00 7.018646240234375000e+00 1.800298309326171875e+01 1.648742103576660156e+01 1.681286239624023438e+01 3.032873153686523438e+01
si1 2.559454154968261719e+01 1.822975349426269531e+01 3.201929473876953125e+01 1.854455184936523438e+01 -1.635604262351989746e+00 2.668921947479248047e+00 1.043850135803222656e+01 1.459358692169189453e+01 1.789174461364746094e+01 3.369873809814453125e+01
dong3 3.160023307800292969e+01 1.869228363037109375e+01 2.794096946716308594e+01 2.357367706298828125e+01 -2.473368883132934570e+00 -3.774103641510009766e+00 -2.774220705032348633e-02 -1.068461298942565918e+00 -1.980504608154296875e+01 -7.116744518280029297e+00
shi4 -4.258899688720703125e+00 -4.979578495025634766e+00 3.560083508491516113e-01 -8.355929374694824219e+00 -2.085585021972656250e+01 -6.272698879241943359e+00 -7.068545818328857422e+00 -1.166651153564453125e+01 -1.825963401794433594e+01 -6.733693122863769531e+00
zhang3 -2.226048088073730469e+01 -3.139384269714355469e+01 -1.582071304321289062e+01 -1.969337081909179688e+01 -3.673525619506835938e+01 -3.081111717224121094e+01 -2.475571632385253906e+01 -2.363632583618164062e+01 -3.393766403198242188e+01 -1.499485874176025391e+01
han2 -3.378582000732421875e+01 -3.706503295898437500e+01 -1.667686462402343750e+01 -2.163847351074218750e+01 -3.352119064331054688e+01 -4.233507537841796875e+01 -2.723252296447753906e+01 -1.635394096374511719e+01 -1.291762447357177734e+01 1.334992027282714844e+01
hui4 4.065880966186523438e+01 3.787130737304687500e+01 5.795419311523437500e+01 6.032979202270507812e+01 4.589207077026367188e+01 4.436740112304687500e+01 3.814763259887695312e+01 2.683167457580566406e+01 -2.504693984985351562e+00 2.728317260742187500e+00
shan1 -7.297685623168945312e+00 -4.653340816497802734e+00 1.966745758056640625e+01 1.701129341125488281e+01 4.740375995635986328e+00 1.083712196350097656e+01 2.570576667785644531e+01 3.015564918518066406e+01 3.346475601196289062e+01 3.950470352172851562e+01
ji2 -9.031521797180175781e+00 -1.722766876220703125e+01 2.013524055480957031e+00 -8.830241203308105469e+00 -2.631497764587402344e+01 -2.798088455200195312e+01 -2.477068328857421875e+01 -1.667014503479003906e+01 -1.329067707061767578e+01 6.910452365875244141e+00
yuan2 -1.165137410163879395e+00 -9.036713600158691406e+00 -4.485877156257629395e-01 -1.299213600158691406e+01 -3.559168243408203125e+01 -3.759010696411132812e+01 -3.373216629028320312e+01 -2.539139175415039062e+01 -2.841171073913574219e+01 -3.878199100494384766e+00
gong1 3.142679786682128906e+01 2.157829284667968750e+01 4.224105453491210938e+01 3.408646011352539062e+01 1.583918094635009766e+01 2.331712150573730469e+01 3.095162773132324219e+01 3.526608276367187500e+01 3.531681060791015625e+01 4.863507461547851562e+01
dai4 6.902904510498046875e+01 6.292882156372070312e+01 7.137450408935546875e+01 6.190538787841796875e+01 3.788090896606445312e+01 3.541694259643554688e+01 2.646884918212890625e+01 1.632803535461425781e+01 -3.193332672119140625e+00 1.668315976858139038e-01
biao3 -2.094066810607910156e+01 -2.709933471679687500e+01 -9.992515563964843750e+00 -1.325305938720703125e+01 -3.052230644226074219e+01 -2.364888954162597656e+01 -2.086416816711425781e+01 -2.218784141540527344e+01 -3.491270446777343750e+01 -2.013396835327148438e+01
lai2 -2.654858779907226562e+01 -3.464517974853515625e+01 -2.265640068054199219e+01 -2.869298934936523438e+01 -4.398878097534179688e+01 -4.443011856079101562e+01 -3.999045562744140625e+01 -3.517755126953125000e+01 -4.230922698974609375e+01 -2.081728553771972656e+01
dao4 -5.223870754241943359e+00 -1.276133346557617188e+01 -1.439204454421997070e+00 -1.268513870239257812e+01 -3.711761856079101562e+01 -3.984289550781250000e+01 -3.710792541503906250e+01 -3.901958084106445312e+01 -4.991603088378906250e+01 -2.868289756774902344e+01
zhou1 -2.213304328918457031e+01 -2.366320610046386719e+01 -5.974741935729980469e+00 -7.474757194519042969e+00 -1.590707492828369141e+01 -4.840129375457763672e+00 6.039126873016357422e+00 1.644099235534667969e+01 1.904120254516601562e+01 2.839771270751953125e+01
jia1 4.020273590087890625e+01 2.934047508239746094e+01 5.395855331420898438e+01 3.949209213256835938e+01 2.095188331604003906e+01 2.691342926025390625e+01 3.020334625244140625e+01 4.150127410888671875e+01 4.345359802246093750e+01 5.014653778076171875e+01
