ke2 -5.497986674308776855e-01 -2.443152189254760742e+00 1.884601974487304688e+01 9.899978637695312500e+00 -4.069625139236450195e-01 1.592367362976074219e+01 2.428675651550292969e+01 3.023047256469726562e+01 2.971589088439941406e+01 3.864298248291015625e+01
yi3 4.477890396118164062e+01 3.991781616210937500e+01 5.381877899169921875e+01 4.621591949462890625e+01 2.065595436096191406e+01 1.479015827178955078e+01 1.927325439453125000e+01 9.027526855468750000e+00 -8.577402114868164062e+00 6.571574687957763672e+00
bang1 5.274086952209472656e+00 5.342204093933105469e+00 2.527137756347656250e+01 2.748497200012207031e+01 1.472853088378906250e+01 2.852256584167480469e+01 4.106809234619140625e+01 4.576892089843750000e+01 4.750524902343750000e+01 6.064598083496093750e+01
ni2 5.841852188110351562e+01 4.280443954467773438e+01 4.936001586914062500e+01 2.091592216491699219e+01 -1.350723361968994141e+01 -2.533556175231933594e+01 -2.697809219360351562e+01 -2.850740814208984375e+01 -3.347956466674804688e+01 -1.317882061004638672e+01
zhao3 -1.417073154449462891e+01 -2.162541198730468750e+01 -7.186376571655273438e+00 -7.203567028045654297e+00 -2.054473114013671875e+01 -1.501498126983642578e+01 -8.161870956420898438e+00 -1.400647163391113281e+01 -2.710245132446289062e+01 -1.283753204345703125e+01
dao4 2.641273975372314453e+00 -1.020258331298828125e+01 6.087287068367004395e-01 -1.698851966857910156e+01 -3.919419097900390625e+01 -4.373793029785156250e+01 -3.386814880371093750e+01 -3.655434417724609375e+01 -3.634612274169921875e+01 -1.573714065551757812e+01
shu3 -2.265915298461914062e+01 -2.408820533752441406e+01 -6.442830085754394531e+00 -3.147073686122894287e-01 -1.505378532409667969e+01 4.904849529266357422e+00 7.808927059173583984e+00 8.539791107177734375e-01 -1.784255599975585938e+01 -1.070152473449707031e+01
yu2 -2.070968437194824219e+01 -3.028487968444824219e+01 -1.371174430847167969e+01 -2.745236015319824219e+01 -4.326160430908203125e+01 -4.673839569091796875e+01 -4.191353988647460938e+01 -3.895656967163085938e+01 -3.541750717163085938e+01 -1.318555641174316406e+01
zi4 1.558825874328613281e+01 1.986946105957031250e+01 3.895859146118164062e+01 4.902524566650390625e+01 4.339409637451171875e+01 6.696817779541015625e+01 7.186480712890625000e+01 7.053869628906250000e+01 4.295980072021484375e+01 4.229539871215820312e+01
ji3 1.589164733886718750e+01 5.884238243103027344e+00 1.232331848144531250e+01 4.003066539764404297e+00 -2.245278549194335938e+01 -2.261631774902343750e+01 -1.681543540954589844e+01 -1.799976921081542969e+01 -3.141787147521972656e+01 -1.715359687805175781e+01
pi2 -2.226190567016601562e+01 -3.013010978698730469e+01 -9.420606613159179688e+00 -1.917877578735351562e+01 -3.527927398681640625e+01 -3.369030380249023438e+01 -2.132577896118164062e+01 -2.209086799621582031e+01 -1.999455833435058594e+01 -4.277904987335205078e+00
fu1 2.483153152465820312e+01 2.363256072998046875e+01 3.869525909423828125e+01 2.876955032348632812e+01 1.229305553436279297e+01 1.402432918548583984e+01 2.257229804992675781e+01 2.316584205627441406e+01 2.257534217834472656e+01 4.076185989379882812e+01
shu3 4.782789611816406250e+01 3.983555221557617188e+01 4.822785186767578125e+01 4.214258956909179688e+01 2.140093994140625000e+01 9.984011650085449219e+00 7.689680576324462891e+00 -1.650070786476135254e+00 -2.363418579101562500e+01 -1.887137985229492188e+01
xing4 -5.317551136016845703e+00 -1.397289180755615234e+01 -4.353813529014587402e-01 -9.462979316711425781e+00 -8.811646461486816406e+00 -2.915462017059326172e+00 4.007448673248291016e+00 -5.609810352325439453e+00 -1.887291336059570312e+01 -1.999777221679687500e+01
de5 -2.553437042236328125e+01 -3.611083602905273438e+01 -2.687402534484863281e+01 -3.663456344604492188e+01 -5.625413131713867188e+01 -4.709080505371093750e+01 -4.184271240234375000e+01 -4.095074462890625000e+01 -4.162055206298828125e+01 -2.318281364440917969e+01
ji4 2.007207489013671875e+01 1.717199897766113281e+01 2.762058639526367188e+01 3.006909751892089844e+01 2.305981254577636719e+01 2.077941894531250000e+01 2.532770156860351562e+01 1.499845409393310547e+01 -6.692328453063964844e+00 -1.295045566558837891e+01
xing2 3.770058870315551758e+00 -1.107007884979248047e+01 9.976999282836914062e+00 -3.466264009475708008e+00 -1.779065513610839844e+01 -8.214076042175292969e+00 -1.570764541625976562e+00 7.488067626953125000e+00 9.973035812377929688e+00 2.465266036987304688e+01
