er4 2.747105789184570312e+01 2.352050399780273438e+01 3.868756103515625000e+01 3.278975677490234375e+01 2.871778297424316406e+01 3.353790664672851562e+01 4.680675125122070312e+01 3.833243179321289062e+01 1.451581764221191406e+01 1.366271400451660156e+01
shi2 9.704851508140563965e-01 -9.296950340270996094e+00 4.058108329772949219e+00 -5.918142318725585938e+00 -2.042403221130371094e+01 -1.098317241668701172e+01 5.730619907379150391e+00 5.281538963317871094e+00 -1.774793028831481934e+00 1.982306861877441406e+01
sui4 3.677500915527343750e+01 3.231756210327148438e+01 5.030168914794921875e+01 3.765442657470703125e+01 2.392754364013671875e+01 1.194578266143798828e+01 1.502878665924072266e+01 5.678355693817138672e+00 -1.310098266601562500e+01 -1.153355407714843750e+01
de5 -2.026510429382324219e+01 -2.668717575073242188e+01 -1.655457878112792969e+01 -2.621587371826171875e+01 -4.521035003662109375e+01 -3.811766433715820312e+01 -2.460750961303710938e+01 -2.302505874633789062e+01 -2.476311874389648438e+01 -7.604354381561279297e+00
qiu1 -2.873636484146118164e+00 -3.230604171752929688e+00 1.916816139221191406e+01 2.113312911987304688e+01 9.289336204528808594e+00 2.533058738708496094e+01 3.654198074340820312e+01 4.256747436523437500e+01 4.605669021606445312e+01 6.270039749145507812e+01
jun4 6.881391143798828125e+01 6.558766937255859375e+01 7.391629791259765625e+01 6.565956115722656250e+01 4.759635925292968750e+01 4.254121398925781250e+01 3.987350463867187500e+01 2.648439025878906250e+01 3.005585432052612305e+00 1.321660399436950684e+00
xian2 -1.763927268981933594e+01 -2.574319267272949219e+01 -1.551422500610351562e+01 -2.479034423828125000e+01 -4.408686065673828125e+01 -4.042696380615234375e+01 -3.637643051147460938e+01 -3.362089157104492188e+01 -3.220068740844726562e+01 -3.582983732223510742e+00
zhang4 8.896388053894042969e+00 8.455240249633789062e+00 2.316293907165527344e+01 2.201333999633789062e+01 -5.098957538604736328e+00 -1.156145572662353516e+01 -1.724575424194335938e+01 -3.363679504394531250e+01 -4.398610687255859375e+01 -2.914815521240234375e+01
er4 -2.296875238418579102e+00 -7.325202465057373047e+00 1.775429534912109375e+01 1.159462738037109375e+01 1.547594428062438965e+00 2.570561885833740234e+00 1.107233047485351562e+00 3.095813274383544922e+00 -2.061337852478027344e+01 -9.137263298034667969e+00
he2 -4.530025482177734375e+00 -1.108122444152832031e+01 4.821177124977111816e-01 -9.558925628662109375e+00 -4.289136886596679688e+01 -3.769338226318359375e+01 -3.257488632202148438e+01 -3.250578689575195312e+01 -3.286691665649414062e+01 -1.332442188262939453e+01
shang5 1.876237297058105469e+01 1.679231643676757812e+01 4.103420639038085938e+01 4.894277191162109375e+01 5.022367095947265625e+01 6.258744430541992188e+01 6.486283874511718750e+01 5.875221633911132812e+01 3.181456756591796875e+01 2.574064064025878906e+01
mo1 -5.403674125671386719e+00 -8.280155181884765625e+00 5.751449108123779297e+00 -4.535673618316650391e+00 -2.283656501770019531e+01 -1.390635108947753906e+01 -1.037349224090576172e+00 4.251179218292236328e+00 6.425237178802490234e+00 2.542376708984375000e+01
bu4 2.720551109313964844e+01 2.649471473693847656e+01 3.939167022705078125e+01 3.613777160644531250e+01 2.363578033447265625e+01 2.535333251953125000e+01 2.348674964904785156e+01 1.822642707824707031e+01 -7.797852754592895508e-01 5.705734491348266602e-01
zhao2 -2.986706352233886719e+01 -3.399819183349609375e+01 -1.782788848876953125e+01 -2.671513557434082031e+01 -4.265715026855468750e+01 -3.761754608154296875e+01 -3.337750625610351562e+01 -2.697857856750488281e+01 -2.882445335388183594e+01 -6.245213508605957031e+00
tou2 1.370917320251464844e+01 1.176168251037597656e+01 2.197762680053710938e+01 9.387885093688964844e+00 -1.413403415679931641e+01 -2.229302978515625000e+01 -2.229566001892089844e+01 -1.500559234619140625e+01 -1.556038570404052734e+01 -4.443644046783447266e+00
nao3 1.714463806152343750e+01 8.940649032592773438e+00 2.983579254150390625e+01 2.937698554992675781e+01 4.175915718078613281e+00 3.075134277343750000e+00 3.473618030548095703e-01 -1.000079512596130371e-02 -1.061370944976806641e+01 -4.904577255249023438e+00
