yi4 3.114749717712402344e+01 3.354378128051757812e+01 5.138587951660156250e+01 4.824362945556640625e+01 3.830284500122070312e+01 4.213101577758789062e+01 3.856651687622070312e+01 3.388953018188476562e+01 4.089439868927001953e+00 1.359159755706787109e+01
qi3 -7.901184558868408203e+00 -1.907985687255859375e+01 -8.517241477966308594e+00 -1.076658248901367188e+01 -2.784934043884277344e+01 -2.337914276123046875e+01 -1.610236740112304688e+01 -1.575224018096923828e+01 -2.186975669860839844e+01 -5.390158653259277344e+00
mie4 3.384707260131835938e+01 3.168401718139648438e+01 5.291965866088867188e+01 5.251646423339843750e+01 5.016267013549804688e+01 5.883093643188476562e+01 6.351214218139648438e+01 5.897075271606445312e+01 3.089498519897460938e+01 2.902642631530761719e+01
jue2 -9.224360466003417969e+00 -1.848111343383789062e+01 -7.938340663909912109e+00 -1.574197196960449219e+01 -3.882323837280273438e+01 -3.870465850830078125e+01 -3.608557510375976562e+01 -3.280246353149414062e+01 -3.585738372802734375e+01 -1.759778594970703125e+01
ren2 -8.333826065063476562e+00 -1.464991855621337891e+01 1.048310518264770508e+00 -1.196201038360595703e+01 -2.973311042785644531e+01 -3.988375473022460938e+01 -3.381059646606445312e+01 -2.977232551574707031e+01 -3.504260635375976562e+01 -1.523765659332275391e+01
xing4 1.370359516143798828e+01 1.474595260620117188e+01 2.808823776245117188e+01 2.663864898681640625e+01 1.314163398742675781e+01 1.098432254791259766e+01 6.903359889984130859e+00 1.928285598754882812e+00 -2.110105705261230469e+01 -1.825151062011718750e+01
de5 -2.302475357055664062e+01 -3.322484970092773438e+01 -2.286813354492187500e+01 -3.321111679077148438e+01 -5.089582824707031250e+01 -4.377619171142578125e+01 -3.102906036376953125e+01 -3.006929206848144531e+01 -3.428934097290039062e+01 -1.575666809082031250e+01
pao1 -6.137058734893798828e+00 -6.494014739990234375e+00 1.350198268890380859e+01 1.304952526092529297e+01 3.963360071182250977e+00 1.634010696411132812e+01 3.144153594970703125e+01 3.572503662109375000e+01 4.057440948486328125e+01 5.077250671386718750e+01
shi1 4.496126174926757812e+01 3.898147583007812500e+01 4.981124877929687500e+01 3.420373153686523438e+01 1.233374500274658203e+01 1.565812683105468750e+01 2.190401649475097656e+01 3.067187500000000000e+01 3.160046005249023438e+01 4.442705154418945312e+01
mie4 4.575887298583984375e+01 3.803688049316406250e+01 4.954105377197265625e+01 4.080132675170898438e+01 1.576973628997802734e+01 7.671312808990478516e+00 4.602513790130615234e+00 -5.739855766296386719e-01 -1.736137008666992188e+01 -1.046026134490966797e+01
ji1 -1.055720043182373047e+01 -1.644772148132324219e+01 -4.001980781555175781e+00 -1.535486316680908203e+01 -3.765580749511718750e+01 -3.231598281860351562e+01 -2.572870445251464844e+01 -2.208826446533203125e+01 -1.954007339477539062e+01 -2.024526596069335938e+00
nao4 2.182084846496582031e+01 2.295678710937500000e+01 4.316753005981445312e+01 4.782040405273437500e+01 3.634179687500000000e+01 3.886301803588867188e+01 3.714332962036132812e+01 3.193247413635253906e+01 8.809376716613769531e+00 6.734526634216308594e+00
ju4 9.776924133300781250e+00 -3.018715381622314453e+00 1.737265014648437500e+01 1.221260261535644531e+01 -7.779214859008789062e+00 -6.720824718475341797e+00 -1.947895050048828125e+01 -2.347273635864257812e+01 -2.830484580993652344e+01 -1.930345726013183594e+01
