du2 3.458354473114013672e+00 -3.599593162536621094e+00 1.148378753662109375e+01 8.155495643615722656e+00 -5.742211341857910156e+00 5.728574752807617188e+00 1.284338760375976562e+01 9.935007095336914062e+00 9.552390098571777344e+00 2.143734169006347656e+01
guo5 5.015679550170898438e+01 4.844243621826171875e+01 7.089223480224609375e+01 6.377415847778320312e+01 4.629810714721679688e+01 3.820776748657226562e+01 4.055664062500000000e+01 3.621119689941406250e+01 1.378819942474365234e+01 1.912079811096191406e+01
mei3 -8.122626304626464844e+00 -2.066122055053710938e+01 -1.634286165237426758e+00 -8.953203201293945312e+00 -2.458502006530761719e+01 -2.280226516723632812e+01 -2.281615829467773438e+01 -2.633259582519531250e+01 -3.681798934936523438e+01 -1.908984565734863281e+01
guo2 -2.618897247314453125e+01 -2.896505546569824219e+01 -1.574306488037109375e+01 -2.371845054626464844e+01 -3.350084686279296875e+01 -4.146578979492187500e+01 -3.316508865356445312e+01 -2.093205833435058594e+01 -1.578947830200195312e+01 7.630799770355224609e+00
zuo4 2.894849205017089844e+01 3.060931968688964844e+01 4.819707489013671875e+01 4.811777114868164062e+01 3.088677215576171875e+01 2.790257453918457031e+01 2.142628669738769531e+01 8.923976898193359375e+00 -1.309699535369873047e+01 -5.238327026367187500e+00
jia1 -9.776309967041015625e+00 -1.202929115295410156e+01 2.545209407806396484e+00 -7.660110473632812500e+00 -2.493282127380371094e+01 -1.783593940734863281e+01 -9.727779388427734375e+00 -5.013724803924560547e+00 -3.248304367065429688e+00 1.038714694976806641e+01
tuo1 2.330389976501464844e+01 1.507678413391113281e+01 3.182760238647460938e+01 2.464761734008789062e+01 5.953083992004394531e+00 1.978190612792968750e+01 3.082799530029296875e+01 3.125323295593261719e+01 3.926546859741210938e+01 4.870614624023437500e+01
ma3 5.571317672729492188e+01 4.275123214721679688e+01 5.012721633911132812e+01 3.549487686157226562e+01 5.323565959930419922e+00 -2.289306163787841797e+00 -5.324720382690429688e+00 -9.120220184326171875e+00 -2.149071693420410156e+01 -9.147249221801757812e+00
si1 -2.159373283386230469e+00 -9.051466941833496094e+00 7.286900043487548828e+00 5.215496063232421875e+00 -1.971708679199218750e+01 -5.013443946838378906e+00 2.077389001846313477e+00 5.468295097351074219e+00 5.600286006927490234e+00 2.267945480346679688e+01
wo4 5.056121444702148438e+01 3.931000137329101562e+01 5.613173294067382812e+01 4.542666625976562500e+01 2.064864921569824219e+01 2.616510009765625000e+01 1.989252853393554688e+01 2.476929855346679688e+01 1.646885681152343750e+01 2.088008117675781250e+01
er3 4.794434070587158203e+00 -7.930646896362304688e+00 1.165856957435607910e+00 -1.237998104095458984e+01 -4.058332824707031250e+01 -4.034695434570312500e+01 -3.702434539794921875e+01 -3.345930862426757812e+01 -4.040955352783203125e+01 -2.136857223510742188e+01
fu1 -1.512968921661376953e+01 -2.201236343383789062e+01 -4.005227565765380859e+00 -3.939783334732055664e+00 -2.212446022033691406e+01 -1.340942573547363281e+01 -2.758755445480346680e+00 2.859544277191162109e+00 3.889845371246337891e+00 1.983212089538574219e+01
de5 1.861700248718261719e+01 5.200266838073730469e+00 1.330304527282714844e+01 2.857436418533325195e+00 -2.551280975341796875e+01 -2.403950691223144531e+01 -2.120194625854492188e+01 -1.992996597290039062e+01 -2.680477523803710938e+01 -9.482114791870117188e+00
yi4 -1.205273818969726562e+01 -1.414411163330078125e+01 2.885053455829620361e-01 3.362592756748199463e-01 2.437669336795806885e-01 7.930997848510742188e+00 1.536752033233642578e+01 5.486451625823974609e+00 -1.221911239624023438e+01 -8.617938995361328125e+00
pian1 -4.789353013038635254e-01 -1.155858612060546875e+01 5.786502361297607422e+00 -8.381688117980957031e+00 -2.926523208618164062e+01 -2.423097610473632812e+01 -2.024313545227050781e+01 -1.800711250305175781e+01 -1.485020160675048828e+01 -2.207761108875274658e-01
xiao3 1.291268157958984375e+01 1.275234317779541016e+01 2.572983360290527344e+01 2.567318153381347656e+01 1.414371395111083984e+01 1.702873802185058594e+01 1.523910713195800781e+01 1.145397090911865234e+01 -4.005778789520263672e+00 -4.283926963806152344e+00
shuo1 1.337304115295410156e+01 8.740021705627441406e+00 3.355551910400390625e+01 2.399496459960937500e+01 4.660130977630615234e+00 1.996640777587890625e+01 2.536775970458984375e+01 3.294361114501953125e+01 4.006314086914062500e+01 4.798529434204101562e+01
