kao4 2.373618125915527344e+01 1.834983444213867188e+01 3.365523910522460938e+01 2.101737594604492188e+01 3.195388317108154297e+00 1.167803478240966797e+01 1.742956924438476562e+01 2.439703369140625000e+01 1.150884246826171875e+01 1.902542686462402344e+01
qin2 -1.116130447387695312e+01 -1.520046234130859375e+01 2.441526412963867188e+00 -5.602318763732910156e+00 -2.652267074584960938e+01 -1.668198394775390625e+01 -8.776949882507324219e+00 1.211693954467773438e+01 2.340371894836425781e+01 5.027024459838867188e+01
xue2 6.111805343627929688e+01 5.073299789428710938e+01 6.892346954345703125e+01 5.587565231323242188e+01 3.050246810913085938e+01 2.070968627929687500e+01 2.227858924865722656e+01 2.634532356262207031e+01 1.776995658874511719e+01 3.366609954833984375e+01
ku3 1.483754730224609375e+01 3.152708768844604492e+00 1.925930023193359375e+01 5.582642078399658203e+00 -1.074020576477050781e+01 -1.704581069946289062e+01 -1.755086708068847656e+01 -1.483353996276855469e+01 -2.270785331726074219e+01 -8.138484001159667969e+00
gan4 1.181483268737792969e+01 1.778995323181152344e+01 3.892546844482421875e+01 3.258262634277343750e+01 2.030649566650390625e+01 9.343900680541992188e+00 7.294852256774902344e+00 -1.042192840576171875e+01 -3.275384521484375000e+01 -3.563491058349609375e+01
cheng2 -2.765230369567871094e+01 -3.613942337036132812e+01 -2.364004325866699219e+01 -2.281083869934082031e+01 -4.372481536865234375e+01 -4.351143264770507812e+01 -3.582408142089843750e+01 -3.444115447998046875e+01 -3.455632781982421875e+01 -1.196473312377929688e+01
zhang2 -1.284357261657714844e+01 -1.942554092407226562e+01 -2.866418600082397461e+00 -1.666436386108398438e+01 -3.843244934082031250e+01 -4.037744522094726562e+01 -3.746210098266601562e+01 -2.706940460205078125e+01 -1.858526229858398438e+01 9.587739944458007812e+00
qi3 7.258110523223876953e+00 7.030791759490966797e+00 2.091804122924804688e+01 1.739019775390625000e+01 1.486641049385070801e+00 7.283308506011962891e+00 6.674989223480224609e+00 3.791425228118896484e+00 -2.100317001342773438e+01 -1.406849575042724609e+01
lai2 -1.915917396545410156e+01 -2.838909530639648438e+01 -1.253565979003906250e+01 -2.941489982604980469e+01 -4.155236053466796875e+01 -4.977459716796875000e+01 -3.911682128906250000e+01 -3.835126876831054688e+01 -4.324164581298828125e+01 -2.798408508300781250e+01
de5 -1.257663249969482422e+01 -2.319530105590820312e+01 -1.359984016418457031e+01 -2.449487304687500000e+01 -4.201610565185546875e+01 -3.577965927124023438e+01 -2.615315628051757812e+01 -2.433742713928222656e+01 -3.113267517089843750e+01 -1.297864913940429688e+01
qing1 -2.108724355697631836e+00 -3.799700021743774414e+00 1.814533042907714844e+01 1.546579360961914062e+01 6.178231239318847656e+00 1.931355094909667969e+01 3.405384826660156250e+01 3.797166442871093750e+01 4.537120819091796875e+01 5.823496246337890625e+01
nian2 4.983566284179687500e+01 3.294552612304687500e+01 3.840456771850585938e+01 1.586969852447509766e+01 -1.245815658569335938e+01 -2.305305862426757812e+01 -2.243750953674316406e+01 -2.318891143798828125e+01 -2.836421203613281250e+01 -1.272323989868164062e+01
zhuan1 -5.509000420570373535e-01 -2.239382982254028320e+00 1.511974620819091797e+01 1.197982215881347656e+01 3.640479326248168945e+00 1.529613876342773438e+01 2.667388916015625000e+01 3.201227188110351562e+01 3.745671081542968750e+01 4.558108901977539062e+01
jia1 4.466815948486328125e+01 3.476163482666015625e+01 5.654168319702148438e+01 3.917821502685546875e+01 1.943816947937011719e+01 2.471997451782226562e+01 2.622113990783691406e+01 4.020135116577148438e+01 4.124779510498046875e+01 4.925093841552734375e+01
