zheng3 1.000185966491699219e+01 4.240687847137451172e+00 1.879851341247558594e+01 1.591460132598876953e+01 -5.845475673675537109e+00 1.236406803131103516e+01 1.363434410095214844e+01 6.643482685089111328e+00 -4.762277603149414062e+00 1.101565933227539062e+01
dun4 5.089786911010742188e+01 5.204149246215820312e+01 7.209954833984375000e+01 6.594286346435546875e+01 5.001941680908203125e+01 4.847537612915039062e+01 4.759510803222656250e+01 3.421771240234375000e+01 1.398278903961181641e+01 1.506683540344238281e+01
he2 3.516832351684570312e+00 -4.590953826904296875e+00 5.340520381927490234e+00 -5.210962772369384766e+00 -2.769568634033203125e+01 -2.600493431091308594e+01 -1.598455333709716797e+01 -1.371883678436279297e+01 -1.233911800384521484e+01 7.202184677124023438e+00
gui1 8.055281639099121094e+00 4.425594329833984375e+00 2.661466979980468750e+01 2.578418159484863281e+01 1.139124584197998047e+01 2.577338981628417969e+01 3.373318099975585938e+01 3.738826751708984375e+01 3.986654281616210938e+01 5.726110076904296875e+01
fan4 6.974312591552734375e+01 6.373623657226562500e+01 7.618046569824218750e+01 6.696700286865234375e+01 4.560505676269531250e+01 4.929532623291015625e+01 4.174037933349609375e+01 2.853253173828125000e+01 7.606672763824462891e+00 7.688663482666015625e+00
shui4 8.204943656921386719e+00 -6.922858238220214844e+00 1.476984596252441406e+01 3.742604732513427734e+00 -1.242057800292968750e+01 -1.214850234985351562e+01 -1.063681888580322266e+01 -1.112668800354003906e+01 -2.555388641357421875e+01 -1.639599227905273438e+01
shou1 -4.363018512725830078e+00 -8.378125190734863281e+00 1.254126739501953125e+01 1.212442970275878906e+01 1.474800944328308105e+00 1.210489749908447266e+01 2.615053558349609375e+01 3.065471076965332031e+01 3.363146591186523438e+01 4.887435913085937500e+01
zhi4 5.755491256713867188e+01 4.959077835083007812e+01 6.924193572998046875e+01 6.705119323730468750e+01 5.083660125732421875e+01 6.001817703247070312e+01 5.813620376586914062e+01 4.999873733520507812e+01 2.155631065368652344e+01 1.780405426025390625e+01
xu4 2.451153564453125000e+01 2.024255990982055664e+00 5.018090248107910156e+00 -5.403881549835205078e+00 -2.703420829772949219e+01 -2.828051567077636719e+01 -3.007187652587890625e+01 -2.654001808166503906e+01 -3.686538314819335938e+01 -2.362318038940429688e+01
de5 -1.766547966003417969e+01 -2.996029472351074219e+01 -1.952953910827636719e+01 -3.286142730712890625e+01 -5.025765228271484375e+01 -4.312635803222656250e+01 -3.379186248779296875e+01 -3.406124877929687500e+01 -3.998888397216796875e+01 -2.640383911132812500e+01
he2 -2.901429367065429688e+01 -3.337795639038085938e+01 -1.288205623626708984e+01 -2.316205406188964844e+01 -3.600751876831054688e+01 -3.145423698425292969e+01 -2.233180809020996094e+01 -2.269877052307128906e+01 -1.499751377105712891e+01 -9.411668777465820312e-01
xin1 1.379468917846679688e+01 1.075331878662109375e+01 3.522528839111328125e+01 2.460587310791015625e+01 1.232054805755615234e+01 1.743761062622070312e+01 3.029333496093750000e+01 4.310625076293945312e+01 4.966479110717773438e+01 4.677302551269531250e+01
shi4 3.222184181213378906e+00 -8.808588981628417969e+00 1.089897346496582031e+01 -2.470215559005737305e+00 -2.451706695556640625e+01 -2.028669548034667969e+01 -1.631604766845703125e+01 -2.012437629699707031e+01 -2.278299331665039062e+01 7.200281620025634766e-01
du3 -2.095599555969238281e+01 -2.519311523437500000e+01 -1.383495903015136719e+01 -9.532361984252929688e+00 -1.174976539611816406e+01 -9.357810974121093750e+00 -8.428811073303222656e+00 -7.223171234130859375e+00 -1.252985572814941406e+01 -2.339972555637359619e-01
se4 2.394076919555664062e+01 1.735279655456542969e+01 4.042672348022460938e+01 4.898595428466796875e+01 4.265684890747070312e+01 4.022125625610351562e+01 4.013679885864257812e+01 2.515209579467773438e+01 2.931712150573730469e+00 8.233838081359863281e+00
lou4 3.185997200012207031e+01 2.699843406677246094e+01 4.137680816650390625e+01 4.578318786621093750e+01 3.935936737060546875e+01 3.940256500244140625e+01 3.728546905517578125e+01 2.770167541503906250e+01 -4.708895206451416016e+00 -4.946382045745849609e+00
dong4 2.388134574890136719e+01 1.098788166046142578e+01 3.269556045532226562e+01 3.093368721008300781e+01 1.251671791076660156e+01 1.037608623504638672e+01 -5.224270820617675781e+00 -1.328084087371826172e+01 -2.767730522155761719e+01 -2.354061126708984375e+01
