nian2 7.738419175148010254e-01 -6.985728263854980469e+00 1.198849964141845703e+01 1.642366647720336914e+00 -2.434862518310546875e+01 -2.012822151184082031e+01 -1.103245925903320312e+01 -1.349228191375732422e+01 -1.850952911376953125e+01 2.405202865600585938e+00
zhong1 3.514325714111328125e+01 3.053163146972656250e+01 4.444722366333007812e+01 3.552540588378906250e+01 1.557680606842041016e+01 2.221181106567382812e+01 2.682935714721679688e+01 2.939307975769042969e+01 2.616882133483886719e+01 3.990132904052734375e+01
sui4 6.293474960327148438e+01 5.470631790161132812e+01 7.206829833984375000e+01 6.026165008544921875e+01 4.635763931274414062e+01 5.289781570434570312e+01 4.804262161254882812e+01 3.613588714599609375e+01 1.712630081176757812e+01 2.102348327636718750e+01
mo4 1.582994651794433594e+01 1.290772533416748047e+01 3.956216049194335938e+01 3.386264419555664062e+01 2.742879486083984375e+01 2.103030014038085938e+01 2.230125045776367188e+01 1.059873580932617188e+01 -1.334096717834472656e+01 -1.196174049377441406e+01
hui2 -2.337269592285156250e+01 -3.096777915954589844e+01 -1.705117416381835938e+01 -2.353305244445800781e+01 -4.737585449218750000e+01 -3.972336578369140625e+01 -4.296604919433593750e+01 -3.834896469116210938e+01 -4.045067977905273438e+01 -2.155029678344726562e+01
guo4 -6.733982086181640625e+00 -6.086946964263916016e+00 1.599086284637451172e+01 1.565048122406005859e+01 4.685663700103759766e+00 8.671688079833984375e+00 7.901129722595214844e+00 1.071089506149291992e+00 -1.902660369873046875e+01 -8.786979675292968750e+00
tou2 -2.347075080871582031e+01 -2.935813522338867188e+01 -1.092445850372314453e+01 -2.861391639709472656e+01 -4.349974060058593750e+01 -4.166290664672851562e+01 -4.216629028320312500e+01 -3.419549560546875000e+01 -3.631311035156250000e+01 -1.301834297180175781e+01
lai2 -1.121715831756591797e+01 -1.255565738677978516e+01 -4.068117618560791016e+00 -1.596819400787353516e+01 -4.606578445434570312e+01 -4.659209442138671875e+01 -4.901457977294921875e+01 -4.915060806274414062e+01 -6.002768325805664062e+01 -3.042399215698242188e+01
kan4 2.784782600402832031e+01 2.010204124450683594e+01 4.170126724243164062e+01 4.633672332763671875e+01 3.426379776000976562e+01 3.493577957153320312e+01 2.882939910888671875e+01 2.091121101379394531e+01 -4.319254398345947266e+00 -1.436668872833251953e+00
kan5 -1.881461524963378906e+01 -1.756627082824707031e+01 -4.754695415496826172e+00 -1.283127689361572266e+01 -2.657541275024414062e+01 -2.533039093017578125e+01 -1.987150573730468750e+01 -2.470622444152832031e+01 -3.287232589721679688e+01 -2.143453788757324219e+01
xiang3 -2.591338920593261719e+01 -2.729671669006347656e+01 -1.264532184600830078e+01 -8.323897361755371094e+00 -1.869027137756347656e+01 -1.142815685272216797e+01 -1.184580039978027344e+01 -1.603540229797363281e+01 -3.266265106201171875e+01 -1.944422149658203125e+01
xiang5 2.048288345336914062e+01 1.901514816284179688e+01 4.383691406250000000e+01 4.644791412353515625e+01 3.008309364318847656e+01 2.626432609558105469e+01 2.815950393676757812e+01 1.267539215087890625e+01 9.938714981079101562e+00 1.472509002685546875e+01
suo3 -7.310382366180419922e+00 -1.154236698150634766e+01 4.268089294433593750e+00 5.176184654235839844e+00 -1.719533538818359375e+01 -5.697502613067626953e+00 -1.057012557983398438e+00 -7.730685234069824219e+00 -2.150692749023437500e+01 -1.212068462371826172e+01
zou3 -2.360545730590820312e+01 -2.441587638854980469e+01 -1.131059455871582031e+01 -7.850801944732666016e+00 -1.784143066406250000e+01 -1.438017845153808594e+01 -8.987254142761230469e+00 -1.104501342773437500e+01 -2.721024513244628906e+01 -1.441714382171630859e+01
guo4 6.853359699249267578e+00 9.176542282104492188e+00 1.903049659729003906e+01 2.343947029113769531e+01 1.919041824340820312e+01 3.050454711914062500e+01 2.897521781921386719e+01 2.075006675720214844e+01 -3.491561412811279297e-01 -4.447459220886230469e+00
de5 -1.235000324249267578e+01 -2.813510513305664062e+01 -1.908574104309082031e+01 -2.819012451171875000e+01 -4.803127670288085938e+01 -3.779902648925781250e+01 -3.396508789062500000e+01 -3.063826751708984375e+01 -3.670661544799804688e+01 -2.709654998779296875e+01
lu4 1.945377922058105469e+01 1.106544017791748047e+01 3.414496994018554688e+01 3.214492416381835938e+01 1.341223049163818359e+01 1.192949581146240234e+01 6.174821853637695312e+00 -6.628850460052490234e+00 -2.177960395812988281e+01 -1.869825744628906250e+01
