zai4 3.638927078247070312e+01 2.963959121704101562e+01 3.618070983886718750e+01 3.479919815063476562e+01 1.580978298187255859e+01 2.670531272888183594e+01 3.223373031616210938e+01 2.702738952636718750e+01 1.223497390747070312e+01 2.344802284240722656e+01
zhe4 2.157482337951660156e+01 2.521079826354980469e+01 3.825358200073242188e+01 4.714114379882812500e+01 4.335330963134765625e+01 6.528426361083984375e+01 7.657285308837890625e+01 6.647997283935546875e+01 3.777307891845703125e+01 4.128375625610351562e+01
li3 1.641853332519531250e+01 5.225419521331787109e+00 9.813380241394042969e+00 -8.838073611259460449e-01 -2.618706893920898438e+01 -1.866188812255859375e+01 -2.050971031188964844e+01 -1.948201370239257812e+01 -4.137061309814453125e+01 -3.116315460205078125e+01
neng2 -3.200850677490234375e+01 -3.076519584655761719e+01 -1.848685836791992188e+01 -2.784885787963867188e+01 -4.371195220947265625e+01 -4.088584136962890625e+01 -2.936546516418457031e+01 -2.465826606750488281e+01 -2.864043235778808594e+01 -6.206818103790283203e+00
sheng1 1.758304834365844727e+00 -1.984095096588134766e+00 1.337202835083007812e+01 1.341051101684570312e+01 -3.079671144485473633e+00 8.601275444030761719e+00 1.894057273864746094e+01 2.016469764709472656e+01 2.053205680847167969e+01 4.059389495849609375e+01
dong4 5.140722656250000000e+01 4.897376632690429688e+01 5.590213775634765625e+01 4.300808334350585938e+01 1.879459190368652344e+01 1.209836101531982422e+01 9.130791664123535156e+00 8.513135910034179688e-01 -1.643993568420410156e+01 -3.169702053070068359e+00
ti3 -7.058310508728027344e+00 -1.450958156585693359e+01 3.955422401428222656e+00 -3.334772109985351562e+00 -2.358238220214843750e+01 -2.462316513061523438e+01 -1.937371444702148438e+01 -2.034274673461914062e+01 -2.923701286315917969e+01 -1.446253681182861328e+01
xian4 1.011641216278076172e+01 1.216270732879638672e+01 3.318976974487304688e+01 3.012446975708007812e+01 2.178802871704101562e+01 3.253149032592773438e+01 4.045109176635742188e+01 3.551365280151367188e+01 1.272673130035400391e+01 1.471565437316894531e+01
qi2 -1.264716720581054688e+01 -2.081268882751464844e+01 -1.179558563232421875e+01 -2.012503814697265625e+01 -4.450022506713867188e+01 -4.653068923950195312e+01 -4.889499282836914062e+01 -4.159226226806640625e+01 -4.739935684204101562e+01 -2.977474212646484375e+01
shan4 -3.055688738822937012e-02 2.768883466720581055e+00 3.099142456054687500e+01 4.114623260498046875e+01 4.284846115112304688e+01 6.615309143066406250e+01 7.112063598632812500e+01 6.248496627807617188e+01 3.789884567260742188e+01 3.159626579284667969e+01
liang2 -2.087966203689575195e+00 -1.841063499450683594e+01 -6.520519733428955078e+00 -2.384339141845703125e+01 -4.851457214355468750e+01 -3.926240539550781250e+01 -3.427929306030273438e+01 -2.923497962951660156e+01 -3.124390792846679688e+01 -7.054433345794677734e+00
de5 2.913241958618164062e+01 1.800198364257812500e+01 4.434539031982421875e+01 4.011707305908203125e+01 3.715890884399414062e+01 4.788177490234375000e+01 5.958012771606445312e+01 5.264607620239257812e+01 4.042767715454101562e+01 3.036185455322265625e+01
ben3 -1.559741020202636719e+01 -2.225952339172363281e+01 -9.668025970458984375e+00 -7.146021366119384766e+00 -1.991558647155761719e+01 -1.840797042846679688e+01 -1.583939456939697266e+01 -2.279263114929199219e+01 -4.170500183105468750e+01 -3.038341331481933594e+01
xing4 -2.275651168823242188e+01 -2.737723541259765625e+01 -9.066657066345214844e+00 -1.534176445007324219e+01 -3.426680755615234375e+01 -3.378291702270507812e+01 -4.402265930175781250e+01 -5.259000396728515625e+01 -5.871863937377929688e+01 -4.147283554077148438e+01
he2 4.610321044921875000e+00 -3.948726654052734375e+00 6.322854995727539062e+00 -4.318026542663574219e+00 -2.940118408203125000e+01 -2.989217758178710938e+01 -2.584014129638671875e+01 -2.291947174072265625e+01 -2.506503486633300781e+01 -1.024329781532287598e+00
duo1 1.386107635498046875e+01 9.317228317260742188e+00 3.199950027465820312e+01 3.317216873168945312e+01 1.882532882690429688e+01 3.058442497253417969e+01 4.309162139892578125e+01 4.690982818603515625e+01 5.392548370361328125e+01 6.428974914550781250e+01
cai3 6.700748443603515625e+01 5.818873977661132812e+01 6.694341278076171875e+01 5.255207824707031250e+01 2.722747993469238281e+01 1.486943817138671875e+01 7.183692932128906250e+00 -4.362426280975341797e+00 -2.661137008666992188e+01 -1.619193649291992188e+01
de5 -1.771202278137207031e+01 -3.297364807128906250e+01 -2.031211471557617188e+01 -2.970245933532714844e+01 -4.628461837768554688e+01 -3.556322097778320312e+01 -3.216442489624023438e+01 -3.324360275268554688e+01 -3.816672134399414062e+01 -1.920127105712890625e+01
min2 -3.214669418334960938e+01 -3.433084487915039062e+01 -1.613449668884277344e+01 -1.704922103881835938e+01 -3.293595504760742188e+01 -2.333441352844238281e+01 -1.549359798431396484e+01 -1.924735641479492188e+01 -2.475827217102050781e+01 -1.109707546234130859e+01
feng1 3.033090209960937500e+01 2.780244255065917969e+01 5.449174499511718750e+01 4.628092193603515625e+01 3.079516601562500000e+01 4.507569885253906250e+01 4.897940063476562500e+01 6.008305358886718750e+01 6.250106430053710938e+01 6.688223266601562500e+01
