jian4 3.835873794555664062e+01 3.923909378051757812e+01 5.502525711059570312e+01 5.095164871215820312e+01 3.794857025146484375e+01 5.114192199707031250e+01 4.672581100463867188e+01 3.878593826293945312e+01 1.171780681610107422e+01 1.680871391296386719e+01
cheng2 -1.699283027648925781e+01 -2.483102607727050781e+01 -1.123846149444580078e+01 -2.518890571594238281e+01 -4.219523620605468750e+01 -4.687822341918945312e+01 -3.629996109008789062e+01 -3.512716293334960938e+01 -3.734990692138671875e+01 -1.657470893859863281e+01
hou4 4.264383316040039062e+00 7.321011066436767578e+00 2.308186721801757812e+01 1.123847961425781250e+01 -4.936555862426757812e+00 -2.516784071922302246e-01 -1.052070856094360352e+00 -1.046683406829833984e+01 -2.639491271972656250e+01 -1.367938327789306641e+01
ning2 -1.933195304870605469e+01 -2.777058792114257812e+01 -6.770631790161132812e+00 -9.353817939758300781e+00 -2.326150703430175781e+01 -1.591461944580078125e+01 -7.896990299224853516e+00 -7.901860237121582031e+00 -8.818265914916992188e+00 3.949119329452514648e+00
bo1 3.192731666564941406e+01 2.369762420654296875e+01 4.173626708984375000e+01 3.443966674804687500e+01 1.165285015106201172e+01 2.123635673522949219e+01 2.367705535888671875e+01 2.745333862304687500e+01 2.663119125366210938e+01 4.149897003173828125e+01
gang3 3.914557266235351562e+01 2.397171974182128906e+01 3.194573974609375000e+01 1.346047401428222656e+01 -2.070139503479003906e+01 -2.656399917602539062e+01 -2.306337928771972656e+01 -2.575611495971679688e+01 -3.142668342590332031e+01 -1.850582313537597656e+01
wan4 1.302752733230590820e+00 -3.928728580474853516e+00 1.586940002441406250e+01 9.924839973449707031e+00 2.025712251663208008e+00 7.256278991699218750e+00 1.192194271087646484e+01 5.709694385528564453e+00 -1.725888442993164062e+01 -6.221729755401611328e+00
dun1 -1.966251611709594727e+00 -1.229299354553222656e+01 2.883082866668701172e+00 -7.997388362884521484e+00 -3.144043350219726562e+01 -2.617194175720214844e+01 -1.819442176818847656e+01 -1.832555961608886719e+01 -1.943708419799804688e+01 -4.973104298114776611e-01
ji2 1.166734027862548828e+01 3.424223184585571289e+00 1.589353561401367188e+01 3.421420574188232422e+00 -2.151515579223632812e+01 -3.347581100463867188e+01 -3.100721931457519531e+01 -2.771742057800292969e+01 -3.020595741271972656e+01 -1.372781181335449219e+01
yuan2 -3.646652698516845703e+00 -1.590113544464111328e+01 -4.831414699554443359e+00 -2.172797393798828125e+01 -4.272496795654296875e+01 -4.203821945190429688e+01 -3.468789291381835938e+01 -2.496222114562988281e+01 -2.286136054992675781e+01 -4.445640087127685547e+00
you2 9.303129196166992188e+00 -9.227775931358337402e-01 1.342624950408935547e+01 8.459888458251953125e+00 -9.704807281494140625e+00 -1.658396720886230469e+01 -8.729295730590820312e+00 -3.414466619491577148e+00 -2.890423536300659180e+00 1.385494709014892578e+01
zhong1 3.201420974731445312e+01 2.719098281860351562e+01 4.336497879028320312e+01 3.641067123413085938e+01 1.775355720520019531e+01 2.254642868041992188e+01 2.708728790283203125e+01 3.235109329223632812e+01 3.281712722778320312e+01 4.895381927490234375e+01
zhuan2 5.013964462280273438e+01 3.322259902954101562e+01 4.342083740234375000e+01 2.332568168640136719e+01 -5.995693206787109375e+00 -1.613680648803710938e+01 -1.485931491851806641e+01 -4.341409206390380859e+00 -3.960567951202392578e+00 1.216301727294921875e+01
ma3 2.559988212585449219e+01 2.215024757385253906e+01 3.772403335571289062e+01 3.365409088134765625e+01 1.785385894775390625e+01 1.052403450012207031e+01 8.125493049621582031e+00 -1.407518506050109863e+00 -2.572505569458007812e+01 -1.296451568603515625e+01
tou5 1.083887863159179688e+01 -8.685439109802246094e+00 3.817520856857299805e+00 -5.548544406890869141e+00 -2.762214469909667969e+01 -2.419985771179199219e+01 -2.070934104919433594e+01 -1.832020187377929688e+01 -2.220757865905761719e+01 -9.854419708251953125e+00
cang1 9.239478707313537598e-01 -1.509269118309020996e+00 2.131000518798828125e+01 2.136895561218261719e+01 1.001518726348876953e+01 2.507055282592773438e+01 3.806592941284179688e+01 4.267705917358398438e+01 5.000437927246093750e+01 6.519561004638671875e+01
chu3 6.061654281616210938e+01 4.841854476928710938e+01 5.567652893066406250e+01 4.187697219848632812e+01 1.417939567565917969e+01 -2.485514163970947266e+00 -7.908487796783447266e+00 -9.004879951477050781e+00 -2.754959297180175781e+01 -1.613978576660156250e+01
rong2 -3.454872131347656250e+01 -3.993049240112304688e+01 -2.393117141723632812e+01 -2.759499740600585938e+01 -4.404664230346679688e+01 -4.212822723388671875e+01 -4.301483917236328125e+01 -3.883072280883789062e+01 -4.631961441040039062e+01 -2.307137298583984375e+01
liang4 -3.425860643386840820e+00 -6.366101264953613281e+00 6.540086269378662109e+00 -5.303793549537658691e-01 -1.994613647460937500e+01 -2.698319816589355469e+01 -4.215642547607421875e+01 -4.609977722167968750e+01 -5.051216888427734375e+01 -3.180799865722656250e+01
da2 -1.044994354248046875e+01 -1.802668190002441406e+01 -8.267976760864257812e+00 -1.326567745208740234e+01 -3.355195617675781250e+01 -3.569715499877929688e+01 -2.579820060729980469e+01 -2.108892440795898438e+01 -2.343126869201660156e+01 -6.815069317817687988e-01
er4 3.382752609252929688e+01 3.223796081542968750e+01 5.609992980957031250e+01 5.245276260375976562e+01 4.473588180541992188e+01 4.778996276855468750e+01 4.572699737548828125e+01 3.856208419799804688e+01 1.162512397766113281e+01 2.061019515991210938e+01
wan4 3.506681442260742188e+01 2.425856018066406250e+01 4.415062332153320312e+01 3.495503234863281250e+01 2.293814849853515625e+01 3.300049972534179688e+01 3.415563583374023438e+01 2.380288887023925781e+01 -1.279432535171508789e+00 -3.602251291275024414e+00
ping2 -1.663543510437011719e+01 -2.632903671264648438e+01 -1.773842048645019531e+01 -2.808649635314941406e+01 -4.766465377807617188e+01 -4.146521759033203125e+01 -3.527322387695312500e+01 -3.516749191284179688e+01 -4.007287979125976562e+01 -2.088418960571289062e+01
fang1 -4.635447502136230469e+00 -1.274008941650390625e+01 5.644844055175781250e+00 -5.897386074066162109e+00 -2.259294891357421875e+01 -1.373012542724609375e+01 -9.892414093017578125e+00 -6.940156459808349609e+00 -3.697752714157104492e+00 1.363722705841064453e+01
mi3 6.033447265625000000e+01 4.348451614379882812e+01 5.760886764526367188e+01 5.218183135986328125e+01 2.594073104858398438e+01 1.926754951477050781e+01 1.937460136413574219e+01 1.786630058288574219e+01 -1.220035552978515625e-01 3.270152330398559570e+00
