hu2 -2.497155666351318359e+00 -7.010462284088134766e+00 7.034048557281494141e+00 1.103816151618957520e+00 -9.624345779418945312e+00 -1.744798064231872559e+00 7.565418243408203125e+00 1.855435562133789062e+01 2.290572357177734375e+01 4.065267944335937500e+01
hong2 4.762890625000000000e+01 4.204367446899414062e+01 4.889873504638671875e+01 3.822698211669921875e+01 1.327017116546630859e+01 3.889666080474853516e+00 6.552713871002197266e+00 5.122163295745849609e+00 -1.184288311004638672e+01 6.642660617828369141e+00
fei1 9.931374549865722656e+00 5.226780891418457031e+00 2.363723373413085938e+01 1.793503189086914062e+01 6.175248622894287109e+00 1.296778869628906250e+01 2.181511878967285156e+01 2.844425964355468750e+01 2.586637306213378906e+01 3.948960876464843750e+01
yi1 3.342277145385742188e+01 2.526440429687500000e+01 3.918002700805664062e+01 2.718821144104003906e+01 5.924354076385498047e+00 1.317392349243164062e+01 1.824695587158203125e+01 2.526061439514160156e+01 2.480184364318847656e+01 3.947695159912109375e+01
jiu3 4.015689849853515625e+01 2.936151313781738281e+01 3.949962615966796875e+01 2.718166923522949219e+01 -2.642916202545166016e+00 -8.815102577209472656e+00 -4.053035259246826172e+00 -3.924683094024658203e+00 -2.287285041809082031e+01 -1.219123458862304688e+01
jiu3 -1.999294662475585938e+01 -2.738087463378906250e+01 -1.119194507598876953e+01 -1.732238388061523438e+01 -3.428044891357421875e+01 -2.401259803771972656e+01 -2.195317268371582031e+01 -2.274892234802246094e+01 -3.409332275390625000e+01 -1.776332283020019531e+01
ba1 -1.226973831653594971e-01 -4.136578083038330078e+00 1.642810821533203125e+01 1.517391014099121094e+01 2.959881722927093506e-01 9.045660972595214844e+00 2.435616683959960938e+01 2.810250854492187500e+01 2.765632820129394531e+01 4.129146194458007812e+01
nian2 3.386774063110351562e+01 2.246812438964843750e+01 2.413524246215820312e+01 2.114267587661743164e+00 -2.955562019348144531e+01 -3.583460998535156250e+01 -3.616941070556640625e+01 -2.634910202026367188e+01 -3.804657745361328125e+01 -2.074229240417480469e+01
yin1 -1.110754108428955078e+01 -2.094827461242675781e+01 -8.407986640930175781e+00 -2.505526924133300781e+01 -4.975791168212890625e+01 -4.173783111572265625e+01 -3.300884246826171875e+01 -2.797386169433593750e+01 -2.466077423095703125e+01 -8.507150650024414062e+00
huan4 1.410264110565185547e+01 1.254425430297851562e+01 3.132161903381347656e+01 3.679150390625000000e+01 2.414099121093750000e+01 2.538198089599609375e+01 2.755357933044433594e+01 2.271489906311035156e+01 5.710437297821044922e+00 7.249710559844970703e+00
bi2 -9.388725280761718750e+00 -2.024943733215332031e+01 -8.587579727172851562e+00 -1.713346672058105469e+01 -4.134252929687500000e+01 -3.538480377197265625e+01 -2.640432548522949219e+01 -2.355105209350585938e+01 -2.420659446716308594e+01 -1.127901077270507812e+01
yan1 1.097986221313476562e+01 9.137178421020507812e+00 2.908268547058105469e+01 2.600887680053710938e+01 1.281933212280273438e+01 1.809603881835937500e+01 2.889140319824218750e+01 3.355025863647460938e+01 3.430649948120117188e+01 5.071551895141601562e+01
ai2 3.338914108276367188e+01 2.282767486572265625e+01 2.601357841491699219e+01 7.859368801116943359e+00 -2.830728530883789062e+01 -3.097912979125976562e+01 -3.193912696838378906e+01 -2.740688896179199219e+01 -2.889120292663574219e+01 -8.409618377685546875e+00
tui4 4.320482730865478516e+00 2.714305639266967773e+00 1.934408378601074219e+01 1.416261577606201172e+01 1.154395198822021484e+01 2.247823143005371094e+01 1.477250385284423828e+01 1.628830909729003906e+01 -4.486833572387695312e+00 -4.097103595733642578e+00
xiu1 1.560432052612304688e+01 2.005547332763671875e+01 4.488476943969726562e+01 3.658047485351562500e+01 2.344944763183593750e+01 3.811840820312500000e+01 4.488985824584960938e+01 5.570987701416015625e+01 5.404231262207031250e+01 6.400489044189453125e+01
