lu4 6.142380523681640625e+01 5.518273162841796875e+01 6.515975189208984375e+01 6.800657653808593750e+01 5.931343841552734375e+01 6.224680709838867188e+01 5.575802612304687500e+01 4.862161636352539062e+01 2.690174484252929688e+01 2.363834190368652344e+01
tu2 1.116315364837646484e+01 -2.683548212051391602e+00 1.814834117889404297e+00 -7.054853916168212891e+00 -2.568898391723632812e+01 -2.336185264587402344e+01 -2.565324592590332031e+01 -2.800182533264160156e+01 -3.482850646972656250e+01 -1.547311305999755859e+01
shang4 5.617865085601806641e+00 3.443249940872192383e+00 8.721470832824707031e+00 3.477236270904541016e+00 -2.117581558227539062e+01 -1.821299171447753906e+01 -2.019329833984375000e+01 -1.718179702758789062e+01 -2.954571151733398438e+01 -1.605688095092773438e+01
yu4 1.509651851654052734e+01 8.886400222778320312e+00 2.226162338256835938e+01 1.709100914001464844e+01 1.658179855346679688e+01 3.268282318115234375e+01 3.423539352416992188e+01 3.509989166259765625e+01 1.787492942810058594e+01 1.742680549621582031e+01
dao4 1.487730884552001953e+01 7.662812232971191406e+00 1.344440937042236328e+01 4.648385941982269287e-01 -9.645832061767578125e+00 -9.204291105270385742e-01 -2.335578918457031250e+00 4.711354255676269531e+00 -1.190720462799072266e+01 -1.658678531646728516e+00
de5 -2.286727714538574219e+01 -3.083337020874023438e+01 -1.901568984985351562e+01 -2.650767135620117188e+01 -4.042914581298828125e+01 -3.862447738647460938e+01 -2.319630622863769531e+01 -2.530239105224609375e+01 -2.749270820617675781e+01 -9.461074829101562500e+00
ai1 -5.369908332824707031e+00 -7.334927558898925781e+00 1.061502552032470703e+01 8.643067359924316406e+00 -1.864141225814819336e+00 1.202784538269042969e+01 2.629341316223144531e+01 3.270678329467773438e+01 3.542930603027343750e+01 4.550362014770507812e+01
sai1 3.435839462280273438e+01 2.860415458679199219e+01 3.646325683593750000e+01 2.462875556945800781e+01 3.325374126434326172e+00 5.972262859344482422e+00 1.765007781982421875e+01 2.024447631835937500e+01 2.582759094238281250e+01 3.812685775756835938e+01
fang4 4.890991592407226562e+01 4.819322204589843750e+01 6.604423522949218750e+01 6.564167022705078125e+01 5.321437072753906250e+01 5.808209228515625000e+01 5.776125335693359375e+01 4.603264999389648438e+01 1.912623977661132812e+01 1.330986499786376953e+01
niu2 -1.932057571411132812e+01 -2.942098999023437500e+01 -1.573007011413574219e+01 -2.783572006225585938e+01 -4.189987564086914062e+01 -4.430005645751953125e+01 -3.739080810546875000e+01 -3.599409484863281250e+01 -3.366799545288085938e+01 -1.299765110015869141e+01
wa2 1.899506187438964844e+01 1.249397945404052734e+01 3.037609672546386719e+01 1.322845745086669922e+01 -8.037151336669921875e+00 3.015306472778320312e+00 8.166436195373535156e+00 1.125515937805175781e+01 1.926545143127441406e+01 2.612105178833007812e+01
