zhe4 2.952515983581542969e+01 3.128229522705078125e+01 4.254589080810546875e+01 3.490805435180664062e+01 2.367821311950683594e+01 2.971245956420898438e+01 3.392429351806640625e+01 2.589908218383789062e+01 1.633816480636596680e+00 3.214623212814331055e+00
yi2 -1.398708724975585938e+01 -2.237228965759277344e+01 -4.224074840545654297e+00 -1.770519638061523438e+01 -3.688378143310546875e+01 -3.595970153808593750e+01 -2.120698356628417969e+01 -1.931735610961914062e+01 -2.194713973999023438e+01 -1.332713723182678223e+00
ning2 -1.491887092590332031e+00 -1.014357471466064453e+01 2.213762283325195312e+00 -1.133225536346435547e+01 -3.569860076904296875e+01 -3.588608551025390625e+01 -2.983073425292968750e+01 -2.289670372009277344e+01 -2.305051994323730469e+01 -4.130095958709716797e+00
ju4 2.898832893371582031e+01 3.359183502197265625e+01 5.394931411743164062e+01 6.316987228393554688e+01 6.460222625732421875e+01 6.726544189453125000e+01 6.491893005371093750e+01 5.070575332641601562e+01 1.763282775878906250e+01 1.842977142333984375e+01
min2 -1.182016468048095703e+01 -2.134565162658691406e+01 -8.395154953002929688e+00 -1.870951652526855469e+01 -4.049312973022460938e+01 -3.817457962036132812e+01 -2.823215675354003906e+01 -2.686427307128906250e+01 -2.957937812805175781e+01 -1.152381134033203125e+01
xin1 4.650401592254638672e+00 5.563847720623016357e-03 1.956141853332519531e+01 1.589694118499755859e+01 1.318123936653137207e+00 9.163569450378417969e+00 1.858452606201171875e+01 2.139577293395996094e+01 2.063606071472167969e+01 3.923161315917968750e+01
de5 5.339528656005859375e+01 4.498171997070312500e+01 5.801578903198242188e+01 4.609379577636718750e+01 1.945992469787597656e+01 1.585947608947753906e+01 1.317866611480712891e+01 7.461827754974365234e+00 -7.383533477783203125e+00 2.724667549133300781e+00
ju3 -2.768017959594726562e+01 -2.818263244628906250e+01 -1.721764183044433594e+01 -9.474141120910644531e+00 -1.992414474487304688e+01 -1.484164237976074219e+01 -9.629859924316406250e+00 -1.363002681732177734e+01 -3.396903610229492188e+01 -2.431694221496582031e+01
cuo4 -2.259620428085327148e+00 6.306764483451843262e-01 1.684176826477050781e+01 9.735951423645019531e+00 -1.297829532623291016e+01 -2.878214073181152344e+01 -3.982835388183593750e+01 -5.485604858398437500e+01 -6.720113372802734375e+01 -4.863994598388671875e+01
zhi2 -1.969269561767578125e+01 -2.668799400329589844e+01 -1.281744575500488281e+01 -1.966795730590820312e+01 -4.218923187255859375e+01 -3.804671859741210938e+01 -3.114782142639160156e+01 -2.827677726745605469e+01 -3.001555633544921875e+01 -4.136270523071289062e+00
de2 1.695105314254760742e+00 -4.278209686279296875e+00 6.368523120880126953e+00 -1.443554019927978516e+01 -3.357081985473632812e+01 -4.143473815917968750e+01 -4.044810485839843750e+01 -3.924486923217773438e+01 -3.370098495483398438e+01 -1.131009578704833984e+01
ken3 -3.867980241775512695e+00 -7.094119548797607422e+00 1.140865230560302734e+01 1.378381347656250000e+01 9.170562744140625000e+00 6.074962139129638672e+00 8.311408996582031250e+00 -4.149352073669433594e+00 -2.310195350646972656e+01 -1.880764770507812500e+01
ding4 2.687513351440429688e+01 1.594616508483886719e+01 3.758721160888671875e+01 3.980682373046875000e+01 2.714241409301757812e+01 2.007102394104003906e+01 1.727733421325683594e+01 -7.851152420043945312e+00 -1.899061965942382812e+01 -1.354543876647949219e+01
