zhe4 2.982714653015136719e+01 2.678435897827148438e+01 3.628599548339843750e+01 2.910063552856445312e+01 9.088001251220703125e+00 1.933150291442871094e+01 2.277529716491699219e+01 2.520084762573242188e+01 8.806025505065917969e+00 1.880902290344238281e+01
san1 1.528551483154296875e+01 1.159754562377929688e+01 2.725422477722167969e+01 3.045858001708984375e+01 1.484444141387939453e+01 2.667047119140625000e+01 3.469956970214843750e+01 3.835048294067382812e+01 3.779858779907226562e+01 5.203666305541992188e+01
pa4 5.054159545898437500e+01 4.230797195434570312e+01 4.331941604614257812e+01 2.059681320190429688e+01 -1.164619255065917969e+01 -1.818217277526855469e+01 -2.153607749938964844e+01 -2.591573524475097656e+01 -3.606097793579101562e+01 -2.036405563354492188e+01
zheng4 3.029758453369140625e+01 2.443194961547851562e+01 5.073614120483398438e+01 5.803571701049804688e+01 4.699771499633789062e+01 5.508752059936523438e+01 6.000592422485351562e+01 5.446969223022460938e+01 3.024240303039550781e+01 2.759770011901855469e+01
hao3 -1.080979919433593750e+01 -2.117233657836914062e+01 -5.551669120788574219e+00 -1.693278121948242188e+01 -3.501779174804687500e+01 -2.844561958312988281e+01 -3.051278686523437500e+01 -2.913133811950683594e+01 -3.682543563842773438e+01 -2.196093368530273438e+01
shuo1 -1.020820903778076172e+01 -1.511789608001708984e+01 1.511080265045166016e+00 -2.564079046249389648e+00 -2.203679656982421875e+01 -1.353316020965576172e+01 -4.917214870452880859e+00 1.000601887702941895e+00 -3.323152065277099609e-01 1.668458938598632812e+01
ming2 1.255828857421875000e+01 4.102375984191894531e+00 9.719304084777832031e+00 -7.793127059936523438e+00 -3.516079330444335938e+01 -4.294799423217773438e+01 -4.193592453002929688e+01 -4.129157257080078125e+01 -4.365219497680664062e+01 -2.498462486267089844e+01
le5 1.731454133987426758e+00 -3.269784212112426758e+00 3.314230918884277344e+00 -9.385650634765625000e+00 -3.482471847534179688e+01 -4.022550582885742188e+01 -2.866315650939941406e+01 -3.087072563171386719e+01 -3.518044281005859375e+01 -2.124658393859863281e+01
min2 -2.001548957824707031e+01 -2.560753822326660156e+01 -1.338668584823608398e+00 -1.367727279663085938e+01 -3.160000991821289062e+01 -2.718745994567871094e+01 -1.956748771667480469e+01 -9.576361179351806641e-01 1.798846244812011719e+01 5.309309387207031250e+01
zhu3 5.478990173339843750e+01 4.636398696899414062e+01 5.752296829223632812e+01 4.567668914794921875e+01 2.323067855834960938e+01 7.912288665771484375e+00 4.207825183868408203e+00 -1.462850451469421387e+00 -2.119781303405761719e+01 -9.950613021850585938e+00
ri4 1.281497383117675781e+01 6.163201808929443359e+00 2.237248611450195312e+01 2.072299385070800781e+01 2.100212860107421875e+01 2.996339035034179688e+01 3.566959762573242188e+01 3.015730476379394531e+01 9.012811660766601562e+00 9.589818000793457031e+00
de5 -1.369098091125488281e+01 -2.772526550292968750e+01 -2.112881660461425781e+01 -3.501278305053710938e+01 -5.405341720581054688e+01 -5.098808288574218750e+01 -4.602613830566406250e+01 -4.055666351318359375e+01 -4.477317810058593750e+01 -2.705991554260253906e+01
xiao4 -5.609151363372802734e+00 -4.061100482940673828e+00 1.446050167083740234e+01 2.126937484741210938e+01 1.756095886230468750e+01 2.937983131408691406e+01 3.104644584655761719e+01 1.954655265808105469e+01 -1.316669559478759766e+01 -1.489501857757568359e+01
li4 -1.172497272491455078e+01 -2.327635574340820312e+01 -5.355868339538574219e+00 -8.802350997924804688e+00 -2.461403083801269531e+01 -2.353525733947753906e+01 -2.724028587341308594e+01 -2.476487731933593750e+01 -2.834317207336425781e+01 -1.697665405273437500e+01
