yi3 4.359992504119873047e+00 7.214024066925048828e+00 1.406956100463867188e+01 4.325181007385253906e+00 -1.579632949829101562e+01 -8.236286163330078125e+00 -4.728632450103759766e+00 -5.637249946594238281e+00 -1.672193908691406250e+01 -2.807951211929321289e+00
fang2 -1.748124122619628906e+01 -1.480133247375488281e+01 2.283120632171630859e+00 -9.182543754577636719e-01 -7.330363273620605469e+00 7.105876922607421875e+00 2.059258079528808594e+01 3.665943145751953125e+01 4.353792572021484375e+01 6.492691040039062500e+01
zhi3 6.480425262451171875e+01 6.297178268432617188e+01 6.500617218017578125e+01 5.435346221923828125e+01 3.177492904663085938e+01 1.801956367492675781e+01 1.260080051422119141e+01 2.122171372175216675e-01 -1.878438758850097656e+01 -7.191062927246093750e+00
mu4 1.590735816955566406e+01 1.454067039489746094e+01 3.314428710937500000e+01 2.198495101928710938e+01 6.873491764068603516e+00 7.051485061645507812e+00 6.041796684265136719e+00 -5.412019729614257812e+00 -2.894674110412597656e+01 -2.360857009887695312e+01
qian2 -2.566904449462890625e+01 -3.125850296020507812e+01 -2.044864654541015625e+01 -2.553934860229492188e+01 -4.740407943725585938e+01 -4.484634780883789062e+01 -3.601257705688476562e+01 -3.487861251831054688e+01 -3.435703659057617188e+01 -1.185687160491943359e+01
zheng4 2.362717056274414062e+01 2.313306999206542969e+01 4.719150161743164062e+01 4.673697662353515625e+01 4.249340438842773438e+01 4.938959884643554688e+01 4.578871536254882812e+01 3.950952529907226562e+01 1.387151908874511719e+01 1.284606933593750000e+01
zai4 -8.301506042480468750e+00 -1.710423851013183594e+01 -3.902993440628051758e+00 -1.985022163391113281e+01 -4.061547851562500000e+01 -3.913454437255859375e+01 -3.722472000122070312e+01 -3.006114387512207031e+01 -3.497885894775390625e+01 -1.980949401855468750e+01
ou1 -1.063234424591064453e+01 -9.159214019775390625e+00 1.015134334564208984e+01 1.147044467926025391e+01 1.893439769744873047e+00 1.453736972808837891e+01 2.967303657531738281e+01 3.413565826416015625e+01 3.722425079345703125e+01 4.954420852661132812e+01
zhou1 4.681079483032226562e+01 3.916650009155273438e+01 4.892837524414062500e+01 3.644485473632812500e+01 1.256783199310302734e+01 1.816986656188964844e+01 2.445542335510253906e+01 2.842528343200683594e+01 2.999759101867675781e+01 4.425508880615234375e+01
man4 5.330334091186523438e+01 4.630849456787109375e+01 6.633239746093750000e+01 6.484753417968750000e+01 5.503179550170898438e+01 6.660063934326171875e+01 6.471864318847656250e+01 5.990063858032226562e+01 3.416704177856445312e+01 2.849114036560058594e+01
yan2 -3.063909053802490234e+00 -1.734891891479492188e+01 -7.781410694122314453e+00 -2.661797523498535156e+01 -4.849860000610351562e+01 -4.759961700439453125e+01 -4.287694168090820312e+01 -4.000365066528320312e+01 -4.158633804321289062e+01 -2.164511680603027344e+01
de5 5.588809967041015625e+00 -5.885652065277099609e+00 1.342525959014892578e+01 1.634007263183593750e+01 4.539039611816406250e+00 8.264214515686035156e+00 1.833183860778808594e+01 1.967617034912109375e+01 1.351081848144531250e+01 1.650768661499023438e+01
kou3 -1.428232479095458984e+01 -1.868187141418457031e+01 -4.937219619750976562e+00 -5.493694543838500977e-01 -1.377599811553955078e+01 -1.608321380615234375e+01 -2.151031494140625000e+01 -2.772526741027832031e+01 -4.642168807983398438e+01 -3.603578948974609375e+01
ti2 -4.131148529052734375e+01 -4.059239959716796875e+01 -2.141730880737304688e+01 -2.668304061889648438e+01 -3.964529037475585938e+01 -3.481092453002929688e+01 -3.177536964416503906e+01 -2.591679191589355469e+01 -1.963094329833984375e+01 9.417624473571777344e+00
yi4 3.499535369873046875e+01 3.582461166381835938e+01 5.190597152709960938e+01 4.340916061401367188e+01 1.938727378845214844e+01 5.752202033996582031e+00 -1.076551342010498047e+01 -2.314952278137207031e+01 -3.373712921142578125e+01 -1.166090774536132812e+01
chuan2 6.056509971618652344e+00 5.417253971099853516e-01 1.442032909393310547e+01 1.929393291473388672e+00 -2.345379638671875000e+01 -2.499144935607910156e+01 -2.279649162292480469e+01 -1.968717956542968750e+01 -2.077606201171875000e+01 5.875103950500488281e+00
ru4 1.247850990295410156e+01 1.094477653503417969e+01 2.307106781005859375e+01 1.219425392150878906e+01 -6.626110076904296875e-01 -1.717310523986816406e+01 -1.735162162780761719e+01 -2.683394432067871094e+01 -4.960348892211914062e+01 -3.952101516723632812e+01
han2 -3.205659866333007812e+01 -3.360509490966796875e+01 -1.674827575683593750e+01 -2.328553581237792969e+01 -3.677911376953125000e+01 -3.013735389709472656e+01 -2.535971260070800781e+01 -1.023998069763183594e+01 -4.674742221832275391e+00 1.482477283477783203e+01
guo2 5.325734710693359375e+01 3.781660461425781250e+01 5.387282562255859375e+01 3.151770019531250000e+01 9.028383255004882812e+00 7.030385971069335938e+00 1.334554100036621094e+01 9.476094245910644531e+00 1.081229400634765625e+01 1.138092708587646484e+01
