ji2 4.380103588104248047e+00 7.526589870452880859e+00 2.257907867431640625e+01 1.062865066528320312e+01 -4.875716209411621094e+00 1.069315719604492188e+01 1.580954456329345703e+01 2.527136993408203125e+01 2.206263351440429688e+01 3.689842224121093750e+01
zao3 4.010506820678710938e+01 4.061787796020507812e+01 4.328170013427734375e+01 3.264205932617187500e+01 1.265146255493164062e+01 1.015170097351074219e+01 3.066178798675537109e+00 -5.974216461181640625e+00 -1.930732154846191406e+01 -1.028164386749267578e+01
zuo4 1.097986984252929688e+01 1.852187156677246094e+01 3.914835739135742188e+01 3.475841522216796875e+01 1.844691085815429688e+01 2.171397972106933594e+01 1.401287746429443359e+01 2.212375551462173462e-01 -2.165749549865722656e+01 -1.530519104003906250e+01
hao3 -1.829920578002929688e+01 -2.618881034851074219e+01 -1.682390213012695312e+01 -1.934520149230957031e+01 -4.345849990844726562e+01 -4.028178024291992188e+01 -2.869702720642089844e+01 -2.376231193542480469e+01 -2.854335212707519531e+01 -1.288624286651611328e+01
kang4 2.486204528808593750e+01 2.644249343872070312e+01 4.796658325195312500e+01 4.775205612182617188e+01 4.584750747680664062e+01 6.154476928710937500e+01 7.362527465820312500e+01 6.963715362548828125e+01 5.206552886962890625e+01 5.110721206665039062e+01
da4 5.962540054321289062e+01 4.907592391967773438e+01 6.858340454101562500e+01 6.465850067138671875e+01 6.149442291259765625e+01 6.253618621826171875e+01 6.793182373046875000e+01 5.839947128295898438e+01 3.835062026977539062e+01 3.491843795776367188e+01
han4 4.073292160034179688e+01 3.132032775878906250e+01 3.882015991210937500e+01 2.574147224426269531e+01 -9.952738881111145020e-02 -1.642976951599121094e+01 -2.402235031127929688e+01 -3.832057189941406250e+01 -4.747926712036132812e+01 -3.564845657348632812e+01
chang2 -3.305789947509765625e+01 -3.064006233215332031e+01 -1.912929725646972656e+01 -2.725327110290527344e+01 -4.530326080322265625e+01 -3.990599060058593750e+01 -2.850061225891113281e+01 -2.139087677001953125e+01 -2.539920616149902344e+01 -4.272047042846679688e+00
qi1 2.071496009826660156e+01 1.069103622436523438e+01 2.451363754272460938e+01 1.437317752838134766e+01 -5.981939792633056641e+00 -3.311319828033447266e+00 7.777992725372314453e+00 6.905470848083496094e+00 8.027117729187011719e+00 2.918302726745605469e+01
kang4 4.715984725952148438e+01 4.164216613769531250e+01 6.189762496948242188e+01 6.707276153564453125e+01 5.572370529174804688e+01 6.588822174072265625e+01 6.756214904785156250e+01 6.318867874145507812e+01 4.105368041992187500e+01 3.689289855957031250e+01
han4 5.688855361938476562e+01 5.581526184082031250e+01 6.765929412841796875e+01 5.845220565795898438e+01 3.205456542968750000e+01 2.098119735717773438e+01 1.679401779174804688e+01 5.259177684783935547e+00 -2.069304847717285156e+01 -1.383844089508056641e+01
de5 -1.439819717407226562e+01 -2.828519439697265625e+01 -1.777723693847656250e+01 -3.360753631591796875e+01 -5.579958343505859375e+01 -4.919890213012695312e+01 -4.248731994628906250e+01 -4.148970031738281250e+01 -4.462780380249023438e+01 -2.937529563903808594e+01
zhun3 -3.554857635498046875e+01 -3.116468048095703125e+01 -1.420318698883056641e+01 -1.147593688964843750e+01 -1.863549804687500000e+01 -1.100329017639160156e+01 -5.752604007720947266e+00 -1.516379070281982422e+01 -3.012960052490234375e+01 -2.856381416320800781e+01
bei4 1.077030563354492188e+01 6.887285709381103516e+00 3.476111984252929688e+01 2.874811363220214844e+01 1.202334403991699219e+01 1.639428329467773438e+01 5.456357955932617188e+00 -4.610885143280029297e+00 -1.893084526062011719e+01 -5.065465927124023438e+00
