tong2 -7.958898067474365234e+00 -1.296341323852539062e+01 3.411908626556396484e+00 -2.072202682495117188e+00 -1.659966087341308594e+01 -8.660511970520019531e+00 -1.855732440948486328e+00 4.251068592071533203e+00 7.635742187500000000e+00 3.251191329956054688e+01
yang4 5.282071304321289062e+01 5.260509872436523438e+01 5.194215774536132812e+01 5.098290634155273438e+01 2.678781700134277344e+01 1.850692176818847656e+01 1.123621177673339844e+01 2.052451848983764648e+00 -1.345995235443115234e+01 -7.904087543487548828e+00
zhi2 -2.229895591735839844e+01 -2.877401542663574219e+01 -1.401819705963134766e+01 -2.090818595886230469e+01 -3.543064880371093750e+01 -2.987831115722656250e+01 -1.877216911315917969e+01 -1.284642124176025391e+01 -1.132436466217041016e+01 1.564942741394042969e+01
jing4 3.426733779907226562e+01 4.052842330932617188e+01 5.358620452880859375e+01 5.627121353149414062e+01 4.122805023193359375e+01 3.106440162658691406e+01 1.895284652709960938e+01 5.043887615203857422e+00 -1.883569145202636719e+01 -1.754238128662109375e+01
de5 -2.026382064819335938e+01 -2.896764945983886719e+01 -2.025944519042968750e+01 -3.233145904541015625e+01 -5.048751831054687500e+01 -4.367611312866210938e+01 -3.139281272888183594e+01 -3.121628379821777344e+01 -3.649718475341796875e+01 -1.711145782470703125e+01
gao1 -9.682806968688964844e+00 -1.423878097534179688e+01 6.487359046936035156e+00 5.181610107421875000e+00 -7.920291423797607422e+00 4.416243553161621094e+00 1.341013431549072266e+01 1.630517005920410156e+01 1.470650196075439453e+01 3.231530761718750000e+01
wen1 2.273581123352050781e+01 1.289956665039062500e+01 2.585146331787109375e+01 8.469035148620605469e+00 -1.136154937744140625e+01 -6.824263095855712891e+00 4.705818653106689453e+00 3.008743286132812500e+00 1.148576164245605469e+01 2.616457366943359375e+01
chao1 3.146346855163574219e+01 2.382509040832519531e+01 4.381738281250000000e+01 3.361116409301757812e+01 2.000917625427246094e+01 2.842295837402343750e+01 3.953311157226562500e+01 4.515722274780273438e+01 4.740935516357421875e+01 6.195982742309570312e+01
dao3 6.264558029174804688e+01 6.027715682983398438e+01 6.280049514770507812e+01 5.352308273315429688e+01 2.663297462463378906e+01 8.402191162109375000e+00 5.407851696014404297e+00 -2.216384708881378174e-01 -2.141592597961425781e+01 -1.183385372161865234e+01
cai2 -1.959687423706054688e+01 -3.242617034912109375e+01 -1.984156799316406250e+01 -2.887810516357421875e+01 -4.791036987304687500e+01 -4.954587173461914062e+01 -4.835169601440429688e+01 -5.024262619018554688e+01 -5.231159973144531250e+01 -2.754712486267089844e+01
liao4 -2.523543596267700195e+00 -3.409832954406738281e+00 1.440553855895996094e+01 5.789716720581054688e+00 -2.169405937194824219e+01 -3.471796798706054688e+01 -4.653115081787109375e+01 -6.162640380859375000e+01 -7.080281066894531250e+01 -4.071833419799804688e+01
he2 -5.039696216583251953e+00 -4.297510147094726562e+00 6.888736248016357422e+00 -7.256151199340820312e+00 -3.166307067871093750e+01 -3.344841384887695312e+01 -2.983906364440917969e+01 -2.389092636108398438e+01 -2.164467430114746094e+01 2.382573604583740234e+00
pu3 -9.588891863822937012e-01 -3.233113765716552734e+00 1.771875572204589844e+01 2.427333068847656250e+01 1.238904953002929688e+01 1.833006095886230469e+01 2.143062591552734375e+01 1.383519554138183594e+01 -5.112738132476806641e+00 5.558166980743408203e+00
tong1 3.869502305984497070e+00 2.723416328430175781e+00 2.395236587524414062e+01 2.019406700134277344e+01 6.621448040008544922e+00 2.073053741455078125e+01 3.388459777832031250e+01 3.918552398681640625e+01 4.181584930419921875e+01 5.583535003662109375e+01
tong2 5.293128967285156250e+01 3.634602737426757812e+01 4.446861648559570312e+01 2.792546463012695312e+01 -3.264447689056396484e+00 -1.099112129211425781e+01 -1.202331638336181641e+01 -1.765790820121765137e+00 -5.790683746337890625e+00 1.453473949432373047e+01
cai2 2.114694404602050781e+01 1.107462978363037109e+01 1.902819442749023438e+01 4.800672829151153564e-01 -2.627394485473632812e+01 -4.088205337524414062e+01 -3.709302902221679688e+01 -4.212449645996093750e+01 -5.057922744750976562e+01 -3.076670265197753906e+01
liao4 8.397835731506347656e+00 1.180099606513977051e+00 2.344192886352539062e+01 1.579266071319580078e+01 2.910647869110107422e+00 -5.339054465293884277e-01 -5.493566036224365234e+00 -1.235229206085205078e+01 -3.571730804443359375e+01 -2.327427673339843750e+01
xiang1 -1.233933448791503906e+01 -1.256663036346435547e+01 1.940016984939575195e+00 -8.377447128295898438e-01 -1.197042751312255859e+01 -4.083084106445312500e+00 7.412703990936279297e+00 1.396432209014892578e+01 1.801839828491210938e+01 3.098677062988281250e+01
bi3 5.769422149658203125e+01 4.328185653686523438e+01 6.046568298339843750e+01 5.220200347900390625e+01 2.835576438903808594e+01 2.214809417724609375e+01 2.359214401245117188e+01 2.006456565856933594e+01 6.184726715087890625e+00 1.096108627319335938e+01
