yan3 4.327307701110839844e+00 3.530784606933593750e+00 1.006083583831787109e+01 4.132609367370605469e+00 -1.472037696838378906e+01 -3.655997276306152344e+00 -2.705593347549438477e+00 -1.293612194061279297e+01 -2.258653068542480469e+01 -1.056877231597900391e+01
qian2 -2.537360191345214844e+01 -3.056516456604003906e+01 -1.464286422729492188e+01 -2.185530853271484375e+01 -3.301373291015625000e+01 -3.502722549438476562e+01 -2.435351943969726562e+01 -1.382278919219970703e+01 -1.243386936187744141e+01 1.324062252044677734e+01
li4 4.851119232177734375e+01 4.568832015991210938e+01 6.499581146240234375e+01 5.909064483642578125e+01 5.521478652954101562e+01 6.011939239501953125e+01 6.202903366088867188e+01 5.462061309814453125e+01 2.858818626403808594e+01 2.832509231567382812e+01
run4 2.630163002014160156e+01 1.638594627380371094e+01 2.739449501037597656e+01 1.845198822021484375e+01 -4.853466987609863281e+00 -1.027623558044433594e+01 -9.951760292053222656e+00 -1.385097503662109375e+01 -2.630563354492187500e+01 -1.443488311767578125e+01
tian1 -1.220221424102783203e+01 -1.859550476074218750e+01 -9.372354149818420410e-01 -4.674531459808349609e+00 -2.245743179321289062e+01 -1.155810832977294922e+01 -5.813693046569824219e+00 2.799701690673828125e-02 1.459295272827148438e+00 1.805826377868652344e+01
cha1 2.991811752319335938e+00 -1.360544323921203613e+00 2.010608291625976562e+01 1.443861961364746094e+01 3.826708078384399414e+00 1.389501571655273438e+01 2.477597618103027344e+01 3.030742645263671875e+01 3.386042404174804688e+01 5.029503250122070312e+01
di4 4.788953781127929688e+01 4.242546081542968750e+01 4.452993011474609375e+01 2.220232772827148438e+01 -7.461935997009277344e+00 -2.030950546264648438e+01 -2.533383560180664062e+01 -3.221963882446289062e+01 -4.573485565185546875e+01 -3.037817573547363281e+01
bie2 -2.310574531555175781e+01 -2.664695358276367188e+01 -1.147863674163818359e+01 -2.034928894042968750e+01 -3.837347412109375000e+01 -3.860962295532226562e+01 -3.260708236694335938e+01 -2.294031906127929688e+01 -2.250816726684570312e+01 4.695443809032440186e-01
zan4 4.215307235717773438e+01 4.232510757446289062e+01 6.292568588256835938e+01 7.160015106201171875e+01 6.680550384521484375e+01 6.115659713745117188e+01 6.229499053955078125e+01 4.147675704956054688e+01 1.277173042297363281e+01 1.142867469787597656e+01
qie3 -1.693472671508789062e+01 -2.017614555358886719e+01 -6.638551712036132812e+00 -1.703915977478027344e+01 -4.001353073120117188e+01 -3.223264312744140625e+01 -3.031859397888183594e+01 -2.884233093261718750e+01 -4.206398773193359375e+01 -2.722578430175781250e+01
bu4 -1.437042331695556641e+01 -1.403501415252685547e+01 4.015748023986816406e+00 3.857443332672119141e+00 -3.345268070697784424e-01 7.017344951629638672e+00 9.325912475585937500e+00 3.970316171646118164e+00 -1.247605800628662109e+01 -7.312320232391357422e+00
shuo1 2.533448457717895508e+00 -6.289282441139221191e-01 2.594914054870605469e+01 1.460279560089111328e+01 -5.956019163131713867e-01 1.198720264434814453e+01 2.390496826171875000e+01 2.984292411804199219e+01 3.749518585205078125e+01 5.285495376586914062e+01
