yong4 5.078786849975585938e+01 4.602313995361328125e+01 5.818757629394531250e+01 5.942208862304687500e+01 5.286459350585937500e+01 5.900222015380859375e+01 6.312918090820312500e+01 5.959643554687500000e+01 4.204199600219726562e+01 4.735003280639648438e+01
yang3 1.512670707702636719e+01 2.249170303344726562e+00 1.111786937713623047e+01 2.343760967254638672e+00 -2.424869346618652344e+01 -1.877037048339843750e+01 -1.764217948913574219e+01 -1.576072788238525391e+01 -2.259964942932128906e+01 -3.832859992980957031e+00
han4 1.408257579803466797e+01 1.148868656158447266e+01 2.503953170776367188e+01 2.851566505432128906e+01 1.427094078063964844e+01 1.947097206115722656e+01 2.875680160522460938e+01 1.721748542785644531e+01 -1.300689339637756348e+00 9.109239578247070312e+00
qiang1 5.695045948028564453e+00 -2.375433444976806641e-01 1.648210906982421875e+01 1.412411308288574219e+01 -6.659445166587829590e-02 6.738584518432617188e+00 1.589640808105468750e+01 2.307148361206054688e+01 2.091602897644042969e+01 3.389259338378906250e+01
qie1 1.865828895568847656e+01 9.068615913391113281e+00 2.248304939270019531e+01 1.667682266235351562e+01 -3.876972436904907227e+00 1.631979703903198242e+00 9.152181625366210938e+00 1.527537155151367188e+01 1.463840770721435547e+01 2.537321281433105469e+01
ge1 2.702673339843750000e+01 1.806944465637207031e+01 3.243862152099609375e+01 2.451603317260742188e+01 1.217148005962371826e-01 6.267684936523437500e+00 9.538370132446289062e+00 1.830470275878906250e+01 1.547165775299072266e+01 2.396253013610839844e+01
zhe5 2.945820426940917969e+01 1.989384078979492188e+01 2.156595420837402344e+01 4.322306632995605469e+00 -2.848889160156250000e+01 -3.032098388671875000e+01 -3.070297813415527344e+01 -2.900506401062011719e+01 -4.084995651245117188e+01 -2.658146095275878906e+01
zu2 -2.422431564331054688e+01 -2.783073425292968750e+01 -1.323669147491455078e+01 -1.611851882934570312e+01 -2.736453628540039062e+01 -2.699971389770507812e+01 -1.988521385192871094e+01 -7.669759750366210938e+00 -9.920749664306640625e-01 2.084912490844726562e+01
zu2 3.607793426513671875e+01 2.822935676574707031e+01 3.233782577514648438e+01 1.865146446228027344e+01 -7.418373584747314453e+00 -1.256514835357666016e+01 -8.486522674560546875e+00 -7.081815719604492188e+00 -1.422721767425537109e+01 5.938122749328613281e+00
gao1 1.678847694396972656e+01 9.013367652893066406e+00 2.682292556762695312e+01 2.267851066589355469e+01 4.636695384979248047e+00 5.069354057312011719e+00 1.174129867553710938e+01 1.487538146972656250e+01 1.352959728240966797e+01 2.576999092102050781e+01
chu1 1.393676280975341797e+01 4.578986167907714844e+00 1.359363651275634766e+01 -3.160333156585693359e+00 -2.891747283935546875e+01 -2.571607208251953125e+01 -1.702819442749023438e+01 -1.413686752319335938e+01 -1.030424022674560547e+01 2.338817119598388672e+00
yi4 3.075947570800781250e+01 2.518836784362792969e+01 4.895399475097656250e+01 5.669267272949218750e+01 4.534989166259765625e+01 5.737170410156250000e+01 5.867792510986328125e+01 5.547444152832031250e+01 2.888878250122070312e+01 2.919384574890136719e+01
mi3 1.184761714935302734e+01 -1.323669433593750000e+00 9.057035446166992188e+00 -3.360800981521606445e+00 -2.377783203125000000e+01 -2.335452651977539062e+01 -2.344315147399902344e+01 -2.462247276306152344e+01 -3.104874229431152344e+01 -2.061534118652343750e+01
duo1 -6.898535251617431641e+00 -8.363250732421875000e+00 1.105729961395263672e+01 1.059519290924072266e+01 4.920168220996856689e-01 1.078351497650146484e+01 2.084435081481933594e+01 2.384409141540527344e+01 2.539628982543945312e+01 3.685166168212890625e+01
de5 2.619270324707031250e+01 1.694135475158691406e+01 2.302851867675781250e+01 5.516345500946044922e+00 -2.007542610168457031e+01 -2.742569351196289062e+01 -1.928737068176269531e+01 -1.648497581481933594e+01 -2.607300567626953125e+01 -1.274216461181640625e+01
gao1 -5.412516593933105469e-01 2.583766281604766846e-01 2.466423797607421875e+01 2.297025871276855469e+01 1.401458549499511719e+01 2.599992942810058594e+01 3.756559753417968750e+01 4.472318267822265625e+01 4.807177734375000000e+01 5.410904312133789062e+01
bang1 4.223508453369140625e+01 3.956499862670898438e+01 4.747481155395507812e+01 3.090163803100585938e+01 1.211048603057861328e+01 6.837458610534667969e+00 1.533944988250732422e+01 1.964335250854492188e+01 2.086692237854003906e+01 3.154478073120117188e+01
che1 2.425855398178100586e-01 4.240692615509033203e+00 1.627105140686035156e+01 1.017517948150634766e+01 -9.161564707756042480e-02 2.238891839981079102e+00 1.385003662109375000e+01 2.375478935241699219e+01 2.403640174865722656e+01 2.834486770629882812e+01
xiang1 2.994815254211425781e+01 2.136805534362792969e+01 4.200461196899414062e+01 2.594729614257812500e+01 4.855400562286376953e+00 1.127384090423583984e+01 1.376524543762207031e+01 2.672197914123535156e+01 3.164099121093750000e+01 3.977489471435546875e+01
