wo3 3.074702835083007812e+01 2.501068496704101562e+01 3.309689712524414062e+01 2.509509277343750000e+01 4.955083370208740234e+00 1.121298122406005859e+01 -1.916517257690429688e+00 -5.570837020874023438e+00 -1.843682479858398438e+01 -1.034165573120117188e+01
zai4 1.512027549743652344e+01 3.930166244506835938e+00 7.112919807434082031e+00 -6.656429767608642578e+00 -3.088789176940917969e+01 -2.585637855529785156e+01 -2.320774078369140625e+01 -1.975513076782226562e+01 -1.933044433593750000e+01 -1.534617066383361816e+00
bin1 -7.844326496124267578e-01 -2.592160701751708984e+00 1.737612533569335938e+01 1.871673202514648438e+01 4.614831924438476562e+00 2.160632514953613281e+01 2.832620048522949219e+01 3.236507797241210938e+01 3.391496658325195312e+01 4.833913803100585938e+01
guan3 4.177621078491210938e+01 2.727595520019531250e+01 3.360344696044921875e+01 8.119344711303710938e+00 -2.637941932678222656e+01 -3.225620269775390625e+01 -3.565639114379882812e+01 -3.475851440429687500e+01 -3.837947463989257812e+01 -1.909949111938476562e+01
da4 1.623095703125000000e+01 1.564530849456787109e+01 3.485388183593750000e+01 3.958085250854492188e+01 3.366531372070312500e+01 4.293682861328125000e+01 4.749602127075195312e+01 3.509123992919921875e+01 1.144991874694824219e+01 9.830944061279296875e+00
ting1 -6.763254642486572266e+00 -1.652941894531250000e+01 -5.059399008750915527e-01 -1.170289134979248047e+01 -3.234714126586914062e+01 -2.514164924621582031e+01 -1.940542984008789062e+01 -1.749072265625000000e+01 -1.581812095642089844e+01 -1.689229846000671387e+00
zhuo1 8.464761734008789062e+00 4.913234710693359375e-01 2.126517105102539062e+01 1.590021228790283203e+01 -9.812849760055541992e-02 9.959742546081542969e+00 1.821923828125000000e+01 2.108420181274414062e+01 2.112375068664550781e+01 3.894845199584960938e+01
dao4 3.456077194213867188e+01 2.455443572998046875e+01 2.893559074401855469e+01 8.389651298522949219e+00 -2.262149620056152344e+01 -2.848640251159667969e+01 -2.813692855834960938e+01 -2.963339042663574219e+01 -3.952743148803710938e+01 -2.126470947265625000e+01
yi4 2.147290110588073730e-01 -3.615870714187622070e+00 1.171984958648681641e+01 1.011115646362304688e+01 3.952521979808807373e-01 1.396702098846435547e+01 1.511489391326904297e+01 8.121899604797363281e+00 -9.947303771972656250e+00 -1.014614200592041016e+01
zhi3 -1.381639194488525391e+01 -2.389726829528808594e+01 -6.583261966705322266e+00 -1.867746162414550781e+01 -3.567375183105468750e+01 -2.655317497253417969e+01 -1.738093566894531250e+01 -1.763936042785644531e+01 -2.860588455200195312e+01 -1.815567779541015625e+01
lei4 -2.315373659133911133e+00 -8.072724342346191406e+00 3.537263154983520508e+00 -5.073919773101806641e+00 -1.777271270751953125e+01 -2.081431770324707031e+01 -1.828956031799316406e+01 -2.331359291076660156e+01 -3.408310699462890625e+01 -2.101101493835449219e+01
si4 -2.362688827514648438e+01 -2.837287139892578125e+01 -1.487266540527343750e+01 -2.397601318359375000e+01 -4.386240005493164062e+01 -3.840777969360351562e+01 -3.011476135253906250e+01 -2.547327423095703125e+01 -3.640227890014648438e+01 -2.068634033203125000e+01
guo1 -7.337947368621826172e+00 -1.064232158660888672e+01 7.801887035369873047e+00 7.408028602600097656e+00 -3.790536880493164062e+00 5.242777824401855469e+00 1.806045532226562500e+01 2.377430152893066406e+01 2.738693428039550781e+01 4.271239852905273438e+01
guo5 5.766731643676757812e+01 5.448443603515625000e+01 6.691490936279296875e+01 6.307783889770507812e+01 4.565785217285156250e+01 4.749093246459960938e+01 4.225765228271484375e+01 3.218486785888671875e+01 -8.527979850769042969e-01 -6.141687035560607910e-01
de5 -1.964568328857421875e+01 -3.170034790039062500e+01 -2.291077423095703125e+01 -3.028147697448730469e+01 -4.773546218872070312e+01 -4.137598419189453125e+01 -2.932219505310058594e+01 -3.156412696838378906e+01 -3.556708526611328125e+01 -1.881369590759277344e+01
kun1 -1.561872100830078125e+01 -1.509715652465820312e+01 1.138245701789855957e+00 7.024950981140136719e-01 -6.476290225982666016e+00 6.954217433929443359e+00 1.633088493347167969e+01 2.482897186279296875e+01 3.107697868347167969e+01 3.942490005493164062e+01
chong2 5.428946685791015625e+01 3.940153503417968750e+01 4.287715148925781250e+01 2.600538063049316406e+01 -6.259472370147705078e+00 -6.939699649810791016e+00 -7.989431858062744141e+00 -7.296797037124633789e-01 -2.044610023498535156e+00 7.155253887176513672e+00
