wei2 -9.424338340759277344e-01 -8.693074226379394531e+00 1.406381964683532715e+00 -5.137879371643066406e+00 -2.916441535949707031e+01 -2.000619316101074219e+01 -1.481921958923339844e+01 -1.131190204620361328e+01 -1.389662933349609375e+01 1.194877529144287109e+01
li4 5.023728561401367188e+01 4.488523101806640625e+01 6.395645141601562500e+01 6.482971954345703125e+01 5.736544036865234375e+01 6.029400634765625000e+01 6.028548049926757812e+01 4.726134109497070312e+01 2.886382865905761719e+01 3.023175621032714844e+01
shi4 2.908614158630371094e+01 1.931545829772949219e+01 2.435060119628906250e+01 1.007118034362792969e+01 -1.027746582031250000e+01 -6.673559665679931641e+00 -6.197579383850097656e+00 -7.471240997314453125e+00 -2.464240264892578125e+01 -1.814636230468750000e+01
tu2 -2.672595977783203125e+01 -2.820707702636718750e+01 -1.460537338256835938e+01 -2.427839088439941406e+01 -3.995658111572265625e+01 -3.995209121704101562e+01 -3.587232208251953125e+01 -3.132587623596191406e+01 -3.898568725585937500e+01 -2.216115951538085938e+01
shi4 -2.236864089965820312e+00 -4.942817211151123047e+00 3.273252487182617188e+00 -1.129234886169433594e+01 -4.023152923583984375e+01 -4.390617370605468750e+01 -2.960568809509277344e+01 -3.110678482055664062e+01 -3.242275619506835938e+01 -9.737631797790527344e+00
zao4 1.614064598083496094e+01 1.919114875793457031e+01 4.482740020751953125e+01 5.404489135742187500e+01 5.384889602661132812e+01 7.265579986572265625e+01 8.340879821777343750e+01 7.620137023925781250e+01 5.125953292846679688e+01 4.669908142089843750e+01
jia3 5.229842185974121094e+00 -1.784271240234375000e+00 5.539707660675048828e+00 -8.279584884643554688e+00 -3.441105651855468750e+01 -3.155993270874023438e+01 -2.830012893676757812e+01 -2.549588775634765625e+01 -4.080880737304687500e+01 -2.669335556030273438e+01
de5 -1.771327400207519531e+01 -3.434373855590820312e+01 -2.165443801879882812e+01 -3.345374679565429688e+01 -5.257597732543945312e+01 -4.412577438354492188e+01 -4.193535995483398438e+01 -3.570513153076171875e+01 -3.657661437988281250e+01 -2.034990310668945312e+01
yi2 -2.195391273498535156e+01 -2.859329605102539062e+01 -1.456342983245849609e+01 -2.085814857482910156e+01 -4.209955215454101562e+01 -3.939630889892578125e+01 -4.181810760498046875e+01 -4.186818313598632812e+01 -4.677224731445312500e+01 -2.551666831970214844e+01
ge4 -4.754964113235473633e-01 -2.224713563919067383e+00 9.765414237976074219e+00 -4.181831836700439453e+00 -1.549872779846191406e+01 -9.376729011535644531e+00 -1.008928394317626953e+01 -4.502678871154785156e+00 -1.321928691864013672e+01 -5.663725376129150391e+00
nei4 -3.893997669219970703e+00 2.583767175674438477e+00 2.312340354919433594e+01 2.798240089416503906e+01 2.050282669067382812e+01 2.850643157958984375e+01 2.997796821594238281e+01 2.048387718200683594e+01 -3.790177822113037109e+00 -5.333439826965332031e+00
yin1 -1.349571418762207031e+01 -1.601834487915039062e+01 6.678014278411865234e+00 -6.785815954208374023e-01 -1.663552284240722656e+01 -7.185823917388916016e-01 1.456923484802246094e+01 1.925798034667968750e+01 3.191314697265625000e+01 5.050989913940429688e+01
