huo4 2.661997222900390625e+01 2.518387031555175781e+01 2.946233558654785156e+01 1.917371940612792969e+01 -3.229363441467285156e+00 1.040908241271972656e+01 1.904381752014160156e+01 2.102866744995117188e+01 7.777356147766113281e+00 2.134337043762207031e+01
jing1 -3.262620687484741211e+00 -6.854814052581787109e+00 9.220218658447265625e+00 1.072701454162597656e+01 -6.411041736602783203e+00 1.134246253967285156e+01 1.998080253601074219e+01 2.780844688415527344e+01 3.016088294982910156e+01 4.132552719116210938e+01
huang2 4.062885284423828125e+01 2.656692314147949219e+01 3.307778167724609375e+01 1.390997600555419922e+01 -1.883391952514648438e+01 -1.982608795166015625e+01 -1.585014247894287109e+01 -1.253067302703857422e+01 -1.429296588897705078e+01 2.193785905838012695e+00
shi1 5.490886211395263672e+00 1.215242624282836914e+00 1.747243309020996094e+01 1.517862987518310547e+01 -3.820837974548339844e+00 8.205154418945312500e+00 1.198557090759277344e+01 2.133201408386230469e+01 2.010274314880371094e+01 3.603665542602539062e+01
cuo4 5.034217071533203125e+01 4.376687622070312500e+01 5.954771423339843750e+01 5.451813125610351562e+01 3.566800689697265625e+01 3.963052749633789062e+01 3.912880706787109375e+01 3.025399398803710938e+01 1.334331893920898438e+01 1.440351009368896484e+01
gui4 2.293027496337890625e+01 1.324368858337402344e+01 2.948862457275390625e+01 2.624483680725097656e+01 1.513906860351562500e+01 2.125599670410156250e+01 1.774732589721679688e+01 1.430350208282470703e+01 -6.975753307342529297e+00 8.225676536560058594e+00
di4 1.316424846649169922e+00 -4.056308746337890625e+00 7.946317195892333984e+00 -8.491344451904296875e+00 -2.805529022216796875e+01 -3.234155273437500000e+01 -4.220291900634765625e+01 -3.785457229614257812e+01 -6.101316070556640625e+01 -3.814170074462890625e+01
er2 -1.982001304626464844e+01 -2.909960937500000000e+01 -1.557460784912109375e+01 -2.242152786254882812e+01 -4.144353866577148438e+01 -3.595384216308593750e+01 -2.977427673339843750e+01 -2.066177177429199219e+01 -1.876803970336914062e+01 -5.351377487182617188e+00
mian2 -9.328194618225097656e+00 -1.030252647399902344e+01 5.989580631256103516e+00 1.186966598033905029e-01 -1.692113113403320312e+01 -1.702687644958496094e+01 -1.303867244720458984e+01 -4.924178123474121094e+00 1.234321594238281250e+01 3.576153945922851562e+01
cong2 1.942582893371582031e+01 1.021139335632324219e+01 2.079421806335449219e+01 -2.183353900909423828e+00 -3.061866760253906250e+01 -3.512534332275390625e+01 -3.930068969726562500e+01 -3.583880233764648438e+01 -3.641487503051757812e+01 -1.281781482696533203e+01
wei4 2.421605110168457031e+01 2.090925216674804688e+01 4.195481109619140625e+01 4.978486251831054688e+01 4.890829086303710938e+01 6.676098632812500000e+01 7.279842376708984375e+01 6.948119354248046875e+01 4.302927398681640625e+01 3.671142578125000000e+01
mu4 3.203818130493164062e+01 2.604942131042480469e+01 3.160916328430175781e+01 1.743321609497070312e+01 -8.025278091430664062e+00 -1.980752372741699219e+01 -3.194159507751464844e+01 -4.039331436157226562e+01 -4.960601806640625000e+01 -3.599829864501953125e+01
dao4 -2.891393280029296875e+01 -3.366252899169921875e+01 -2.249415969848632812e+01 -3.127091598510742188e+01 -4.775823211669921875e+01 -4.423889541625976562e+01 -3.552569961547851562e+01 -3.445805358886718750e+01 -3.731776046752929688e+01 -1.845336914062500000e+01
shuang1 -6.610303878784179688e+00 -6.527200222015380859e+00 1.027630329132080078e+01 1.194017601013183594e+01 2.057565689086914062e+00 1.214082050323486328e+01 2.778663253784179688e+01 3.201103591918945312e+01 3.610635375976562500e+01 5.378272247314453125e+01
wang4 6.174798202514648438e+01 5.192426300048828125e+01 6.312360382080078125e+01 5.787021636962890625e+01 3.800162124633789062e+01 3.184207534790039062e+01 2.476418685913085938e+01 4.835020065307617188e+00 -2.192925071716308594e+01 -1.883752059936523438e+01
de5 -2.711004638671875000e+01 -3.781905364990234375e+01 -2.379599761962890625e+01 -3.369405364990234375e+01 -5.155513763427734375e+01 -4.543958663940429688e+01 -3.886784744262695312e+01 -3.967305755615234375e+01 -3.902211761474609375e+01 -2.192886161804199219e+01
xiu1 2.620263099670410156e+01 1.525974750518798828e+01 3.211619186401367188e+01 2.459600257873535156e+01 8.339774131774902344e+00 2.234648132324218750e+01 3.584671020507812500e+01 3.841825866699218750e+01 4.684196472167968750e+01 5.496220016479492188e+01
zheng4 6.191978836059570312e+01 6.010254669189453125e+01 6.828593444824218750e+01 5.502739715576171875e+01 2.985954856872558594e+01 1.716256141662597656e+01 8.125558853149414062e+00 -2.537985801696777344e+00 -2.458659744262695312e+01 -1.532505321502685547e+01
cheng2 -2.937283134460449219e+01 -3.655595779418945312e+01 -2.178849983215332031e+01 -2.271705245971679688e+01 -4.381956863403320312e+01 -3.649011611938476562e+01 -3.238979339599609375e+01 -2.979322624206542969e+01 -3.361907196044921875e+01 -1.252150630950927734e+01
fo2 5.297835826873779297e+00 2.417496204376220703e+00 2.369381332397460938e+01 2.250956773757934570e+00 -2.399181556701660156e+01 -1.263937473297119141e+01 -1.112663745880126953e+01 3.913863301277160645e-01 -2.154532909393310547e+00 1.192777919769287109e+01
