kan4 4.927551269531250000e+01 4.465220642089843750e+01 6.480570220947265625e+01 5.970259475708007812e+01 4.733972930908203125e+01 4.894232177734375000e+01 4.389818954467773438e+01 3.245174026489257812e+01 -3.227804899215698242e-01 4.093887805938720703e+00
dao5 -8.270608186721801758e-01 -1.889473915100097656e+01 -1.073696136474609375e+01 -2.469229125976562500e+01 -4.937617874145507812e+01 -4.441369247436523438e+01 -3.880850982666015625e+01 -3.313873672485351562e+01 -3.790415573120117188e+01 -1.629055023193359375e+01
fan4 1.499721431732177734e+01 1.707670593261718750e+01 3.847260665893554688e+01 4.714077377319335938e+01 4.810764694213867188e+01 6.105601119995117188e+01 6.619419860839843750e+01 5.941368484497070312e+01 3.500008392333984375e+01 3.130041313171386719e+01
zhuo1 2.338311386108398438e+01 2.037224769592285156e+01 3.839950942993164062e+01 2.937115478515625000e+01 9.961774826049804688e+00 1.941022682189941406e+01 2.772351264953613281e+01 3.140055465698242188e+01 2.910963058471679688e+01 4.339303207397460938e+01
shang4 5.199016952514648438e+01 3.870759201049804688e+01 4.851974487304687500e+01 2.616098785400390625e+01 -3.234249830245971680e+00 -6.689644813537597656e+00 -1.970339393615722656e+01 -2.130644226074218750e+01 -3.146947097778320312e+01 -2.404171371459960938e+01
bei4 -2.836340188980102539e+00 -9.867110252380371094e+00 2.797101259231567383e+00 -1.987044143676757812e+01 -4.515121841430664062e+01 -4.831909942626953125e+01 -4.272543716430664062e+01 -3.783246231079101562e+01 -4.920762252807617188e+01 -3.294499588012695312e+01
tong2 -2.889378929138183594e+01 -3.352144622802734375e+01 -9.122621536254882812e+00 -1.582056713104248047e+01 -3.129417419433593750e+01 -2.444991302490234375e+01 -1.249571514129638672e+01 1.612862348556518555e+00 1.371155643463134766e+01 4.349995040893554688e+01
xue2 5.104886627197265625e+01 4.080003738403320312e+01 5.922531509399414062e+01 3.846849822998046875e+01 1.461832046508789062e+01 -4.865828514099121094e+00 -1.315888786315917969e+01 -2.408710479736328125e+01 -3.475127029418945312e+01 -2.393235969543457031e+01
men5 -2.274503946304321289e+00 -1.687532615661621094e+01 -1.305931329727172852e+00 -1.264032363891601562e+01 -3.456241226196289062e+01 -3.330209732055664062e+01 -2.873798370361328125e+01 -2.422685813903808594e+01 -3.067739677429199219e+01 -1.715377235412597656e+01
reng1 -5.876280784606933594e+00 -1.128488159179687500e+01 8.547602653503417969e+00 6.299660682678222656e+00 -4.423452377319335938e+00 7.938215732574462891e+00 1.911680793762207031e+01 2.665951728820800781e+01 3.175979232788085938e+01 4.939728927612304688e+01
diao4 6.158152389526367188e+01 5.156459808349609375e+01 6.194897460937500000e+01 5.442634582519531250e+01 3.309554290771484375e+01 2.516576766967773438e+01 1.404887962341308594e+01 2.674492359161376953e+00 -2.166728973388671875e+01 -1.725167083740234375e+01
de5 -2.099275588989257812e+01 -3.181388854980468750e+01 -2.291414833068847656e+01 -3.349004364013671875e+01 -4.892125320434570312e+01 -4.712490463256835938e+01 -4.089611053466796875e+01 -3.894748306274414062e+01 -3.980851745605468750e+01 -2.046664047241210938e+01
you3 -5.118272304534912109e+00 -1.011721038818359375e+01 -1.103849172592163086e+00 -2.388259410858154297e+00 -1.880945777893066406e+01 -1.583402633666992188e+01 -1.542452526092529297e+01 -1.640944671630859375e+01 -3.114546394348144531e+01 -1.327628231048583984e+01
bai2 -2.586817550659179688e+01 -3.085855293273925781e+01 -7.863125324249267578e+00 -1.818942260742187500e+01 -3.470864868164062500e+01 -2.920895004272460938e+01 -2.256087875366210938e+01 -1.644654846191406250e+01 -1.506571102142333984e+01 5.839942455291748047e+00
hua1 7.074806213378906250e+00 4.908110141754150391e+00 2.663390541076660156e+01 2.444087600708007812e+01 1.190802955627441406e+01 2.492716026306152344e+01 3.779755020141601562e+01 4.376602172851562500e+01 4.859287261962890625e+01 6.197772216796875000e+01
hua5 6.077433395385742188e+01 5.207811737060546875e+01 7.117041778564453125e+01 6.685035705566406250e+01 5.300902938842773438e+01 6.488084411621093750e+01 6.222567367553710938e+01 5.466689300537109375e+01 2.987063598632812500e+01 2.824808502197265625e+01
de5 4.971342086791992188e+00 -1.487341976165771484e+01 -1.124816417694091797e+01 -1.669573402404785156e+01 -4.077836990356445312e+01 -3.839099502563476562e+01 -3.089790725708007812e+01 -2.879004096984863281e+01 -3.525244522094726562e+01 -1.900436592102050781e+01
mi3 -8.128817558288574219e+00 -1.230726051330566406e+01 7.343446254730224609e+00 1.158742904663085938e+01 2.851602554321289062e+00 4.228961467742919922e+00 3.409783363342285156e+00 -7.396974563598632812e+00 -3.292690658569335938e+01 -3.156878280639648438e+01
fan4 1.661589241027832031e+01 1.032732868194580078e+01 3.733007431030273438e+01 3.548357391357421875e+01 1.979762268066406250e+01 1.723132514953613281e+01 4.197058677673339844e+00 -9.675057411193847656e+00 -2.335224342346191406e+01 -1.599731826782226562e+01
