xu3 1.743155956268310547e+00 1.513432979583740234e+00 1.479598712921142578e+01 6.845482826232910156e+00 -7.385719299316406250e+00 5.437882542610168457e-01 1.091853523254394531e+01 4.214788436889648438e+00 -1.077354145050048828e+01 1.005010247230529785e+00
duo1 1.283939838409423828e+01 1.125778007507324219e+01 2.311741447448730469e+01 2.324505043029785156e+01 6.683983802795410156e+00 1.732929801940917969e+01 2.367890739440917969e+01 2.926747131347656250e+01 2.776975059509277344e+01 4.132557296752929688e+01
ren4 6.296240615844726562e+01 5.538266754150390625e+01 7.091189575195312500e+01 6.431020355224609375e+01 4.678604888916015625e+01 5.222916030883789062e+01 4.492592620849609375e+01 3.147147941589355469e+01 1.056814193725585938e+01 1.003962612152099609e+01
shi4 5.912191867828369141e+00 4.477846622467041016e+00 2.108498573303222656e+01 9.935450553894042969e+00 -4.818123817443847656e+00 -1.082631492614746094e+01 -1.291778659820556641e+01 -1.589031696319580078e+01 -3.823197937011718750e+01 -2.596977233886718750e+01
lao3 -2.608088684082031250e+01 -3.203908157348632812e+01 -1.796546363830566406e+01 -1.674995040893554688e+01 -3.311531829833984375e+01 -2.550197792053222656e+01 -2.330486679077148438e+01 -2.472417259216308594e+01 -4.015571975708007812e+01 -2.442485427856445312e+01
yang2 -2.953259086608886719e+01 -3.603298950195312500e+01 -2.142388916015625000e+01 -3.082057571411132812e+01 -4.036751556396484375e+01 -4.779298400878906250e+01 -3.911689758300781250e+01 -3.056747627258300781e+01 -2.921159172058105469e+01 -8.285039901733398438e+00
de5 3.053733062744140625e+01 3.211111831665039062e+01 5.235165786743164062e+01 4.656103897094726562e+01 3.028166770935058594e+01 2.104519081115722656e+01 2.662265586853027344e+01 2.552351379394531250e+01 2.177800834178924561e-01 3.621331691741943359e+00
ren2 -2.603263282775878906e+01 -3.112785720825195312e+01 -1.585405731201171875e+01 -2.447956657409667969e+01 -4.349225997924804688e+01 -4.278102874755859375e+01 -3.307735061645507812e+01 -3.241286468505859375e+01 -3.355468368530273438e+01 -1.322412681579589844e+01
dou1 2.079438447952270508e+00 -3.653892517089843750e+00 1.545310306549072266e+01 6.582479476928710938e+00 -7.760380268096923828e+00 -6.473341941833496094e+00 5.775249481201171875e+00 3.975672006607055664e+00 2.817098855972290039e+00 1.819165229797363281e+01
shuo1 7.905988693237304688e+00 1.910915255546569824e+00 2.171563720703125000e+01 1.101881885528564453e+01 -2.012219905853271484e+00 -1.420950770378112793e+00 1.204109573364257812e+01 2.030261421203613281e+01 2.609056472778320312e+01 3.269325637817382812e+01
lao3 -6.859496831893920898e-01 -6.975841999053955078e+00 1.296939086914062500e+01 1.564209103584289551e+00 -1.363299179077148438e+01 -1.313181114196777344e+01 -1.250357723236083984e+01 -1.823090934753417969e+01 -1.745201301574707031e+01 2.745756506919860840e-01
yang2 -3.158388519287109375e+01 -3.068011474609375000e+01 -2.245308685302734375e+01 -2.487357711791992188e+01 -3.690455245971679688e+01 -3.824992370605468750e+01 -3.120439338684082031e+01 -2.468235206604003906e+01 -2.347729682922363281e+01 -8.052982330322265625e+00
shi4 2.141487884521484375e+01 1.729091835021972656e+01 3.169312286376953125e+01 2.408664131164550781e+01 4.622650623321533203e+00 3.706636428833007812e+00 8.855187416076660156e+00 7.203586578369140625e+00 -6.203002929687500000e+00 5.218331813812255859e+00
lei4 -5.693075180053710938e+00 -8.853796958923339844e+00 9.343574523925781250e+00 8.169328689575195312e+00 1.896386444568634033e-01 8.774849772453308105e-02 3.298249721527099609e+00 -4.517274856567382812e+00 -2.664996528625488281e+01 -2.249533653259277344e+01
si3 -3.257292938232421875e+01 -3.128841590881347656e+01 -2.242458915710449219e+01 -2.483262062072753906e+01 -4.713066101074218750e+01 -3.736806869506835938e+01 -3.316349792480468750e+01 -3.210290908813476562e+01 -4.354765701293945312e+01 -3.057724952697753906e+01
de5 -1.801700019836425781e+01 -1.993889999389648438e+01 -3.685551404953002930e+00 -9.978388547897338867e-01 -1.044649124145507812e+01 3.492240905761718750e+00 1.324547100067138672e+01 4.792154312133789062e+00 9.197645187377929688e+00 1.333079910278320312e+01
