zuo4 3.926554489135742188e+01 3.615776824951171875e+01 5.001477432250976562e+01 5.089958953857421875e+01 3.127621269226074219e+01 4.152688217163085938e+01 4.362429428100585938e+01 4.168357086181640625e+01 2.241917800903320312e+01 2.511351013183593750e+01
an4 1.930567169189453125e+01 7.300061225891113281e+00 1.300775432586669922e+01 2.363481044769287109e+00 -2.781823730468750000e+01 -2.763202857971191406e+01 -3.021725463867187500e+01 -2.774668502807617188e+01 -3.308997726440429688e+01 -1.552127552032470703e+01
xiong1 -1.407405948638916016e+01 -1.845601463317871094e+01 -3.383172512054443359e+00 9.870634078979492188e-01 -1.806959724426269531e+01 3.013721942901611328e+00 7.718074798583984375e+00 1.738175964355468750e+01 1.887464523315429688e+01 3.839815902709960938e+01
qi4 3.552649688720703125e+01 3.095749473571777344e+01 3.391094207763671875e+01 9.112277984619140625e+00 -2.133687210083007812e+01 -3.230757141113281250e+01 -3.408945465087890625e+01 -3.535429382324218750e+01 -4.972896194458007812e+01 -3.363650512695312500e+01
cong2 -1.607690620422363281e+01 -2.021076774597167969e+01 -1.179861927032470703e+01 -1.911813926696777344e+01 -4.518584823608398438e+01 -4.445700836181640625e+01 -3.723318099975585938e+01 -3.107437133789062500e+01 -2.943925857543945312e+01 -1.596122646331787109e+01
xuan2 -2.195219039916992188e+01 -2.201286697387695312e+01 -1.271200895309448242e+00 -7.961830139160156250e+00 -2.074487304687500000e+01 -1.415409278869628906e+01 -2.410414218902587891e-01 2.521091461181640625e+01 3.798643493652343750e+01 6.417958831787109375e+01
wu3 5.988668060302734375e+01 5.250934600830078125e+01 6.183069229125976562e+01 4.390743637084960938e+01 1.826521682739257812e+01 7.170661926269531250e+00 3.355650663375854492e+00 1.042975544929504395e+00 -1.966193199157714844e+01 -1.124101257324218750e+01
hu2 -2.110591888427734375e+01 -2.395996665954589844e+01 -1.255646419525146484e+01 -1.846589469909667969e+01 -3.765014266967773438e+01 -3.133917236328125000e+01 -2.373431396484375000e+01 -1.784722518920898438e+01 -1.527899456024169922e+01 -2.979234755039215088e-01
zhong1 1.378872776031494141e+01 3.600977897644042969e+00 2.021715164184570312e+01 5.013041973114013672e+00 -1.399309539794921875e+01 -7.684810638427734375e+00 -6.725195884704589844e+00 -3.713330268859863281e+00 -3.888550043106079102e+00 1.301770782470703125e+01
lao1 2.100345802307128906e+01 1.765689659118652344e+01 3.404891204833984375e+01 2.295452117919921875e+01 9.984920501708984375e+00 1.942494010925292969e+01 2.741395568847656250e+01 3.505730438232421875e+01 3.744234085083007812e+01 4.676827621459960938e+01
qi3 6.349371719360351562e+01 4.727712249755859375e+01 5.809483718872070312e+01 4.141093444824218750e+01 1.409917354583740234e+01 1.022340774536132812e+01 6.445467472076416016e+00 1.453444480895996094e+01 4.491407871246337891e+00 8.818903923034667969e+00
