ta1 3.880108118057250977e+00 -4.384607315063476562e+00 1.218262290954589844e+01 7.620882987976074219e-01 -1.735501480102539062e+01 -1.743103027343750000e+01 -1.220720195770263672e+01 -5.531068325042724609e+00 -6.432483673095703125e+00 7.730187892913818359e+00
men5 3.200142288208007812e+01 1.548677158355712891e+01 3.864998626708984375e+01 2.215748214721679688e+01 -3.548291206359863281e+00 -4.139227390289306641e+00 -9.554418921470642090e-01 -2.934024810791015625e+00 -9.351152420043945312e+00 7.865887641906738281e+00
ye2 6.960599422454833984e+00 -7.156153678894042969e+00 1.424794960021972656e+01 9.648509979248046875e+00 -9.538422584533691406e+00 -1.490257072448730469e+01 -5.291772365570068359e+00 -2.129877567291259766e+00 8.161517143249511719e+00 3.845590209960937500e+01
biao3 2.609774971008300781e+01 2.019523239135742188e+01 3.797449111938476562e+01 2.334639358520507812e+01 1.244973468780517578e+01 -2.485226154327392578e+00 -4.231981277465820312e+00 -1.952621269226074219e+01 -3.835214233398437500e+01 -2.483013534545898438e+01
shi4 -1.955564880371093750e+01 -2.435520935058593750e+01 -1.593996238708496094e+01 -2.249241447448730469e+01 -4.534541320800781250e+01 -4.400504302978515625e+01 -4.466045761108398438e+01 -4.641439056396484375e+01 -5.313714981079101562e+01 -3.121689414978027344e+01
huan1 7.977981567382812500e+00 -1.339575409889221191e+00 1.572294044494628906e+01 1.185692310333251953e+01 -8.654152870178222656e+00 4.614591598510742188e+00 1.473016643524169922e+01 2.092217826843261719e+01 1.846065330505371094e+01 3.759907913208007812e+01
ying2 3.474012374877929688e+01 1.918504905700683594e+01 2.651963233947753906e+01 2.195151567459106445e+00 -2.999159240722656250e+01 -3.629887008666992188e+01 -3.099573135375976562e+01 -2.944813728332519531e+01 -3.136560630798339844e+01 -8.132026672363281250e+00
geng4 2.262389373779296875e+01 1.705978393554687500e+01 4.092229461669921875e+01 4.410480880737304688e+01 3.823967742919921875e+01 5.031595611572265625e+01 5.257617187500000000e+01 4.386846923828125000e+01 2.147177696228027344e+01 1.839106559753417969e+01
duo1 8.895842552185058594e+00 6.761701583862304688e+00 2.371738815307617188e+01 1.804069519042968750e+01 -3.652349233627319336e+00 5.126205682754516602e-01 8.903606414794921875e+00 1.401210689544677734e+01 8.666439056396484375e+00 2.199697113037109375e+01
de5 1.876480102539062500e+01 1.030972290039062500e+01 1.561291408538818359e+01 -1.354499101638793945e+00 -2.692580223083496094e+01 -2.864926910400390625e+01 -2.319645690917968750e+01 -1.838097000122070312e+01 -2.687166595458984375e+01 -1.192840290069580078e+01
zhong1 -2.984162807464599609e+00 -6.203923702239990234e+00 1.580949687957763672e+01 1.857042312622070312e+01 4.182888984680175781e+00 2.185149955749511719e+01 3.351523590087890625e+01 3.783013534545898438e+01 4.137085723876953125e+01 5.665415191650390625e+01
guo2 5.557411193847656250e+01 4.145851135253906250e+01 4.073775100708007812e+01 1.558104419708251953e+01 -2.087151908874511719e+01 -2.821042060852050781e+01 -3.052166557312011719e+01 -2.496973991394042969e+01 -2.634391021728515625e+01 -6.269688606262207031e+00
qi3 -1.135536956787109375e+01 -1.158783435821533203e+01 6.570261001586914062e+00 1.015096473693847656e+01 -2.141443967819213867e+00 2.895100593566894531e+00 9.440541267395019531e+00 -6.108620762825012207e-02 -2.083173942565917969e+01 -2.136402893066406250e+01
ye4 -8.750876784324645996e-01 -1.852235794067382812e+01 -6.373262405395507812e+00 -1.367318153381347656e+01 -3.322083663940429688e+01 -3.410504913330078125e+01 -3.223281478881835938e+01 -3.648296356201171875e+01 -4.172792816162109375e+01 -2.699423217773437500e+01
jia1 -1.240291213989257812e+01 -1.668278503417968750e+01 2.129510164260864258e+00 7.123227119445800781e-01 -1.226541996002197266e+01 -6.114574670791625977e-01 9.115685462951660156e+00 1.442582893371582031e+01 1.808737945556640625e+01 3.528654098510742188e+01
fang3 3.163280677795410156e+01 2.503480529785156250e+01 2.887377738952636719e+01 2.331999778747558594e+01 -5.596280097961425781e+00 -1.301701164245605469e+01 -1.215980815887451172e+01 -1.383503532409667969e+01 -3.196465492248535156e+01 -2.146006011962890625e+01
wen4 1.114535427093505859e+01 4.091667652130126953e+00 2.099362945556640625e+01 2.094748878479003906e+01 9.907443523406982422e-01 1.851802915334701538e-01 -8.663807868957519531e+00 -2.248967742919921875e+01 -2.864834022521972656e+01 -1.913037109375000000e+01
