xiang4 2.080865287780761719e+01 1.791846656799316406e+01 1.754651641845703125e+01 2.687623739242553711e+00 -2.866207313537597656e+01 -2.732774162292480469e+01 -2.896538925170898438e+01 -3.283813476562500000e+01 -3.934880065917968750e+01 -1.780542755126953125e+01
mei2 -1.987976837158203125e+01 -2.357403373718261719e+01 -4.619180679321289062e+00 -8.115573883056640625e+00 -2.300619125366210938e+01 -1.426726627349853516e+01 2.485424995422363281e+00 2.285575103759765625e+01 3.323119354248046875e+01 5.722350311279296875e+01
ti3 5.332541656494140625e+01 4.703459930419921875e+01 5.969328308105468750e+01 4.775788879394531250e+01 2.364381599426269531e+01 1.508764934539794922e+01 1.439798259735107422e+01 2.972270488739013672e+00 -1.570210075378417969e+01 -6.950445652008056641e+00
fa1 -4.625981330871582031e+00 -8.889391899108886719e+00 4.900881767272949219e+00 6.510467529296875000e+00 -1.294005107879638672e+01 5.140625953674316406e+00 1.276115989685058594e+01 1.977271461486816406e+01 2.012446403503417969e+01 3.727519226074218750e+01
bu4 4.901081085205078125e+01 4.542283248901367188e+01 5.811330795288085938e+01 4.999242782592773438e+01 3.057055854797363281e+01 3.340019607543945312e+01 2.160670471191406250e+01 1.871256256103515625e+01 -5.254282474517822266e+00 -6.620296478271484375e+00
le5 -5.262247323989868164e-01 -1.608666229248046875e+01 -8.489817619323730469e+00 -2.650255393981933594e+01 -5.419610977172851562e+01 -4.761135101318359375e+01 -3.944712448120117188e+01 -3.960245895385742188e+01 -4.348750686645507812e+01 -2.502554130554199219e+01
suo3 -2.920342254638671875e+01 -2.664270782470703125e+01 -8.308739662170410156e+00 -1.326182961463928223e+00 -1.420604038238525391e+01 -1.169857859611511230e+00 2.728936433792114258e+00 -1.085219502449035645e+00 -2.749218177795410156e+01 -1.855296325683593750e+01
zai4 2.613494873046875000e+00 -5.680966377258300781e+00 2.821824550628662109e+00 -1.020501899719238281e+01 -3.639131927490234375e+01 -3.734091567993164062e+01 -3.902033615112304688e+01 -3.966854095458984375e+01 -4.291050720214843750e+01 -2.391406631469726562e+01
gong1 -1.172638034820556641e+01 -1.271870136260986328e+01 6.434864997863769531e+00 6.652747631072998047e+00 -3.313627719879150391e+00 1.036863327026367188e+01 2.419654464721679688e+01 2.682800674438476562e+01 3.013599014282226562e+01 4.341082763671875000e+01
si1 2.752052879333496094e+01 1.951043128967285156e+01 2.837015914916992188e+01 1.234284210205078125e+01 -1.139531612396240234e+01 -9.393240928649902344e+00 1.069545149803161621e-01 7.543030977249145508e-01 5.305137157440185547e+00 1.764634323120117188e+01
de5 2.659713745117187500e+01 1.803256607055664062e+01 3.029163932800292969e+01 2.991263580322265625e+01 6.413963317871093750e+00 1.440743160247802734e+01 1.025761413574218750e+01 1.399235057830810547e+01 -5.969188213348388672e+00 7.720363616943359375e+00
huai4 8.572092056274414062e+00 1.791148066520690918e+00 2.116526603698730469e+01 2.326903343200683594e+01 1.735705757141113281e+01 2.192290687561035156e+01 1.462207221984863281e+01 3.682742118835449219e+00 -1.794454765319824219e+01 -1.336822891235351562e+01
xiao1 -1.563467693328857422e+01 -1.938312530517578125e+01 -2.724132537841796875e+00 -1.600967788696289062e+01 -2.921936607360839844e+01 -2.327504730224609375e+01 -1.647794723510742188e+01 -9.153070449829101562e+00 -1.045650768280029297e+01 3.005036830902099609e+00
xi5 1.584432792663574219e+01 4.552959442138671875e+00 2.510848236083984375e+01 1.418130970001220703e+01 -9.091293334960937500e+00 -1.692832350730895996e+00 3.880030632019042969e+00 1.345118808746337891e+01 1.461923313140869141e+01 2.210029983520507812e+01
