ji4 4.187280654907226562e+01 4.015543365478515625e+01 5.729239654541015625e+01 5.422883605957031250e+01 4.560098648071289062e+01 5.276536941528320312e+01 5.472385406494140625e+01 5.238243865966796875e+01 2.493735885620117188e+01 3.033786201477050781e+01
zhe2 6.199603080749511719e+00 -8.996137619018554688e+00 -5.010058879852294922e+00 -2.025958442687988281e+01 -4.392775726318359375e+01 -5.046897125244140625e+01 -4.785797500610351562e+01 -4.596265792846679688e+01 -4.315305709838867188e+01 -1.717881965637207031e+01
zhao3 -1.783017635345458984e+00 -2.652739524841308594e+00 7.540888786315917969e+00 8.195568084716796875e+00 -8.765195846557617188e+00 -7.021546363830566406e+00 -1.670986413955688477e+00 -1.347563362121582031e+01 -2.831875991821289062e+01 -1.847112464904785156e+01
dao4 5.540682315826416016e+00 3.389102935791015625e+00 1.381877040863037109e+01 3.208523035049438477e+00 -1.646944046020507812e+01 -1.140867614746093750e+01 -4.344798088073730469e+00 -8.341515541076660156e+00 -2.609472656250000000e+01 -1.713771820068359375e+01
le5 -5.856599807739257812e+00 -1.919324874877929688e+01 -7.999509334564208984e+00 -2.170208930969238281e+01 -4.747690582275390625e+01 -3.891302871704101562e+01 -2.751435661315917969e+01 -2.586866569519042969e+01 -2.985100364685058594e+01 -9.240724563598632812e+00
yu4 8.098016738891601562e+00 1.200173091888427734e+01 3.930757904052734375e+01 5.456204223632812500e+01 5.536825180053710938e+01 7.086212921142578125e+01 6.616940307617187500e+01 5.725283050537109375e+01 2.916278457641601562e+01 2.478645515441894531e+01
wan3 -2.531062841415405273e+00 -1.513201236724853516e+01 -1.738966941833496094e+00 -1.479802513122558594e+01 -3.997951889038085938e+01 -3.193797111511230469e+01 -3.363769531250000000e+01 -2.879350662231445312e+01 -4.092198562622070312e+01 -2.495692062377929688e+01
jiao1 -3.691412687301635742e+00 -1.043930912017822266e+01 8.161297798156738281e+00 1.044070148468017578e+01 -6.785823345184326172e+00 9.580337524414062500e+00 1.801715087890625000e+01 2.073831176757812500e+01 2.062463951110839844e+01 3.945656967163085938e+01
jie4 5.013111114501953125e+01 4.604510498046875000e+01 5.029652786254882812e+01 4.083533859252929688e+01 1.333565330505371094e+01 9.793896675109863281e+00 2.383308172225952148e+00 -2.253183841705322266e+00 -2.129129791259765625e+01 -1.343665504455566406e+01
chu4 4.802753925323486328e+00 -5.383682727813720703e+00 5.539207935333251953e+00 -1.145150566101074219e+01 -3.060252761840820312e+01 -2.840233421325683594e+01 -2.763710975646972656e+01 -2.959019470214843750e+01 -3.755070114135742188e+01 -2.648007774353027344e+01
zhe4 -1.939674377441406250e+01 -2.647222709655761719e+01 -8.181988716125488281e+00 -1.475891494750976562e+01 -2.882246780395507812e+01 -2.282991409301757812e+01 -1.639552497863769531e+01 -1.448644924163818359e+01 -2.488957023620605469e+01 -1.419408035278320312e+01
jian1 -8.437863349914550781e+00 -1.152223968505859375e+01 4.963789463043212891e+00 2.259434163570404053e-01 -1.452357578277587891e+01 -4.892031669616699219e+00 4.876327037811279297e+00 9.489835739135742188e+00 1.154533863067626953e+01 2.606157493591308594e+01
di1 3.301195144653320312e+01 2.742102241516113281e+01 4.652056121826171875e+01 3.669205093383789062e+01 1.857922744750976562e+01 2.766003990173339844e+01 3.252793502807617188e+01 3.535823440551757812e+01 3.669936370849609375e+01 5.173506164550781250e+01
ai3 3.645721817016601562e+01 2.893203163146972656e+01 3.142418098449707031e+01 3.339937448501586914e+00 -2.495140838623046875e+01 -3.395502853393554688e+01 -3.210274124145507812e+01 -3.304862594604492188e+01 -3.843382644653320312e+01 -1.900620079040527344e+01
po4 -1.476848983764648438e+01 -1.579505348205566406e+01 3.881855487823486328e+00 6.707570552825927734e+00 5.704776763916015625e+00 2.833883857727050781e+01 4.343479537963867188e+01 4.496947479248046875e+01 1.811708068847656250e+01 2.176535224914550781e+01
jiu4 2.278651618957519531e+01 1.663325119018554688e+01 3.544902038574218750e+01 3.099236869812011719e+01 2.187834548950195312e+01 3.358544921875000000e+01 4.047786331176757812e+01 3.863050460815429688e+01 1.151187133789062500e+01 5.462472438812255859e+00
de5 -1.322643756866455078e+01 -2.841165351867675781e+01 -1.797291564941406250e+01 -3.043243789672851562e+01 -5.330575942993164062e+01 -4.621847534179687500e+01 -4.189925765991210938e+01 -3.751472473144531250e+01 -4.070434570312500000e+01 -2.954634857177734375e+01
ping2 -2.608393478393554688e+01 -3.158143234252929688e+01 -6.725574493408203125e+00 -1.650538063049316406e+01 -2.909093475341796875e+01 -2.708909988403320312e+01 -2.786581802368164062e+01 -2.410708236694335938e+01 -1.756669998168945312e+01 -5.546824932098388672e+00
fang2 9.500472068786621094e+00 -1.367410421371459961e+00 2.123542404174804688e+01 3.971446990966796875e+00 -1.949002075195312500e+01 -1.030462646484375000e+01 -9.259319305419921875e+00 1.132416009902954102e+00 8.052624702453613281e+00 1.890708160400390625e+01
