zai4 3.100626754760742188e+01 2.585613250732421875e+01 3.737355041503906250e+01 3.444612503051757812e+01 1.791577148437500000e+01 1.801771354675292969e+01 1.768603515625000000e+01 2.292593383789062500e+01 1.536617946624755859e+01 2.449117279052734375e+01
ci3 -7.511923313140869141e-01 -5.260634899139404297e+00 1.487422275543212891e+01 9.906105995178222656e+00 -8.987692832946777344e+00 -4.732050895690917969e+00 -2.192287445068359375e+00 -1.266012763977050781e+01 -2.843051719665527344e+01 -1.544679164886474609e+01
ci4 7.402804374694824219e+00 2.220346927642822266e+00 9.522289276123046875e+00 3.324134349822998047e+00 -1.596581363677978516e+01 -1.639653205871582031e+01 -1.302019882202148438e+01 -6.018277645111083984e+00 -5.947439193725585938e+00 1.173555946350097656e+01
jia4 2.733280181884765625e+01 3.086115455627441406e+01 5.671545028686523438e+01 5.863363265991210938e+01 5.394013214111328125e+01 6.347720336914062500e+01 6.707087707519531250e+01 6.063896179199218750e+01 3.059501647949218750e+01 2.625858116149902344e+01
ge2 3.470608949661254883e+00 -1.072508239746093750e+01 1.511757016181945801e+00 -5.467145919799804688e+00 -3.306014633178710938e+01 -2.723957443237304688e+01 -1.754477882385253906e+01 -5.477200984954833984e+00 1.363199055194854736e-01 2.104700469970703125e+01
tiao2 2.154710578918457031e+01 1.513878059387207031e+01 3.114647102355957031e+01 2.161878585815429688e+01 -7.609837055206298828e-01 -8.511067390441894531e+00 -2.440158367156982422e+00 5.449823379516601562e+00 1.088455963134765625e+01 3.207410049438476562e+01
zheng3 1.790670013427734375e+01 1.018545722961425781e+01 2.102909851074218750e+01 1.177238273620605469e+01 -6.718471050262451172e+00 -1.593518447875976562e+01 -2.115465927124023438e+01 -2.799734306335449219e+01 -4.500395965576171875e+01 -3.082568550109863281e+01
zhong1 -4.544540882110595703e+00 -1.569168853759765625e+01 -3.419508695602416992e+00 -1.700042343139648438e+01 -4.055778884887695312e+01 -3.796410369873046875e+01 -2.969945907592773438e+01 -2.543241691589355469e+01 -3.167667007446289062e+01 -1.557050228118896484e+01
jiang1 -2.640835762023925781e+00 -1.268617343902587891e+01 1.261678695678710938e+00 -1.131449890136718750e+01 -3.048174285888671875e+01 -2.610192298889160156e+01 -1.542080020904541016e+01 -1.292499637603759766e+01 -1.033823204040527344e+01 1.991936445236206055e+00
zeng1 9.962404251098632812e+00 4.532769680023193359e+00 2.398980712890625000e+01 1.790007400512695312e+01 6.987082481384277344e+00 1.419300174713134766e+01 2.895643424987792969e+01 3.317601013183593750e+01 3.705170059204101562e+01 5.396860122680664062e+01
she4 6.322577285766601562e+01 5.830805587768554688e+01 7.007801055908203125e+01 5.804939651489257812e+01 3.644184494018554688e+01 3.554336547851562500e+01 3.142248153686523438e+01 2.351910400390625000e+01 -1.089496374130249023e+00 2.593290328979492188e+00
zhen3 -2.297592735290527344e+01 -2.714006423950195312e+01 -1.019514846801757812e+01 -1.056486988067626953e+01 -2.603503036499023438e+01 -2.332373046875000000e+01 -2.206194877624511719e+01 -2.054676818847656250e+01 -4.347796249389648438e+01 -2.917407989501953125e+01
liao2 -2.509183120727539062e+01 -2.883189964294433594e+01 -1.587688827514648438e+01 -2.388500785827636719e+01 -3.616179656982421875e+01 -4.718439865112304688e+01 -4.396614074707031250e+01 -4.681422424316406250e+01 -5.575415039062500000e+01 -3.781520080566406250e+01
fei4 1.320755863189697266e+01 9.305388450622558594e+00 2.414262962341308594e+01 2.335196876525878906e+01 -2.222669124603271484e-02 -7.840187072753906250e+00 -2.040074729919433594e+01 -3.211628723144531250e+01 -4.014492797851562500e+01 -3.052097892761230469e+01
