zai4 2.945646286010742188e+01 2.729594802856445312e+01 2.454708671569824219e+01 2.056922721862792969e+01 -4.223788738250732422e+00 -3.199401855468750000e+00 -3.503296136856079102e+00 5.650198936462402344e+00 -5.437941551208496094e+00 1.317108821868896484e+01
fan4 2.304323577880859375e+01 2.467800140380859375e+01 4.723732376098632812e+01 5.539882278442382812e+01 5.573554229736328125e+01 7.326408386230468750e+01 8.196279907226562500e+01 7.250667572021484375e+01 4.571365356445312500e+01 4.090297317504882812e+01
li3 9.344360351562500000e+00 -6.236711025238037109e+00 3.265589475631713867e+00 -9.758440017700195312e+00 -4.155196380615234375e+01 -3.617380905151367188e+01 -3.773778152465820312e+01 -3.562217330932617188e+01 -4.133118057250976562e+01 -2.481098937988281250e+01
mai2 -3.262705612182617188e+01 -3.402779006958007812e+01 -1.651775169372558594e+01 -1.837146186828613281e+01 -2.657779502868652344e+01 -3.163144874572753906e+01 -1.825505828857421875e+01 -7.605305671691894531e+00 -1.761311292648315430e+00 2.808291244506835938e+01
ji3 1.689633750915527344e+01 1.379747009277343750e+01 2.795738983154296875e+01 2.375873374938964844e+01 3.843616247177124023e+00 5.774130821228027344e-01 3.538084030151367188e+00 -3.410659074783325195e+00 -2.070704650878906250e+01 -1.067415428161621094e+01
ke1 1.206551194190979004e-01 -7.600838184356689453e+00 6.706099510192871094e+00 -5.140810966491699219e+00 -2.583767318725585938e+01 -1.635838317871093750e+01 -7.812690258026123047e+00 -5.945732116699218750e+00 -3.798906326293945312e+00 8.762725830078125000e+00
suan1 3.513744354248046875e+01 2.820456886291503906e+01 5.195222091674804688e+01 4.583589935302734375e+01 3.633998870849609375e+01 4.625331115722656250e+01 5.319935989379882812e+01 6.167655563354492188e+01 5.699956512451171875e+01 5.963274383544921875e+01
luo2 6.191294479370117188e+01 4.891965484619140625e+01 5.200938796997070312e+01 2.680842399597167969e+01 -9.622452735900878906e+00 -2.265675163269042969e+01 -2.503227806091308594e+01 -2.808388137817382812e+01 -3.188167953491210938e+01 -1.353036117553710938e+01
bo5 8.339603424072265625e+00 5.617819309234619141e+00 1.968395423889160156e+01 2.235905075073242188e+01 1.634409523010253906e+01 2.908346557617187500e+01 3.356021881103515625e+01 3.042223548889160156e+01 1.171874809265136719e+01 1.476314544677734375e+01
suan1 4.607567214965820312e+01 3.429120254516601562e+01 5.648517227172851562e+01 4.362868881225585938e+01 2.570242309570312500e+01 3.074296379089355469e+01 3.915988540649414062e+01 4.757374191284179688e+01 4.834652709960937500e+01 5.662634277343750000e+01
hong2 5.686407089233398438e+01 4.475534439086914062e+01 5.031906890869140625e+01 3.145206451416015625e+01 -3.878600597381591797e+00 -1.480977439880371094e+01 -1.865496063232421875e+01 -2.371399116516113281e+01 -3.184794425964355469e+01 -1.035444450378417969e+01
la4 1.369288730621337891e+01 4.119940280914306641e+00 2.367300796508789062e+01 1.361383819580078125e+01 2.480271577835083008e+00 -7.208102941513061523e-01 -1.017680358886718750e+01 -1.383255577087402344e+01 -3.892483139038085938e+01 -2.628866577148437500e+01
jiao1 -2.279357016086578369e-01 -2.544587612152099609e+00 2.421330833435058594e+01 1.741903686523437500e+01 4.410280287265777588e-01 1.886530494689941406e+01 2.845833396911621094e+01 3.176771736145019531e+01 3.896392822265625000e+01 5.473257827758789062e+01
