zhi2 -6.176245689392089844e+00 -8.310826301574707031e+00 6.840585708618164062e+00 2.055612325668334961e+00 -7.850998401641845703e+00 4.007731914520263672e+00 1.472547340393066406e+01 1.975566101074218750e+01 2.169820213317871094e+01 3.251379394531250000e+01
you2 5.173034667968750000e+01 4.268159103393554688e+01 5.625363922119140625e+01 4.631988143920898438e+01 2.790214157104492188e+01 3.429375076293945312e+01 3.558474349975585938e+01 4.064870071411132812e+01 3.205329132080078125e+01 5.085905075073242188e+01
er3 2.897117042541503906e+01 2.091366004943847656e+01 2.543583488464355469e+01 9.749066352844238281e+00 -1.602842521667480469e+01 -1.969448852539062500e+01 -1.938764381408691406e+01 -2.360429000854492188e+01 -3.584959030151367188e+01 -1.913008689880371094e+01
duo5 -1.278840827941894531e+01 -1.610074043273925781e+01 -3.320915460586547852e+00 -6.391223430633544922e+00 -1.887131309509277344e+01 -5.686533451080322266e+00 6.378651142120361328e+00 5.758854866027832031e+00 1.008067011833190918e+00 1.402481460571289062e+01
ting1 -2.722698450088500977e+00 -6.384264945983886719e+00 5.587885856628417969e+00 3.972401142120361328e+00 -1.726279067993164062e+01 -2.837052345275878906e+00 4.241209506988525391e+00 1.003444004058837891e+01 1.131949520111083984e+01 2.813963699340820312e+01
jian4 4.858419799804687500e+01 4.300016403198242188e+01 4.703411865234375000e+01 3.446540832519531250e+01 1.011246299743652344e+01 -5.220367908477783203e-01 -6.019669055938720703e+00 -7.516471385955810547e+00 -2.186440086364746094e+01 -1.142678356170654297e+01
jiao2 -2.028053092956542969e+01 -3.027975273132324219e+01 -9.680321693420410156e+00 -2.378562545776367188e+01 -3.995496749877929688e+01 -4.128673553466796875e+01 -3.846691513061523438e+01 -2.722171592712402344e+01 -2.260824203491210938e+01 -6.506764888763427734e-02
zhang3 1.032049655914306641e+01 2.932735681533813477e+00 1.863226890563964844e+01 1.742353248596191406e+01 -1.763540744781494141e+00 -7.957227706909179688e+00 -1.329738712310791016e+01 -1.953837013244628906e+01 -3.955257797241210938e+01 -2.715054893493652344e+01
ka1 -1.623790168762207031e+01 -2.414540290832519531e+01 -5.926186084747314453e+00 -1.611735343933105469e+01 -3.196066474914550781e+01 -2.588493919372558594e+01 -1.721615791320800781e+01 -1.662309646606445312e+01 -1.493382453918457031e+01 -4.602797508239746094e+00
ca1 -1.942535638809204102e+00 -1.021955871582031250e+01 4.625024795532226562e+00 -9.248895645141601562e+00 -2.704608154296875000e+01 -2.395770263671875000e+01 -1.702329063415527344e+01 -1.316276454925537109e+01 -9.227519989013671875e+00 1.616042256355285645e+00
ka1 -1.358495235443115234e+00 -8.091315269470214844e+00 7.563377857208251953e+00 -5.522485256195068359e+00 -2.014073944091796875e+01 -1.293062686920166016e+01 -6.811391830444335938e+00 -2.988775074481964111e-01 6.005844593048095703e+00 1.716095924377441406e+01
ca1 1.277773761749267578e+01 3.389536142349243164e+00 1.424678230285644531e+01 -2.636490821838378906e+00 -2.194457244873046875e+01 -2.199113082885742188e+01 -1.767950439453125000e+01 -1.035038852691650391e+01 -8.316389083862304688e+00 3.941827058792114258e+00
de5 1.774017715454101562e+01 9.898489952087402344e+00 1.727575683593750000e+01 -4.570392608642578125e+00 -3.209188461303710938e+01 -3.910965728759765625e+01 -3.599116897583007812e+01 -2.916178894042968750e+01 -4.203174972534179688e+01 -2.008590888977050781e+01
kou1 2.668357276916503906e+01 1.723569679260253906e+01 3.577697753906250000e+01 2.756585311889648438e+01 1.008597755432128906e+01 2.351787567138671875e+01 3.244699096679687500e+01 3.755299377441406250e+01 4.096397781372070312e+01 4.963946151733398438e+01
jin4 5.216809082031250000e+01 4.108068084716796875e+01 4.668584823608398438e+01 2.843603897094726562e+01 1.114680409431457520e+00 -8.702097892761230469e+00 -9.737776756286621094e+00 -1.140251636505126953e+01 -2.088022232055664062e+01 -7.977649211883544922e+00
xue3 -1.051533889770507812e+01 -1.190365219116210938e+01 2.158077716827392578e+00 7.879417896270751953e+00 -4.093809723854064941e-01 8.250246047973632812e+00 5.436992645263671875e+00 2.764468431472778320e+00 -1.518785953521728516e+01 -3.014482021331787109e+00
di4 2.400782394409179688e+01 1.480071163177490234e+01 3.172908210754394531e+01 3.517682647705078125e+01 2.620462989807128906e+01 3.717985916137695312e+01 3.578879547119140625e+01 2.230813598632812500e+01 4.752566814422607422e+00 1.231114673614501953e+01
li3 -4.651101589202880859e+00 -1.416251754760742188e+01 -7.252201080322265625e+00 -8.839139938354492188e+00 -2.839213371276855469e+01 -2.257091331481933594e+01 -2.438510131835937500e+01 -2.564967727661132812e+01 -3.725032806396484375e+01 -2.315652275085449219e+01
qu4 -6.359563827514648438e+00 -1.041965770721435547e+01 3.202194690704345703e+00 8.342408180236816406e+00 7.915538311004638672e+00 1.433762454986572266e+01 1.679766464233398438e+01 1.270894622802734375e+01 -2.887059211730957031e+00 -3.931674957275390625e+00
de5 -2.214141845703125000e+01 -3.244332504272460938e+01 -2.266622543334960938e+01 -3.175435829162597656e+01 -4.575528717041015625e+01 -4.196506118774414062e+01 -2.732434463500976562e+01 -2.933900451660156250e+01 -3.527209854125976562e+01 -1.785868835449218750e+01
sheng1 -1.668835258483886719e+01 -2.353044319152832031e+01 -6.333033561706542969e+00 -1.337701988220214844e+01 -2.661193847656250000e+01 -1.726922798156738281e+01 -1.213373565673828125e+01 -6.210528373718261719e+00 -4.401390075683593750e+00 9.844377517700195312e+00
yin1 2.143198204040527344e+01 1.069395828247070312e+01 3.643437194824218750e+01 3.064168357849121094e+01 1.065265178680419922e+01 2.694211196899414062e+01 3.307708740234375000e+01 3.844714355468750000e+01 4.953911972045898438e+01 5.451683425903320312e+01
