hu2 -4.166794776916503906e+00 -1.239174079895019531e+01 6.272706508636474609e+00 -3.798101425170898438e+00 -1.834235382080078125e+01 -5.732390880584716797e+00 4.775602817535400391e+00 2.205167198181152344e+01 3.251264190673828125e+01 5.063961029052734375e+01
bei2 5.917741012573242188e+01 5.095194244384765625e+01 6.267966461181640625e+01 5.534666442871093750e+01 4.100201034545898438e+01 3.931462097167968750e+01 4.139065933227539062e+01 4.700238800048828125e+01 4.122558975219726562e+01 5.659066009521484375e+01
sheng2 3.331253814697265625e+01 1.985910606384277344e+01 3.163554763793945312e+01 9.598594665527343750e+00 -1.917218780517578125e+01 -2.253955841064453125e+01 -1.585885524749755859e+01 -1.203774547576904297e+01 -4.906729698181152344e+00 2.075817298889160156e+01
wei3 2.004335784912109375e+01 1.408080768585205078e+01 2.361612319946289062e+01 1.554824638366699219e+01 -9.846680641174316406e+00 -1.879752540588378906e+01 -2.133529090881347656e+01 -2.836380767822265625e+01 -4.176285552978515625e+01 -2.314757728576660156e+01
shu1 2.497051715850830078e+00 -8.736493110656738281e+00 9.217048645019531250e+00 8.213169574737548828e-01 -2.132650566101074219e+01 -1.567290306091308594e+01 -8.542058944702148438e+00 -6.684845447540283203e+00 -1.083458900451660156e+01 8.761089324951171875e+00
ji5 2.214273452758789062e+01 1.216110038757324219e+01 1.588784980773925781e+01 -2.047837972640991211e+00 -3.195326042175292969e+01 -3.369648361206054688e+01 -2.957417106628417969e+01 -2.582673072814941406e+01 -3.364052200317382812e+01 -1.441776561737060547e+01
yu2 -1.151486778259277344e+01 -1.527104282379150391e+01 -2.864212751388549805e+00 -7.143880844116210938e+00 -2.358458518981933594e+01 -1.811985397338867188e+01 -1.265223693847656250e+01 -1.033394336700439453e+01 -5.869062423706054688e+00 2.248317718505859375e+01
zheng4 4.302750778198242188e+01 4.234383392333984375e+01 5.725872421264648438e+01 5.220931243896484375e+01 3.417886352539062500e+01 2.979779052734375000e+01 2.354018402099609375e+01 1.524650382995605469e+01 -1.257262325286865234e+01 -4.792766571044921875e+00
sheng1 -6.785203933715820312e+00 -1.442633152008056641e+01 1.329713249206542969e+01 3.277992010116577148e+00 -1.329051685333251953e+01 -1.049148845672607422e+01 2.138492107391357422e+00 5.344127178192138672e+00 6.296007633209228516e+00 8.715297698974609375e+00
li3 -1.387976646423339844e+01 -1.538575458526611328e+01 4.878965377807617188e+00 2.293830394744873047e+00 -1.842808532714843750e+01 -1.868609046936035156e+01 -1.498058319091796875e+01 -1.985189056396484375e+01 -3.263717269897460938e+01 -1.221215438842773438e+01
zhi2 -3.206917190551757812e+01 -3.534333038330078125e+01 -2.052368736267089844e+01 -3.091766166687011719e+01 -4.503416442871093750e+01 -4.113354873657226562e+01 -3.680693054199218750e+01 -3.118615913391113281e+01 -3.390610885620117188e+01 -1.439973163604736328e+01
qi4 1.891196823120117188e+01 1.719341087341308594e+01 3.786538696289062500e+01 4.709864044189453125e+01 4.217471313476562500e+01 6.089281845092773438e+01 6.956816864013671875e+01 6.595827484130859375e+01 4.241746139526367188e+01 4.370381546020507812e+01
zhuang4 5.048134231567382812e+01 4.526912689208984375e+01 6.591924285888671875e+01 6.146905899047851562e+01 4.869822311401367188e+01 5.851544189453125000e+01 6.033377456665039062e+01 4.792781066894531250e+01 2.071228218078613281e+01 1.258207511901855469e+01
de5 7.977358818054199219e+00 -1.232562446594238281e+01 -6.973702907562255859e+00 -1.955776977539062500e+01 -4.515396118164062500e+01 -4.256619644165039062e+01 -4.037541961669921875e+01 -3.774623489379882812e+01 -4.361660003662109375e+01 -2.668942642211914062e+01
zhi3 -3.464776992797851562e+01 -3.882619857788085938e+01 -2.316651153564453125e+01 -1.472159385681152344e+01 -2.464329528808593750e+01 -1.579051017761230469e+01 -1.293797492980957031e+01 -1.711194610595703125e+01 -3.313000869750976562e+01 -1.900525665283203125e+01
chu1 6.110725402832031250e+00 -6.633464694023132324e-01 1.989862632751464844e+01 1.173543453216552734e+01 -6.806455612182617188e+00 -3.682426452636718750e+00 5.941631317138671875e+00 8.161784172058105469e+00 1.752308654785156250e+01 2.858602905273437500e+01
