lao2 2.149935245513916016e+00 -2.680303573608398438e+00 1.358149051666259766e+01 2.058758020401000977e+00 -6.819733619689941406e+00 1.565454006195068359e+01 2.124651336669921875e+01 3.171766662597656250e+01 4.202121734619140625e+01 5.650294876098632812e+01
ban3 5.112088394165039062e+01 4.242118072509765625e+01 4.529677200317382812e+01 2.657806205749511719e+01 1.468474566936492920e-01 -6.346587181091308594e+00 -5.873521804809570312e+00 -8.785375595092773438e+00 -2.106596946716308594e+01 -5.926217555999755859e+00
ke4 1.900816726684570312e+01 1.486907196044921875e+01 3.845858383178710938e+01 3.527842712402343750e+01 3.247532653808593750e+01 5.341097640991210938e+01 6.003079223632812500e+01 5.928793334960937500e+01 3.609241485595703125e+01 4.076494598388671875e+01
kou4 3.082018852233886719e+01 2.543515586853027344e+01 3.505657958984375000e+01 2.327013969421386719e+01 6.141004562377929688e+00 1.066284275054931641e+01 1.330930423736572266e+01 7.826479434967041016e+00 -6.989563941955566406e+00 2.476358175277709961e+00
da3 -2.544617462158203125e+01 -3.119862556457519531e+01 -1.322227668762207031e+01 -1.823285293579101562e+01 -3.207098770141601562e+01 -2.259469223022460938e+01 -1.398869514465332031e+01 -1.709574127197265625e+01 -2.853696632385253906e+01 -1.318191242218017578e+01
gong1 1.925766944885253906e+01 1.248298835754394531e+01 2.689399147033691406e+01 1.947846221923828125e+01 9.871398210525512695e-01 4.314239025115966797e+00 1.183067989349365234e+01 1.306226444244384766e+01 1.538417339324951172e+01 3.056058883666992188e+01
zhe3 2.622152519226074219e+01 1.707498550415039062e+01 2.617748641967773438e+01 1.069427108764648438e+01 -1.898846054077148438e+01 -2.487401008605957031e+01 -2.302787971496582031e+01 -2.045503425598144531e+01 -3.220932388305664062e+01 -1.960279273986816406e+01
gong1 2.429753780364990234e+00 -3.879716873168945312e+00 1.541370677947998047e+01 1.156366729736328125e+01 -3.318960666656494141e+00 1.469852685928344727e+00 7.663080692291259766e+00 1.163340377807617188e+01 1.276132488250732422e+01 2.796889114379882812e+01
qian5 3.332487487792968750e+01 2.464655494689941406e+01 2.322257804870605469e+01 6.737749099731445312e+00 -2.921995925903320312e+01 -3.223899459838867188e+01 -3.376822662353515625e+01 -3.058864593505859375e+01 -3.748361206054687500e+01 -1.808530235290527344e+01
ye3 -1.871202850341796875e+01 -1.892807579040527344e+01 -3.125418186187744141e+00 -1.907461404800415039e+00 -1.539951133728027344e+01 -6.663410186767578125e+00 -6.566480636596679688e+00 -1.075137615203857422e+01 -2.765929412841796875e+01 -1.956655502319335938e+01
shi4 -1.921750640869140625e+01 -2.668095588684082031e+01 -1.784083366394042969e+01 -2.870591163635253906e+01 -5.000186920166015625e+01 -4.283364868164062500e+01 -4.127519989013671875e+01 -3.951361465454101562e+01 -4.237491226196289062e+01 -2.322143173217773438e+01
jia1 -1.415776062011718750e+01 -1.758292961120605469e+01 9.499335289001464844e-01 4.953822612762451172e+00 -6.917103767395019531e+00 9.064060211181640625e+00 2.047947120666503906e+01 2.606512641906738281e+01 3.078062820434570312e+01 4.673903274536132812e+01
chang2 4.250148010253906250e+01 3.459469985961914062e+01 3.478185272216796875e+01 1.682415962219238281e+01 -1.448811721801757812e+01 -2.704156303405761719e+01 -3.725086593627929688e+01 -4.150213241577148438e+01 -4.563222122192382812e+01 -2.875413322448730469e+01
bian4 -2.194149494171142578e+00 -6.054574966430664062e+00 3.541247606277465820e+00 1.938780069351196289e+00 -9.756903648376464844e+00 -1.375835418701171875e+01 -1.184382438659667969e+01 -1.360682106018066406e+01 -3.524507522583007812e+01 -2.644353103637695312e+01
fan4 1.050757789611816406e+01 -1.483693599700927734e+00 2.084317588806152344e+01 2.164597892761230469e+01 5.884588718414306641e+00 6.941363811492919922e+00 -5.386463642120361328e+00 -1.837349510192871094e+01 -2.573818397521972656e+01 -1.411577987670898438e+01
