zhe4 5.313146972656250000e+01 4.713038253784179688e+01 6.058129882812500000e+01 5.766719055175781250e+01 4.734074401855468750e+01 5.025437927246093750e+01 4.685520553588867188e+01 3.993244171142578125e+01 1.363368225097656250e+01 1.560434341430664062e+01
ci4 1.836669349670410156e+01 8.546422958374023438e+00 1.004082012176513672e+01 -1.327646970748901367e+00 -2.642350387573242188e+01 -2.993781852722167969e+01 -2.501051521301269531e+01 -2.410490608215332031e+01 -3.098950004577636719e+01 -1.118203639984130859e+01
zhu4 1.597631835937500000e+01 1.736618614196777344e+01 4.283197402954101562e+01 4.208522415161132812e+01 3.673047637939453125e+01 3.964328002929687500e+01 4.138983154296875000e+01 3.353207778930664062e+01 1.066557216644287109e+01 1.028705883026123047e+01
zai4 7.060218334197998047e+00 -7.584586620330810547e+00 -2.545201182365417480e-01 -1.326409816741943359e+01 -4.350245666503906250e+01 -4.149737930297851562e+01 -3.123620605468750000e+01 -3.220787811279296875e+01 -3.586028671264648438e+01 -1.507302665710449219e+01
da4 1.179027652740478516e+01 1.321830654144287109e+01 3.869197845458984375e+01 4.890095901489257812e+01 5.272238159179687500e+01 7.062464141845703125e+01 7.665657806396484375e+01 6.873911285400390625e+01 4.302253723144531250e+01 3.670154571533203125e+01
qing4 3.633574676513671875e+01 2.797023963928222656e+01 3.550683975219726562e+01 1.761691665649414062e+01 3.138317584991455078e+00 7.449506759643554688e+00 5.190716266632080078e+00 6.461082100868225098e-01 -1.456819915771484375e+01 -6.015211105346679688e+00
rang4 -1.435415267944335938e+01 -2.420680046081542969e+01 -1.604692840576171875e+01 -3.425318527221679688e+01 -5.375838851928710938e+01 -5.587218093872070312e+01 -5.472668457031250000e+01 -4.978895568847656250e+01 -5.683362197875976562e+01 -3.672534179687500000e+01
hu2 -3.488845825195312500e+01 -3.673095321655273438e+01 -1.220123291015625000e+01 -1.589295673370361328e+01 -2.644400215148925781e+01 -2.738130378723144531e+01 -1.055371761322021484e+01 -1.827166378498077393e-01 3.088933706283569336e+00 2.767185592651367188e+01
lu4 4.504051208496093750e+01 4.150915908813476562e+01 5.492809677124023438e+01 4.968433761596679688e+01 2.751933670043945312e+01 2.042380332946777344e+01 1.584878730773925781e+01 4.053215503692626953e+00 -1.441058540344238281e+01 -6.578974723815917969e+00
qu1 -9.527503013610839844e+00 -1.606986999511718750e+01 2.946314573287963867e+00 -6.721004486083984375e+00 -2.434811401367187500e+01 -2.293842315673828125e+01 -1.332075595855712891e+01 -8.241147994995117188e+00 -1.111308574676513672e+01 6.193222045898437500e+00
de5 1.386878299713134766e+01 5.012865066528320312e+00 1.789846420288085938e+01 1.603547859191894531e+01 -8.436163902282714844e+00 -2.570870399475097656e+00 -5.086130619049072266e+00 -1.648013710975646973e+00 -1.580492210388183594e+01 -4.269738674163818359e+00
na4 -5.086344242095947266e+00 -1.422206306457519531e+01 6.671337485313415527e-01 -4.151539802551269531e+00 -1.428572559356689453e+01 -1.436183547973632812e+01 -8.976511001586914062e+00 -1.388892650604248047e+01 -2.999216079711914062e+01 -2.159212112426757812e+01
jia1 -1.131032371520996094e+01 -1.500933647155761719e+01 1.195284748077392578e+01 7.669612407684326172e+00 -6.710450649261474609e+00 3.174370527267456055e-02 1.825485610961914062e+01 2.250552177429199219e+01 2.957646179199218750e+01 3.669178009033203125e+01
lin2 -6.214799404144287109e+00 -9.311367988586425781e+00 6.496933937072753906e+00 1.036727547645568848e+00 -3.729829311370849609e+00 -2.814428329467773438e+00 9.772045135498046875e+00 1.720400810241699219e+01 2.500377655029296875e+01 4.674113464355468750e+01
shui3 3.182461738586425781e+01 2.712160110473632812e+01 4.571140289306640625e+01 3.786410903930664062e+01 2.542860031127929688e+01 1.989321517944335938e+01 9.219279289245605469e+00 -5.135155200958251953e+00 -2.554897499084472656e+01 -2.519318008422851562e+01
de5 -2.496512031555175781e+01 -3.154190063476562500e+01 -2.345155715942382812e+01 -3.267194366455078125e+01 -4.606686019897460938e+01 -3.898393630981445312e+01 -2.888540267944335938e+01 -3.266389846801757812e+01 -3.331803894042968750e+01 -1.850130271911621094e+01
bin1 -7.530199527740478516e+00 -9.416332244873046875e+00 7.991762638092041016e+00 6.666739940643310547e+00 -5.269848346710205078e+00 9.356899261474609375e+00 1.732815170288085938e+01 2.601656723022460938e+01 3.382672882080078125e+01 4.128347778320312500e+01
guan3 6.396041488647460938e+01 4.421340179443359375e+01 5.063793563842773438e+01 3.223109817504882812e+01 1.087663769721984863e+00 -4.712476730346679688e+00 -6.853165149688720703e+00 -3.456721305847167969e+00 -6.105276584625244141e+00 -5.767799541354179382e-02
