241.766628449 241.910504955 242.196198209 242.619610217 243.174647617 243.853285501 244.645651628 245.540130281 246.523484838 247.580997953 2 0 2 0 1 0 0 0 0 1 0 0 0 0 1 0 0 0 0 0 0 0 4 21 0 0 4 0 0 0 1 0 1 1 0 133.66701 130 0 133.66701 0 1 0 0 0 1 0 0 0 0 0 1 0 0 0 0 1 0 1 0 0 0 0 1 0 21 0 22 1 3 0.2 0 1 0 0 0 240 8
248.696628078 249.853180891 251.032494059 252.215633606 253.383100039 254.515042269 255.591477258 256.592513247 257.498574329 258.290624119 2 2 2 1 0 0 0 0 0 0 1 0 0 0 0 0 0 0 0 1 0 0 3 20 1 0 3 10 1 1 0 0 1 0 1 136.66701 133.66701 133.66701 136.66701 0 1 0 0 0 0 1 0 0 0 0 1 0 0 0 0 0 1 0 1 0 0 1 0 1 20 1 21 2 2 0.4 1 0 0 0 0 798 8
258.950386209 259.460559092 259.805023274 259.969038304 259.939427507 259.704748319 259.255446188 258.583990163 257.684988435 256.555282271 2 2 2 0 0 0 0 1 1 0 0 0 0 0 0 0 0 0 0 1 0 1 3 19 2 1 3 9 0 0 1 1 0 0 1 0 136.66701 136.66701 0 0 1 0 0 0 0 1 0 0 0 0 1 0 0 0 0 1 0 0 0 1 0 1 0 2 19 2 20 3 1 0.6 0 0 0 0 1 63 15
255.194016984 253.602688794 251.785166681 249.747688583 247.498831563 245.049455846 242.412622936 239.603488303 236.639169441 233.538590406 2 2 2 0 0 0 0 1 0 0 0 0 0 1 0 0 0 1 0 0 0 1 3 18 3 1 3 8 1 0 1 0 1 0 1 0 0 0 0 0 1 0 0 0 0 1 0 0 0 0 1 0 0 0 0 1 0 0 1 0 0 1 0 3 18 3 19 1 7 0.111 0 0 0 0 1 3 6
230.322304224 227.012294867 223.631760751 220.204881997 216.756573903 213.312229335 209.897452878 206.537789817 203.258453061 200.084051296 2 2 2 0 0 1 0 0 0 0 0 0 0 1 0 0 0 1 0 0 0 1 3 17 4 1 3 7 2 0 1 0 1 0 1 0 0 0 0 0 1 0 0 0 0 1 0 0 0 0 1 0 0 0 0 1 0 0 1 0 0 1 0 4 17 4 18 2 6 0.222 0 0 1 0 0 32 7
197.038321621 194.143869992 191.421922721 188.892092222 186.572160066 184.477880239 182.622805292 181.018137824 179.672609458 178.59238913 2 2 2 0 0 1 0 0 0 0 0 1 0 0 0 0 0 1 0 0 0 1 3 16 5 1 3 6 3 0 1 0 1 0 1 0 0 0 0 0 1 0 0 0 0 1 0 0 0 0 1 0 0 0 0 1 0 0 1 0 0 1 0 5 16 5 17 3 5 0.333 0 0 1 0 0 90 8
177.781022181 177.239401341 176.965770301 176.955760133 177.202458403 177.696510356 178.426251119 179.377867443 180.535587045 181.881893248 2 2 2 0 0 1 0 0 0 0 0 1 0 0 0 0 1 0 0 0 0 1 3 15 6 1 3 5 4 0 1 0 1 0 1 0 0 0 0 0 1 0 0 0 0 1 0 0 0 0 1 0 0 0 0 1 0 0 1 0 0 1 0 6 15 6 16 4 4 0.444 0 0 1 0 0 505 8
183.39776219 185.062919562 186.856113477 188.75539984 190.738436336 192.782780974 194.866191033 196.96691816 199.063995387 201.137511891 2 2 2 0 1 0 0 0 0 0 0 1 0 0 0 0 0 1 0 0 0 1 3 14 7 1 3 4 5 0 1 0 1 0 1 0 0 0 0 0 1 0 0 0 0 1 0 0 0 0 1 0 0 0 0 1 0 0 1 0 0 1 0 7 14 7 15 5 3 0.556 0 1 0 0 0 180 8
203.168871433 205.141030606 207.03871325 208.84859771 210.559473947 212.162367938 213.65063123 215.019994025 216.268580667 217.396886993 2 2 2 0 0 1 0 0 0 0 1 0 0 0 0 0 0 0 0 1 0 1 3 13 8 1 3 3 6 0 1 0 1 0 1 0 0 0 0 0 1 0 0 0 0 1 0 0 0 0 1 0 0 0 0 1 0 0 1 0 0 1 0 8 13 8 14 6 2 0.667 0 0 1 0 0 523 8
218.407719526 219.306097107 220.099116132 220.795781098 221.406802791 221.944366888 222.421876338 222.853671257 223.254730563 223.640359854 2 2 1 0 0 0 0 1 0 0 0 1 0 0 0 0 0 0 0 1 0 1 3 12 9 1 3 2 7 0 1 0 1 0 1 0 0 0 0 0 1 0 0 0 0 1 0 0 0 0 1 0 0 0 0 1 0 0 1 0 0 1 0 9 12 9 13 7 1 0.778 0 0 0 0 1 270 8
224.025870391 224.426254208 224.855860581 225.328079099 225.855034643 226.447299416 227.113627072 227.860713701 228.692990099 229.612449396 1 2 2 0 0 0 0 1 0 0 0 0 0 1 0 0 0 1 0 0 0 1 3 11 10 1 3 1 8 0 1 0 1 0 1 0 0 0 0 0 1 0 0 0 0 1 0 0 0 0 1 0 0 0 0 1 0 0 1 0 0 1 0 10 11 10 12 1 7 0.111 0 0 0 0 1 97 6
230.618513587 231.70794203 232.874784347 234.110379546 235.403402493 236.739958153 238.10372328 239.476134506 240.836621019 242.162879303 2 1 2 0 0 1 0 0 0 0 0 0 0 1 1 0 0 0 0 0 0 1 3 10 11 1 3 0 9 0 1 0 1 1 0 124.33299 0 0 124.33299 0 1 0 0 0 0 1 0 0 0 0 1 0 0 0 0 1 0 0 1 0 0 0 1 11 10 11 11 2 6 0.222 0 0 1 0 0 41 6
243.431186696 244.616749858 245.69408359 246.637414906 247.42110672 248.020095087 248.410333591 248.569238204 248.476125755 248.112639118 2 2 1 1 0 0 0 0 0 0 0 1 0 0 0 0 0 0 0 1 0 1 2 9 12 1 2 5 10 1 0 0 1 0 1 127.333 124.33299 124.33299 127.333 0 1 0 0 0 0 1 0 0 0 0 1 0 0 0 0 0 1 0 1 0 0 1 0 12 9 12 10 3 5 0.333 1 0 0 0 0 922 7
247.463152202 246.515148027 245.259563344 243.691093643 241.808452817 239.61458227 237.116804905 234.326920106 231.261236614 227.940541026 1 2 2 0 0 0 0 1 1 0 0 0 0 0 0 0 1 0 0 0 0 2 2 8 13 2 2 4 0 0 1 1 0 0 1 0 127.333 127.333 0 0 1 0 0 0 0 1 0 0 0 0 1 0 0 0 0 1 0 0 0 1 0 1 0 13 8 13 9 4 4 0.444 0 0 0 0 1 97 5
224.39000055 220.638999531 216.720910281 212.672799635 208.535073678 204.351063987 200.166559699 196.029290524 191.988366715 188.09368268 2 1 2 0 1 0 0 0 0 0 0 0 0 1 0 0 0 0 0 1 0 2 2 7 14 2 2 3 1 0 1 0 1 0 1 0 0 0 0 0 1 0 0 0 0 1 0 0 0 0 1 0 0 0 0 1 0 0 1 0 0 1 0 14 7 14 8 5 3 0.556 0 1 0 0 0 1737 5
184.39529165 180.942759345 177.784505063 174.96713901 172.53480486 170.528536733 168.985639704 167.939102862 167.417053651 167.442261826 2 2 2 0 0 0 0 1 0 0 1 0 0 0 0 0 0 1 0 0 0 2 2 6 15 2 2 2 2 0 1 0 1 0 1 0 0 0 0 0 1 0 0 0 0 1 0 0 0 0 1 0 0 0 0 1 0 0 1 0 0 1 0 15 6 15 7 6 2 0.667 0 0 0 0 1 146 5
168.031700857 169.196173973 170.940011259 173.260843423 176.149456864 179.589733661 183.558679031 188.026537629 192.956998929 198.307490672 2 2 2 0 0 1 0 0 0 0 0 0 0 1 0 0 0 1 0 0 0 2 2 5 16 2 2 1 3 0 1 0 1 0 1 0 0 0 0 0 1 0 0 0 0 1 0 0 0 0 1 0 0 0 0 1 0 0 1 0 0 1 0 16 5 16 6 7 1 0.778 0 0 1 0 0 2499 5
204.029558214 210.06932638 216.368039272 222.86267238 229.486610266 236.170382108 242.842446546 249.430016416 255.85991337 262.059441776 2 2 2 0 0 1 0 0 0 0 0 1 0 0 1 0 0 0 0 0 0 2 2 4 17 2 2 0 4 0 1 0 1 1 0 119.444 0 0 119.444 0 1 0 0 0 0 1 0 0 0 0 1 0 0 0 0 1 0 0 1 0 0 0 1 17 4 17 5 1 5 0.143 0 0 1 0 0 41 6
267.95727094 273.484314397 278.574594925 283.166083984 287.201504459 290.629085949 293.403262328 295.485301942 296.843861596 297.455456357 2 2 2 1 0 0 0 0 0 0 0 1 0 0 1 0 0 0 0 0 0 2 1 3 18 2 1 0 5 1 0 0 1 1 0 123 119.444 119.444 123 0 1 0 0 0 0 1 0 0 0 0 1 0 0 0 0 0 1 0 1 0 0 0 1 18 3 18 4 2 4 0.286 1 0 0 0 0 922 7
297.304838244 296.385277964 294.698745095 292.255983353 289.076478946 285.188321388 280.6279575 275.439840778 269.675979626 263.395389314 2 2 2 1 0 0 0 0 1 0 0 0 0 0 0 0 1 0 0 0 0 3 0 2 19 3 0 2 0 1 0 1 0 0 1 121.556 123 123 121.556 0 1 0 0 0 0 1 0 0 0 0 1 0 0 0 0 0 1 0 0 1 0 1 0 19 2 19 3 3 3 0.429 1 0 0 0 0 544 5
256.66345381 249.551204824 242.134526539 234.493295502 226.710466063 218.871112487 211.061439517 203.367773589 195.875547262 188.66828952 2 2 2 0 1 0 0 0 1 0 0 0 0 0 0 0 0 1 0 0 0 4 0 1 20 4 0 1 0 0 1 1 0 0 1 0 121.556 121.556 0 0 1 0 0 0 0 1 0 0 0 0 0 0 1 0 0 1 0 0 0 1 0 1 0 20 1 20 2 4 2 0.571 0 1 0 0 0 734 5
181.826634616 175.427361921 169.542478909 164.238358852 159.574944203 155.605025744 152.373606713 149.917359996 148.264185306 147.432872032 2 2 0 0 0 1 0 0 0 0 1 0 0 0 0 1 0 0 0 0 0 4 0 0 21 4 0 0 1 0 1 0 1 0 1 110 0 0 0 0 0 0 1 0 0 1 0 0 0 1 0 0 0 0 0 1 0 0 1 0 1 0 0 21 0 21 1 5 1 0.714 0 0 1 0 0 1303 5
