12.608 17.723 20.516 21.376 -7.364 -9.924 -11.671 -8.248 -12.224 -13.226 2 0 2 0 0 1 0 0 0 1 0 0 0 0 0 0 0 0 0 1 0 0 1 5 0 0 1 1 0 0 1 0 1 0 1 0 1 0 0 0 1 0 0 0 0 0 1 0 0 0 0 1 0 1 0 0 0 1 0 0 5 0 6 1 6 0.125 0 0 1 0 0 398 1 0 1 0 0 13 10 0.0 0.0 2.0 0.0 0.0 6.0 0.0 0.0 0.0 0.0 0.0 0.0 0.0 0.0 0.0 0.0 0.0 0.0 0.0 0.0 0.0 0.0 0.0 0.0 0.0 0.0 0.0 0.0 0.0 0.0 0.0 0.0 0.0 0.0 0.0 0.0 0.0 0.0 0.0 0.0 0.0 0.0 0.0 0.0 0.0 0.0 0.0 0.0 0.0 0.0 0.0 1.0 0.0 0.0 0.0 0.0 0.0 0.0 0.0 0.0 0.0 0.0 0.0 0.0 0.0 0.0
-14.677 -1.264 -4.306 3.308 -1.382 -14.563 -29.683 -36.689 -34.257 -12.041 2 2 2 0 0 0 0 1 0 0 0 1 0 0 1 0 0 0 0 0 0 0 1 4 1 0 1 0 1 0 1 0 1 1 0 0 1 0 0 0 0 1 0 0 0 0 1 0 0 0 0 1 0 0 1 0 0 0 1 1 4 1 5 2 5 0.25 0 0 0 0 1 1447 1 1 7 1 0 7 9 0.0 0.0 2.0 1.0 0.166666666667 6.0 0.0 0.0 0.0 0.0 0.0 0.0 0.0 0.0 0.0 0.0 0.0 0.0 0.0 0.0 0.0 0.0 0.0 0.0 0.0 1.0 0.0 0.0 0.0 0.0 0.0 0.0 0.0 0.0 0.0 0.0 0.0 0.0 0.0 0.0 0.0 0.0 0.0 0.0 0.0 0.0 0.0 0.0 0.0 0.0 1.0 0.0 0.0 0.0 0.0 0.0 0.0 0.0 0.0 0.0 0.0 0.0 0.0 0.0 0.0 0.0
-0.1 1.594 5.595 8.181 14.764 14.427 11.574 11.568 14.055 8.058 2 2 2 1 0 0 0 0 0 0 0 0 0 1 0 0 0 1 0 0 0 0 0 3 2 0 0 5 2 1 0 0 1 0 1 0 1 0 0 0 0 1 0 0 0 0 1 0 0 0 0 0 1 0 1 0 0 1 0 2 3 2 4 3 4 0.375 1 0 0 0 0 184 1 1 7 1 1 12 13 0.0 0.0 2.0 2.0 0.333333333333 6.0 0.0 0.0 0.0 0.0 0.0 0.0 0.0 0.0 0.0 0.0 0.0 0.0 0.0 0.0 0.0 0.0 0.0 0.0 0.0 1.0 0.0 0.0 0.0 0.0 0.0 0.0 0.0 0.0 0.0 0.0 0.0 0.0 0.0 0.0 0.0 0.0 0.0 0.0 0.0 0.0 0.0 0.0 0.0 0.0 1.0 0.0 0.0 0.0 0.0 0.0 0.0 0.0 0.0 0.0 0.0 0.0 0.0 0.0 0.0 0.0
6.562 -0.604 -0.145 6.542 9.152 3.351 2.113 -4.807 -10.051 -7.718 2 2 2 0 0 1 0 0 1 0 0 0 0 0 0 0 1 0 0 0 0 1 0 2 3 1 0 4 0 0 1 1 0 0 1 0 1 0 0 0 0 1 0 0 0 0 1 0 0 0 0 1 0 0 0 1 0 1 0 3 2 3 3 4 3 0.5 0 0 1 0 0 92 7 1 4 2 0 16 24 0.0 0.0 2.0 3.0 0.5 6.0 0.0 0.0 0.0 0.0 0.0 0.0 0.0 0.0 1.0 0.0 0.0 0.0 0.0 0.0 0.0 1.0 0.0 0.0 1.0 0.0 0.0 0.0 0.0 0.0 0.0 0.0 0.0 0.0 0.0 0.0 0.0 0.0 0.0 0.0 0.0 0.0 0.0 0.0 0.0 0.0 0.0 0.0 0.0 0.0 0.0 0.0 0.0 0.0 0.0 0.0 0.0 0.0 0.0 0.0 0.0 0.0 0.0 0.0 0.0 0.0
-28.666 -19.905 -24.52 -31.872 -32.436 -22.188 -15.118 1.279 -10.412 -34.996 2 2 2 0 1 0 0 0 0 0 0 1 0 0 0 0 0 0 1 0 0 1 0 1 4 1 0 3 1 0 1 0 1 0 1 0 1 0 0 0 0 1 0 0 0 0 0 0 1 0 0 1 0 0 1 0 0 1 0 4 1 4 2 5 2 0.625 0 1 0 0 0 435 7 1 4 2 1 23 4 0.0 0.0 2.0 4.0 0.666666666667 6.0 0.0 0.0 0.0 0.0 0.0 0.0 0.0 0.0 1.0 0.0 0.0 0.0 0.0 0.0 0.0 1.0 0.0 0.0 1.0 0.0 0.0 0.0 0.0 0.0 0.0 0.0 0.0 0.0 0.0 0.0 0.0 0.0 0.0 0.0 0.0 0.0 0.0 0.0 0.0 0.0 0.0 0.0 0.0 0.0 0.0 0.0 0.0 0.0 0.0 0.0 0.0 0.0 0.0 0.0 0.0 0.0 0.0 0.0 0.0 0.0
-45.671 -26.109 8.704 8.286 18.199 17.172 20.068 18.042 -2.973 -20.869 2 2 2 0 0 0 1 0 0 0 1 0 0 0 0 0 0 1 0 0 0 1 0 0 5 1 0 2 2 0 1 0 1 0 1 0 0 0 1 0 0 1 0 0 0 0 1 0 0 0 0 1 0 0 1 0 0 1 0 5 0 5 1 6 1 0.75 0 0 0 1 0 2 4 7 1 3 0 2 8 0.0 0.0 2.0 5.0 0.833333333333 6.0 0.0 0.0 0.0 0.0 0.0 0.0 0.0 0.0 0.0 1.0 0.0 0.0 0.0 0.0 0.0 0.0 0.0 0.0 0.0 0.0 0.0 0.0 0.0 0.0 0.0 0.0 0.0 0.0 0.0 0.0 0.0 0.0 0.0 0.0 0.0 0.0 0.0 0.0 0.0 0.0 0.0 0.0 0.0 0.0 0.0 0.0 0.0 0.0 0.0 0.0 0.0 0.0 0.0 0.0 0.0 0.0 0.0 0.0 0.0 0.0
-4.696 -1.414 -8.325 -8.95 -10.521 -7.675 -9.651 5.644 15.451 25.864 2 2 2 0 0 1 0 0 0 0 0 0 1 0 0 0 0 1 0 0 0 0 1 8 0 0 1 1 3 0 1 0 1 0 1 0 1 0 0 0 0 0 0 1 0 0 1 0 0 0 0 1 0 0 1 0 0 1 0 0 8 0 9 1 9 0.091 0 0 1 0 0 1111 1 4 1 4 0 18 13 1.0 0.5 2.0 0.0 0.0 9.0 0.0 0.0 0.0 0.0 0.0 0.0 0.0 0.0 0.0 0.0 0.0 1.0 0.0 0.0 0.0 0.0 0.0 0.0 0.0 0.0 0.0 0.0 0.0 0.0 0.0 0.0 0.0 0.0 0.0 0.0 0.0 0.0 0.0 0.0 0.0 0.0 0.0 0.0 0.0 0.0 0.0 0.0 0.0 0.0 0.0 0.0 0.0 0.0 0.0 0.0 0.0 0.0 0.0 0.0 0.0 0.0 0.0 0.0 0.0 0.0
21.882 8.982 -4.605 -8.245 -10.266 -3.332 -3.675 -9.022 -18.099 -22.24 2 2 2 0 0 1 0 0 0 0 0 1 0 0 1 0 0 0 0 0 0 0 1 7 1 0 1 0 4 0 1 0 1 1 0 0 1 0 0 0 0 1 0 0 0 0 1 0 0 0 0 1 0 0 1 0 0 0 1 1 7 1 8 2 8 0.182 0 0 1 0 0 1558 1 4 1 4 1 3 24 1.0 0.5 2.0 1.0 0.111111111111 9.0 0.0 0.0 0.0 0.0 0.0 0.0 0.0 0.0 0.0 0.0 0.0 1.0 0.0 0.0 0.0 0.0 0.0 0.0 0.0 0.0 0.0 0.0 0.0 0.0 0.0 0.0 0.0 0.0 0.0 0.0 0.0 0.0 0.0 0.0 0.0 0.0 0.0 0.0 0.0 0.0 0.0 0.0 0.0 0.0 0.0 0.0 0.0 0.0 0.0 0.0 0.0 0.0 0.0 0.0 0.0 0.0 0.0 0.0 0.0 0.0
-7.617 -8.904 -3.145 1.381 -0.639 -7.877 -8.001 -4.099 -5.124 -3.376 2 2 2 1 0 0 0 0 0 0 0 1 0 0 0 0 0 1 0 0 0 0 0 6 2 0 0 6 5 1 0 0 1 0 1 0 1 0 0 0 0 1 0 0 0 0 1 0 0 0 0 0 1 0 1 0 0 1 0 2 6 2 7 3 7 0.273 1 0 0 0 0 385 1 1 1 5 0 23 21 1.0 0.5 2.0 2.0 0.222222222222 9.0 0.0 0.0 0.0 0.0 0.0 0.0 0.0 0.0 0.0 0.0 0.0 1.0 0.0 0.0 0.0 0.0 0.0 0.0 0.0 0.0 0.0 0.0 0.0 0.0 0.0 0.0 0.0 0.0 0.0 0.0 0.0 0.0 0.0 0.0 0.0 0.0 0.0 0.0 0.0 0.0 0.0 0.0 0.0 0.0 0.0 0.0 0.0 0.0 0.0 0.0 0.0 0.0 0.0 0.0 0.0 0.0 0.0 0.0 0.0 0.0
-13.226 -22.744 -38.611 -54.119 -44.394 -21.488 -7.828 -0.495 18.358 28.433 2 2 2 0 0 1 0 0 1 0 0 0 0 0 0 0 0 0 0 1 0 1 0 5 3 1 0 5 0 0 1 1 0 0 1 0 1 0 0 0 0 1 0 0 0 0 1 0 0 0 0 1 0 0 0 1 0 1 0 3 5 3 6 4 6 0.364 0 0 1 0 0 737 1 1 1 5 1 15 22 1.0 0.5 2.0 3.0 0.333333333333 9.0 0.0 0.0 0.0 0.0 0.0 0.0 0.0 0.0 0.0 0.0 0.0 1.0 0.0 0.0 0.0 0.0 0.0 0.0 0.0 0.0 0.0 0.0 0.0 0.0 0.0 0.0 0.0 0.0 0.0 0.0 0.0 0.0 0.0 0.0 0.0 0.0 0.0 0.0 0.0 0.0 0.0 0.0 0.0 0.0 0.0 0.0 0.0 0.0 0.0 0.0 0.0 0.0 0.0 0.0 0.0 0.0 0.0 0.0 0.0 0.0
11.393 9.289 3.264 5.97 14.221 22.657 32.267 35.431 18.484 2.122 2 2 2 0 0 0 0 1 0 0 0 1 0 0 0 0 0 0 1 0 0 1 0 4 4 1 0 4 1 0 1 0 1 0 1 0 1 0 0 0 0 1 0 0 0 0 1 0 0 0 0 1 0 0 1 0 0 1 0 4 4 4 5 5 5 0.455 0 0 0 0 1 180 1 1 4 6 0 11 3 1.0 0.5 2.0 4.0 0.444444444444 9.0 0.0 0.0 0.0 0.0 0.0 0.0 0.0 0.0 0.0 0.0 1.0 0.0 0.0 0.0 1.0 0.0 0.0 0.0 0.0 0.0 0.0 0.0 0.0 0.0 0.0 0.0 0.0 0.0 0.0 1.0 1.0 0.0 0.0 0.0 0.0 0.0 0.0 0.0 0.0 0.0 0.0 0.0 0.0 0.0 0.0 0.0 0.0 0.0 0.0 0.0 0.0 0.0 0.0 0.0 0.0 0.0 0.0 0.0 0.0 0.0
6.659 11.255 -2.445 -2.686 -14.323 -26.682 -22.097 -11.638 -19.467 -13.427 2 2 2 0 0 0 1 0 0 0 0 0 0 1 0 0 0 0 1 0 0 1 0 3 5 1 0 3 2 0 1 0 1 0 1 0 1 0 0 0 0 1 0 0 0 0 1 0 0 0 0 1 0 0 1 0 0 1 0 5 3 5 4 6 4 0.545 0 0 0 1 0 1313 1 1 4 6 1 23 8 1.0 0.5 2.0 5.0 0.555555555556 9.0 0.0 0.0 0.0 0.0 0.0 0.0 0.0 0.0 0.0 0.0 1.0 0.0 0.0 0.0 1.0 0.0 0.0 0.0 0.0 0.0 0.0 0.0 0.0 0.0 0.0 0.0 0.0 0.0 0.0 1.0 1.0 0.0 0.0 0.0 0.0 0.0 0.0 0.0 0.0 0.0 0.0 0.0 0.0 0.0 0.0 0.0 0.0 0.0 0.0 0.0 0.0 0.0 0.0 0.0 0.0 0.0 0.0 0.0 0.0 0.0
-23.034 -17.6 -17.457 -13.957 -9.845 -5.648 -3.726 -0.104 -6.264 -6.629 2 2 2 0 0 0 1 0 0 0 0 0 1 0 0 0 0 1 0 0 0 1 0 2 6 1 0 2 3 0 1 0 1 0 1 0 1 0 0 0 0 1 0 0 0 0 1 0 0 0 0 1 0 0 1 0 0 1 0 6 2 6 3 7 3 0.636 0 0 0 1 0 2 4 1 1 7 0 2 8 1.0 0.5 2.0 6.0 0.666666666667 9.0 0.0 0.0 0.0 0.0 0.0 0.0 0.0 0.0 0.0 0.0 0.0 0.0 0.0 0.0 0.0 0.0 0.0 0.0 0.0 0.0 0.0 0.0 0.0 0.0 0.0 0.0 0.0 0.0 0.0 0.0 0.0 1.0 0.0 0.0 0.0 0.0 0.0 0.0 0.0 0.0 0.0 0.0 0.0 0.0 0.0 0.0 0.0 0.0 0.0 0.0 0.0 0.0 0.0 0.0 0.0 0.0 0.0 0.0 0.0 0.0
-2.238 -3.063 -4.004 1.498 -5.671 -9.218 -7.996 -13.447 -15.595 -3.934 2 2 2 0 0 1 0 0 0 0 0 0 1 0 0 0 0 0 0 1 0 1 0 1 7 1 0 1 4 0 1 0 1 0 1 0 1 0 0 0 0 1 0 0 0 0 0 0 0 1 0 1 0 0 1 0 0 1 0 7 1 7 2 8 2 0.727 0 0 1 0 0 1484 1 4 0 8 0 18 6 1.0 0.5 2.0 7.0 0.777777777778 9.0 1.0 1.0 0.0 0.0 0.0 0.0 0.0 0.0 0.0 0.0 0.0 0.0 0.0 0.0 0.0 0.0 0.0 0.0 0.0 0.0 0.0 0.0 0.0 0.0 0.0 0.0 0.0 0.0 1.0 0.0 0.0 0.0 0.0 0.0 0.0 0.0 0.0 0.0 0.0 0.0 0.0 0.0 0.0 0.0 0.0 0.0 0.0 0.0 0.0 0.0 0.0 0.0 0.0 0.0 0.0 0.0 0.0 0.0 0.0 0.0
18.368 35.14 37.786 22.318 7.192 -11.812 -2.716 -22.568 -51.512 -59.655 2 2 0 0 0 0 0 1 0 0 0 1 0 0 0 1 0 0 0 0 0 1 0 0 8 1 0 0 5 0 1 0 1 0 1 0 0 0 0 1 0 1 0 0 0 1 0 0 0 0 0 1 0 0 1 0 1 0 0 8 0 8 1 9 1 0.818 0 0 0 0 1 303 1 4 0 8 1 19 4 1.0 0.5 2.0 8.0 0.888888888889 9.0 1.0 1.0 0.0 0.0 0.0 0.0 0.0 0.0 0.0 0.0 0.0 0.0 0.0 0.0 0.0 0.0 0.0 0.0 0.0 0.0 0.0 0.0 0.0 0.0 0.0 0.0 0.0 0.0 1.0 0.0 0.0 0.0 0.0 0.0 0.0 0.0 0.0 0.0 0.0 0.0 0.0 0.0 0.0 0.0 0.0 0.0 0.0 0.0 0.0 0.0 0.0 0.0 0.0 0.0 0.0 0.0 0.0 0.0 0.0 0.0
