179.67 140.80202 111.86902 88.17802 85.70742 86.90745 88.99137 97.56795 90.72775 75.00335 2 0 2 0 0 0 0 1 0 1 0 0 0 0 1 0 0 0 0 0 0 0 1 3 0 0 1 0 0 0 1 0 1 1 0 0 1 0 0 0 1 0 0 0 0 0 1 0 0 0 0 1 0 1 0 0 0 0 1 0 3 0 4 1 4 0.167 0 0 0 0 1 836 1 0 1 0 0 14 24 0.0 0.0 3.0 0.0 0.0 4.0 0.0 0.0 0.0 0.0 0.0 0.0 0.0 0.0 0.0 0.0 0.0 1.0 0.0 0.0 0.0 0.0 0.0 0.0 0.0 0.0 0.0 0.0 0.0 0.0 0.0 0.0 0.0 0.0 0.0 0.0 0.0 0.0 0.0 0.0 0.0 0.0 0.0 0.0 0.0 0.0 0.0 0.0 0.0 0.0 0.0 0.0 0.0 0.0 0.0 0.0 0.0 0.0 0.0 0.0 0.0 0.0 0.0 0.0 0.0 0.0
93.95763 92.54546 103.09924 106.60145 107.39906 117.02035 136.24466 158.62038 177.31993 164.9398 2 2 2 1 0 0 0 0 0 0 0 0 0 1 0 0 0 1 0 0 0 0 0 2 1 0 0 13 1 1 0 0 1 0 1 0 1 0 0 0 0 1 0 0 0 0 1 0 0 0 0 0 1 0 1 0 0 1 0 1 2 1 3 2 3 0.333 1 0 0 0 0 595 1 0 1 0 1 15 15 0.0 0.0 3.0 1.0 0.25 4.0 0.0 0.0 0.0 0.0 0.0 0.0 0.0 0.0 0.0 0.0 0.0 1.0 0.0 0.0 0.0 0.0 0.0 0.0 0.0 0.0 0.0 0.0 0.0 0.0 0.0 0.0 0.0 0.0 0.0 0.0 0.0 0.0 0.0 0.0 0.0 0.0 0.0 0.0 0.0 0.0 0.0 0.0 0.0 0.0 0.0 0.0 0.0 0.0 0.0 0.0 0.0 0.0 0.0 0.0 0.0 0.0 0.0 0.0 0.0 0.0
112.05296 55.65988 7.55553 -30.23582 -63.95297 -88.82595 -89.04863 -70.69156 -32.65784 -5.29241 2 2 2 0 0 1 0 0 1 0 0 0 0 0 0 0 0 0 0 1 0 1 0 1 2 1 0 12 0 0 1 1 0 0 1 0 1 0 0 0 0 1 0 0 0 0 0 0 1 0 0 1 0 0 0 1 0 1 0 2 1 2 2 3 2 0.5 0 0 1 0 0 203 1 1 11 1 0 10 26 0.0 0.0 3.0 2.0 0.5 4.0 0.0 0.0 0.0 0.0 0.0 0.0 0.0 0.0 0.0 0.0 1.0 0.0 0.0 0.0 0.0 0.0 0.0 0.0 0.0 1.0 0.0 0.0 0.0 0.0 0.0 0.0 0.0 0.0 0.0 0.0 0.0 0.0 0.0 0.0 0.0 0.0 0.0 0.0 0.0 0.0 0.0 0.0 0.0 0.0 0.0 0.0 0.0 0.0 0.0 0.0 0.0 0.0 0.0 0.0 0.0 0.0 0.0 0.0 0.0 0.0
49.68694 113.30094 121.60284 110.11391 77.68753 58.12312 44.94946 29.6297 29.48781 45.94585 2 2 2 0 0 0 0 1 0 0 0 1 0 0 0 0 0 1 0 0 0 1 0 0 3 1 0 11 1 0 1 0 1 0 1 0 0 0 1 0 0 1 0 0 0 0 1 0 0 0 0 1 0 0 1 0 0 1 0 3 0 3 1 4 1 0.667 0 0 0 0 1 101 1 1 11 1 1 2 35 0.0 0.0 3.0 3.0 0.75 4.0 0.0 0.0 0.0 0.0 0.0 0.0 0.0 0.0 0.0 0.0 1.0 0.0 0.0 0.0 0.0 0.0 0.0 0.0 0.0 1.0 0.0 0.0 0.0 0.0 0.0 0.0 0.0 0.0 0.0 0.0 0.0 0.0 0.0 0.0 0.0 0.0 0.0 0.0 0.0 0.0 0.0 0.0 0.0 0.0 0.0 0.0 0.0 0.0 0.0 0.0 0.0 0.0 0.0 0.0 0.0 0.0 0.0 0.0 0.0 0.0
-53.27 -55.918 -54.42013 -88.28761 -111.22726 -107.01682 -102.98051 -92.941 -79.43252 -55.54722 2 2 2 0 0 1 0 0 0 0 0 0 0 1 0 0 0 1 0 0 0 0 0 10 0 0 0 10 2 0 1 0 1 0 1 0 1 0 0 0 0 0 0 1 0 0 1 0 0 0 0 1 0 0 1 0 0 1 0 0 10 0 11 1 7 0.111 0 0 1 0 0 94 11 1 1 2 0 14 35 1.0 0.333333333333 3.0 0.0 0.0 7.0 0.0 0.0 0.0 0.0 0.0 0.0 0.0 0.0 0.0 0.0 0.0 0.0 0.0 0.0 0.0 0.0 0.0 0.0 0.0 0.0 0.0 0.0 0.0 0.0 0.0 0.0 0.0 0.0 0.0 0.0 0.0 1.0 0.0 0.0 0.0 0.0 0.0 0.0 0.0 0.0 0.0 0.0 0.0 0.0 0.0 0.0 0.0 0.0 0.0 0.0 0.0 0.0 0.0 0.0 0.0 0.0 0.0 0.0 0.0 0.0
-50.4609 -43.49669 -34.91241 -18.95966 11.51623 -2.14125 -6.36654 2.22893 25.29897 40.8759 2 2 2 0 0 1 0 0 0 0 0 1 0 0 0 0 0 1 0 0 0 0 0 9 1 0 0 9 3 0 1 0 1 0 1 0 1 0 0 0 0 1 0 0 0 0 1 0 0 0 0 1 0 0 1 0 0 1 0 1 9 1 10 2 6 0.222 0 0 1 0 0 1495 1 11 1 3 0 6 34 1.0 0.333333333333 3.0 1.0 0.142857142857 7.0 0.0 0.0 0.0 0.0 0.0 0.0 0.0 0.0 0.0 0.0 0.0 1.0 0.0 0.0 0.0 0.0 0.0 0.0 0.0 0.0 0.0 0.0 0.0 0.0 0.0 0.0 0.0 0.0 0.0 0.0 0.0 0.0 0.0 0.0 0.0 0.0 0.0 0.0 0.0 0.0 0.0 0.0 0.0 0.0 0.0 0.0 0.0 0.0 0.0 0.0 0.0 0.0 0.0 0.0 0.0 0.0 0.0 0.0 0.0 0.0
45.24163 59.47009 60.20152 53.94301 49.34328 45.22863 49.79647 41.77665 23.055 17.11352 2 2 2 0 0 1 0 0 0 0 0 1 0 0 0 0 1 0 0 0 0 0 0 8 2 0 0 8 4 0 1 0 1 0 1 0 1 0 0 0 0 1 0 0 0 0 1 0 0 0 0 1 0 0 1 0 0 1 0 2 8 2 9 3 5 0.333 0 0 1 0 0 1516 1 11 1 3 1 1 5 1.0 0.333333333333 3.0 2.0 0.285714285714 7.0 0.0 0.0 0.0 0.0 0.0 0.0 0.0 0.0 0.0 0.0 0.0 1.0 0.0 0.0 0.0 0.0 0.0 0.0 0.0 0.0 0.0 0.0 0.0 0.0 0.0 0.0 0.0 0.0 0.0 0.0 0.0 0.0 0.0 0.0 0.0 0.0 0.0 0.0 0.0 0.0 0.0 0.0 0.0 0.0 0.0 0.0 0.0 0.0 0.0 0.0 0.0 0.0 0.0 0.0 0.0 0.0 0.0 0.0 0.0 0.0
-5.11755 -53.89147 -103.69402 -130.61818 -155.95665 -170.63373 -163.11767 -139.17382 -121.56867 -99.42658 2 2 2 0 1 0 0 0 0 0 0 1 0 0 0 0 0 0 0 1 0 0 0 7 3 0 0 7 5 0 1 0 1 0 1 0 1 0 0 0 0 1 0 0 0 0 1 0 0 0 0 1 0 0 1 0 0 1 0 3 7 3 8 4 4 0.444 0 1 0 0 0 797 1 1 7 4 0 21 30 1.0 0.333333333333 3.0 3.0 0.428571428571 7.0 0.0 0.0 0.0 0.0 0.0 0.0 0.0 0.0 0.0 0.0 1.0 0.0 0.0 0.0 0.0 0.0 0.0 0.0 0.0 0.0 0.0 0.0 0.0 0.0 0.0 0.0 0.0 0.0 0.0 1.0 1.0 0.0 0.0 0.0 0.0 0.0 0.0 0.0 0.0 0.0 0.0 0.0 0.0 0.0 0.0 0.0 0.0 0.0 0.0 0.0 0.0 0.0 0.0 0.0 0.0 0.0 0.0 0.0 0.0 0.0
-73.57139 -46.52952 -25.47756 -14.08106 -35.33197 -80.80588 -131.14836 -162.85024 -170.86798 -126.76802 2 2 2 0 0 0 0 1 0 0 1 0 0 0 0 0 1 0 0 0 0 0 0 6 4 0 0 6 6 0 1 0 1 0 1 0 1 0 0 0 0 1 0 0 0 0 1 0 0 0 0 1 0 0 1 0 0 1 0 4 6 4 7 5 3 0.556 0 0 0 0 1 461 1 1 7 4 1 5 16 1.0 0.333333333333 3.0 4.0 0.571428571429 7.0 0.0 0.0 0.0 0.0 0.0 0.0 0.0 0.0 0.0 0.0 1.0 0.0 0.0 0.0 0.0 0.0 0.0 0.0 0.0 0.0 0.0 0.0 0.0 0.0 0.0 0.0 0.0 0.0 0.0 1.0 1.0 0.0 0.0 0.0 0.0 0.0 0.0 0.0 0.0 0.0 0.0 0.0 0.0 0.0 0.0 0.0 0.0 0.0 0.0 0.0 0.0 0.0 0.0 0.0 0.0 0.0 0.0 0.0 0.0 0.0
-99.74401 -88.0846 -56.4276 -8.15205 30.86269 51.40782 55.174 44.95225 31.81238 18.11951 2 2 2 0 1 0 0 0 0 0 0 0 0 1 0 0 0 1 0 0 0 0 0 5 5 0 0 5 7 0 1 0 1 0 1 0 1 0 0 0 0 1 0 0 0 0 1 0 0 0 0 1 0 0 1 0 0 1 0 5 5 5 6 6 2 0.667 0 1 0 0 0 379 7 1 7 5 0 16 30 1.0 0.333333333333 3.0 5.0 0.714285714286 7.0 0.0 1.0 0.0 0.0 0.0 0.0 0.0 0.0 0.0 0.0 0.0 0.0 0.0 0.0 0.0 0.0 0.0 0.0 1.0 0.0 0.0 0.0 0.0 0.0 0.0 0.0 0.0 0.0 1.0 0.0 0.0 0.0 0.0 0.0 1.0 0.0 0.0 0.0 0.0 0.0 0.0 0.0 0.0 0.0 0.0 0.0 0.0 0.0 0.0 0.0 0.0 0.0 0.0 0.0 0.0 0.0 0.0 0.0 0.0 0.0
-2.85427 -16.18518 -24.73831 -26.71057 -27.82156 -26.58848 -22.87864 -25.15044 -19.32779 -13.32412 2 2 2 0 0 1 0 0 0 0 1 0 0 0 0 0 0 1 0 0 0 0 0 4 6 0 0 4 8 0 1 0 1 0 1 0 1 0 0 0 0 1 0 0 0 0 1 0 0 0 0 1 0 0 1 0 0 1 0 6 4 6 5 7 1 0.778 0 0 1 0 0 17 7 1 7 5 1 22 9 1.0 0.333333333333 3.0 6.0 0.857142857143 7.0 0.0 1.0 0.0 0.0 0.0 0.0 0.0 0.0 0.0 0.0 0.0 0.0 0.0 0.0 0.0 0.0 0.0 0.0 1.0 0.0 0.0 0.0 0.0 0.0 0.0 0.0 0.0 0.0 1.0 0.0 0.0 0.0 0.0 0.0 1.0 0.0 0.0 0.0 0.0 0.0 0.0 0.0 0.0 0.0 0.0 0.0 0.0 0.0 0.0 0.0 0.0 0.0 0.0 0.0 0.0 0.0 0.0 0.0 0.0 0.0
1.57801 -33.52798 -75.05098 -97.20098 -110.18551 -123.23803 -125.76628 -100.21075 -64.55712 -29.44052 2 2 2 0 0 1 0 0 0 0 0 1 0 0 0 0 0 1 0 0 0 0 0 3 7 0 0 3 9 0 1 0 1 0 1 0 1 0 0 0 0 1 0 0 0 0 1 0 0 0 0 1 0 0 1 0 0 1 0 7 3 7 4 1 4 0.167 0 0 1 0 0 1495 7 7 1 6 0 6 34 2.0 0.666666666667 3.0 0.0 0.0 4.0 0.0 0.0 0.0 0.0 0.0 0.0 0.0 0.0 0.0 0.0 0.0 0.0 0.0 0.0 0.0 0.0 1.0 0.0 0.0 0.0 0.0 0.0 0.0 0.0 0.0 0.0 0.0 0.0 0.0 0.0 0.0 0.0 0.0 0.0 0.0 1.0 0.0 0.0 0.0 0.0 0.0 0.0 0.0 0.0 0.0 0.0 0.0 0.0 0.0 0.0 0.0 0.0 0.0 0.0 0.0 0.0 0.0 0.0 0.0 0.0
-4.24429 5.74612 9.2164 11.0414 14.71591 28.06938 54.12345 76.68973 85.38809 78.80063 2 2 2 0 0 1 0 0 0 0 0 1 0 0 0 0 1 0 0 0 0 0 0 2 8 0 0 2 10 0 1 0 1 0 1 0 1 0 0 0 0 1 0 0 0 0 1 0 0 0 0 1 0 0 1 0 0 1 0 8 2 8 3 2 3 0.333 0 0 1 0 0 1516 7 7 1 6 1 1 5 2.0 0.666666666667 3.0 1.0 0.25 4.0 0.0 0.0 0.0 0.0 0.0 0.0 0.0 0.0 0.0 0.0 0.0 0.0 0.0 0.0 0.0 0.0 1.0 0.0 0.0 0.0 0.0 0.0 0.0 0.0 0.0 0.0 0.0 0.0 0.0 0.0 0.0 0.0 0.0 0.0 0.0 1.0 0.0 0.0 0.0 0.0 0.0 0.0 0.0 0.0 0.0 0.0 0.0 0.0 0.0 0.0 0.0 0.0 0.0 0.0 0.0 0.0 0.0 0.0 0.0 0.0
17.70226 1.80123 -3.09545 -7.40703 -17.88062 -19.35496 -26.4086 -42.99456 -70.18339 -64.83634 2 2 2 0 1 0 0 0 0 0 0 1 0 0 0 0 0 0 0 1 0 0 0 1 9 0 0 1 11 0 1 0 1 0 1 0 1 0 0 0 0 1 0 0 0 0 0 0 0 1 0 1 0 0 1 0 0 1 0 9 1 9 2 3 2 0.5 0 1 0 0 0 90 1 7 0 7 0 6 8 2.0 0.666666666667 3.0 2.0 0.5 4.0 1.0 0.0 0.0 0.0 0.0 0.0 0.0 0.0 0.0 0.0 0.0 0.0 0.0 0.0 0.0 0.0 0.0 1.0 0.0 0.0 0.0 0.0 0.0 0.0 0.0 0.0 0.0 0.0 0.0 0.0 0.0 0.0 0.0 0.0 0.0 0.0 0.0 0.0 0.0 0.0 0.0 0.0 0.0 0.0 0.0 0.0 0.0 0.0 0.0 0.0 0.0 0.0 0.0 0.0 0.0 0.0 0.0 0.0 0.0 0.0
-74.19797 -64.75472 -41.8458 -20.94478 4.27784 22.1348 12.5263 -25.8535 -56.27459 -61.74074 2 2 0 0 0 0 0 1 0 0 1 0 0 0 0 1 0 0 0 0 0 0 0 0 10 0 0 0 12 0 1 0 1 0 1 0 0 0 0 1 0 1 0 0 0 1 0 0 0 0 0 1 0 0 1 0 1 0 0 10 0 10 1 4 1 0.667 0 0 0 0 1 318 1 7 0 7 1 20 8 2.0 0.666666666667 3.0 3.0 0.75 4.0 1.0 0.0 0.0 0.0 0.0 0.0 0.0 0.0 0.0 0.0 0.0 0.0 0.0 0.0 0.0 0.0 0.0 1.0 0.0 0.0 0.0 0.0 0.0 0.0 0.0 0.0 0.0 0.0 0.0 0.0 0.0 0.0 0.0 0.0 0.0 0.0 0.0 0.0 0.0 0.0 0.0 0.0 0.0 0.0 0.0 0.0 0.0 0.0 0.0 0.0 0.0 0.0 0.0 0.0 0.0 0.0 0.0 0.0 0.0 0.0
