288.324879662 288.211491449 287.984833476 287.645144178 287.19278499 286.62824483 285.952145962 285.165251144 284.268471967 283.262878229 2 0 2 0 0 1 0 0 0 1 0 0 0 0 1 0 0 0 0 0 0 0 2 12 0 0 2 0 0 0 1 0 1 1 0 132.931 130 0 132.931 0 1 0 0 0 1 0 0 0 0 0 1 0 0 0 0 1 0 1 0 0 0 0 1 0 12 0 13 1 6 0.125 0 0 1 0 0 1176 5
282.14970821 280.930379669 279.606501391 278.179885074 276.652557365 275.026771825 273.305020594 271.490045549 269.584848719 267.592701734 2 2 2 1 0 0 0 0 0 0 0 1 0 0 0 0 0 0 0 1 0 0 1 11 1 0 1 8 1 1 0 0 1 0 1 135.931 132.931 132.931 135.931 0 1 0 0 0 0 1 0 0 0 0 1 0 0 0 0 0 1 0 1 0 0 1 0 1 11 1 12 2 5 0.25 1 0 0 0 0 340 5
265.517154105 263.362040097 261.131484027 258.829903768 256.462012301 254.032817148 251.547617558 249.011999305 246.431827022 243.813233989 2 2 2 0 0 0 0 1 1 0 0 0 0 0 0 0 1 0 0 0 0 1 1 10 2 1 1 7 0 0 1 1 0 0 1 0 135.931 135.931 0 0 1 0 0 0 0 1 0 0 0 0 1 0 0 0 0 1 0 0 0 1 0 1 0 2 10 2 11 3 4 0.375 0 0 0 0 1 163 27
241.162609318 238.486582527 235.792005496 233.08593184 230.375593752 227.668376415 224.971790079 222.293439954 219.640994078 217.022149355 2 2 2 0 1 0 0 0 0 0 0 0 0 1 0 0 0 1 0 0 0 1 1 9 3 1 1 6 1 0 1 0 1 0 1 0 0 0 0 0 1 0 0 0 0 1 0 0 0 0 1 0 0 0 0 1 0 0 1 0 0 1 0 3 9 3 10 4 3 0.5 0 1 0 0 0 1083 8
214.444595964 211.915980396 209.443867336 207.035700702 204.698764099 202.440140993 200.266674921 198.184930053 196.201152416 194.321232118 2 2 2 0 0 1 0 0 0 0 1 0 0 0 0 0 0 0 0 1 0 1 1 8 4 1 1 5 2 0 1 0 1 0 1 0 0 0 0 0 1 0 0 0 0 1 0 0 0 0 1 0 0 0 0 1 0 0 1 0 0 1 0 4 8 4 9 5 2 0.625 0 0 1 0 0 199 8
192.550666881 190.894527213 189.357423513 187.943475428 186.656283731 185.498905005 184.47382937 183.582961502 182.827605136 182.208451242 2 2 2 0 0 0 0 1 0 0 0 1 0 0 0 0 1 0 0 0 0 1 1 7 5 1 1 4 3 0 1 0 1 0 1 0 0 0 0 0 1 0 0 0 0 1 0 0 0 0 1 0 0 0 0 1 0 0 1 0 0 1 0 5 7 5 8 6 1 0.75 0 0 0 0 1 1897 7
181.725570027 181.378406882 181.16578238 181.085896369 181.1363362 181.314089082 181.61555852 182.036584766 182.572469171 183.218002295 2 2 2 0 1 0 0 0 0 0 0 0 0 1 0 0 0 0 1 0 0 1 1 6 6 1 1 3 4 0 1 0 1 0 1 0 0 0 0 0 1 0 0 0 0 1 0 0 0 0 1 0 0 0 0 1 0 0 1 0 0 1 0 6 6 6 7 1 3 0.2 0 1 0 0 0 712 8
183.967495613 184.81481659 185.753426912 186.776423591 187.876582667 189.046405189 190.278165133 191.563958918 192.895756139 194.265451136 2 2 2 0 0 0 1 0 0 0 1 0 0 0 0 0 1 0 0 0 0 1 1 5 7 1 1 2 5 0 1 0 1 0 1 0 0 0 0 0 1 0 0 0 0 1 0 0 0 0 1 0 0 0 0 1 0 0 1 0 0 1 0 7 5 7 6 2 2 0.4 0 0 0 1 0 42 29
195.664915016 197.086047714 198.520829713 199.961372998 201.399970875 202.829146237 204.241697926 205.630744801 206.989767192 208.312645378 2 2 2 0 1 0 0 0 0 0 0 0 1 0 0 0 0 1 0 0 0 1 1 4 8 1 1 1 6 0 1 0 1 0 1 0 0 0 0 0 1 0 0 0 0 1 0 0 0 0 1 0 0 0 0 1 0 0 1 0 0 1 0 8 4 8 5 3 1 0.6 0 1 0 0 0 141 8
209.59369483 210.827697891 212.009931692 213.136192045 214.20281315 215.206682962 216.145254087 217.016550148 217.819167568 218.552272761 2 2 2 0 0 1 0 0 0 0 1 0 0 0 1 0 0 0 0 0 0 1 1 3 9 1 1 0 7 0 1 0 1 1 0 120.517 0 0 120.517 0 1 0 0 0 0 1 0 0 0 0 1 0 0 0 0 1 0 0 1 0 0 0 1 9 3 9 4 1 4 0.167 0 0 1 0 0 452 5
219.215594784 219.809413504 220.33454341 220.792313197 221.18454132 221.513507736 221.781922075 221.992888522 222.149867731 222.256636083 2 2 2 1 0 0 0 0 0 0 0 1 0 0 0 0 0 0 0 1 0 1 0 2 10 1 0 2 8 1 0 0 1 0 1 123.517 120.517 120.517 123.517 0 1 0 0 0 0 1 0 0 0 0 1 0 0 0 0 0 1 0 1 0 0 1 0 10 2 10 3 2 3 0.333 1 0 0 0 0 1300 5
222.317242666 222.335964333 222.317259247 222.265719307 222.186021874 222.082881209 221.961000068 221.825021841 221.679483687 221.528771042 2 2 2 0 0 0 0 1 1 0 0 0 0 0 0 0 1 0 0 0 0 2 0 1 11 2 0 1 0 0 1 1 0 0 1 0 123.517 123.517 0 0 1 0 0 0 0 1 0 0 0 0 0 0 1 0 0 1 0 0 0 1 0 1 0 11 1 11 2 3 2 0.5 0 0 0 0 1 44 11
221.377073923 221.228345383 221.086262496 220.954190209 220.835148363 220.731782187 220.646336507 220.580633909 220.53605703 220.513535142 2 2 0 0 1 0 0 0 0 0 0 0 0 1 0 1 0 0 0 0 0 2 0 0 12 2 0 0 1 0 1 0 1 0 1 110 0 0 0 0 0 0 1 0 0 1 0 0 0 1 0 0 0 0 0 1 0 0 1 0 1 0 0 12 0 12 1 4 1 0.667 0 1 0 0 0 1226 11
