114.633 114.774 115.023 114.812 113.007 102.371 81.149 56.682 27.207 12.757 2 0 2 0 0 0 0 1 0 1 0 0 0 0 0 0 1 0 0 0 0 0 4 21 0 0 4 4 0 0 1 0 1 0 1 0 130 0 0 0 1 0 0 0 1 0 0 0 0 0 1 0 0 0 0 1 0 1 0 0 0 1 0 0 21 0 22 1 12 0.071 0 0 0 0 1 3 12
1.668 -28.331 -56.776 -77.988 -94.895 -101.653 -112.265 -111.912 -99.111 -89.746 2 2 2 0 1 0 0 0 0 0 0 0 0 1 0 0 0 0 0 1 0 0 4 20 1 0 4 3 1 0 1 0 1 0 1 0 0 0 0 0 1 0 0 0 0 1 0 0 0 0 1 0 0 0 0 1 0 0 1 0 0 1 0 1 20 1 21 2 11 0.143 0 1 0 0 0 113 12
-78.156 -41.139 12.464 48.634 68.775 73.599 65.291 42.417 7.553 -15.936 2 2 2 0 0 0 0 1 0 0 1 0 0 0 0 0 1 0 0 0 0 0 4 19 2 0 4 2 2 0 1 0 1 0 1 0 0 0 0 0 1 0 0 0 0 1 0 0 0 0 1 0 0 0 0 1 0 0 1 0 0 1 0 2 19 2 20 3 10 0.214 0 0 0 0 1 3 12
-10.56 -10.335 -18.747 -36.948 -56.217 -74.889 -86.27 -108.935 -136.403 -131.474 2 2 2 0 1 0 0 0 0 0 0 0 0 1 0 0 0 0 1 0 0 0 4 18 3 0 4 1 3 0 1 0 1 0 1 0 0 0 0 0 1 0 0 0 0 1 0 0 0 0 1 0 0 0 0 1 0 0 1 0 0 1 0 3 18 3 19 4 9 0.286 0 1 0 0 0 113 12
-107.248 -63.728 -40.455 -36.397 -32.184 -28.837 -25.94 -22.908 -17.107 -6.446 2 2 2 0 0 0 1 0 0 0 1 0 0 0 1 0 0 0 0 0 0 0 4 17 4 0 4 0 4 0 1 0 1 1 0 130.319 0 0 130.319 0 1 0 0 0 0 1 0 0 0 0 1 0 0 0 0 1 0 0 1 0 0 0 1 4 17 4 18 5 8 0.357 0 0 0 1 0 11 18
7.11 21.843 54.943 89.203 116.589 118.816 113.351 114.18 115.849 109.773 2 2 2 1 0 0 0 0 0 0 0 0 1 0 0 0 0 1 0 0 0 0 3 16 5 0 3 5 5 1 0 0 1 0 1 133.319 130.319 130.319 133.319 0 1 0 0 0 0 1 0 0 0 0 1 0 0 0 0 0 1 0 1 0 0 1 0 5 16 5 17 6 7 0.429 1 0 0 0 0 572 8
90.692 72.503 59.633 37.709 16.487 -3.377 -10.75 -9.481 -2.791 4.049 2 2 2 0 0 1 0 0 1 0 0 0 0 0 0 0 0 1 0 0 0 1 3 15 6 1 3 4 0 0 1 1 0 0 1 0 133.319 133.319 0 0 1 0 0 0 0 1 0 0 0 0 1 0 0 0 0 1 0 0 0 1 0 1 0 6 15 6 16 7 6 0.5 0 0 1 0 0 886 8
9.175 5.29 -12.202 -28.863 -36.003 -37.113 -33.049 -33.601 -27.556 -15.003 2 2 2 0 0 1 0 0 0 0 0 1 0 0 0 0 0 0 0 1 0 1 3 14 7 1 3 3 1 0 1 0 1 0 1 0 0 0 0 0 1 0 0 0 0 1 0 0 0 0 1 0 0 0 0 1 0 0 1 0 0 1 0 7 14 7 15 8 5 0.571 0 0 1 0 0 52 14
4.92 39.862 80.336 117.603 120.417 99.136 68.392 18.717 -15.211 -35.308 2 2 2 0 0 0 0 1 0 0 0 1 0 0 0 0 0 1 0 0 0 1 3 13 8 1 3 2 2 0 1 0 1 0 1 0 0 0 0 0 1 0 0 0 0 1 0 0 0 0 1 0 0 0 0 1 0 0 1 0 0 1 0 8 13 8 14 9 4 0.643 0 0 0 0 1 2499 11
-49.142 -62.907 -77.558 -90.559 -95.72 -96.937 -93.946 -81.35 -66.25 -54.994 2 2 2 0 0 1 0 0 0 0 0 0 0 1 0 0 0 0 1 0 0 1 3 12 9 1 3 1 3 0 1 0 1 0 1 0 0 0 0 0 1 0 0 0 0 1 0 0 0 0 1 0 0 0 0 1 0 0 1 0 0 1 0 9 12 9 13 10 3 0.714 0 0 1 0 0 1347 11
-46.573 -41.963 -42.174 -43.951 -47.307 -51.781 -56.762 -61.668 -63.894 -63.398 2 2 2 0 0 0 1 0 0 0 0 1 0 0 1 0 0 0 0 0 0 1 3 11 10 1 3 0 4 0 1 0 1 1 0 125.213 0 0 125.213 0 1 0 0 0 0 1 0 0 0 0 1 0 0 0 0 1 0 0 1 0 0 0 1 10 11 10 12 11 2 0.786 0 0 0 1 0 2 9
-49.679 -23.195 3.601 26.172 28.698 23.445 19.404 19.769 26.134 26.561 2 2 2 1 0 0 0 0 0 0 0 0 1 0 0 0 0 0 0 1 0 1 2 10 11 1 2 3 5 1 0 0 1 0 1 128.213 125.213 125.213 128.213 0 1 0 0 0 0 1 0 0 0 0 1 0 0 0 0 0 1 0 1 0 0 1 0 11 10 11 11 12 1 0.857 1 0 0 0 0 58 5
145.513 145.317 145.221 145.223 142.893 127.621 104.996 59.263 20.381 2.276 2 2 2 0 0 0 0 1 1 0 0 0 0 0 0 0 0 0 0 1 0 2 2 9 12 2 2 2 0 0 1 1 0 0 1 0 128.213 128.213 0 0 1 0 0 0 0 1 0 0 0 0 1 0 0 0 0 1 0 0 0 1 0 1 0 12 9 12 10 1 4 0.167 0 0 0 0 1 1344 11
-2.819 -2.489 2.407 9.119 9.986 0.614 -16.751 -28.383 -37.671 -59.365 2 2 2 0 0 0 0 1 0 0 0 0 0 1 0 0 0 0 1 0 0 2 2 8 13 2 2 1 1 0 1 0 1 0 1 0 0 0 0 0 1 0 0 0 0 1 0 0 0 0 1 0 0 0 0 1 0 0 1 0 0 1 0 13 8 13 9 2 3 0.333 0 0 0 0 1 470 11
-76.486 -75.417 -73.176 -70.679 -68.717 -66.705 -64.752 -63.148 -60.865 -58.439 2 2 2 0 0 0 1 0 0 0 0 0 0 1 1 0 0 0 0 0 0 2 2 7 14 2 2 0 2 0 1 0 1 1 0 121.809 0 0 121.809 0 1 0 0 0 0 1 0 0 0 0 1 0 0 0 0 1 0 0 1 0 0 0 1 14 7 14 8 3 2 0.5 0 0 0 1 0 2 9
-46.758 -0.239 53.213 69.271 62.455 62.378 64.036 66.089 76.792 79.79 2 2 2 1 0 0 0 0 0 0 0 0 1 0 0 0 0 1 0 0 0 2 1 6 15 2 1 5 3 1 0 0 1 0 1 124.809 121.809 121.809 124.809 0 1 0 0 0 0 1 0 0 0 0 1 0 0 0 0 0 1 0 1 0 0 1 0 15 6 15 7 4 1 0.667 1 0 0 0 0 104 5
-4.395 -3.031 -1.703 -2.518 -14.446 -20.163 -18.682 -9.768 9.712 33.887 2 2 2 0 0 1 0 0 1 0 0 0 0 0 0 0 1 0 0 0 0 3 1 5 16 3 1 4 0 0 1 1 0 0 1 0 124.809 124.809 0 0 1 0 0 0 0 1 0 0 0 0 1 0 0 0 0 1 0 0 0 1 0 1 0 16 5 16 6 1 6 0.125 0 0 1 0 0 7 2
37.964 34.578 30.203 25.775 20.965 15.271 -3.734 -42.759 -73.988 -66.574 2 2 2 0 1 0 0 0 0 0 0 1 0 0 0 0 0 1 0 0 0 3 1 4 17 3 1 3 1 0 1 0 1 0 1 0 0 0 0 0 1 0 0 0 0 1 0 0 0 0 1 0 0 0 0 1 0 0 1 0 0 1 0 17 4 17 5 2 5 0.25 0 1 0 0 0 658 11
-25.341 -8.63 -1.165 -3.097 -22.583 -43.862 -50.848 -47.84 -39.599 -26.385 2 2 2 0 0 1 0 0 0 0 1 0 0 0 0 0 0 0 1 0 0 3 1 3 18 3 1 2 2 0 1 0 1 0 1 0 0 0 0 0 1 0 0 0 0 1 0 0 0 0 1 0 0 0 0 1 0 0 1 0 0 1 0 18 3 18 4 3 4 0.375 0 0 1 0 0 199 11
-10.444 2.276 16.59 22.732 22.788 21.038 15.445 8.739 3.662 -1.51 2 2 2 0 0 0 1 0 0 0 0 1 0 0 0 0 0 1 0 0 0 3 1 2 19 3 1 1 3 0 1 0 1 0 1 0 0 0 0 0 1 0 0 0 0 1 0 0 0 0 1 0 0 0 0 1 0 0 1 0 0 1 0 19 2 19 3 4 3 0.5 0 0 0 1 0 2 9
-11.459 -38.241 -50.61 -51.621 -55.744 -63.474 -65.434 -51.396 -19.469 4.827 2 2 2 0 0 1 0 0 0 0 0 0 1 0 1 0 0 0 0 0 0 3 1 1 20 3 1 0 4 0 1 0 1 1 0 116.702 0 0 116.702 0 1 0 0 0 0 1 0 0 0 0 0 0 1 0 0 1 0 0 1 0 0 0 1 20 1 20 2 5 2 0.625 0 0 1 0 0 406 5
18.141 44.831 53.776 49.135 45.73 45.411 45.848 47.325 54.635 66.008 2 2 0 1 0 0 0 0 0 0 0 1 0 0 0 1 0 0 0 0 0 3 0 0 21 3 0 0 5 1 0 0 1 0 1 119.702 116.702 116.702 0 0 0 0 1 0 0 1 0 0 0 1 0 0 0 0 0 0 1 0 1 0 1 0 0 21 0 21 1 6 1 0.75 1 0 0 0 0 12 5
