49.663 41.924 0.137 -29.497 -45.948 -56.39 -66.64 -72.363 -72.967 -61.457 2 0 2 0 0 0 0 1 0 1 0 0 0 0 0 0 0 0 0 1 0 0 2 13 0 0 2 4 0 0 1 0 1 0 1 0 130 0 0 0 1 0 0 0 1 0 0 0 0 0 1 0 0 0 0 1 0 1 0 0 0 1 0 0 13 0 14 1 14 0.063 0 0 0 0 1 5 14
-39.87 -25.634 -9.605 12.993 41.119 64.794 84.412 91.32 84.167 62.288 2 2 2 0 0 0 0 1 0 0 0 0 0 1 0 0 0 0 0 1 0 0 2 12 1 0 2 3 1 0 1 0 1 0 1 0 0 0 0 0 1 0 0 0 0 1 0 0 0 0 1 0 0 0 0 1 0 0 1 0 0 1 0 1 12 1 13 2 13 0.125 0 0 0 0 1 160 5
32.184 11.165 11.33 11.131 18.505 44.537 50.673 30.742 -2.168 -30.942 2 2 2 0 0 0 0 1 0 0 0 0 0 1 0 0 0 0 1 0 0 0 2 11 2 0 2 2 2 0 1 0 1 0 1 0 0 0 0 0 1 0 0 0 0 1 0 0 0 0 1 0 0 0 0 1 0 0 1 0 0 1 0 2 11 2 12 3 12 0.188 0 0 0 0 1 822 5
-38.536 -33.169 -28.643 -26.931 -27.095 -30.301 -34.148 -35.462 -35.157 -32.888 2 2 2 0 0 0 1 0 0 0 0 0 0 1 0 0 0 0 0 1 0 0 2 10 3 0 2 1 3 0 1 0 1 0 1 0 0 0 0 0 1 0 0 0 0 1 0 0 0 0 1 0 0 0 0 1 0 0 1 0 0 1 0 3 10 3 11 4 11 0.25 0 0 0 1 0 2 4
-18.484 -3.893 16.861 51.108 74.101 57.135 16.149 -26.062 -58.446 -62.643 2 2 2 0 0 0 0 1 0 0 0 0 1 0 1 0 0 0 0 0 0 0 2 9 4 0 2 0 4 0 1 0 1 1 0 127.903 0 0 127.903 0 1 0 0 0 0 1 0 0 0 0 1 0 0 0 0 1 0 0 1 0 0 0 1 4 9 4 10 5 10 0.313 0 0 0 0 1 1664 5
-50.532 -14.436 26.171 43.875 41.025 36.075 31.751 29.622 31.316 24.163 2 2 2 1 0 0 0 0 0 0 0 0 0 1 0 0 0 1 0 0 0 0 1 8 5 0 1 1 5 1 0 0 1 0 1 130.903 127.903 127.903 130.903 0 1 0 0 0 0 1 0 0 0 0 1 0 0 0 0 0 1 0 1 0 0 1 0 5 8 5 9 6 9 0.375 1 0 0 0 0 478 5
7.703 -4.055 -15.424 -29.648 -64.252 -82.609 -84.661 -80.024 -74.459 -66.102 2 2 2 0 0 1 0 0 1 0 0 0 0 0 1 0 0 0 0 0 0 1 1 7 6 1 1 0 0 0 1 1 0 1 0 125.323 130.903 130.903 125.323 0 1 0 0 0 0 1 0 0 0 0 1 0 0 0 0 1 0 0 0 1 0 0 1 6 7 6 8 7 8 0.438 0 0 1 0 0 7 2
-43.51 -7.656 28.955 57.924 67.419 68.469 70.25 82.491 87.708 71.117 2 2 2 1 0 0 0 0 0 0 0 1 0 0 0 0 0 0 1 0 0 1 0 6 7 1 0 6 1 1 0 0 1 0 1 128.323 125.323 125.323 128.323 0 1 0 0 0 0 1 0 0 0 0 1 0 0 0 0 0 1 0 1 0 0 1 0 7 6 7 7 8 7 0.5 1 0 0 0 0 1177 5
58.727 57.459 54.763 42.673 3.268 -33.134 -50.142 -57.879 -59.622 -58.381 2 2 2 0 0 0 1 0 1 0 0 0 0 0 0 0 0 1 0 0 0 2 0 5 8 2 0 5 0 0 1 1 0 0 1 0 128.323 128.323 0 0 1 0 0 0 0 1 0 0 0 0 1 0 0 0 0 1 0 0 0 1 0 1 0 8 5 8 6 9 6 0.563 0 0 0 1 0 2157 5
-57.083 -55.7 -50.899 -47.781 -56.269 -53.507 -33.375 11.861 59.993 78.114 2 2 2 0 0 1 0 0 0 0 0 0 1 0 0 0 1 0 0 0 0 2 0 4 9 2 0 4 1 0 1 0 1 0 1 0 0 0 0 0 1 0 0 0 0 1 0 0 0 0 1 0 0 0 0 1 0 0 1 0 0 1 0 9 4 9 5 10 5 0.625 0 0 1 0 0 1211 5
74.829 69.413 64.019 53.082 10.247 -20.916 -28.796 -25.497 -16.048 -11.882 2 2 2 0 1 0 0 0 0 0 0 1 0 0 0 0 0 0 1 0 0 2 0 3 10 2 0 3 2 0 1 0 1 0 1 0 0 0 0 0 1 0 0 0 0 1 0 0 0 0 1 0 0 0 0 1 0 0 1 0 0 1 0 10 3 10 4 11 4 0.688 0 1 0 0 0 1578 5
-14.39 -17.609 -21.035 -23.65 -24.177 -23.513 -22.594 -20.538 -16.53 -9.744 2 2 2 0 0 0 1 0 0 0 1 0 0 0 0 0 0 1 0 0 0 2 0 2 11 2 0 2 3 0 1 0 1 0 1 0 0 0 0 0 1 0 0 0 0 1 0 0 0 0 1 0 0 0 0 1 0 0 1 0 0 1 0 11 2 11 3 12 3 0.75 0 0 0 1 0 2 4
-0.126 4.733 7.799 3.297 -4.032 -6.469 -5.393 2.974 39.739 82.3 2 2 2 0 0 1 0 0 0 0 0 0 1 0 0 0 1 0 0 0 0 2 0 1 12 2 0 1 4 0 1 0 1 0 1 0 0 0 0 0 1 0 0 0 0 1 0 0 0 0 0 0 1 0 0 1 0 0 1 0 0 1 0 12 1 12 2 13 2 0.813 0 0 1 0 0 599 5
100.829 95.852 81.889 54.442 8.835 -46.179 -85.633 -90.815 -68.408 -45.159 2 2 0 0 1 0 0 0 0 0 0 1 0 0 0 1 0 0 0 0 0 2 0 0 13 2 0 0 5 0 1 0 1 0 1 110 0 0 0 0 0 0 1 0 0 1 0 0 0 1 0 0 0 0 0 1 0 0 1 0 1 0 0 13 0 13 1 14 1 0.875 0 1 0 0 0 45 15
