307.111281094 307.046971552 306.918435354 306.725838184 306.469428351 306.14953652 305.766575367 305.321039136 304.813503113 304.244623003 2 0 2 1 0 0 0 0 0 1 0 0 0 0 1 0 0 0 0 0 0 0 2 20 0 0 2 0 0 1 0 0 1 1 0 138.11151 134.556 0 138.11151 0 1 0 0 0 1 0 0 0 0 0 1 0 0 0 0 0 1 1 0 0 0 0 1 0 20 0 21 1 7 0.111 1 0 0 0 0 1433 11
303.615134232 302.925851144 302.177666114 301.371548573 300.508543939 299.589772449 298.616427915 297.589776366 296.511154616 295.381968726 2 2 2 1 0 0 0 0 1 0 0 0 0 0 1 0 0 0 0 0 0 0 1 19 1 0 1 0 0 1 0 1 0 1 0 137.2225 138.11151 138.11151 137.2225 0 1 0 0 0 0 1 0 0 0 0 1 0 0 0 0 0 1 0 0 1 0 0 1 1 19 1 20 2 6 0.222 1 0 0 0 0 445 11
294.203692371 292.977865124 291.706090627 290.390034687 289.031423258 287.632040339 286.193725774 284.718372957 283.207926442 281.664379461 2 2 2 1 0 0 0 0 1 0 0 0 0 0 0 0 0 0 1 0 0 1 0 18 2 1 0 18 0 1 0 1 0 0 1 135.778 137.2225 137.2225 135.778 0 1 0 0 0 0 1 0 0 0 0 1 0 0 0 0 0 1 0 0 1 0 1 0 2 18 2 19 3 5 0.333 1 0 0 0 0 445 11
280.089771347 278.486184867 276.855743466 275.200608415 273.52297588 271.825073904 270.109159297 268.37751446 266.632444116 264.876271977 2 2 2 0 0 0 1 0 1 0 0 0 0 0 0 0 0 1 0 0 0 2 0 17 3 2 0 17 0 0 1 1 0 0 1 0 135.778 135.778 0 0 1 0 0 0 0 1 0 0 0 0 1 0 0 0 0 1 0 0 0 1 0 1 0 3 17 3 18 4 4 0.444 0 0 0 1 0 11 18
263.111337336 261.339991586 259.564594682 257.787511537 256.011108368 254.237748985 252.469791037 250.709582219 248.95945644 247.221729967 2 2 2 0 0 1 0 0 0 0 0 0 1 0 0 0 0 0 0 1 0 2 0 16 4 2 0 16 1 0 1 0 1 0 1 0 0 0 0 0 1 0 0 0 0 1 0 0 0 0 1 0 0 0 0 1 0 0 1 0 0 1 0 4 16 4 17 5 3 0.556 0 0 1 0 0 8 12
245.498697539 243.792628474 242.105762755 240.440307126 238.79843118 237.182263466 235.593887615 234.035338492 232.508598382 231.015593222 2 2 2 0 0 0 0 1 0 0 0 1 0 0 0 0 0 0 0 1 0 2 0 15 5 2 0 15 2 0 1 0 1 0 1 0 0 0 0 0 1 0 0 0 0 1 0 0 0 0 1 0 0 0 0 1 0 0 1 0 0 1 0 5 15 5 16 6 2 0.667 0 0 0 0 1 575 12
229.558188883 228.138187514 226.757323951 225.41726221 224.119592057 222.865825681 221.657394466 220.495645875 219.381840457 218.317148981 2 2 2 0 0 0 0 1 0 0 0 0 0 1 0 0 1 0 0 0 0 2 0 14 6 2 0 14 3 0 1 0 1 0 1 0 0 0 0 0 1 0 0 0 0 1 0 0 0 0 1 0 0 0 0 1 0 0 1 0 0 1 0 6 14 6 15 7 1 0.778 0 0 0 0 1 295 8
217.30264971 216.339325818 215.428062963 214.569647025 213.764762007 213.013988122 212.317800056 211.676565432 211.090543464 210.559883825 2 2 2 0 1 0 0 0 0 0 0 0 0 1 0 0 0 0 0 1 0 2 0 13 7 2 0 13 4 0 1 0 1 0 1 0 0 0 0 0 1 0 0 0 0 1 0 0 0 0 1 0 0 0 0 1 0 0 1 0 0 1 0 7 13 7 14 1 7 0.111 0 1 0 0 0 2380 8
210.084625712 209.664697145 209.299914473 208.989982109 208.734492506 208.532926347 208.384652993 208.288931156 208.24490982 208.251629404 2 2 2 0 0 0 0 1 0 0 1 0 0 0 0 0 0 0 0 1 0 2 0 12 8 2 0 12 5 0 1 0 1 0 1 0 0 0 0 0 1 0 0 0 0 1 0 0 0 0 1 0 0 0 0 1 0 0 1 0 0 1 0 8 12 8 13 2 6 0.222 0 0 0 0 1 760 5
208.308023171 208.412918879 208.565040676 208.76301124 209.005354164 209.29049657 209.616771975 209.982423374 210.385606565 210.824393691 2 2 2 0 0 0 0 1 0 0 0 0 0 1 0 0 0 0 1 0 0 2 0 11 9 2 0 11 6 0 1 0 1 0 1 0 0 0 0 0 1 0 0 0 0 1 0 0 0 0 1 0 0 0 0 1 0 0 1 0 0 1 0 9 11 9 12 3 5 0.333 0 0 0 0 1 684 5
211.296777003 211.800672837 212.333925795 212.894313126 213.479549294 214.087290735 214.715140781 215.360654749 216.021345182 216.694687237 2 2 2 0 0 0 1 0 0 0 0 0 0 1 0 0 0 1 0 0 0 2 0 10 10 2 0 10 7 0 1 0 1 0 1 0 0 0 0 0 1 0 0 0 0 1 0 0 0 0 1 0 0 0 0 1 0 0 1 0 0 1 0 10 10 10 11 4 4 0.444 0 0 0 1 0 2 9
217.378124193 218.06907309 218.764930464 219.463078183 220.160889364 220.855734348 221.544986736 222.226029468 222.896260913 223.553100985 2 2 2 0 0 1 0 0 0 0 0 0 1 0 0 0 0 0 0 1 0 2 0 9 11 2 0 9 8 0 1 0 1 0 1 0 0 0 0 0 1 0 0 0 0 1 0 0 0 0 1 0 0 0 0 1 0 0 1 0 0 1 0 11 9 11 10 5 3 0.556 0 0 1 0 0 1654 5
224.193997239 224.816430961 225.417923211 225.996040826 226.548402352 227.072683894 227.566624876 228.028033684 228.45479319 228.844866129 2 2 2 0 0 0 0 1 0 0 0 1 0 0 0 0 0 0 0 1 0 2 0 8 12 2 0 8 9 0 1 0 1 0 1 0 0 0 0 0 1 0 0 0 0 1 0 0 0 0 1 0 0 0 0 1 0 0 1 0 0 1 0 12 8 12 9 6 2 0.667 0 0 0 0 1 818 5
229.196300325 229.507233743 229.775899369 230.000629879 230.179862106 230.312141284 230.396125055 230.430587231 230.414421295 230.346643635 2 2 2 0 0 0 0 1 0 0 0 0 0 1 0 0 0 1 0 0 0 2 0 7 13 2 0 7 10 0 1 0 1 0 1 0 0 0 0 0 1 0 0 0 0 1 0 0 0 0 1 0 0 0 0 1 0 0 1 0 0 1 0 13 7 13 8 7 1 0.778 0 0 0 0 1 947 5
230.226396501 230.052950671 229.825707822 229.544202593 229.208104342 228.817218577 228.37148807 227.870993634 227.315954577 226.706728807 2 2 2 0 0 1 0 0 0 0 0 0 0 1 0 0 0 0 0 1 0 2 0 6 14 2 0 6 11 0 1 0 1 0 1 0 0 0 0 0 1 0 0 0 0 1 0 0 0 0 1 0 0 0 0 1 0 0 1 0 0 1 0 14 6 14 7 1 7 0.111 0 0 1 0 0 52 12
226.043812613 225.327840091 224.55958224 223.739945716 222.869971242 221.950831685 220.983829803 219.97039565 218.912083673 217.810569474 2 2 2 0 0 0 0 1 0 0 0 1 0 0 0 0 0 0 0 1 0 2 0 5 15 2 0 5 12 0 1 0 1 0 1 0 0 0 0 0 1 0 0 0 0 1 0 0 0 0 1 0 0 0 0 1 0 0 1 0 0 1 0 15 5 15 6 2 6 0.222 0 0 0 0 1 10 12
216.667646268 215.485221036 214.265310379 213.010036083 211.721620411 210.402381125 209.054726251 207.681148608 206.2842201 204.866585794 2 2 2 0 0 0 0 1 0 0 0 0 0 1 0 0 1 0 0 0 0 2 0 4 16 2 0 4 13 0 1 0 1 0 1 0 0 0 0 0 1 0 0 0 0 1 0 0 0 0 1 0 0 0 0 1 0 0 1 0 0 1 0 16 4 16 5 3 5 0.333 0 0 0 0 1 1004 8
203.430957799 201.980108952 200.516866337 199.044104648 197.56473941 196.081720077 194.598023032 193.116644492 191.640593345 190.172883936 2 2 2 0 1 0 0 0 0 0 0 0 0 1 0 0 0 0 1 0 0 2 0 3 17 2 0 3 14 0 1 0 1 0 1 0 0 0 0 0 1 0 0 0 0 1 0 0 0 0 1 0 0 0 0 1 0 0 1 0 0 1 0 17 3 17 4 4 4 0.444 0 1 0 0 0 84 5
188.716528824 187.274531517 185.849879215 184.445535579 183.064433533 181.709468133 180.383489515 179.08929593 177.829626906 176.607156537 2 2 2 0 0 0 1 0 0 0 1 0 0 0 0 0 0 0 0 1 0 2 0 2 18 2 0 2 15 0 1 0 1 0 1 0 0 0 0 0 1 0 0 0 0 1 0 0 0 0 1 0 0 0 0 1 0 0 1 0 0 1 0 18 2 18 3 5 3 0.556 0 0 0 1 0 4 5
175.424486917 174.284141755 173.188560161 172.140090636 171.140985286 170.193394254 169.29936041 168.460814297 167.679569347 166.95731739 2 2 2 0 0 0 0 1 0 0 0 0 1 0 0 0 0 0 1 0 0 2 0 1 19 2 0 1 16 0 1 0 1 0 1 0 0 0 0 0 1 0 0 0 0 1 0 0 0 0 0 0 1 0 0 1 0 0 1 0 0 1 0 19 1 19 2 6 2 0.667 0 0 0 0 1 285 8
166.295624456 165.695926888 165.159527776 164.687593717 164.281151917 163.941087634 163.668141975 163.462910054 163.325839507 163.257229379 2 2 0 0 0 0 1 0 0 0 0 0 0 1 0 1 0 0 0 0 0 2 0 0 20 2 0 0 17 0 1 0 1 0 1 110 0 0 0 0 0 0 1 0 0 1 0 0 0 1 0 0 0 0 0 1 0 0 1 0 1 0 0 20 0 20 1 7 1 0.778 0 0 0 1 0 842 8
