61.835 61.73 61.52 50.457 23.679 0.729 -16.882 -30.43 -36.538 -38.408 2 0 2 0 1 0 0 0 0 1 0 0 0 0 0 0 0 1 0 0 0 0 2 12 0 0 2 3 0 0 1 0 1 0 1 0 130 0 0 0 1 0 0 0 1 0 0 0 0 0 1 0 0 0 0 1 0 1 0 0 0 1 0 0 12 0 13 1 7 0.111 0 1 0 0 0 794 5
-38.596 -36.667 -31.962 -27.738 -24.37 -27.124 -37.239 -42.754 -36.566 -11.224 2 2 2 0 0 1 0 0 0 0 1 0 0 0 0 0 0 0 0 1 0 0 2 11 1 0 2 2 1 0 1 0 1 0 1 0 0 0 0 0 1 0 0 0 0 1 0 0 0 0 1 0 0 0 0 1 0 0 1 0 0 1 0 1 11 1 12 2 6 0.222 0 0 1 0 0 601 5
13.781 26.77 43.303 64.889 71.293 63.983 41.265 12.16 -10.181 -26.177 2 2 2 0 0 0 0 1 0 0 0 1 0 0 0 0 0 0 1 0 0 0 2 10 2 0 2 1 2 0 1 0 1 0 1 0 0 0 0 0 1 0 0 0 0 1 0 0 0 0 1 0 0 0 0 1 0 0 1 0 0 1 0 2 10 2 11 3 5 0.333 0 0 0 0 1 286 5
-33.085 -35.879 -37.762 -41.187 -43.787 -45.567 -47.823 -49.739 -50.915 -50.322 2 2 2 0 0 0 1 0 0 0 0 0 0 1 1 0 0 0 0 0 0 0 2 9 3 0 2 0 3 0 1 0 1 1 0 128.793 0 0 128.793 0 1 0 0 0 0 1 0 0 0 0 1 0 0 0 0 1 0 0 1 0 0 0 1 3 9 3 10 4 4 0.444 0 0 0 1 0 2 4
-36.315 -3.958 29.153 59.735 74.007 81.329 89.673 94.524 92.331 69.182 2 2 2 1 0 0 0 0 0 0 0 0 1 0 0 0 0 0 1 0 0 0 1 8 4 0 1 2 4 1 0 0 1 0 1 131.793 128.793 128.793 131.793 0 1 0 0 0 0 1 0 0 0 0 1 0 0 0 0 0 1 0 1 0 0 1 0 4 8 4 9 5 3 0.556 1 0 0 0 0 2058 5
56.147 51.83 45.699 38.282 31.441 16.44 -4.753 -25.844 -42.076 -64.233 2 2 2 0 0 0 1 0 1 0 0 0 0 0 0 0 1 0 0 0 0 1 1 7 5 1 1 1 0 0 1 1 0 0 1 0 131.793 131.793 0 0 1 0 0 0 0 1 0 0 0 0 1 0 0 0 0 1 0 0 0 1 0 1 0 5 7 5 8 6 2 0.667 0 0 0 1 0 2119 5
-80.626 -75.982 -77.159 -88.589 -104.14 -107.315 -117.516 -136.386 -159.786 -160.489 2 2 2 0 1 0 0 0 0 0 0 0 1 0 1 0 0 0 0 0 0 1 1 6 6 1 1 0 1 0 1 0 1 1 0 124.655 0 0 124.655 0 1 0 0 0 0 1 0 0 0 0 1 0 0 0 0 1 0 0 1 0 0 0 1 6 6 6 7 7 1 0.778 0 1 0 0 0 2499 5
76.477 76.428 76.44 77.293 83.756 87.894 87.421 86.018 83.029 78.13 2 2 2 1 0 0 0 0 0 0 1 0 0 0 0 0 0 0 1 0 0 1 0 5 7 1 0 5 2 1 0 0 1 0 1 127.655 124.655 124.655 127.655 0 1 0 0 0 0 1 0 0 0 0 1 0 0 0 0 0 1 0 1 0 0 1 0 7 5 7 6 1 6 0.125 1 0 0 0 0 345 12
73.329 70.45 61.312 46.379 28.612 8.277 -8.344 -20.454 -25.462 -29.908 2 2 2 0 0 0 1 0 1 0 0 0 0 0 0 0 0 0 0 1 0 2 0 4 8 2 0 4 0 0 1 1 0 0 1 0 127.655 127.655 0 0 1 0 0 0 0 1 0 0 0 0 1 0 0 0 0 1 0 0 0 1 0 1 0 8 4 8 5 2 5 0.25 0 0 0 1 0 2 12
-35.944 -29.668 -10.263 9.5 17.661 7.421 -12.478 -28.732 -37.469 -42.58 2 2 2 0 0 0 0 1 0 0 0 0 1 0 0 0 1 0 0 0 0 2 0 3 9 2 0 3 1 0 1 0 1 0 1 0 0 0 0 0 1 0 0 0 0 1 0 0 0 0 1 0 0 0 0 1 0 0 1 0 0 1 0 9 3 9 4 3 4 0.375 0 0 0 0 1 39 8
-48.149 -47.316 -43.182 -38.142 -34.963 -38.019 -43.864 -49.722 -58.043 -62.071 2 2 2 0 1 0 0 0 0 0 0 0 0 1 0 0 0 0 0 1 0 2 0 2 10 2 0 2 2 0 1 0 1 0 1 0 0 0 0 0 1 0 0 0 0 1 0 0 0 0 1 0 0 0 0 1 0 0 1 0 0 1 0 10 2 10 3 4 3 0.5 0 1 0 0 0 421 12
-46.1 -10.763 20.193 71.043 117.428 130.111 131.271 100.029 48.253 15.663 2 2 2 0 0 0 0 1 0 0 1 0 0 0 0 0 1 0 0 0 0 2 0 1 11 2 0 1 3 0 1 0 1 0 1 0 0 0 0 0 1 0 0 0 0 1 0 0 0 0 0 0 1 0 0 1 0 0 1 0 0 1 0 11 1 11 2 5 2 0.625 0 0 0 0 1 71 12
19.346 30.66 32.322 21.979 3.844 -37.002 -77.175 -76.241 -65.626 -53.367 2 2 0 0 1 0 0 0 0 0 0 0 0 1 0 1 0 0 0 0 0 2 0 0 12 2 0 0 4 0 1 0 1 0 1 110 0 0 0 0 0 0 1 0 0 1 0 0 0 1 0 0 0 0 0 1 0 0 1 0 1 0 0 12 0 12 1 6 1 0.75 0 1 0 0 0 1411 8
