217.739573081 217.225211939 216.210596256 214.723636914 212.805450568 210.509477154 207.90033137 205.052411493 202.04829388 198.976945826 2 0 2 0 0 0 0 1 0 1 0 0 0 0 0 0 1 0 0 0 0 0 3 18 0 0 3 2 0 0 1 0 1 0 1 0 130 0 0 0 1 0 0 0 1 0 0 0 0 0 1 0 0 0 0 1 0 1 0 0 0 1 0 0 18 0 19 1 9 0.091 0 0 0 0 1 8 12
195.931793187 193.008682147 190.303776665 187.911434498 185.922105146 184.420292677 183.482625109 183.176069929 183.556332413 184.666469801 2 2 2 0 1 0 0 0 0 0 0 0 0 1 0 0 0 1 0 0 0 0 3 17 1 0 3 1 1 0 1 0 1 0 1 0 0 0 0 0 1 0 0 0 0 1 0 0 0 0 1 0 0 0 0 1 0 0 1 0 0 1 0 1 17 1 18 2 8 0.182 0 1 0 0 0 655 12
186.535750038 189.178778981 192.594914579 196.767980857 201.666288562 207.242963263 213.436575579 220.172062271 227.361921169 234.907657529 2 2 2 0 0 1 0 0 0 0 1 0 0 0 1 0 0 0 0 0 0 0 3 16 2 0 3 0 2 0 1 0 1 1 0 131.58501 0 0 131.58501 0 1 0 0 0 0 1 0 0 0 0 1 0 0 0 0 1 0 0 1 0 0 0 1 2 16 2 17 3 7 0.273 0 0 1 0 0 98 12
242.701454488 250.628035906 258.566686147 266.39338834 273.983040388 281.211706572 287.958861969 294.10958716 299.55667176 304.202587189 2 2 2 1 0 0 0 0 0 0 0 1 0 0 1 0 0 0 0 0 0 0 2 15 3 0 2 0 3 1 0 0 1 1 0 135.0975 131.58501 131.58501 135.0975 0 1 0 0 0 0 1 0 0 0 0 1 0 0 0 0 0 1 0 1 0 0 0 1 3 15 3 16 4 6 0.364 1 0 0 0 0 29 8
307.961291749 310.75983443 312.53972784 313.258065235 312.888361597 311.421104087 308.86400279 305.241938437 300.596609514 294.985886856 2 2 2 1 0 0 0 0 1 0 0 0 0 0 0 0 0 0 1 0 0 1 1 14 4 1 1 5 0 1 0 1 0 0 1 133.61 135.0975 135.0975 133.61 0 1 0 0 0 0 1 0 0 0 0 1 0 0 0 0 0 1 0 0 1 0 1 0 4 14 4 15 5 5 0.455 1 0 0 0 0 31 8
288.482889253 281.174798762 273.161439101 264.553644765 255.471452113 246.042146664 236.398203147 226.675156386 217.009441896 207.536245106 2 2 2 0 0 0 1 0 1 0 0 0 0 0 0 0 1 0 0 0 0 2 1 13 5 2 1 4 0 0 1 1 0 0 1 0 133.61 133.61 0 0 1 0 0 0 0 1 0 0 0 0 1 0 0 0 0 1 0 0 0 1 0 1 0 5 13 5 14 6 4 0.545 0 0 0 1 0 2 9
198.387397361 189.689355456 181.561299229 174.113379033 167.445141461 161.644157928 156.784876372 152.927711797 150.118386562 148.387526394 2 2 2 0 1 0 0 0 0 0 0 0 1 0 0 0 0 0 0 1 0 2 1 12 6 2 1 3 1 0 1 0 1 0 1 0 0 0 0 0 1 0 0 0 0 1 0 0 0 0 1 0 0 0 0 1 0 0 1 0 0 1 0 6 12 6 13 7 3 0.636 0 1 0 0 0 125 6
147.750513169 148.207590636 149.744214602 152.331634678 155.927690642 160.477802867 165.916133155 172.166889734 179.145748231 186.761359077 2 2 2 0 0 0 0 1 0 0 1 0 0 0 0 0 0 0 0 1 0 2 1 11 7 2 1 2 2 0 1 0 1 0 1 0 0 0 0 0 1 0 0 0 0 1 0 0 0 0 1 0 0 0 0 1 0 0 1 0 0 1 0 7 11 7 12 8 2 0.727 0 0 0 0 1 461 7
194.91691108 203.511720838 212.442818207 221.606499165 230.899819131 240.222001985 249.475742699 258.56838451 267.41295489 275.929048159 2 2 2 0 0 0 0 1 0 0 0 0 0 1 0 0 0 0 0 1 0 2 1 10 8 2 1 1 3 0 1 0 1 0 1 0 0 0 0 0 1 0 0 0 0 1 0 0 0 0 1 0 0 0 0 1 0 0 1 0 0 1 0 8 10 8 11 9 1 0.818 0 0 0 0 1 130 5
284.043546223 291.691172728 298.814879594 305.366068524 311.304653482 316.598973308 321.225566449 325.168822229 328.420525135 330.979310103 2 2 2 0 0 0 0 1 0 0 0 0 0 1 1 0 0 0 0 0 0 2 1 9 9 2 1 0 4 0 1 0 1 1 0 124.756 0 0 124.756 0 1 0 0 0 0 1 0 0 0 0 1 0 0 0 0 1 0 0 1 0 0 0 1 9 9 9 10 1 10 0.083 0 0 0 0 1 613 12
332.850047909 334.043180306 334.574024671 334.462067472 333.730265038 332.404368799 330.512290474 328.083520705 325.148612287 321.738736703 2 2 2 1 0 0 0 0 0 0 0 0 0 1 0 0 0 0 0 1 0 2 0 8 10 2 0 8 5 1 0 0 1 0 1 127.756 124.756 124.756 127.756 0 1 0 0 0 0 1 0 0 0 0 1 0 0 0 0 0 1 0 1 0 0 1 0 10 8 10 9 2 9 0.167 1 0 0 0 0 86 12
317.885319972 313.619761137 308.973233981 303.9765699 298.660217369 293.054271077 287.188561797 281.09279623 274.796734726 268.330393684 2 2 2 0 0 0 0 1 1 0 0 0 0 0 0 0 0 0 0 1 0 3 0 7 11 3 0 7 0 0 1 1 0 0 1 0 127.756 127.756 0 0 1 0 0 0 0 1 0 0 0 0 1 0 0 0 0 1 0 0 0 1 0 1 0 11 7 11 8 3 8 0.25 0 0 0 0 1 1529 8
261.724258864 255.009495585 248.218142024 241.383272421 234.539118011 227.721134871 220.966009554 214.311595338 207.796774149 201.46124152 2 2 2 0 0 0 0 1 0 0 0 0 0 1 0 0 0 0 1 0 0 3 0 6 12 3 0 6 1 0 1 0 1 0 1 0 0 0 0 0 1 0 0 0 0 1 0 0 0 0 1 0 0 0 0 1 0 0 1 0 0 1 0 12 6 12 7 4 7 0.333 0 0 0 0 1 101 8
195.345214464 189.489064605 183.932881413 178.715972756 173.876312216 169.449944643 165.470363136 161.967872103 158.968952076 156.495642688 2 2 2 0 0 0 1 0 0 0 0 0 0 1 0 0 1 0 0 0 0 3 0 5 13 3 0 5 2 0 1 0 1 0 1 0 0 0 0 0 1 0 0 0 0 1 0 0 0 0 1 0 0 0 0 1 0 0 1 0 0 1 0 13 5 13 6 5 6 0.417 0 0 0 1 0 4 10
154.564960424 153.188367658 152.371308846 152.112828792 152.405286443 153.234175955 154.578064601 156.408654733 158.690974365 161.383698126 2 2 2 0 1 0 0 0 0 0 0 0 1 0 0 0 0 0 0 1 0 3 0 4 14 3 0 4 3 0 1 0 1 0 1 0 0 0 0 0 1 0 0 0 0 1 0 0 0 0 1 0 0 0 0 1 0 0 1 0 0 1 0 14 4 14 5 6 5 0.5 0 1 0 0 0 172 1
164.439597438 167.80611578 171.426061986 175.238411683 179.179204279 183.182520482 187.18152315 191.109542469 194.901185004 198.493445172 2 2 2 0 0 0 0 1 0 0 1 0 0 0 0 0 0 1 0 0 0 3 0 3 15 3 0 3 4 0 1 0 1 0 1 0 0 0 0 0 1 0 0 0 0 1 0 0 0 0 1 0 0 0 0 1 0 0 1 0 0 1 0 15 3 15 4 7 4 0.583 0 0 0 0 1 178 1
201.826797141 204.846245058 207.502309945 209.75193246 211.559272085 212.896385094 213.743765836 214.090738465 213.93568909 213.28613146 2 2 2 0 0 1 0 0 0 0 0 0 0 1 0 0 0 0 0 1 0 3 0 2 16 3 0 2 5 0 1 0 1 0 1 0 0 0 0 0 1 0 0 0 0 1 0 0 0 0 1 0 0 0 0 1 0 0 1 0 0 1 0 16 2 16 3 8 3 0.667 0 0 1 0 0 40 1
212.158602619 210.578388374 208.579081918 206.201982371 203.495343333 200.513484726 197.315784071 193.965565962 190.528910722 187.073405015 2 2 2 0 0 0 0 1 0 0 0 1 0 0 0 0 0 0 0 1 0 3 0 1 17 3 0 1 6 0 1 0 1 0 1 0 0 0 0 0 1 0 0 0 0 1 0 0 0 0 0 0 1 0 0 1 0 0 1 0 0 1 0 17 1 17 2 9 2 0.75 0 0 0 0 1 424 5
183.666858547 180.376011817 177.265260231 174.395419699 171.822558117 169.596915925 167.761937239 166.353430873 165.398878049 164.916900642 2 2 0 0 0 0 0 1 0 0 0 0 0 1 0 1 0 0 0 0 0 3 0 0 18 3 0 0 7 0 1 0 1 0 1 110 0 0 0 0 0 0 1 0 0 1 0 0 0 1 0 0 0 0 0 1 0 0 1 0 1 0 0 18 0 18 1 10 1 0.833 0 0 0 0 1 39 5
