266.357915698 266.46493346 266.675094048 266.980754135 267.370712364 267.830518132 268.342870881 268.888099648 269.444710528 269.989987962 2 0 2 0 0 1 0 0 0 1 0 0 0 0 0 0 1 0 0 0 0 0 3 17 0 0 3 4 0 0 1 0 1 0 1 0 130 0 0 0 1 0 0 0 1 0 0 0 0 0 1 0 0 0 0 1 0 1 0 0 0 1 0 0 17 0 18 1 9 0.091 0 0 1 0 0 120 5
270.500634308 270.953431123 271.325904965 271.596980306 271.747602392 271.761313549 271.624767503 271.328167763 270.86561793 270.235373915 2 2 2 0 1 0 0 0 0 0 0 1 0 0 0 0 0 0 0 1 0 0 3 16 1 0 3 3 1 0 1 0 1 0 1 0 0 0 0 0 1 0 0 0 0 1 0 0 0 0 1 0 0 0 0 1 0 0 1 0 0 1 0 1 16 1 17 2 8 0.182 0 1 0 0 0 127 5
269.439990487 268.486357118 267.385620862 266.152996815 264.807469516 263.371391402 261.869987074 260.330774548 258.782916844 257.256519149 2 2 2 0 0 0 0 1 0 0 1 0 0 0 0 0 0 0 0 1 0 0 3 15 2 0 3 2 2 0 1 0 1 0 1 0 0 0 0 0 1 0 0 0 0 1 0 0 0 0 1 0 0 0 0 1 0 0 1 0 0 1 0 2 15 2 16 3 7 0.273 0 0 0 0 1 1258 5
255.781888298 254.388772425 253.105599351 251.958732518 250.971763084 250.164856136 249.554167906 249.151349348 248.96314958 248.991130447 2 2 2 0 0 0 0 1 0 0 0 0 0 1 0 0 1 0 0 0 0 0 3 14 3 0 3 1 3 0 1 0 1 0 1 0 0 0 0 0 1 0 0 0 0 1 0 0 0 0 1 0 0 0 0 1 0 0 1 0 0 1 0 3 14 3 15 4 6 0.364 0 0 0 0 1 49 12
249.231500957 249.675077591 250.307373582 251.108817243 252.055096351 253.117622642 254.264107503 255.459237306 256.665434295 257.843686812 2 2 2 0 1 0 0 0 0 0 0 0 0 1 1 0 0 0 0 0 0 0 3 13 4 0 3 0 4 0 1 0 1 1 0 129.35899 0 0 129.35899 0 1 0 0 0 0 1 0 0 0 0 1 0 0 0 0 1 0 0 1 0 0 0 1 4 13 4 14 5 5 0.455 0 1 0 0 0 91 25
258.954430799 259.958463122 260.817866282 261.49692353 261.963003416 262.18739317 262.146061276 261.820330933 261.197447893 260.271028344 2 2 2 1 0 0 0 0 0 0 1 0 0 0 0 0 1 0 0 0 0 0 2 12 5 0 2 3 5 1 0 0 1 0 1 132.35899 129.35899 129.35899 132.35899 0 1 0 0 0 0 1 0 0 0 0 1 0 0 0 0 0 1 0 1 0 0 1 0 5 12 5 13 6 4 0.545 1 0 0 0 0 618 5
259.041375029 257.515652567 255.707916019 253.638989868 251.336197899 248.832947715 246.168176865 243.385670652 240.533264553 237.661946843 2 2 2 0 1 0 0 0 1 0 0 0 0 0 0 0 0 0 0 1 0 1 2 11 6 1 2 2 0 0 1 1 0 0 1 0 132.35899 132.35899 0 0 1 0 0 0 0 1 0 0 0 0 1 0 0 0 0 1 0 0 0 1 0 1 0 6 11 6 12 7 3 0.636 0 1 0 0 0 238 5
234.824879268 232.076355571 229.470719144 227.06126212 224.899128819 223.032246477 221.504305805 220.353813003 219.613233466 219.30824562 2 2 2 0 0 0 0 1 0 0 1 0 0 0 0 0 0 1 0 0 0 1 2 10 7 1 2 1 1 0 1 0 1 0 1 0 0 0 0 0 1 0 0 0 0 1 0 0 0 0 1 0 0 0 0 1 0 0 1 0 0 1 0 7 10 7 11 8 2 0.727 0 0 0 0 1 1971 5
219.457121092 220.070244877 221.149786305 222.689528479 224.674860669 227.082934725 229.882983241 233.036793851 236.499330833 240.219492193 2 2 2 0 0 1 0 0 0 0 0 0 0 1 1 0 0 0 0 0 0 1 2 9 8 1 2 0 2 0 1 0 1 1 0 125.256 0 0 125.256 0 1 0 0 0 0 1 0 0 0 0 1 0 0 0 0 1 0 0 1 0 0 0 1 8 9 8 10 9 1 0.818 0 0 1 0 0 2351 5
244.140987608 248.203320167 252.342852741 256.493938136 260.590090892 264.565177847 268.35460421 271.896472108 275.132689144 278.010005651 2 2 2 1 0 0 0 0 0 0 0 1 0 0 0 0 0 0 0 1 0 1 1 8 9 1 1 7 3 1 0 0 1 0 1 128.256 125.256 125.256 128.256 0 1 0 0 0 0 1 0 0 0 0 1 0 0 0 0 0 1 0 1 0 0 1 0 9 8 9 9 1 9 0.091 1 0 0 0 0 1200 8
280.480960804 282.504719696 284.047785731 285.084575273 285.597844274 285.578959623 285.02801107 283.953762712 282.373446227 280.312401075 2 2 2 0 0 0 0 1 1 0 0 0 0 0 0 0 0 0 0 1 0 2 1 7 10 2 1 6 0 0 1 1 0 0 1 0 128.256 128.256 0 0 1 0 0 0 0 1 0 0 0 0 1 0 0 0 0 1 0 0 0 1 0 1 0 10 7 10 8 2 8 0.182 0 0 0 0 1 5 8
277.80356984 274.886859607 271.608382747 268.019592666 264.17633189 260.13781135 255.96554075 251.722230592 247.470686643 243.272717424 2 2 2 0 0 0 0 1 0 0 0 0 0 1 0 0 0 1 0 0 0 2 1 6 11 2 1 5 1 0 1 0 1 0 1 0 0 0 0 0 1 0 0 0 0 1 0 0 0 0 1 0 0 0 0 1 0 0 1 0 0 1 0 11 6 11 7 3 7 0.273 0 0 0 0 1 1376 5
239.188074768 235.273446442 231.58151857 228.160123887 225.051489952 222.291599262 219.909670859 217.927770527 216.360554126 215.215145982 2 2 2 0 0 1 0 0 0 0 0 0 0 1 0 0 0 0 0 1 0 2 1 5 12 2 1 4 2 0 1 0 1 0 1 0 0 0 0 0 1 0 0 0 0 1 0 0 0 0 1 0 0 0 0 1 0 0 1 0 0 1 0 12 5 12 6 4 6 0.364 0 0 1 0 0 192 5
214.491151724 214.180802442 214.269224699 214.73482873 215.549805198 216.680719124 218.089188152 219.732631158 221.565072314 223.537985177 2 2 2 0 0 0 0 1 0 0 0 1 0 0 0 0 0 0 1 0 0 2 1 4 13 2 1 3 3 0 1 0 1 0 1 0 0 0 0 0 1 0 0 0 0 1 0 0 0 0 1 0 0 0 0 1 0 0 1 0 0 1 0 13 4 13 5 5 5 0.455 0 0 0 0 1 71 15
225.601161142 227.70358665 229.79431388 231.823310316 233.742273427 235.505397805 237.0700834 238.397574919 239.453524033 240.208467664 2 2 2 0 0 0 1 0 0 0 0 0 0 1 0 0 0 0 0 1 0 2 1 3 14 2 1 2 4 0 1 0 1 0 1 0 0 0 0 0 1 0 0 0 0 1 0 0 0 0 1 0 0 0 0 1 0 0 1 0 0 1 0 14 3 14 4 6 4 0.545 0 0 0 1 0 2 4
240.638217321 240.724156161 240.453442106 239.819116978 238.820123149 237.461230612 235.75287869 233.710937721 231.356397071 228.714986602 2 2 2 0 0 0 0 1 0 0 0 0 1 0 0 0 0 0 1 0 0 2 1 2 15 2 1 1 5 0 1 0 1 0 1 0 0 0 0 0 1 0 0 0 0 1 0 0 0 0 1 0 0 0 0 1 0 0 1 0 0 1 0 15 2 15 3 7 3 0.636 0 0 0 0 1 11 5
225.816739413 222.6955041 219.38841513 215.935330031 212.378242149 208.760677549 205.127084414 201.522222957 197.990563394 194.575699076 2 2 2 0 0 0 1 0 0 0 0 0 0 1 1 0 0 0 0 0 0 2 1 1 16 2 1 0 6 0 1 0 1 1 0 117.051 0 0 117.051 0 1 0 0 0 0 1 0 0 0 0 0 0 1 0 0 1 0 0 1 0 0 0 1 16 1 16 2 8 2 0.727 0 0 0 1 0 15 5
191.319781302 188.262981773 185.44298807 182.894536933 180.648989528 178.733952357 177.172946886 175.985130471 175.185070682 174.782574653 2 2 0 1 0 0 0 0 0 0 0 0 1 0 0 1 0 0 0 0 0 2 0 0 17 2 0 0 7 1 0 0 1 0 1 120.051 117.051 117.051 0 0 0 0 1 0 0 1 0 0 0 1 0 0 0 0 0 0 1 0 1 0 1 0 0 17 0 17 1 9 1 0.818 1 0 0 0 0 798 8
