-23.028 -22.723 -12.794 -3.989 5.838 3.028 -4.86 -8.364 -6.588 -14.254 2 0 2 0 0 1 0 0 0 1 0 0 0 0 1 0 0 0 0 0 0 0 2 6 0 0 2 0 0 0 1 0 1 1 0 0 1 0 0 0 1 0 0 0 0 0 1 0 0 0 0 1 0 1 0 0 0 0 1 0 6 0 7 1 7 0.111 0 0 1 0 0 479 1 0 7 0 0 13 11 0.0 0.0 2.0 0.0 0.0 7.0 0.0 0.0 0.0 0.0 0.0 0.0 0.0 0.0 0.0 0.0 0.0 0.0 0.0 0.0 0.0 0.0 0.0 0.0 0.0 1.0 0.0 0.0 0.0 0.0 0.0 0.0 0.0 0.0 0.0 0.0 0.0 0.0 0.0 0.0 0.0 0.0 0.0 0.0 0.0 0.0 0.0 0.0 0.0 0.0 0.0 0.0 0.0 0.0 0.0 0.0 0.0 0.0 0.0 0.0 0.0 0.0 0.0 0.0 0.0 0.0
-20.93 -30.089 -42.882 -46.59 -47.206 -43.277 -43.277 -49.68 -40.193 -27.725 2 2 2 1 0 0 0 0 0 0 0 1 0 0 0 0 0 1 0 0 0 0 1 5 1 0 1 4 1 1 0 0 1 0 1 0 1 0 0 0 0 1 0 0 0 0 1 0 0 0 0 0 1 0 1 0 0 1 0 1 5 1 6 2 6 0.222 1 0 0 0 0 184 1 0 7 0 1 12 13 0.0 0.0 2.0 1.0 0.142857142857 7.0 0.0 0.0 0.0 0.0 0.0 0.0 0.0 0.0 0.0 0.0 0.0 0.0 0.0 0.0 0.0 0.0 0.0 0.0 0.0 1.0 0.0 0.0 0.0 0.0 0.0 0.0 0.0 0.0 0.0 0.0 0.0 0.0 0.0 0.0 0.0 0.0 0.0 0.0 0.0 0.0 0.0 0.0 0.0 0.0 0.0 0.0 0.0 0.0 0.0 0.0 0.0 0.0 0.0 0.0 0.0 0.0 0.0 0.0 0.0 0.0
-22.198 -16.713 -3.638 5.586 1.336 15.785 27.068 23.205 10.757 4.782 2 2 2 0 0 1 0 0 1 0 0 0 0 0 0 0 0 1 0 0 0 1 1 4 2 1 1 3 0 0 1 1 0 0 1 0 1 0 0 0 0 1 0 0 0 0 1 0 0 0 0 1 0 0 0 1 0 1 0 2 4 2 5 3 5 0.333 0 0 1 0 0 2042 1 0 7 0 2 10 32 0.0 0.0 2.0 2.0 0.285714285714 7.0 0.0 0.0 0.0 0.0 0.0 0.0 0.0 0.0 0.0 0.0 0.0 0.0 0.0 0.0 0.0 0.0 0.0 0.0 0.0 1.0 0.0 0.0 0.0 0.0 0.0 0.0 0.0 0.0 0.0 0.0 0.0 0.0 0.0 0.0 0.0 0.0 0.0 0.0 0.0 0.0 0.0 0.0 0.0 0.0 0.0 0.0 0.0 0.0 0.0 0.0 0.0 0.0 0.0 0.0 0.0 0.0 0.0 0.0 0.0 0.0
25.63 29.975 30.459 29.344 8.186 2.394 -4.031 -12.68 -2.755 9.144 2 2 2 0 0 1 0 0 0 0 0 1 0 0 0 0 1 0 0 0 0 1 1 3 3 1 1 2 1 0 1 0 1 0 1 0 1 0 0 0 0 1 0 0 0 0 1 0 0 0 0 1 0 0 1 0 0 1 0 3 3 3 4 4 4 0.444 0 0 1 0 0 1844 7 1 1 1 0 23 3 0.0 0.0 2.0 3.0 0.428571428571 7.0 0.0 1.0 0.0 0.0 0.0 0.0 0.0 0.0 0.0 0.0 0.0 0.0 0.0 0.0 0.0 0.0 0.0 0.0 1.0 0.0 0.0 0.0 0.0 0.0 0.0 0.0 0.0 0.0 0.0 0.0 0.0 0.0 0.0 0.0 1.0 0.0 0.0 0.0 0.0 0.0 0.0 0.0 0.0 0.0 0.0 0.0 0.0 0.0 0.0 0.0 0.0 0.0 0.0 0.0 0.0 0.0 0.0 0.0 0.0 0.0
8.42 4.264 2.221 11.737 22.358 40.064 47.856 37.028 21.572 21.216 2 2 2 0 1 0 0 0 0 0 0 1 0 0 0 0 0 1 0 0 0 1 1 2 4 1 1 1 2 0 1 0 1 0 1 0 1 0 0 0 0 1 0 0 0 0 1 0 0 0 0 1 0 0 1 0 0 1 0 4 2 4 3 5 3 0.556 0 1 0 0 0 500 7 1 1 1 1 5 20 0.0 0.0 2.0 4.0 0.571428571429 7.0 0.0 1.0 0.0 0.0 0.0 0.0 0.0 0.0 0.0 0.0 0.0 0.0 0.0 0.0 0.0 0.0 0.0 0.0 1.0 0.0 0.0 0.0 0.0 0.0 0.0 0.0 0.0 0.0 0.0 0.0 0.0 0.0 0.0 0.0 1.0 0.0 0.0 0.0 0.0 0.0 0.0 0.0 0.0 0.0 0.0 0.0 0.0 0.0 0.0 0.0 0.0 0.0 0.0 0.0 0.0 0.0 0.0 0.0 0.0 0.0
15.437 5.355 5.636 11.886 -0.18 -7.399 -11.189 -10.854 -9.985 -11.85 2 2 2 0 0 1 0 0 0 0 1 0 0 0 1 0 0 0 0 0 0 1 1 1 5 1 1 0 3 0 1 0 1 1 0 0 1 0 0 0 0 1 0 0 0 0 0 0 1 0 0 1 0 0 1 0 0 0 1 5 1 5 2 6 2 0.667 0 0 1 0 0 993 1 7 7 2 0 23 1 0.0 0.0 2.0 5.0 0.714285714286 7.0 0.0 0.0 0.0 0.0 0.0 0.0 0.0 0.0 0.0 0.0 0.0 0.0 0.0 0.0 0.0 0.0 0.0 0.0 0.0 1.0 0.0 0.0 0.0 0.0 0.0 0.0 0.0 0.0 0.0 0.0 0.0 0.0 0.0 0.0 0.0 0.0 0.0 0.0 0.0 0.0 0.0 0.0 0.0 0.0 0.0 0.0 0.0 0.0 0.0 0.0 0.0 0.0 0.0 0.0 0.0 0.0 0.0 0.0 0.0 0.0
-16.048 -12.095 7.97 6.147 11.915 19.757 32.601 33.716 24.874 32.484 2 2 2 1 0 0 0 0 0 0 0 1 0 0 0 0 0 0 0 1 0 1 0 0 6 1 0 2 4 1 0 0 1 0 1 0 0 0 1 0 0 1 0 0 0 0 1 0 0 0 0 0 1 0 1 0 0 1 0 6 0 6 1 7 1 0.778 1 0 0 0 0 116 1 7 7 2 1 4 30 0.0 0.0 2.0 6.0 0.857142857143 7.0 0.0 0.0 0.0 0.0 0.0 0.0 0.0 0.0 0.0 0.0 0.0 0.0 0.0 0.0 0.0 0.0 0.0 0.0 0.0 1.0 0.0 0.0 0.0 0.0 0.0 0.0 0.0 0.0 0.0 0.0 0.0 0.0 0.0 0.0 0.0 0.0 0.0 0.0 0.0 0.0 0.0 0.0 0.0 0.0 0.0 0.0 0.0 0.0 0.0 0.0 0.0 0.0 0.0 0.0 0.0 0.0 0.0 0.0 0.0 0.0
0.151 -0.468 1.24 6.413 8.837 14.182 10.251 10.433 3.593 -8.966 2 2 2 0 0 0 0 1 1 0 0 0 0 0 0 0 0 0 0 1 0 0 3 13 0 0 3 1 0 0 1 1 0 0 1 0 1 0 0 0 0 0 0 1 0 0 1 0 0 0 0 1 0 0 0 1 0 1 0 0 13 0 14 1 14 0.063 0 0 0 0 1 551 7 1 1 3 0 18 2 1.0 0.5 2.0 0.0 0.0 14.0 0.0 0.0 0.0 0.0 0.0 0.0 0.0 0.0 0.0 0.0 0.0 0.0 0.0 0.0 0.0 0.0 1.0 0.0 1.0 0.0 0.0 0.0 0.0 0.0 0.0 0.0 0.0 0.0 0.0 0.0 0.0 0.0 0.0 0.0 0.0 1.0 0.0 0.0 0.0 0.0 0.0 0.0 0.0 0.0 0.0 0.0 0.0 0.0 0.0 0.0 0.0 0.0 0.0 0.0 0.0 0.0 0.0 0.0 0.0 0.0
-1.651 -5.525 0.294 3.66 9.792 21.815 32.025 31.247 34.111 19.372 2 2 2 0 0 0 0 1 0 0 0 0 0 1 1 0 0 0 0 0 0 0 3 12 1 0 3 0 1 0 1 0 1 1 0 0 1 0 0 0 0 1 0 0 0 0 1 0 0 0 0 1 0 0 1 0 0 0 1 1 12 1 13 2 13 0.125 0 0 0 0 1 642 7 1 1 3 1 2 15 1.0 0.5 2.0 1.0 0.0714285714286 14.0 0.0 0.0 0.0 0.0 0.0 0.0 0.0 0.0 0.0 0.0 0.0 0.0 0.0 0.0 0.0 0.0 1.0 0.0 1.0 0.0 0.0 0.0 0.0 0.0 0.0 0.0 0.0 0.0 0.0 0.0 0.0 0.0 0.0 0.0 0.0 1.0 0.0 0.0 0.0 0.0 0.0 0.0 0.0 0.0 0.0 0.0 0.0 0.0 0.0 0.0 0.0 0.0 0.0 0.0 0.0 0.0 0.0 0.0 0.0 0.0
7.043 -2.316 2.599 9.201 16.282 20.818 18.697 15.554 16.244 12.945 2 2 2 1 0 0 0 0 0 0 0 0 0 1 1 0 0 0 0 0 0 0 2 11 2 0 2 0 2 1 0 0 1 1 0 0 1 0 0 0 0 1 0 0 0 0 1 0 0 0 0 0 1 0 1 0 0 0 1 2 11 2 12 3 12 0.188 1 0 0 0 0 36 1 7 10 4 0 5 14 1.0 0.5 2.0 2.0 0.142857142857 14.0 0.0 0.0 0.0 0.0 0.0 0.0 0.0 0.0 0.0 0.0 0.0 1.0 0.0 0.0 0.0 0.0 0.0 0.0 0.0 0.0 0.0 0.0 0.0 0.0 0.0 0.0 0.0 0.0 0.0 0.0 0.0 0.0 0.0 0.0 0.0 0.0 0.0 0.0 0.0 0.0 0.0 0.0 0.0 0.0 0.0 0.0 0.0 0.0 0.0 0.0 0.0 0.0 0.0 0.0 0.0 0.0 0.0 0.0 0.0 0.0
19.334 16.339 7.913 4.633 5.58 14.311 16.155 15.361 26.821 28.079 2 2 2 1 0 0 0 0 1 0 0 0 0 0 0 0 0 1 0 0 0 1 1 10 3 1 1 9 0 1 0 1 0 0 1 0 1 0 0 0 0 1 0 0 0 0 1 0 0 0 0 0 1 0 0 1 0 1 0 3 10 3 11 4 11 0.25 1 0 0 0 0 12 1 7 10 4 1 16 35 1.0 0.5 2.0 3.0 0.214285714286 14.0 0.0 0.0 0.0 0.0 0.0 0.0 0.0 0.0 0.0 0.0 0.0 1.0 0.0 0.0 0.0 0.0 0.0 0.0 0.0 0.0 0.0 0.0 0.0 0.0 0.0 0.0 0.0 0.0 0.0 0.0 0.0 0.0 0.0 0.0 0.0 0.0 0.0 0.0 0.0 0.0 0.0 0.0 0.0 0.0 0.0 0.0 0.0 0.0 0.0 0.0 0.0 0.0 0.0 0.0 0.0 0.0 0.0 0.0 0.0 0.0
41.896 32.149 23.321 17.295 9.807 5.489 0.234 -5.128 13.636 57.568 2 2 2 0 0 1 0 0 1 0 0 0 0 0 0 0 1 0 0 0 0 2 1 9 4 2 1 8 0 0 1 1 0 0 1 0 1 0 0 0 0 1 0 0 0 0 1 0 0 0 0 1 0 0 0 1 0 1 0 4 9 4 10 5 10 0.313 0 0 1 0 0 128 10 1 4 5 0 12 26 1.0 0.5 2.0 4.0 0.285714285714 14.0 0.0 0.0 0.0 0.0 0.0 0.0 0.0 0.0 0.0 0.0 0.0 0.0 0.0 0.0 0.0 0.0 0.0 0.0 0.0 0.0 0.0 0.0 0.0 0.0 0.0 0.0 0.0 0.0 0.0 0.0 1.0 0.0 0.0 0.0 0.0 0.0 0.0 0.0 0.0 0.0 0.0 0.0 0.0 0.0 0.0 0.0 0.0 0.0 0.0 0.0 0.0 0.0 0.0 0.0 0.0 0.0 0.0 0.0 0.0 0.0
59.487 56.988 63.136 78.92 81.094 62.953 35.264 20.857 2.839 1.006 2 2 2 0 1 0 0 0 0 0 0 1 0 0 0 0 0 0 1 0 0 2 1 8 5 2 1 7 1 0 1 0 1 0 1 0 1 0 0 0 0 1 0 0 0 0 1 0 0 0 0 1 0 0 1 0 0 1 0 5 8 5 9 6 9 0.375 0 1 0 0 0 9 10 1 4 5 1 23 7 1.0 0.5 2.0 5.0 0.357142857143 14.0 0.0 0.0 0.0 0.0 0.0 0.0 0.0 0.0 0.0 0.0 0.0 0.0 0.0 0.0 0.0 0.0 0.0 0.0 0.0 0.0 0.0 0.0 0.0 0.0 0.0 0.0 0.0 0.0 0.0 0.0 1.0 0.0 0.0 0.0 0.0 0.0 0.0 0.0 0.0 0.0 0.0 0.0 0.0 0.0 0.0 0.0 0.0 0.0 0.0 0.0 0.0 0.0 0.0 0.0 0.0 0.0 0.0 0.0 0.0 0.0
5.554 -3.011 -6.47 -8.109 -4.964 -2.932 -0.577 6.67 13.867 16.418 2 2 2 0 0 0 1 0 0 0 1 0 0 0 0 0 0 0 0 1 0 2 1 7 6 2 1 6 2 0 1 0 1 0 1 0 1 0 0 0 0 1 0 0 0 0 1 0 0 0 0 1 0 0 1 0 0 1 0 6 7 6 8 7 8 0.438 0 0 0 1 0 2 4 10 1 6 0 2 8 1.0 0.5 2.0 6.0 0.428571428571 14.0 0.0 0.0 0.0 0.0 0.0 0.0 0.0 0.0 0.0 0.0 0.0 0.0 0.0 0.0 0.0 0.0 0.0 0.0 0.0 0.0 0.0 0.0 0.0 0.0 0.0 0.0 0.0 0.0 0.0 0.0 0.0 1.0 0.0 0.0 0.0 0.0 0.0 0.0 0.0 0.0 0.0 0.0 0.0 0.0 0.0 0.0 0.0 0.0 0.0 0.0 0.0 0.0 0.0 0.0 0.0 0.0 0.0 0.0 0.0 0.0
5.356 19.633 25.304 28.046 29.152 27.724 21.008 11.588 -1.818 -6.631 2 2 2 0 0 0 0 1 0 0 0 0 1 0 0 0 1 0 0 0 0 2 1 6 7 2 1 5 3 0 1 0 1 0 1 0 1 0 0 0 0 1 0 0 0 0 1 0 0 0 0 1 0 0 1 0 0 1 0 7 6 7 7 8 7 0.5 0 0 0 0 1 2432 1 4 2 7 0 2 3 1.0 0.5 2.0 7.0 0.5 14.0 0.0 0.0 0.0 1.0 0.0 0.0 0.0 0.0 0.0 0.0 0.0 0.0 0.0 0.0 0.0 0.0 0.0 0.0 0.0 0.0 0.0 0.0 0.0 0.0 0.0 0.0 0.0 0.0 0.0 0.0 0.0 0.0 0.0 0.0 0.0 0.0 0.0 0.0 0.0 0.0 0.0 0.0 0.0 0.0 0.0 0.0 0.0 0.0 0.0 0.0 0.0 0.0 0.0 0.0 0.0 0.0 0.0 0.0 0.0 0.0
-1.588 -2.01 -10.045 -11.516 -1.617 -2.517 -1.592 11.557 17.643 21.275 2 2 2 0 1 0 0 0 0 0 0 0 0 1 0 0 0 1 0 0 0 2 1 5 8 2 1 4 4 0 1 0 1 0 1 0 1 0 0 0 0 1 0 0 0 0 1 0 0 0 0 1 0 0 1 0 0 1 0 8 5 8 6 9 6 0.563 0 1 0 0 0 885 1 4 2 7 1 4 24 1.0 0.5 2.0 8.0 0.571428571429 14.0 0.0 0.0 0.0 1.0 0.0 0.0 0.0 0.0 0.0 0.0 0.0 0.0 0.0 0.0 0.0 0.0 0.0 0.0 0.0 0.0 0.0 0.0 0.0 0.0 0.0 0.0 0.0 0.0 0.0 0.0 0.0 0.0 0.0 0.0 0.0 0.0 0.0 0.0 0.0 0.0 0.0 0.0 0.0 0.0 0.0 0.0 0.0 0.0 0.0 0.0 0.0 0.0 0.0 0.0 0.0 0.0 0.0 0.0 0.0 0.0
11.52 10.432 6.407 2.315 -2.634 -1.882 13.461 12.459 8.336 -0.649 2 2 2 0 0 1 0 0 0 0 1 0 0 0 0 0 0 0 0 1 0 2 1 4 9 2 1 3 5 0 1 0 1 0 1 0 1 0 0 0 0 1 0 0 0 0 1 0 0 0 0 1 0 0 1 0 0 1 0 9 4 9 5 10 5 0.625 0 0 1 0 0 7 2 1 5 8 0 10 8 1.0 0.5 2.0 9.0 0.642857142857 14.0 0.0 0.0 0.0 0.0 0.0 1.0 0.0 0.0 0.0 0.0 0.0 0.0 0.0 0.0 0.0 0.0 0.0 0.0 0.0 0.0 0.0 0.0 0.0 0.0 0.0 0.0 0.0 0.0 0.0 0.0 0.0 0.0 0.0 0.0 0.0 0.0 0.0 0.0 0.0 0.0 0.0 0.0 0.0 0.0 0.0 0.0 0.0 0.0 0.0 0.0 0.0 0.0 0.0 0.0 0.0 0.0 0.0 0.0 0.0 0.0
6.171 -14.238 -37.091 -55.878 -58.125 -58.596 -58.423 -46.266 -29.451 -9.777 2 2 2 0 0 0 0 1 0 0 0 1 0 0 0 0 0 1 0 0 0 2 1 3 10 2 1 2 6 0 1 0 1 0 1 0 1 0 0 0 0 1 0 0 0 0 1 0 0 0 0 1 0 0 1 0 0 1 0 10 3 10 4 11 4 0.688 0 0 0 0 1 3 5 2 6 9 0 23 13 1.0 0.5 2.0 10.0 0.714285714286 14.0 0.0 0.0 0.0 0.0 0.0 0.0 0.0 0.0 1.0 0.0 0.0 0.0 0.0 1.0 0.0 0.0 0.0 0.0 0.0 0.0 0.0 0.0 0.0 0.0 0.0 0.0 0.0 0.0 0.0 0.0 0.0 0.0 0.0 0.0 0.0 0.0 0.0 0.0 0.0 0.0 0.0 0.0 0.0 0.0 0.0 0.0 0.0 0.0 0.0 0.0 0.0 0.0 0.0 0.0 0.0 0.0 0.0 0.0 0.0 0.0
-4.549 1.991 7.483 13.865 18.074 24.077 29.072 21.44 20.79 21.784 2 2 2 0 0 1 0 0 0 0 0 0 0 1 0 0 0 1 0 0 0 2 1 2 11 2 1 1 7 0 1 0 1 0 1 0 1 0 0 0 0 1 0 0 0 0 1 0 0 0 0 1 0 0 1 0 0 1 0 11 2 11 3 12 3 0.75 0 0 1 0 0 83 6 5 1 10 0 3 7 1.0 0.5 2.0 11.0 0.785714285714 14.0 0.0 0.0 0.0 0.0 0.0 0.0 0.0 0.0 0.0 1.0 0.0 0.0 0.0 0.0 0.0 0.0 0.0 0.0 0.0 0.0 0.0 0.0 0.0 0.0 0.0 0.0 0.0 0.0 0.0 0.0 0.0 0.0 0.0 0.0 0.0 0.0 0.0 0.0 0.0 0.0 0.0 0.0 0.0 0.0 0.0 0.0 0.0 0.0 0.0 0.0 0.0 0.0 0.0 0.0 0.0 0.0 0.0 0.0 0.0 0.0
15.594 12.082 9.802 12.991 18.375 1.663 1.638 12.178 9.893 3.36 2 2 2 0 0 1 0 0 0 0 0 1 0 0 1 0 0 0 0 0 0 2 1 1 12 2 1 0 8 0 1 0 1 1 0 0 1 0 0 0 0 1 0 0 0 0 0 0 0 1 0 1 0 0 1 0 0 0 1 12 1 12 2 13 2 0.813 0 0 1 0 0 858 1 6 0 11 0 9 9 1.0 0.5 2.0 12.0 0.857142857143 14.0 1.0 0.0 1.0 0.0 1.0 0.0 0.0 0.0 0.0 0.0 1.0 0.0 1.0 0.0 0.0 0.0 0.0 1.0 0.0 0.0 0.0 0.0 0.0 0.0 0.0 0.0 0.0 0.0 0.0 0.0 0.0 0.0 0.0 0.0 0.0 0.0 0.0 0.0 0.0 0.0 0.0 0.0 0.0 0.0 0.0 0.0 0.0 0.0 0.0 0.0 0.0 0.0 0.0 0.0 0.0 0.0 0.0 0.0 0.0 0.0
16.493 10.951 10.269 8.596 8.548 15.184 11.326 10.852 -13.543 -92.888 2 2 0 1 0 0 0 0 0 0 0 1 0 0 0 1 0 0 0 0 0 2 0 0 13 2 0 0 9 1 0 0 1 0 1 0 0 0 0 1 0 1 0 0 0 1 0 0 0 0 0 0 1 0 1 0 1 0 0 13 0 13 1 14 1 0.875 1 0 0 0 0 1112 1 6 0 11 1 16 24 1.0 0.5 2.0 13.0 0.928571428571 14.0 1.0 0.0 1.0 0.0 1.0 0.0 0.0 0.0 0.0 0.0 1.0 0.0 1.0 0.0 0.0 0.0 0.0 1.0 0.0 0.0 0.0 0.0 0.0 0.0 0.0 0.0 0.0 0.0 0.0 0.0 0.0 0.0 0.0 0.0 0.0 0.0 0.0 0.0 0.0 0.0 0.0 0.0 0.0 0.0 0.0 0.0 0.0 0.0 0.0 0.0 0.0 0.0 0.0 0.0 0.0 0.0 0.0 0.0 0.0 0.0
