33.457 30.596 24.997 16.422 -0.651 -15.568 -26.601 -34.808 -33.614 -28.112 2 0 2 0 0 1 0 0 0 1 0 0 0 0 0 0 0 0 0 1 0 0 1 12 0 0 1 11 0 0 1 0 1 0 1 0 130 0 0 0 1 0 0 0 1 0 0 0 0 0 1 0 0 0 0 1 0 1 0 0 0 1 0 0 12 0 13 1 7 0.111 0 0 1 0 0 1305 17
-21.118 -11.529 -7.384 3.417 20.393 25.826 23.582 12.121 -1.236 -7.086 2 2 2 0 0 0 0 1 0 0 0 1 0 0 0 0 1 0 0 0 0 0 1 11 1 0 1 10 1 0 1 0 1 0 1 0 0 0 0 0 1 0 0 0 0 1 0 0 0 0 1 0 0 0 0 1 0 0 1 0 0 1 0 1 11 1 12 2 6 0.222 0 0 0 0 1 3 12
-2.753 2.452 8.646 15.3 20.68 5.652 -9.095 -16.607 -14.936 -14.934 2 2 2 0 1 0 0 0 0 0 0 0 0 1 0 0 0 1 0 0 0 0 1 10 2 0 1 9 2 0 1 0 1 0 1 0 0 0 0 0 1 0 0 0 0 1 0 0 0 0 1 0 0 0 0 1 0 0 1 0 0 1 0 2 10 2 11 3 5 0.333 0 1 0 0 0 84 12
-18.32 -16.671 -0.599 1.766 -3.629 -7.835 -6.519 0.935 15.138 29.494 2 2 2 0 0 1 0 0 0 0 1 0 0 0 0 0 0 0 0 1 0 0 1 9 3 0 1 8 3 0 1 0 1 0 1 0 0 0 0 0 1 0 0 0 0 1 0 0 0 0 1 0 0 0 0 1 0 0 1 0 0 1 0 3 9 3 10 4 4 0.444 0 0 1 0 0 2114 8
30.771 44.962 44.354 19.438 -7.525 -26.401 -36.288 -38.753 -36.599 -33.423 2 2 2 0 0 0 0 1 0 0 0 1 0 0 0 0 0 1 0 0 0 0 1 8 4 0 1 7 4 0 1 0 1 0 1 0 0 0 0 0 1 0 0 0 0 1 0 0 0 0 1 0 0 0 0 1 0 0 1 0 0 1 0 4 8 4 9 5 3 0.556 0 0 0 0 1 221 8
-29.04 -22.139 -14.697 -13.12 -21.604 -20.48 1.257 48.531 93.253 105.968 2 2 2 0 0 1 0 0 0 0 0 0 0 1 0 0 1 0 0 0 0 0 1 7 5 0 1 6 5 0 1 0 1 0 1 0 0 0 0 0 1 0 0 0 0 1 0 0 0 0 1 0 0 0 0 1 0 0 1 0 0 1 0 5 7 5 8 6 2 0.667 0 0 1 0 0 294 3
96.703 68.717 37.212 5.093 -28.246 -63.511 -101.445 -127.561 -132.805 -122.746 2 2 2 0 1 0 0 0 0 0 0 1 0 0 0 0 0 0 0 1 0 0 1 6 6 0 1 5 6 0 1 0 1 0 1 0 0 0 0 0 1 0 0 0 0 1 0 0 0 0 1 0 0 0 0 1 0 0 1 0 0 1 0 6 6 6 7 7 1 0.778 0 1 0 0 0 1077 3
20.11 37.515 38.924 42.423 47.932 54.619 58.942 56.717 44.748 25.963 2 2 2 0 0 0 0 1 0 0 1 0 0 0 0 0 0 1 0 0 0 0 1 5 7 0 1 4 7 0 1 0 1 0 1 0 0 0 0 0 1 0 0 0 0 1 0 0 0 0 1 0 0 0 0 1 0 0 1 0 0 1 0 7 5 7 6 1 6 0.125 0 0 0 0 1 1643 5
9.22 -7.733 -17.347 -37.065 -48.31 -48.782 -41.77 -25.499 1.326 22.424 2 2 2 0 0 1 0 0 0 0 0 0 0 1 0 0 0 0 1 0 0 0 1 4 8 0 1 3 8 0 1 0 1 0 1 0 0 0 0 0 1 0 0 0 0 1 0 0 0 0 1 0 0 0 0 1 0 0 1 0 0 1 0 8 4 8 5 2 5 0.25 0 0 1 0 0 994 5
28.254 33.413 29.535 19.358 5.377 -10.849 -27.564 -38.822 -43.233 -40.388 2 2 2 0 0 0 1 0 0 0 0 1 0 0 0 0 0 0 0 1 0 0 1 3 9 0 1 2 9 0 1 0 1 0 1 0 0 0 0 0 1 0 0 0 0 1 0 0 0 0 1 0 0 0 0 1 0 0 1 0 0 1 0 9 3 9 4 3 4 0.375 0 0 0 1 0 2 4
-25.935 -5.173 21.538 43.514 53.31 52.518 36.153 10.774 -14.489 -11.6 2 2 2 0 0 0 0 1 0 0 0 0 1 0 0 0 0 1 0 0 0 0 1 2 10 0 1 1 10 0 1 0 1 0 1 0 0 0 0 0 1 0 0 0 0 1 0 0 0 0 1 0 0 0 0 1 0 0 1 0 0 1 0 10 2 10 3 4 3 0.5 0 0 0 0 1 1419 5
7.835 9.685 4.556 -3.034 -12.297 -23.921 -36.829 -46.022 -42.046 -29.435 2 2 2 0 0 1 0 0 0 0 0 0 0 1 1 0 0 0 0 0 0 0 1 1 11 0 1 0 11 0 1 0 1 1 0 117.759 0 0 117.759 0 1 0 0 0 0 1 0 0 0 0 0 0 1 0 0 1 0 0 1 0 0 0 1 11 1 11 2 5 2 0.625 0 0 1 0 0 945 5
0.858 24.333 31.2 23.944 15.142 7.245 1.006 -2.286 -0.055 8.932 2 2 0 1 0 0 0 0 0 0 0 1 0 0 0 1 0 0 0 0 0 0 0 0 12 0 0 0 12 1 0 0 1 0 1 120.759 117.759 117.759 0 0 0 0 1 0 0 1 0 0 0 1 0 0 0 0 0 0 1 0 1 0 1 0 0 12 0 12 1 6 1 0.75 1 0 0 0 0 12 15
