-32.791 -32.71 -32.623 -38.631 -58.069 -66.685 -70.817 -72.231 -66.616 -59.766 2 0 2 0 1 0 0 0 0 1 0 0 0 0 0 0 0 0 0 1 0 0 6 21 0 0 6 7 0 0 1 0 1 0 1 0 130 0 0 0 1 0 0 0 1 0 0 0 0 0 1 0 0 0 0 1 0 1 0 0 0 1 0 0 21 0 22 1 6 0.125 0 1 0 0 0 294 12
-38.18 1.039 38.607 48.523 46.99 32.303 12.797 3.67 4.073 5.647 2 2 2 0 0 0 0 1 0 0 1 0 0 0 0 0 0 0 0 1 0 0 6 20 1 0 6 6 1 0 1 0 1 0 1 0 0 0 0 0 1 0 0 0 0 1 0 0 0 0 1 0 0 0 0 1 0 0 1 0 0 1 0 1 20 1 21 2 5 0.25 0 0 0 0 1 201 12
8.165 27.265 60.933 79.342 87.941 90.156 87.712 74.886 58.178 42.593 2 2 2 0 0 0 0 1 0 0 0 0 0 1 0 0 0 1 0 0 0 0 6 19 2 0 6 5 2 0 1 0 1 0 1 0 0 0 0 0 1 0 0 0 0 1 0 0 0 0 1 0 0 0 0 1 0 0 1 0 0 1 0 2 19 2 20 3 4 0.375 0 0 0 0 1 3 6
18.94 -4.685 -25.214 -46.746 -55.94 -60.593 -61.934 -51.732 -24.484 -9.599 2 2 2 0 0 1 0 0 0 0 0 0 0 1 0 0 0 0 0 1 0 0 6 18 3 0 6 4 3 0 1 0 1 0 1 0 0 0 0 0 1 0 0 0 0 1 0 0 0 0 1 0 0 0 0 1 0 0 1 0 0 1 0 3 18 3 19 4 3 0.5 0 0 1 0 0 32 7
0.172 31.278 77.939 84.76 82.464 69.76 48.038 22.555 0.617 -12.933 2 2 2 0 0 0 0 1 0 0 0 1 0 0 0 0 0 1 0 0 0 0 6 17 4 0 6 3 4 0 1 0 1 0 1 0 0 0 0 0 1 0 0 0 0 1 0 0 0 0 1 0 0 0 0 1 0 0 1 0 0 1 0 4 17 4 18 5 2 0.625 0 0 0 0 1 28 8
-19.627 -24.961 -31.39 -38.712 -49.308 -48.214 -44.785 -32.942 -12.69 -9.049 2 2 2 0 0 1 0 0 0 0 0 0 0 1 0 0 0 1 0 0 0 0 6 16 5 0 6 2 5 0 1 0 1 0 1 0 0 0 0 0 1 0 0 0 0 1 0 0 0 0 1 0 0 0 0 1 0 0 1 0 0 1 0 5 16 5 17 6 1 0.75 0 0 1 0 0 83 8
-17.054 1.275 3.828 -5.965 -13.151 -13.953 -8.339 8.68 25.97 34.29 2 2 2 0 0 1 0 0 0 0 0 1 0 0 0 0 1 0 0 0 0 0 6 15 6 0 6 1 6 0 1 0 1 0 1 0 0 0 0 0 1 0 0 0 0 1 0 0 0 0 1 0 0 0 0 1 0 0 1 0 0 1 0 6 15 6 16 1 8 0.1 0 0 1 0 0 9 16
40.28 43.419 37.851 20.245 -0.572 -34.018 -62.184 -69.476 -70.757 -68.036 2 2 2 0 1 0 0 0 0 0 0 1 0 0 1 0 0 0 0 0 0 0 6 14 7 0 6 0 7 0 1 0 1 1 0 127.76601 0 0 127.76601 0 1 0 0 0 0 1 0 0 0 0 1 0 0 0 0 1 0 0 1 0 0 0 1 7 14 7 15 2 7 0.2 0 1 0 0 0 820 5
-50.893 -18.601 8.468 21.35 27.416 26.708 27.143 33.899 40.58 40.017 2 2 2 1 0 0 0 0 0 0 1 0 0 0 0 0 0 1 0 0 0 0 5 13 8 0 5 2 8 1 0 0 1 0 1 130.76601 127.76601 127.76601 130.76601 0 1 0 0 0 0 1 0 0 0 0 1 0 0 0 0 0 1 0 1 0 0 1 0 8 13 8 14 3 6 0.3 1 0 0 0 0 758 5
25.459 18.031 11.279 5.058 -2.726 -25.048 -34.865 -36.237 -32.541 -27.694 2 2 2 0 0 1 0 0 1 0 0 0 0 0 0 0 0 1 0 0 0 1 5 12 9 1 5 1 0 0 1 1 0 0 1 0 130.76601 130.76601 0 0 1 0 0 0 0 1 0 0 0 0 1 0 0 0 0 1 0 0 0 1 0 1 0 9 12 9 13 4 5 0.4 0 0 1 0 0 7 2
-19.643 -15.259 -17.113 -22.301 -38.261 -53.206 -62.792 -69.155 -69.205 -59.585 2 2 2 0 0 1 0 0 0 0 0 1 0 0 1 0 0 0 0 0 0 1 5 11 10 1 5 0 1 0 1 0 1 1 0 125.213 0 0 125.213 0 1 0 0 0 0 1 0 0 0 0 1 0 0 0 0 1 0 0 1 0 0 0 1 10 11 10 12 5 4 0.5 0 0 1 0 0 1319 5
-40.436 -18.223 8.809 39.152 71.993 91.133 93.351 93.635 95.338 96.126 2 2 2 1 0 0 0 0 0 0 0 1 0 0 1 0 0 0 0 0 0 1 4 10 11 1 4 0 2 1 0 0 1 1 0 128.78751 125.213 125.213 128.78751 0 1 0 0 0 0 1 0 0 0 0 1 0 0 0 0 0 1 0 1 0 0 0 1 11 10 11 11 6 3 0.6 1 0 0 0 0 618 5
92.966 86.147 78.333 73.552 63.315 51.742 48.288 48.642 48.842 40.808 2 2 2 1 0 0 0 0 1 0 0 0 0 0 0 0 0 0 1 0 0 2 3 9 12 2 3 2 0 1 0 1 0 0 1 127.362 128.78751 128.78751 127.362 0 1 0 0 0 0 1 0 0 0 0 1 0 0 0 0 0 1 0 0 1 0 1 0 12 9 12 10 7 2 0.7 1 0 0 0 0 2499 5
16.961 7.323 -1.419 -7.983 -29.238 -73.808 -106.822 -130.709 -133.762 -139.747 2 2 2 0 0 0 1 0 1 0 0 0 0 0 0 0 0 1 0 0 0 3 3 8 13 3 3 1 0 0 1 1 0 0 1 0 127.362 127.362 0 0 1 0 0 0 0 1 0 0 0 0 1 0 0 0 0 1 0 0 0 1 0 1 0 13 8 13 9 8 1 0.8 0 0 0 1 0 83 5
-19.065 -18.656 -18.23 -17.787 -17.888 -27.831 -41.038 -41.105 -32.966 -37.049 2 2 2 0 0 1 0 0 0 0 0 0 1 0 1 0 0 0 0 0 0 3 3 7 14 3 3 0 1 0 1 0 1 1 0 121.809 0 0 121.809 0 1 0 0 0 0 1 0 0 0 0 1 0 0 0 0 1 0 0 1 0 0 0 1 14 7 14 8 1 8 0.1 0 0 1 0 0 1422 8
-51.966 -44.198 -24.763 -2.612 17.379 23.634 22.038 18.701 17.521 16.3 2 2 2 1 0 0 0 0 0 0 0 1 0 0 0 0 0 0 0 1 0 3 2 6 15 3 2 1 2 1 0 0 1 0 1 124.809 121.809 121.809 124.809 0 1 0 0 0 0 1 0 0 0 0 1 0 0 0 0 0 1 0 1 0 0 1 0 15 6 15 7 2 7 0.2 1 0 0 0 0 369 17
15.941 28.198 24.158 -8.661 -29.748 -43.475 -51.61 -53.145 -47.262 -35.824 2 2 2 0 0 0 0 1 1 0 0 0 0 0 1 0 0 0 0 0 0 4 2 5 16 4 2 0 0 0 1 1 0 1 0 120.106 124.809 124.809 120.106 0 1 0 0 0 0 1 0 0 0 0 1 0 0 0 0 1 0 0 0 1 0 0 1 16 5 16 6 3 6 0.3 0 0 0 0 1 5 14
-20.686 11.902 47.992 81.295 93.486 94.09 96.791 103.941 109.124 93.975 2 2 2 1 0 0 0 0 0 0 0 0 0 1 0 0 0 1 0 0 0 4 1 4 17 4 1 2 1 1 0 0 1 0 1 123.106 120.106 120.106 123.106 0 1 0 0 0 0 1 0 0 0 0 1 0 0 0 0 0 1 0 1 0 0 1 0 17 4 17 5 4 5 0.4 1 0 0 0 0 129 8
76.497 57.671 32.135 -6.162 -44.049 -67.364 -69.591 -62.679 -47.926 -30.359 2 2 2 0 0 1 0 0 1 0 0 0 0 0 0 0 0 0 0 1 0 5 1 3 18 5 1 1 0 0 1 1 0 0 1 0 123.106 123.106 0 0 1 0 0 0 0 1 0 0 0 0 1 0 0 0 0 1 0 0 0 1 0 1 0 18 3 18 4 5 4 0.5 0 0 1 0 0 577 5
-15.239 7.329 29.771 37.545 13.73 -18.134 -46.556 -67.44 -77.777 -77.569 2 2 2 0 0 0 0 1 0 0 0 1 0 0 1 0 0 0 0 0 0 5 1 2 19 5 1 0 1 0 1 0 1 1 0 117.553 0 0 117.553 0 1 0 0 0 0 1 0 0 0 0 1 0 0 0 0 1 0 0 1 0 0 0 1 19 2 19 3 6 3 0.6 0 0 0 0 1 15 5
-65.762 -44.139 -23.148 -3.924 16.912 36.14 53.325 59.542 64.432 67.517 2 2 2 1 0 0 0 0 0 0 0 0 0 1 0 0 0 0 0 1 0 5 0 1 20 5 0 1 2 1 0 0 1 0 1 120.553 117.553 117.553 120.553 0 1 0 0 0 0 1 0 0 0 0 0 0 1 0 0 0 1 0 1 0 0 1 0 20 1 20 2 7 2 0.7 1 0 0 0 0 2499 8
69.669 75.08 81.508 86.917 64.838 14.001 -47.731 -118.876 -154.037 -146.607 2 2 0 0 0 0 0 1 1 0 0 0 0 0 0 1 0 0 0 0 0 6 0 0 21 6 0 0 0 0 1 1 0 0 1 110 120.553 120.553 0 0 0 0 1 0 0 1 0 0 0 1 0 0 0 0 0 1 0 0 0 1 1 0 0 21 0 21 1 8 1 0.8 0 0 0 0 1 867 8
