307.302241098 307.215447231 307.042034788 306.782353895 306.436928625 306.00645565 305.491802465 304.894005164 304.214265793 303.453949288 2 0 2 0 0 0 0 1 0 1 0 0 0 0 1 0 0 0 0 0 0 0 6 19 0 0 6 0 0 0 1 0 1 1 0 133.605 130 0 133.605 0 1 0 0 0 1 0 0 0 0 0 1 0 0 0 0 1 0 1 0 0 0 0 1 0 19 0 20 1 4 0.167 0 0 0 0 1 173 12
302.614579986 301.697837745 300.705553673 299.639705472 298.502412421 297.295930016 296.022644263 294.685065663 293.285822897 291.827656223 2 2 2 1 0 0 0 0 0 0 0 0 0 1 0 0 0 0 0 1 0 0 5 18 1 0 5 1 1 1 0 0 1 0 1 136.605 133.605 133.605 136.605 0 1 0 0 0 0 1 0 0 0 0 1 0 0 0 0 0 1 0 1 0 0 1 0 1 18 1 19 2 3 0.333 1 0 0 0 0 704 8
290.313410615 288.746028664 287.128543246 285.464070001 283.755799626 282.006990011 280.220958246 278.40107251 276.550743876 274.673418047 2 2 2 0 0 0 0 1 1 0 0 0 0 0 1 0 0 0 0 0 0 1 5 17 2 1 5 0 0 0 1 1 0 1 0 131.744 136.605 136.605 131.744 0 1 0 0 0 0 1 0 0 0 0 1 0 0 0 0 1 0 0 0 1 0 0 1 2 17 2 18 3 2 0.5 0 0 0 0 1 486 8
272.772567055 270.851680936 268.914259413 266.963803605 265.003807787 263.037751225 261.069090106 259.101249582 257.137615958 255.181529041 2 2 2 1 0 0 0 0 0 0 0 0 0 1 0 0 0 1 0 0 0 1 4 16 3 1 4 7 1 1 0 0 1 0 1 134.744 131.744 131.744 134.744 0 1 0 0 0 0 1 0 0 0 0 1 0 0 0 0 0 1 0 1 0 0 1 0 3 16 3 17 4 1 0.667 1 0 0 0 0 21 17
253.23627466 251.305077399 249.391093539 247.497404241 245.627008984 243.78281927 241.967652621 240.184226872 238.43515478 236.722938963 2 2 2 0 0 1 0 0 1 0 0 0 0 0 0 0 0 0 1 0 0 2 4 15 4 2 4 6 0 0 1 1 0 0 1 0 134.744 134.744 0 0 1 0 0 0 0 1 0 0 0 0 1 0 0 0 0 1 0 0 0 1 0 1 0 4 15 4 16 1 16 0.056 0 0 1 0 0 531 8
235.04996717 233.418507907 231.830706418 230.288581031 228.794019873 227.348777977 225.954474754 224.612591861 223.32447146 222.091314856 2 2 2 0 0 0 1 0 0 0 0 1 0 0 0 0 1 0 0 0 0 2 4 14 5 2 4 5 1 0 1 0 1 0 1 0 0 0 0 0 1 0 0 0 0 1 0 0 0 0 1 0 0 0 0 1 0 0 1 0 0 1 0 5 14 5 15 2 15 0.111 0 0 0 1 0 4 10
220.914181533 219.793988571 218.731510456 217.727379256 216.782085192 215.895977561 215.069266036 214.302022313 213.594182106 212.945547476 2 2 2 0 1 0 0 0 0 0 0 0 1 0 0 0 0 0 0 1 0 2 4 13 6 2 4 4 2 0 1 0 1 0 1 0 0 0 0 0 1 0 0 0 0 1 0 0 0 0 1 0 0 0 0 1 0 0 1 0 0 1 0 6 13 6 14 3 14 0.167 0 1 0 0 0 125 6
212.35578949 211.824451188 211.35095085 210.934585555 210.574535008 210.269865628 210.019534873 209.822395806 209.677201849 209.582611754 2 2 2 0 0 0 0 1 0 0 1 0 0 0 0 0 0 1 0 0 0 2 4 12 7 2 4 3 3 0 1 0 1 0 1 0 0 0 0 0 1 0 0 0 0 1 0 0 0 0 1 0 0 0 0 1 0 0 1 0 0 1 0 7 12 7 13 4 13 0.222 0 0 0 0 1 654 7
209.537194729 209.539435739 209.58774094 209.680443232 209.815807925 209.992038486 210.207282357 210.459636816 210.747154879 211.06785121 2 2 2 0 0 1 0 0 0 0 0 0 0 1 0 0 0 0 0 1 0 2 4 11 8 2 4 2 4 0 1 0 1 0 1 0 0 0 0 0 1 0 0 0 0 1 0 0 0 0 1 0 0 0 0 1 0 0 1 0 0 1 0 8 11 8 12 5 12 0.278 0 0 1 0 0 107 5
211.41970803 211.800681001 212.208705076 212.641700293 213.097577496 213.574243972 214.069608984 214.581589189 215.108113923 215.647130347 2 2 2 0 0 0 0 1 0 0 0 1 0 0 0 0 0 0 0 1 0 2 4 10 9 2 4 1 5 0 1 0 1 0 1 0 0 0 0 0 1 0 0 0 0 1 0 0 0 0 1 0 0 0 0 1 0 0 1 0 0 1 0 9 10 9 11 6 11 0.333 0 0 0 0 1 225 5
216.196608429 216.754545769 217.31897223 217.887954394 218.459599808 219.032061027 219.603539439 220.172288869 220.736618952 221.294898274 2 2 2 0 0 0 0 1 0 0 0 0 0 1 1 0 0 0 0 0 0 2 4 9 10 2 4 0 6 0 1 0 1 1 0 124.302 0 0 124.302 0 1 0 0 0 0 1 0 0 0 0 1 0 0 0 0 1 0 0 1 0 0 0 1 10 9 10 10 7 10 0.389 0 0 0 0 1 39 5
221.845557271 222.38709089 222.918060999 223.437098557 223.94290553 224.434256566 224.910000418 225.369061119 225.810438924 226.233210999 2 2 2 1 0 0 0 0 0 0 0 0 0 1 0 0 0 1 0 0 0 2 3 8 11 2 3 3 7 1 0 0 1 0 1 127.302 124.302 124.302 127.302 0 1 0 0 0 0 1 0 0 0 0 1 0 0 0 0 0 1 0 1 0 0 1 0 11 8 11 9 8 9 0.444 1 0 0 0 0 79 5
226.636531886 227.019633727 227.381826264 227.722496622 228.041108875 228.337203405 228.610396057 228.860377116 229.086910085 229.289830298 2 2 2 0 0 1 0 0 1 0 0 0 0 0 0 0 0 0 1 0 0 3 3 7 12 3 3 2 0 0 1 1 0 0 1 0 127.302 127.302 0 0 1 0 0 0 0 1 0 0 0 0 1 0 0 0 0 1 0 0 0 1 0 1 0 12 7 12 8 9 8 0.5 0 0 1 0 0 450 5
229.469043369 229.624523484 229.756311544 229.864513181 229.949296644 230.010890576 230.049581677 230.065712292 230.0596779 230.03192454 2 2 2 0 0 0 1 0 0 0 0 1 0 0 0 0 1 0 0 0 0 3 3 6 13 3 3 1 1 0 1 0 1 0 1 0 0 0 0 0 1 0 0 0 0 1 0 0 0 0 1 0 0 0 0 1 0 0 1 0 0 1 0 13 6 13 7 10 7 0.556 0 0 0 1 0 2 4
229.982946178 229.913282021 229.823513787 229.714262958 229.586187999 229.439981576 229.276367773 229.096099313 228.899954803 228.688735997 2 2 2 0 1 0 0 0 0 0 0 0 1 0 1 0 0 0 0 0 0 3 3 5 14 3 3 0 2 0 1 0 1 1 0 120.581 0 0 120.581 0 1 0 0 0 0 1 0 0 0 0 1 0 0 0 0 1 0 0 1 0 0 0 1 14 5 14 6 11 6 0.611 0 1 0 0 0 1625 1
228.463265101 228.224382112 227.972942212 227.709813207 227.435873044 227.152007375 226.859107207 226.558066622 226.249780584 225.935142819 2 2 2 1 0 0 0 0 0 0 1 0 0 0 1 0 0 0 0 0 0 3 2 4 15 3 2 0 3 1 0 0 1 1 0 124.116 120.581 120.581 124.116 0 1 0 0 0 0 1 0 0 0 0 1 0 0 0 0 0 1 0 1 0 0 0 1 15 4 15 5 12 5 0.667 1 0 0 0 0 79 1
225.615043797 225.290368793 224.961996041 224.63079499 224.297624645 223.963332007 223.628750611 223.294699155 222.961980224 222.631379107 2 2 2 1 0 0 0 0 1 0 0 0 0 0 0 0 0 0 0 1 0 4 1 3 16 4 1 2 0 1 0 1 0 0 1 122.651 124.116 124.116 122.651 0 1 0 0 0 0 1 0 0 0 0 1 0 0 0 0 0 1 0 0 1 0 1 0 16 3 16 4 13 4 0.722 1 0 0 0 0 698 1
222.303662708 221.979578542 221.659853821 221.345194623 221.036285143 220.733787018 220.438338735 220.150555101 219.871026784 219.600319916 2 2 2 0 0 0 0 1 1 0 0 0 0 0 0 0 0 0 0 1 0 5 1 2 17 5 1 1 0 0 1 1 0 0 1 0 122.651 122.651 0 0 1 0 0 0 0 1 0 0 0 0 1 0 0 0 0 1 0 0 0 1 0 1 0 17 2 17 3 14 3 0.778 0 0 0 0 1 264 5
219.338975757 219.087510404 218.846414567 218.61615337 218.397166209 218.18986664 217.9946423 217.811854855 217.641839978 217.484907337 2 2 2 0 0 0 0 1 0 0 0 0 0 1 1 0 0 0 0 0 0 5 1 1 18 5 1 0 1 0 1 0 1 1 0 116.86 0 0 116.86 0 1 0 0 0 0 1 0 0 0 0 0 0 1 0 0 1 0 0 1 0 0 0 1 18 1 18 2 15 2 0.833 0 0 0 0 1 719 5
217.34134061 217.211397506 217.095309797 216.993283357 216.905498206 216.832108546 216.77324281 216.729003693 216.699468189 216.684687611 2 2 0 1 0 0 0 0 0 0 0 0 0 1 0 1 0 0 0 0 0 5 0 0 19 5 0 0 2 1 0 0 1 0 1 119.86 116.86 116.86 0 0 0 0 1 0 0 1 0 0 0 1 0 0 0 0 0 0 1 0 1 0 1 0 0 19 0 19 1 16 1 0.889 1 0 0 0 0 96 8
