62.11801 57.81601 49.54101 43.88901 50.18828 47.83739 37.18048 22.66493 12.23703 9.2502 2 0 2 0 0 1 0 0 0 1 0 0 0 0 0 0 0 0 1 0 0 0 0 9 0 0 0 11 0 0 1 0 1 0 1 0 1 0 0 0 1 0 0 0 0 0 1 0 0 0 0 1 0 1 0 0 0 1 0 0 9 0 10 1 10 0.083 0 0 1 0 0 72 1 0 1 0 0 15 37 0.0 0.0 3.0 0.0 0.0 10.0 0.0 0.0 0.0 0.0 0.0 0.0 0.0 0.0 0.0 0.0 0.0 1.0 0.0 0.0 0.0 0.0 0.0 0.0 0.0 0.0 0.0 0.0 0.0 0.0 0.0 0.0 0.0 0.0 0.0 0.0 0.0 0.0 0.0 0.0 0.0 0.0 0.0 0.0 0.0 0.0 0.0 0.0 0.0 0.0 0.0 0.0 0.0 0.0 0.0 0.0 0.0 0.0 0.0 0.0 0.0 0.0 0.0 0.0 0.0 0.0
25.50008 46.94016 78.86193 117.39948 154.05716 171.30158 179.5546 172.82772 167.47663 137.63421 2 2 2 0 0 0 1 0 0 0 0 1 0 0 0 0 0 1 0 0 0 0 0 8 1 0 0 10 1 0 1 0 1 0 1 0 1 0 0 0 0 1 0 0 0 0 1 0 0 0 0 1 0 0 1 0 0 1 0 1 8 1 9 2 9 0.167 0 0 0 1 0 31 1 0 1 0 1 11 11 0.0 0.0 3.0 1.0 0.1 10.0 0.0 0.0 0.0 0.0 0.0 0.0 0.0 0.0 0.0 0.0 0.0 1.0 0.0 0.0 0.0 0.0 0.0 0.0 0.0 0.0 0.0 0.0 0.0 0.0 0.0 0.0 0.0 0.0 0.0 0.0 0.0 0.0 0.0 0.0 0.0 0.0 0.0 0.0 0.0 0.0 0.0 0.0 0.0 0.0 0.0 0.0 0.0 0.0 0.0 0.0 0.0 0.0 0.0 0.0 0.0 0.0 0.0 0.0 0.0 0.0
115.77104 83.05184 42.1177 -7.39046 -50.48666 -83.55183 -88.22897 -71.12402 -41.86987 -9.40154 2 2 2 0 0 1 0 0 0 0 0 0 1 0 0 0 0 0 0 1 0 0 0 7 2 0 0 9 2 0 1 0 1 0 1 0 1 0 0 0 0 1 0 0 0 0 1 0 0 0 0 1 0 0 1 0 0 1 0 2 7 2 8 3 8 0.25 0 0 1 0 0 40 1 1 9 1 0 11 13 0.0 0.0 3.0 2.0 0.2 10.0 0.0 0.0 0.0 0.0 0.0 0.0 0.0 0.0 0.0 0.0 1.0 0.0 0.0 0.0 0.0 0.0 0.0 0.0 0.0 1.0 0.0 0.0 0.0 0.0 0.0 0.0 0.0 0.0 0.0 0.0 0.0 0.0 0.0 0.0 0.0 0.0 0.0 0.0 0.0 0.0 0.0 0.0 0.0 0.0 0.0 0.0 0.0 0.0 0.0 0.0 0.0 0.0 0.0 0.0 0.0 0.0 0.0 0.0 0.0 0.0
24.75734 37.13202 24.14685 5.12242 -3.7398 -1.82134 2.7086 17.93384 30.51243 28.2925 2 2 2 0 0 0 0 1 0 0 0 1 0 0 0 0 1 0 0 0 0 0 0 6 3 0 0 8 3 0 1 0 1 0 1 0 1 0 0 0 0 1 0 0 0 0 1 0 0 0 0 1 0 0 1 0 0 1 0 3 6 3 7 4 7 0.333 0 0 0 0 1 166 1 1 9 1 1 2 2 0.0 0.0 3.0 3.0 0.3 10.0 0.0 0.0 0.0 0.0 0.0 0.0 0.0 0.0 0.0 0.0 1.0 0.0 0.0 0.0 0.0 0.0 0.0 0.0 0.0 1.0 0.0 0.0 0.0 0.0 0.0 0.0 0.0 0.0 0.0 0.0 0.0 0.0 0.0 0.0 0.0 0.0 0.0 0.0 0.0 0.0 0.0 0.0 0.0 0.0 0.0 0.0 0.0 0.0 0.0 0.0 0.0 0.0 0.0 0.0 0.0 0.0 0.0 0.0 0.0 0.0
8.63459 4.40012 -8.02156 -22.29366 -26.69422 -25.19134 -22.57041 -14.04073 -16.17516 -20.48808 2 2 2 0 1 0 0 0 0 0 0 0 0 1 0 0 0 0 1 0 0 0 0 5 4 0 0 7 4 0 1 0 1 0 1 0 1 0 0 0 0 1 0 0 0 0 1 0 0 0 0 1 0 0 1 0 0 1 0 4 5 4 6 5 6 0.417 0 1 0 0 0 905 9 1 15 2 0 17 10 0.0 0.0 3.0 4.0 0.4 10.0 0.0 0.0 0.0 0.0 0.0 0.0 0.0 0.0 0.0 0.0 0.0 0.0 0.0 0.0 0.0 0.0 0.0 0.0 0.0 0.0 0.0 0.0 0.0 0.0 0.0 0.0 0.0 1.0 0.0 0.0 0.0 0.0 0.0 0.0 0.0 0.0 0.0 0.0 0.0 0.0 0.0 0.0 0.0 0.0 0.0 0.0 0.0 0.0 0.0 0.0 0.0 0.0 0.0 0.0 0.0 0.0 0.0 0.0 0.0 0.0
-31.52237 -40.99508 -54.93224 -58.02751 -41.97975 -22.48106 0.90593 30.08733 31.53484 32.17803 2 2 2 0 0 0 1 0 0 0 1 0 0 0 0 0 0 0 0 1 0 0 0 4 5 0 0 6 5 0 1 0 1 0 1 0 1 0 0 0 0 1 0 0 0 0 1 0 0 0 0 1 0 0 1 0 0 1 0 5 4 5 5 6 5 0.5 0 0 0 1 0 261 9 1 15 2 1 18 8 0.0 0.0 3.0 5.0 0.5 10.0 0.0 0.0 0.0 0.0 0.0 0.0 0.0 0.0 0.0 0.0 0.0 0.0 0.0 0.0 0.0 0.0 0.0 0.0 0.0 0.0 0.0 0.0 0.0 0.0 0.0 0.0 0.0 1.0 0.0 0.0 0.0 0.0 0.0 0.0 0.0 0.0 0.0 0.0 0.0 0.0 0.0 0.0 0.0 0.0 0.0 0.0 0.0 0.0 0.0 0.0 0.0 0.0 0.0 0.0 0.0 0.0 0.0 0.0 0.0 0.0
31.79519 26.27816 63.3951 103.27631 108.06579 108.43312 118.40978 120.74295 111.98279 95.60322 2 2 2 0 0 0 0 1 0 0 0 0 1 0 0 0 1 0 0 0 0 0 0 3 6 0 0 5 6 0 1 0 1 0 1 0 1 0 0 0 0 1 0 0 0 0 1 0 0 0 0 1 0 0 1 0 0 1 0 6 3 6 4 7 4 0.583 0 0 0 0 1 163 15 9 7 3 0 1 9 0.0 0.0 3.0 6.0 0.6 10.0 0.0 0.0 0.0 0.0 0.0 0.0 0.0 0.0 0.0 0.0 0.0 0.0 0.0 0.0 0.0 0.0 0.0 0.0 0.0 0.0 0.0 0.0 0.0 0.0 0.0 0.0 0.0 0.0 0.0 0.0 0.0 0.0 0.0 0.0 0.0 0.0 0.0 0.0 0.0 0.0 0.0 0.0 0.0 0.0 0.0 0.0 0.0 0.0 0.0 0.0 0.0 0.0 0.0 0.0 0.0 0.0 0.0 1.0 0.0 0.0
86.73403 84.28122 83.83693 78.00263 79.67834 91.92998 96.03953 68.69135 21.36148 -2.54668 2 2 2 0 1 0 0 0 0 0 0 0 0 1 0 0 0 1 0 0 0 0 0 2 7 0 0 4 7 0 1 0 1 0 1 0 1 0 0 0 0 1 0 0 0 0 1 0 0 0 0 1 0 0 1 0 0 1 0 7 2 7 3 8 3 0.667 0 1 0 0 0 167 7 15 16 4 0 13 24 0.0 0.0 3.0 7.0 0.7 10.0 0.0 0.0 0.0 0.0 0.0 0.0 0.0 0.0 0.0 0.0 0.0 0.0 0.0 0.0 0.0 0.0 0.0 0.0 1.0 0.0 0.0 0.0 0.0 0.0 0.0 0.0 1.0 0.0 0.0 0.0 0.0 0.0 0.0 0.0 0.0 0.0 0.0 0.0 0.0 0.0 0.0 0.0 0.0 0.0 0.0 0.0 0.0 0.0 0.0 0.0 0.0 0.0 0.0 0.0 0.0 0.0 1.0 0.0 0.0 0.0
-186.0629 -170.5725 -168.33152 -169.06367 -173.71622 -191.83017 -195.3983 -174.36659 -138.93296 -96.20487 2 2 2 0 0 1 0 0 0 0 1 0 0 0 0 0 0 0 1 0 0 0 0 1 8 0 0 3 8 0 1 0 1 0 1 0 1 0 0 0 0 1 0 0 0 0 0 0 1 0 0 1 0 0 1 0 0 1 0 8 1 8 2 9 2 0.75 0 0 1 0 0 936 7 15 16 4 1 9 1 0.0 0.0 3.0 8.0 0.8 10.0 0.0 0.0 0.0 0.0 0.0 0.0 0.0 0.0 0.0 0.0 0.0 0.0 0.0 0.0 0.0 0.0 0.0 0.0 1.0 0.0 0.0 0.0 0.0 0.0 0.0 0.0 1.0 0.0 0.0 0.0 0.0 0.0 0.0 0.0 0.0 0.0 0.0 0.0 0.0 0.0 0.0 0.0 0.0 0.0 0.0 0.0 0.0 0.0 0.0 0.0 0.0 0.0 0.0 0.0 0.0 0.0 1.0 0.0 0.0 0.0
-49.99094 -17.6389 -1.70911 -3.95706 -10.10851 -5.72246 -15.15803 -44.60408 -70.05281 -76.01196 2 2 2 0 0 0 1 0 0 0 0 1 0 0 0 0 0 0 0 1 0 0 0 0 9 0 0 2 9 0 1 0 1 0 1 0 0 0 1 0 0 1 0 0 0 0 1 0 0 0 0 1 0 0 1 0 0 1 0 9 0 9 1 10 1 0.833 0 0 0 1 0 1595 16 7 1 5 0 20 1 0.0 0.0 3.0 9.0 0.9 10.0 0.0 0.0 0.0 0.0 0.0 0.0 0.0 0.0 0.0 0.0 0.0 0.0 0.0 0.0 0.0 0.0 0.0 0.0 0.0 0.0 0.0 0.0 0.0 0.0 0.0 0.0 0.0 0.0 0.0 0.0 0.0 0.0 0.0 0.0 0.0 0.0 0.0 0.0 0.0 0.0 0.0 0.0 0.0 0.0 0.0 0.0 0.0 0.0 0.0 0.0 0.0 0.0 0.0 0.0 0.0 0.0 0.0 0.0 0.0 0.0
162.99801 155.89902 153.12102 167.46202 201.36817 215.3782 223.71655 231.58157 211.46569 186.48886 2 2 2 0 0 0 0 1 0 0 0 0 1 0 0 0 1 0 0 0 0 0 1 8 0 0 1 1 10 0 1 0 1 0 1 0 1 0 0 0 0 0 0 1 0 0 1 0 0 0 0 1 0 0 1 0 0 1 0 0 8 0 9 1 4 0.167 0 0 0 0 1 892 1 16 9 6 0 5 13 1.0 0.333333333333 3.0 0.0 0.0 4.0 0.0 0.0 0.0 0.0 0.0 0.0 0.0 0.0 0.0 0.0 0.0 0.0 0.0 0.0 0.0 0.0 0.0 0.0 0.0 1.0 0.0 0.0 0.0 0.0 0.0 0.0 0.0 0.0 0.0 0.0 0.0 0.0 0.0 0.0 0.0 0.0 0.0 0.0 0.0 0.0 0.0 0.0 0.0 0.0 0.0 0.0 0.0 0.0 0.0 0.0 0.0 0.0 0.0 0.0 0.0 0.0 0.0 0.0 0.0 0.0
107.10522 42.8257 -12.87436 -49.13655 -82.06648 -95.09747 -120.32035 -131.27415 -147.3507 -133.13474 2 2 2 0 1 0 0 0 0 0 0 0 0 1 1 0 0 0 0 0 0 0 1 7 1 0 1 0 11 0 1 0 1 1 0 0 1 0 0 0 0 1 0 0 0 0 1 0 0 0 0 1 0 0 1 0 0 0 1 1 7 1 8 2 3 0.333 0 1 0 0 0 639 1 16 9 6 1 18 24 1.0 0.333333333333 3.0 1.0 0.25 4.0 0.0 0.0 0.0 0.0 0.0 0.0 0.0 0.0 0.0 0.0 0.0 0.0 0.0 0.0 0.0 0.0 0.0 0.0 0.0 1.0 0.0 0.0 0.0 0.0 0.0 0.0 0.0 0.0 0.0 0.0 0.0 0.0 0.0 0.0 0.0 0.0 0.0 0.0 0.0 0.0 0.0 0.0 0.0 0.0 0.0 0.0 0.0 0.0 0.0 0.0 0.0 0.0 0.0 0.0 0.0 0.0 0.0 0.0 0.0 0.0
-75.75458 -40.414 -0.92049 29.72186 65.37754 90.19152 100.77968 98.92983 77.90253 56.53182 2 2 2 1 0 0 0 0 0 0 1 0 0 0 0 0 0 0 1 0 0 0 0 6 2 0 0 6 12 1 0 0 1 0 1 0 1 0 0 0 0 1 0 0 0 0 1 0 0 0 0 0 1 0 1 0 0 1 0 2 6 2 7 3 2 0.5 1 0 0 0 0 43 9 1 3 7 0 2 26 1.0 0.333333333333 3.0 2.0 0.5 4.0 0.0 0.0 0.0 0.0 0.0 0.0 0.0 0.0 0.0 0.0 0.0 0.0 0.0 0.0 0.0 0.0 0.0 0.0 0.0 0.0 0.0 0.0 0.0 0.0 0.0 0.0 0.0 1.0 0.0 0.0 0.0 0.0 0.0 0.0 0.0 0.0 0.0 0.0 0.0 0.0 0.0 0.0 0.0 0.0 0.0 0.0 0.0 0.0 0.0 0.0 0.0 0.0 0.0 0.0 0.0 0.0 0.0 0.0 0.0 0.0
7.91436 -8.75414 -40.91223 -66.11885 -95.14257 -109.44386 -109.09416 -101.72925 -109.70188 -99.58764 2 2 1 0 0 0 1 0 1 0 0 0 0 0 0 0 0 0 0 1 0 1 0 5 3 1 0 5 0 0 1 1 0 0 1 0 1 0 0 0 0 1 0 0 0 0 1 0 0 0 0 1 0 0 0 1 0 1 0 3 5 3 6 4 1 0.667 0 0 0 1 0 261 9 1 3 7 1 18 8 1.0 0.333333333333 3.0 3.0 0.75 4.0 0.0 0.0 0.0 0.0 0.0 0.0 0.0 0.0 0.0 0.0 0.0 0.0 0.0 0.0 0.0 0.0 0.0 0.0 0.0 0.0 0.0 0.0 0.0 0.0 0.0 0.0 0.0 1.0 0.0 0.0 0.0 0.0 0.0 0.0 0.0 0.0 0.0 0.0 0.0 0.0 0.0 0.0 0.0 0.0 0.0 0.0 0.0 0.0 0.0 0.0 0.0 0.0 0.0 0.0 0.0 0.0 0.0 0.0 0.0 0.0
26.80354 38.93194 42.66666 26.47873 3.23134 -6.96474 -2.34987 3.74726 28.84883 48.19936 1 2 2 0 0 0 0 1 0 0 0 0 1 0 0 0 0 0 0 1 0 1 0 4 4 1 0 4 1 0 1 0 1 0 1 0 1 0 0 0 0 1 0 0 0 0 1 0 0 0 0 1 0 0 1 0 0 1 0 4 4 4 5 1 5 0.143 0 0 0 0 1 600 3 9 16 8 0 0 8 2.0 0.666666666667 3.0 0.0 0.0 5.0 0.0 0.0 0.0 0.0 0.0 0.0 0.0 0.0 0.0 0.0 0.0 0.0 0.0 0.0 0.0 0.0 0.0 0.0 1.0 0.0 0.0 0.0 0.0 0.0 0.0 0.0 1.0 0.0 0.0 0.0 0.0 0.0 0.0 0.0 0.0 0.0 0.0 0.0 0.0 0.0 0.0 0.0 0.0 0.0 0.0 0.0 0.0 0.0 0.0 0.0 0.0 0.0 0.0 0.0 0.0 0.0 0.0 0.0 0.0 0.0
60.68789 63.65706 80.64256 91.58104 96.5278 103.20765 107.65521 99.21537 104.5634 83.45006 2 1 2 0 0 0 0 1 0 0 0 0 0 1 0 0 0 0 1 0 0 1 0 3 5 1 0 3 2 0 1 0 1 0 1 0 1 0 0 0 0 1 0 0 0 0 1 0 0 0 0 1 0 0 1 0 0 1 0 5 3 5 4 2 4 0.286 0 0 0 0 1 1327 3 9 16 8 1 20 18 2.0 0.666666666667 3.0 1.0 0.2 5.0 0.0 0.0 0.0 0.0 0.0 0.0 0.0 0.0 0.0 0.0 0.0 0.0 0.0 0.0 0.0 0.0 0.0 0.0 1.0 0.0 0.0 0.0 0.0 0.0 0.0 0.0 1.0 0.0 0.0 0.0 0.0 0.0 0.0 0.0 0.0 0.0 0.0 0.0 0.0 0.0 0.0 0.0 0.0 0.0 0.0 0.0 0.0 0.0 0.0 0.0 0.0 0.0 0.0 0.0 0.0 0.0 0.0 0.0 0.0 0.0
54.11386 30.66892 9.70947 -0.79981 -10.01297 -13.3636 -15.90235 -20.18178 -17.7425 -27.02423 2 2 2 0 0 0 1 0 0 0 0 0 0 1 0 0 0 1 0 0 0 1 0 2 6 1 0 2 3 0 1 0 1 0 1 0 1 0 0 0 0 1 0 0 0 0 1 0 0 0 0 1 0 0 1 0 0 1 0 6 2 6 3 3 3 0.429 0 0 0 1 0 1595 16 3 14 9 0 20 1 2.0 0.666666666667 3.0 2.0 0.4 5.0 0.0 0.0 0.0 0.0 0.0 0.0 0.0 0.0 0.0 0.0 0.0 0.0 0.0 0.0 0.0 0.0 0.0 0.0 0.0 0.0 0.0 0.0 0.0 0.0 0.0 0.0 0.0 0.0 0.0 0.0 0.0 0.0 0.0 0.0 0.0 0.0 0.0 0.0 0.0 0.0 0.0 0.0 0.0 0.0 0.0 0.0 0.0 0.0 0.0 0.0 0.0 0.0 0.0 0.0 0.0 0.0 0.0 0.0 0.0 0.0
-45.45653 -69.03273 -110.35778 -149.91806 -177.59358 -180.21791 -165.59525 -121.50126 -67.87177 -32.0484 2 2 2 0 0 1 0 0 0 0 0 0 1 0 0 0 1 0 0 0 0 1 0 1 7 1 0 1 4 0 1 0 1 0 1 0 1 0 0 0 0 1 0 0 0 0 0 0 0 1 0 1 0 0 1 0 0 1 0 7 1 7 2 4 2 0.571 0 0 1 0 0 27 14 16 0 10 0 2 11 2.0 0.666666666667 3.0 3.0 0.6 5.0 0.0 0.0 0.0 0.0 0.0 0.0 0.0 0.0 0.0 0.0 0.0 0.0 0.0 0.0 0.0 0.0 0.0 0.0 0.0 0.0 0.0 0.0 0.0 0.0 0.0 0.0 0.0 0.0 0.0 0.0 0.0 0.0 0.0 0.0 0.0 0.0 0.0 0.0 0.0 0.0 0.0 0.0 0.0 0.0 0.0 0.0 0.0 0.0 0.0 0.0 0.0 0.0 0.0 0.0 0.0 0.0 0.0 0.0 0.0 0.0
-19.75244 -18.09599 -43.57144 -89.59043 -97.19709 -97.61443 -80.56105 -40.2121 20.40817 44.16709 2 2 0 0 1 0 0 0 0 0 0 1 0 0 0 1 0 0 0 0 0 1 0 0 8 1 0 0 5 0 1 0 1 0 1 0 0 0 0 1 0 1 0 0 0 1 0 0 0 0 0 1 0 0 1 0 1 0 0 8 0 8 1 5 1 0.714 0 1 0 0 0 27 14 16 0 10 1 2 11 2.0 0.666666666667 3.0 4.0 0.8 5.0 0.0 0.0 0.0 0.0 0.0 0.0 0.0 0.0 0.0 0.0 0.0 0.0 0.0 0.0 0.0 0.0 0.0 0.0 0.0 0.0 0.0 0.0 0.0 0.0 0.0 0.0 0.0 0.0 0.0 0.0 0.0 0.0 0.0 0.0 0.0 0.0 0.0 0.0 0.0 0.0 0.0 0.0 0.0 0.0 0.0 0.0 0.0 0.0 0.0 0.0 0.0 0.0 0.0 0.0 0.0 0.0 0.0 0.0 0.0 0.0
