302.10094825 302.018246218 301.853046339 301.60575636 301.276986318 300.867546663 300.378445751 299.81088673 299.166263826 298.446158042 2 0 2 0 0 0 0 1 0 1 0 0 0 0 1 0 0 0 0 0 0 0 5 19 0 0 5 0 0 0 1 0 1 1 0 133.605 130 0 133.605 0 1 0 0 0 1 0 0 0 0 0 1 0 0 0 0 1 0 1 0 0 0 0 1 0 19 0 20 1 12 0.071 0 0 0 0 1 241 12
297.652332286 296.786725941 295.851448897 294.848775069 293.781135411 292.651110468 291.461422475 290.214927034 288.914604399 287.563550402 2 2 2 1 0 0 0 0 0 0 0 0 0 1 0 0 0 0 1 0 0 0 4 18 1 0 4 1 1 1 0 0 1 0 1 136.605 133.605 133.605 136.605 0 1 0 0 0 0 1 0 0 0 0 1 0 0 0 0 0 1 0 1 0 0 1 0 1 18 1 19 2 11 0.143 1 0 0 0 0 43 12
286.164967041 284.722152763 283.238492489 281.717447387 280.16254446 278.577365949 276.965538618 275.330722932 273.676602181 272.006871569 2 2 2 0 0 0 1 0 1 0 0 0 0 0 1 0 0 0 0 0 0 1 4 17 2 1 4 0 0 0 1 1 0 1 0 131.744 136.605 136.605 131.744 0 1 0 0 0 0 1 0 0 0 0 1 0 0 0 0 1 0 0 0 1 0 0 1 2 17 2 18 3 10 0.214 0 0 0 1 0 11 18
270.325227324 268.635355841 266.940922923 265.245563115 263.552869213 261.866381937 260.189579834 258.525869422 256.878575624 255.250932501 2 2 2 1 0 0 0 0 0 0 0 0 1 0 1 0 0 0 0 0 0 1 3 16 3 1 3 0 1 1 0 0 1 1 0 135.27899 131.744 131.744 135.27899 0 1 0 0 0 0 1 0 0 0 0 1 0 0 0 0 0 1 0 1 0 0 0 1 3 16 3 17 4 9 0.286 1 0 0 0 0 422 8
253.646074338 252.067027084 250.516700198 248.997878906 247.513216902 246.065229515 244.656287356 243.288610473 241.964263015 240.685148439 2 2 2 1 0 0 0 0 1 0 0 0 0 0 0 0 0 0 0 1 0 2 2 15 4 2 2 2 0 1 0 1 0 0 1 133.814 135.27899 135.27899 133.814 0 1 0 0 0 0 1 0 0 0 0 1 0 0 0 0 0 1 0 0 1 0 1 0 4 15 4 16 5 8 0.357 1 0 0 0 0 126 8
239.453005258 238.269403346 237.135740809 236.053241427 235.022952675 234.045744321 233.12230761 232.253155018 231.438620592 230.678860853 2 2 2 0 0 0 0 1 1 0 0 0 0 0 0 0 0 0 0 1 0 3 2 14 5 3 2 1 0 0 1 1 0 0 1 0 133.814 133.814 0 0 1 0 0 0 0 1 0 0 0 0 1 0 0 0 0 1 0 0 0 1 0 1 0 5 14 5 15 6 7 0.429 0 0 0 0 1 347 1
229.973856268 229.323413272 228.727166837 228.184583572 227.694965335 227.257453348 226.871032799 226.534537894 226.246657368 226.005940396 2 2 2 0 0 0 0 1 0 0 0 0 0 1 1 0 0 0 0 0 0 3 2 13 6 3 2 0 1 0 1 0 1 1 0 128.02299 0 0 128.02299 0 1 0 0 0 0 1 0 0 0 0 1 0 0 0 0 1 0 0 1 0 0 0 1 6 13 6 14 7 6 0.5 0 0 0 0 1 456 1
225.810802922 225.659534338 225.550304523 225.481171195 225.450087553 225.454910184 225.493407195 225.563266559 225.662104626 225.787474773 2 2 2 1 0 0 0 0 0 0 0 0 0 1 0 0 0 0 0 1 0 3 1 12 7 3 1 4 2 1 0 0 1 0 1 131.02299 128.02299 128.02299 131.02299 0 1 0 0 0 0 1 0 0 0 0 1 0 0 0 0 0 1 0 1 0 0 1 0 7 12 7 13 8 5 0.571 1 0 0 0 0 48 5
225.936876173 226.107762634 226.297551492 226.503632523 226.723376832 226.954145708 227.193299399 227.438205784 227.686248915 227.934837392 2 2 2 0 0 0 0 1 1 0 0 0 0 0 0 0 0 1 0 0 0 4 1 11 8 4 1 3 0 0 1 1 0 0 1 0 131.02299 131.02299 0 0 1 0 0 0 0 1 0 0 0 0 1 0 0 0 0 1 0 0 0 1 0 1 0 8 11 8 12 9 4 0.643 0 0 0 0 1 343 5
228.181412559 228.423456476 228.658499658 228.884128547 229.097992698 229.297811655 229.481381501 229.646581055 229.791377708 229.913832878 2 2 2 0 0 1 0 0 0 0 0 0 0 1 0 0 0 0 0 1 0 4 1 10 9 4 1 2 1 0 1 0 1 0 1 0 0 0 0 0 1 0 0 0 0 1 0 0 0 0 1 0 0 0 0 1 0 0 1 0 0 1 0 9 10 9 11 10 3 0.714 0 0 1 0 0 222 5
230.012107061 230.084464486 230.129277336 230.145029555 230.130320204 230.08386638 230.00450569 229.89119827 229.743028354 229.559205394 2 2 2 0 0 0 0 1 0 0 0 1 0 0 0 0 1 0 0 0 0 4 1 9 10 4 1 1 2 0 1 0 1 0 1 0 0 0 0 0 1 0 0 0 0 1 0 0 0 0 1 0 0 0 0 1 0 0 1 0 0 1 0 10 9 10 10 11 2 0.786 0 0 0 0 1 38 5
229.339064731 229.082067822 228.787802029 228.455979981 228.086438503 227.679137148 227.234156316 226.751694997 226.232068132 225.675703628 2 2 2 0 1 0 0 0 0 0 0 0 0 1 1 0 0 0 0 0 0 4 1 8 11 4 1 0 3 0 1 0 1 1 0 123.37199 0 0 123.37199 0 1 0 0 0 0 1 0 0 0 0 1 0 0 0 0 1 0 0 1 0 0 0 1 11 8 11 9 12 1 0.857 0 1 0 0 0 259 5
225.08313902 224.455017827 223.792085589 223.095185636 222.365254586 221.603317603 220.81048344 219.987939283 219.136945428 218.258829799 2 2 2 1 0 0 0 0 0 0 1 0 0 0 0 0 0 0 0 1 0 4 0 7 12 4 0 7 4 1 0 0 1 0 1 126.372 123.37199 123.37199 126.372 0 1 0 0 0 0 1 0 0 0 0 1 0 0 0 0 0 1 0 1 0 0 1 0 12 7 12 8 1 3 0.2 1 0 0 0 0 498 5
217.354982352 216.426849368 215.475927676 214.503758818 213.51192319 212.502034166 211.475732256 210.434679288 209.380552665 208.315039699 2 2 2 0 0 0 0 1 1 0 0 0 0 0 0 0 0 0 1 0 0 5 0 6 13 5 0 6 0 0 1 1 0 0 1 0 126.372 126.372 0 0 1 0 0 0 0 1 0 0 0 0 1 0 0 0 0 1 0 0 0 1 0 1 0 13 6 13 7 2 2 0.4 0 0 0 0 1 123 15
207.239832054 206.156620316 205.067088707 203.972909962 202.87574039 201.777215137 200.678943654 199.5825054 198.489445791 197.401272389 2 2 2 0 0 0 1 0 0 0 0 0 0 1 0 0 0 0 0 1 0 5 0 5 14 5 0 5 1 0 1 0 1 0 1 0 0 0 0 0 1 0 0 0 0 1 0 0 0 0 1 0 0 0 0 1 0 0 1 0 0 1 0 14 5 14 6 3 1 0.6 0 0 0 1 0 2 4
196.319451373 195.245404265 194.180504955 193.126077001 192.083391231 191.053663642 190.038053588 189.037662288 188.053531619 187.086643214 2 2 2 0 0 0 0 1 0 0 0 0 1 0 0 0 1 0 0 0 0 5 0 4 15 5 0 4 2 0 1 0 1 0 1 0 0 0 0 0 1 0 0 0 0 1 0 0 0 0 1 0 0 0 0 1 0 0 1 0 0 1 0 15 4 15 5 1 4 0.167 0 0 0 0 1 3 5
186.137917858 185.208215173 184.29833359 183.409010604 182.540923295 181.694689114 180.870866924 180.069958278 179.292408926 178.538610541 2 2 2 0 1 0 0 0 0 0 0 0 0 1 0 0 0 0 0 1 0 5 0 3 16 5 0 3 3 0 1 0 1 0 1 0 0 0 0 0 1 0 0 0 0 1 0 0 0 0 1 0 0 0 0 1 0 0 1 0 0 1 0 16 3 16 4 2 3 0.333 0 1 0 0 0 114 5
177.808902639 177.103574694 176.42286842 175.766980201 175.136063675 174.530232421 173.949562759 173.394096637 172.863844574 172.358788667 2 2 2 0 0 0 0 1 0 0 1 0 0 0 0 0 0 1 0 0 0 5 0 2 17 5 0 2 4 0 1 0 1 0 1 0 0 0 0 0 1 0 0 0 0 1 0 0 0 0 1 0 0 0 0 1 0 0 1 0 0 1 0 17 2 17 3 3 2 0.5 0 0 0 0 1 146 5
171.878885615 171.424069763 170.994256138 170.589343461 170.209217118 169.853752076 169.522815716 169.216270582 168.93397702 168.675795696 2 2 2 0 0 1 0 0 0 0 0 0 0 1 0 0 0 0 0 1 0 5 0 1 18 5 0 1 5 0 1 0 1 0 1 0 0 0 0 0 1 0 0 0 0 1 0 0 0 0 0 0 1 0 0 1 0 0 1 0 0 1 0 18 1 18 2 4 1 0.667 0 0 1 0 0 222 5
168.441589977 168.231228163 168.044585561 167.881546377 167.742005435 167.625869696 167.533059578 167.463510063 167.417171602 167.394010781 2 2 0 0 0 0 0 1 0 0 0 1 0 0 0 1 0 0 0 0 0 5 0 0 19 5 0 0 6 0 1 0 1 0 1 110 0 0 0 0 0 0 1 0 0 1 0 0 0 1 0 0 0 0 0 1 0 0 1 0 1 0 0 19 0 19 1 1 1 0.333 0 0 0 0 1 38 5
