-70.794 -37.232 34.803 61.299 59.558 58.713 59.363 60.607 63.719 58.125 2 0 2 1 0 0 0 0 0 1 0 0 0 0 0 0 1 0 0 0 0 0 7 23 0 0 7 1 0 1 0 0 1 0 1 137.592 134.592 0 137.592 0 1 0 0 0 1 0 0 0 0 0 1 0 0 0 0 0 1 1 0 0 0 1 0 0 23 0 24 1 2 0.25 1 0 0 0 0 1177 5
38.999 17.466 -19.645 -65.622 -87.654 -91.341 -90.389 -93.752 -97.706 -101.025 2 2 1 0 1 0 0 0 1 0 0 0 0 0 1 0 0 0 0 0 0 0 7 22 1 0 7 0 0 0 1 1 0 1 0 132.959 137.592 137.592 132.959 0 1 0 0 0 0 1 0 0 0 0 1 0 0 0 0 1 0 0 0 1 0 0 1 1 22 1 23 2 1 0.5 0 1 0 0 0 92 5
11.461 19.734 39.87 52.859 59.718 63.556 65.091 61.661 48.894 33.104 1 2 1 1 0 0 0 0 0 0 1 0 0 0 0 0 1 0 0 0 0 0 6 21 2 0 6 1 1 1 0 0 1 0 1 132.55099 132.959 132.959 132.55099 0 1 0 0 0 0 1 0 0 0 0 1 0 0 0 0 0 1 0 1 0 0 1 0 2 21 2 22 1 2 0.25 1 0 0 0 0 234 1
13.704 -8.851 -35.765 -58.901 -74.275 -81.313 -85.387 -85.36 -84.113 -79.813 1 1 2 0 1 0 0 0 1 0 0 0 0 0 1 0 0 0 0 0 0 1 6 20 3 1 6 0 0 0 1 1 0 1 0 132.14301 132.55099 132.55099 132.14301 0 1 0 0 0 0 1 0 0 0 0 1 0 0 0 0 1 0 0 0 1 0 0 1 3 20 3 21 2 1 0.5 0 1 0 0 0 134 1
18.873 26.706 27.786 28.255 30.037 38.009 45.51 49.941 49.623 42.735 2 1 2 1 0 0 0 0 0 0 1 0 0 0 0 0 1 0 0 0 0 1 5 19 4 1 5 3 1 1 0 0 1 0 1 135.14301 132.14301 132.14301 135.14301 0 1 0 0 0 0 1 0 0 0 0 1 0 0 0 0 0 1 0 1 0 0 1 0 4 19 4 20 1 6 0.125 1 0 0 0 0 43 1
32.8 20.871 8.902 -3.111 -16.446 -30.008 -54.793 -76.172 -62.36 -40.15 2 2 2 0 1 0 0 0 1 0 0 0 0 0 0 0 0 0 0 1 0 2 5 18 5 2 5 2 0 0 1 1 0 0 1 0 135.14301 135.14301 0 0 1 0 0 0 0 1 0 0 0 0 1 0 0 0 0 1 0 0 0 1 0 1 0 5 18 5 19 2 5 0.25 0 1 0 0 0 426 1
-22.972 0.226 23.381 44.413 62.22 64.844 57.858 40.953 23.567 13.48 2 2 2 0 0 0 0 1 0 0 1 0 0 0 0 0 0 0 0 1 0 2 5 17 6 2 5 1 1 0 1 0 1 0 1 0 0 0 0 0 1 0 0 0 0 1 0 0 0 0 1 0 0 0 0 1 0 0 1 0 0 1 0 6 17 6 18 3 4 0.375 0 0 0 0 1 907 1
16.321 36.08 59.825 78.683 80.387 67.597 44.393 15.336 -8.144 -20.53 2 2 2 0 0 0 0 1 0 0 0 0 0 1 1 0 0 0 0 0 0 2 5 16 7 2 5 0 2 0 1 0 1 1 0 128.87801 0 0 128.87801 0 1 0 0 0 0 1 0 0 0 0 1 0 0 0 0 1 0 0 1 0 0 0 1 7 16 7 17 4 3 0.5 0 0 0 0 1 907 1
-27.805 -26.506 -20.968 -15.775 -11.735 -14.042 -22.669 -26.526 -26.737 -25.929 2 2 2 1 0 0 0 0 0 0 0 0 0 1 0 0 0 0 1 0 0 2 4 15 8 2 4 3 3 1 0 0 1 0 1 131.87801 128.87801 128.87801 131.87801 0 1 0 0 0 0 1 0 0 0 0 1 0 0 0 0 0 1 0 1 0 0 1 0 8 15 8 16 5 2 0.625 1 0 0 0 0 239 5
-29.181 -31.227 -29.245 -32.095 -53.842 -101.953 -152.669 -140.378 -73.25 -24.418 2 2 2 0 0 0 1 0 1 0 0 0 0 0 0 0 0 1 0 0 0 3 4 14 9 3 4 2 0 0 1 1 0 0 1 0 131.87801 131.87801 0 0 1 0 0 0 0 1 0 0 0 0 1 0 0 0 0 1 0 0 0 1 0 1 0 9 14 9 15 6 1 0.75 0 0 0 1 0 31 5
-26.743 -22.814 -12.37 -8.75 -5.189 10.054 36.857 68.372 94.22 101.757 2 2 2 0 0 1 0 0 0 0 0 0 1 0 0 0 1 0 0 0 0 3 4 13 10 3 4 1 1 0 1 0 1 0 1 0 0 0 0 0 1 0 0 0 0 1 0 0 0 0 1 0 0 0 0 1 0 0 1 0 0 1 0 10 13 10 14 1 2 0.25 0 0 1 0 0 131 8
95.978 74.506 44.581 14.659 -12.548 -40.141 -74.123 -97.088 -106.183 -110.03 2 2 2 0 1 0 0 0 0 0 0 1 0 0 1 0 0 0 0 0 0 3 4 12 11 3 4 0 2 0 1 0 1 1 0 125.612 0 0 125.612 0 1 0 0 0 0 1 0 0 0 0 1 0 0 0 0 1 0 0 1 0 0 0 1 11 12 11 13 2 1 0.5 0 1 0 0 0 458 8
27.271 39.708 39.672 36.024 27.679 27.513 28.189 29.138 30.492 29.636 2 2 2 1 0 0 0 0 0 0 1 0 0 0 1 0 0 0 0 0 0 3 3 11 12 3 3 0 3 1 0 0 1 1 0 129.20401 125.612 125.612 129.20401 0 1 0 0 0 0 1 0 0 0 0 1 0 0 0 0 0 1 0 1 0 0 0 1 12 11 12 12 1 3 0.2 1 0 0 0 0 36 8
28.811 41.146 57.028 62.546 65.178 67.56 69.11 71.087 72.044 59.829 2 2 2 1 0 0 0 0 1 0 0 0 0 0 0 0 0 0 1 0 0 4 2 10 13 4 2 5 0 1 0 1 0 0 1 127.796 129.20401 129.20401 127.796 0 1 0 0 0 0 1 0 0 0 0 1 0 0 0 0 0 1 0 0 1 0 1 0 13 10 13 11 2 2 0.4 1 0 0 0 0 1475 8
41.793 33.211 -0.906 -53.579 -83.528 -89.493 -89.6 -87.293 -78.956 -76.083 2 2 2 0 0 0 1 0 1 0 0 0 0 0 0 0 0 0 0 1 0 5 2 9 14 5 2 4 0 0 1 1 0 0 1 0 127.796 127.796 0 0 1 0 0 0 0 1 0 0 0 0 1 0 0 0 0 1 0 0 0 1 0 1 0 14 9 14 10 3 1 0.6 0 0 0 1 0 11 18
58.93 59.952 60.99 61.667 47.136 31.163 17.13 -2.829 -22.251 -28.629 2 2 2 0 0 0 0 1 0 0 0 0 1 0 0 0 0 0 0 1 0 5 2 8 15 5 2 3 1 0 1 0 1 0 1 0 0 0 0 0 1 0 0 0 0 1 0 0 0 0 1 0 0 0 0 1 0 0 1 0 0 1 0 15 8 15 9 1 9 0.091 0 0 0 0 1 965 8
-25.639 -14.482 -1.562 8.078 5.577 -9.057 -26.618 -44.167 -55.246 -60.625 2 2 2 0 0 0 0 1 0 0 0 0 0 1 0 0 0 0 1 0 0 5 2 7 16 5 2 2 2 0 1 0 1 0 1 0 0 0 0 0 1 0 0 0 0 1 0 0 0 0 1 0 0 0 0 1 0 0 1 0 0 1 0 16 7 16 8 2 8 0.182 0 0 0 0 1 1069 8
-64.0 -63.141 -62.06 -61.219 -60.817 -60.718 -59.601 -56.626 -55.203 -52.365 2 2 2 0 0 0 1 0 0 0 0 0 0 1 0 0 0 1 0 0 0 5 2 6 17 5 2 1 3 0 1 0 1 0 1 0 0 0 0 0 1 0 0 0 0 1 0 0 0 0 1 0 0 0 0 1 0 0 1 0 0 1 0 17 6 17 7 3 7 0.273 0 0 0 1 0 4 10
-44.368 -34.612 -27.808 -26.632 -27.695 -25.418 -16.529 -0.196 18.312 31.81 2 2 2 0 0 1 0 0 0 0 0 0 1 0 1 0 0 0 0 0 0 5 2 5 18 5 2 0 4 0 1 0 1 1 0 119.898 0 0 119.898 0 1 0 0 0 0 1 0 0 0 0 1 0 0 0 0 1 0 0 1 0 0 0 1 18 5 18 6 4 6 0.364 0 0 1 0 0 170 5
34.62 53.334 90.5 96.18 92.549 88.816 88.399 88.805 88.431 78.561 2 2 2 1 0 0 0 0 0 0 0 1 0 0 0 0 0 0 1 0 0 5 1 4 19 5 1 1 5 1 0 0 1 0 1 122.898 119.898 119.898 122.898 0 1 0 0 0 0 1 0 0 0 0 1 0 0 0 0 0 1 0 1 0 0 1 0 19 4 19 5 5 5 0.455 1 0 0 0 0 1177 5
65.44 58.776 41.825 6.165 -26.329 -38.262 -42.921 -42.703 -38.954 -27.188 2 2 2 0 0 0 1 0 1 0 0 0 0 0 1 0 0 0 0 0 0 6 1 3 20 6 1 0 0 0 1 1 0 1 0 118.265 122.898 122.898 118.265 0 1 0 0 0 0 1 0 0 0 0 1 0 0 0 0 1 0 0 0 1 0 0 1 20 3 20 4 6 4 0.545 0 0 0 1 0 2 4
-4.434 13.8 31.141 48.47 64.311 70.826 71.875 73.897 76.985 67.272 2 2 2 1 0 0 0 0 0 0 0 0 1 0 0 0 1 0 0 0 0 6 0 2 21 6 0 2 1 1 0 0 1 0 1 121.265 118.265 118.265 121.265 0 1 0 0 0 0 1 0 0 0 0 1 0 0 0 0 0 1 0 1 0 0 1 0 21 2 21 3 7 3 0.636 1 0 0 0 0 29 5
28.707 16.961 16.955 5.354 -24.931 -48.567 -51.31 -46.836 -31.744 -10.834 2 2 2 0 1 0 0 0 1 0 0 0 0 0 0 0 1 0 0 0 0 7 0 1 22 7 0 1 0 0 1 1 0 0 1 0 121.265 121.265 0 0 1 0 0 0 0 1 0 0 0 0 0 0 1 0 0 1 0 0 0 1 0 1 0 22 1 22 2 8 2 0.727 0 1 0 0 0 161 5
-1.123 -8.217 -19.14 -30.891 -42.631 -53.274 -62.996 -76.944 -77.059 -73.875 2 2 0 0 1 0 0 0 0 0 1 0 0 0 0 1 0 0 0 0 0 7 0 0 23 7 0 0 1 0 1 0 1 0 1 110 0 0 0 0 0 0 1 0 0 1 0 0 0 1 0 0 0 0 0 1 0 0 1 0 1 0 0 23 0 23 1 9 1 0.818 0 1 0 0 0 692 5
