239.239840657 239.088565189 238.787903285 238.341608738 237.755251903 237.03614817 236.193264078 235.237102282 234.179566897 233.033810982 2 0 2 0 0 1 0 0 0 1 0 0 0 0 0 0 0 0 0 1 0 0 4 22 0 0 4 3 0 0 1 0 1 0 1 0 130 0 0 0 1 0 0 0 1 0 0 0 0 0 1 0 0 0 0 1 0 1 0 0 0 1 0 0 22 0 23 1 8 0.1 0 0 1 0 0 107 13
231.814068154 230.535470556 229.213855538 227.865563599 226.507230211 225.155574241 223.82718572 222.538315726 221.304671072 220.141216473 2 2 2 0 0 0 0 1 0 0 0 1 0 0 0 0 0 1 0 0 0 0 4 21 1 0 4 2 1 0 1 0 1 0 1 0 0 0 0 0 1 0 0 0 0 1 0 0 0 0 1 0 0 0 0 1 0 0 1 0 0 1 0 1 21 1 22 2 7 0.2 0 0 0 0 1 354 5
219.06198673 218.079911316 217.206653635 216.45246695 215.826068818 215.334535581 214.9832182 214.775680455 214.713660203 214.797054115 2 2 2 0 0 1 0 0 0 0 0 0 0 1 0 0 0 0 0 1 0 0 4 20 2 0 4 1 2 0 1 0 1 0 1 0 0 0 0 0 1 0 0 0 0 1 0 0 0 0 1 0 0 0 0 1 0 0 1 0 0 1 0 2 20 2 21 3 6 0.3 0 0 1 0 0 2207 8
215.023925984 215.390538379 215.891407159 216.519378002 217.265723879 218.120262091 219.071489284 220.106732578 221.212314799 222.373731599 2 2 2 0 0 0 0 1 0 0 0 1 0 0 1 0 0 0 0 0 0 0 4 19 3 0 4 0 3 0 1 0 1 1 0 131.327 0 0 131.327 0 1 0 0 0 0 1 0 0 0 0 1 0 0 0 0 1 0 0 1 0 0 0 1 3 19 3 20 4 5 0.4 0 0 0 0 1 78 8
223.575838131 224.803042805 226.039505624 227.269338516 228.476805085 229.646517251 230.763626274 231.814005785 232.784424551 233.662706859 2 2 2 1 0 0 0 0 0 0 0 0 0 1 0 0 0 1 0 0 0 0 3 18 4 0 3 4 4 1 0 0 1 0 1 134.327 131.327 131.327 134.327 0 1 0 0 0 0 1 0 0 0 0 1 0 0 0 0 0 1 0 1 0 0 1 0 4 18 4 19 5 4 0.5 1 0 0 0 0 19 8
234.437878585 235.100297235 235.641764422 236.05561955 236.33681368 236.481962848 236.489380372 236.359087962 236.092805723 235.69392141 2 2 2 0 0 1 0 0 1 0 0 0 0 0 0 0 0 0 0 1 0 1 3 17 5 1 3 3 0 0 1 1 0 0 1 0 134.327 134.327 0 0 1 0 0 0 0 1 0 0 0 0 1 0 0 0 0 1 0 0 0 1 0 1 0 5 17 5 18 6 3 0.6 0 0 1 0 0 325 5
235.167439581 234.519911497 233.75934691 232.895109071 231.937794481 230.899099111 229.791672936 228.628964783 227.425059554 226.194509983 2 2 2 0 0 0 0 1 0 0 0 1 0 0 0 0 0 1 0 0 0 1 3 16 6 1 3 2 1 0 1 0 1 0 1 0 0 0 0 0 1 0 0 0 0 1 0 0 0 0 1 0 0 0 0 1 0 0 1 0 0 1 0 6 16 6 17 7 2 0.7 0 0 0 0 1 492 5
224.952165095 223.712997567 222.491932135 221.303677178 220.162561497 219.082378227 218.076237666 217.156430693 216.334304218 215.620149995 2 2 2 0 0 1 0 0 0 0 0 0 0 1 0 0 0 1 0 0 0 1 3 15 7 1 3 1 2 0 1 0 1 0 1 0 0 0 0 0 1 0 0 0 0 1 0 0 0 0 1 0 0 0 0 1 0 0 1 0 0 1 0 7 15 7 16 8 1 0.8 0 0 1 0 0 304 5
215.023107845 214.551084215 214.210686688 214.007174922 213.944428201 214.024929614 214.249766621 214.618647584 215.129933632 215.780685042 2 2 2 0 0 1 0 0 0 0 0 1 0 0 1 0 0 0 0 0 0 1 3 14 8 1 3 0 3 0 1 0 1 1 0 127.245 0 0 127.245 0 1 0 0 0 0 1 0 0 0 0 1 0 0 0 0 1 0 0 1 0 0 0 1 8 14 8 15 1 3 0.2 0 0 1 0 0 1586 5
216.566721157 217.482692715 218.522165319 219.677712683 220.941018191 222.302983261 223.753840932 225.283273111 226.880529899 228.534549446 2 2 2 1 0 0 0 0 0 0 0 1 0 0 0 0 0 1 0 0 0 1 2 13 9 1 2 8 4 1 0 0 1 0 1 130.245 127.245 127.245 130.245 0 1 0 0 0 0 1 0 0 0 0 1 0 0 0 0 0 1 0 1 0 0 1 0 9 13 9 14 2 2 0.4 1 0 0 0 0 147 8
230.234076855 231.967780684 233.724365728 235.492680831 237.261820621 239.021220173 240.76074177 242.470753044 244.142195979 245.766646364 2 2 2 0 0 1 0 0 1 0 0 0 0 0 0 0 0 1 0 0 0 2 2 12 10 2 2 7 0 0 1 1 0 0 1 0 130.245 130.245 0 0 1 0 0 0 0 1 0 0 0 0 1 0 0 0 0 1 0 0 0 1 0 1 0 10 12 10 13 3 1 0.6 0 0 1 0 0 2499 8
247.336363486 248.844329964 250.2842818 251.650728861 252.938966109 254.14507606 255.26592302 256.299139749 257.243107303 258.096928819 2 2 2 0 0 1 0 0 0 0 0 1 0 0 0 0 0 0 0 1 0 2 2 11 11 2 2 6 1 0 1 0 1 0 1 0 0 0 0 0 1 0 0 0 0 1 0 0 0 0 1 0 0 0 0 1 0 0 1 0 0 1 0 11 11 11 12 1 3 0.2 0 0 1 0 0 950 1
258.8603981 259.533963848 260.118690407 260.616215902 261.028708579 261.358822171 261.60965103 261.78468569 261.887769499 261.923056804 2 2 2 0 0 0 0 1 0 0 0 1 0 0 0 0 1 0 0 0 0 2 2 10 12 2 2 5 2 0 1 0 1 0 1 0 0 0 0 0 1 0 0 0 0 1 0 0 0 0 1 0 0 0 0 1 0 0 1 0 0 1 0 12 10 12 11 2 2 0.4 0 0 0 0 1 147 8
261.894973155 261.808177822 261.667528896 261.478051066 261.244906142 260.97336622 260.668789366 260.336597557 259.982256572 259.611257455 2 2 2 0 1 0 0 0 0 0 0 0 0 1 0 0 0 0 0 1 0 2 2 9 13 2 2 4 3 0 1 0 1 0 1 0 0 0 0 0 1 0 0 0 0 1 0 0 0 0 1 0 0 0 0 1 0 0 1 0 0 1 0 13 9 13 10 3 1 0.6 0 1 0 0 0 298 8
259.229099113 258.841271573 258.453239413 258.070424839 257.698189918 257.341817456 257.006490093 256.697267166 256.419059026 256.176598498 2 2 2 0 0 0 0 1 0 0 1 0 0 0 0 0 0 0 0 1 0 2 2 8 14 2 2 3 4 0 1 0 1 0 1 0 0 0 0 0 1 0 0 0 0 1 0 0 0 0 1 0 0 0 0 1 0 0 1 0 0 1 0 14 8 14 9 1 3 0.2 0 0 0 0 1 533 5
255.974409295 255.816771288 255.707682606 255.65081867 255.649488362 255.706587648 255.824551058 256.005301573 256.250199529 256.559991268 2 2 2 0 0 0 0 1 0 0 0 0 0 1 0 0 0 1 0 0 0 2 2 7 15 2 2 2 5 0 1 0 1 0 1 0 0 0 0 0 1 0 0 0 0 1 0 0 0 0 1 0 0 0 0 1 0 0 1 0 0 1 0 15 7 15 8 2 2 0.4 0 0 0 0 1 147 5
256.934758337 257.373868114 257.875926793 258.438735724 259.059252102 259.733555037 260.456818018 261.223288771 262.026277444 262.858154016 2 2 2 0 0 1 0 0 0 0 0 0 0 1 0 0 0 0 1 0 0 2 2 6 16 2 2 1 6 0 1 0 1 0 1 0 0 0 0 0 1 0 0 0 0 1 0 0 0 0 1 0 0 0 0 1 0 0 1 0 0 1 0 16 6 16 7 3 1 0.6 0 0 1 0 0 341 5
263.71035573 264.573405261 265.436940198 266.289754317 267.119850946 267.914508587 268.660358793 269.343476109 269.94947972 270.463646276 2 2 2 0 0 0 1 0 0 0 0 1 0 0 1 0 0 0 0 0 0 2 2 5 17 2 2 0 7 0 1 0 1 1 0 119.898 0 0 119.898 0 1 0 0 0 0 1 0 0 0 0 1 0 0 0 0 1 0 0 1 0 0 0 1 17 5 17 6 1 5 0.143 0 0 0 1 0 11 18
270.871033152 271.156611251 271.305406282 271.302647265 271.133920871 270.785330075 270.243655466 269.496517449 268.532537511 267.341496627 2 2 2 1 0 0 0 0 0 0 0 0 1 0 0 0 0 0 0 1 0 2 1 4 18 2 1 3 8 1 0 0 1 0 1 122.898 119.898 119.898 122.898 0 1 0 0 0 0 1 0 0 0 0 1 0 0 0 0 0 1 0 1 0 0 1 0 18 4 18 5 2 4 0.286 1 0 0 0 0 147 8
265.914488896 264.24406842 262.324387507 260.151324293 257.722597936 255.03786965 252.098827944 248.909256577 245.475083911 241.804412516 2 2 2 0 0 0 0 1 1 0 0 0 0 0 0 0 0 0 1 0 0 3 1 3 19 3 1 2 0 0 1 1 0 0 1 0 122.898 122.898 0 0 1 0 0 0 0 1 0 0 0 0 1 0 0 0 0 1 0 0 0 1 0 1 0 19 3 19 4 3 3 0.429 0 0 0 0 1 1252 8
237.907528109 233.796887087 229.4870822 224.994786125 220.338672956 215.5393179 210.619075715 205.601938706 200.513375308 195.380150589 2 2 2 0 0 0 1 0 0 0 0 0 0 1 0 0 1 0 0 0 0 3 1 2 20 3 1 1 1 0 1 0 1 0 1 0 0 0 0 0 1 0 0 0 0 1 0 0 0 0 1 0 0 0 0 1 0 0 1 0 0 1 0 20 2 20 3 4 2 0.571 0 0 0 1 0 2 9
190.230130175 185.092069377 179.995389449 174.969943121 170.045771694 165.252856093 160.620864428 156.178898613 151.955242714 147.977115633 2 2 2 0 1 0 0 0 0 0 0 0 1 0 1 0 0 0 0 0 0 3 1 1 21 3 1 0 2 0 1 0 1 1 0 116.633 0 0 116.633 0 1 0 0 0 0 1 0 0 0 0 0 0 1 0 0 1 0 0 1 0 0 0 1 21 1 21 2 5 1 0.714 0 1 0 0 0 1280 5
144.270430773 140.859565239 137.76714106 135.013820805 132.618119812 130.596237088 128.961906733 127.726271529 126.897780085 126.482108682 2 2 0 1 0 0 0 0 0 0 1 0 0 0 0 1 0 0 0 0 0 3 0 0 22 3 0 0 3 1 0 0 1 0 1 119.633 116.633 116.633 0 0 0 0 1 0 0 1 0 0 0 1 0 0 0 0 0 0 1 0 1 0 1 0 0 22 0 22 1 1 1 0.333 1 0 0 0 0 205 5
