12.257 12.291 10.628 3.403 1.573 10.704 35.479 59.875 77.71 89.207 2 0 2 0 0 1 0 0 0 1 0 0 0 0 0 0 1 0 0 0 0 0 0 21 0 0 0 21 0 0 1 0 1 0 1 0 130 0 0 0 1 0 0 0 1 0 0 0 0 0 1 0 0 0 0 1 0 1 0 0 0 1 0 0 21 0 22 1 4 0.167 0 0 1 0 0 168 5
90.312 82.01 75.205 63.029 37.052 1.515 -40.613 -62.016 -71.726 -76.227 2 2 2 0 1 0 0 0 0 0 0 1 0 0 0 0 0 1 0 0 0 0 0 20 1 0 0 20 1 0 1 0 1 0 1 0 0 0 0 0 1 0 0 0 0 1 0 0 0 0 1 0 0 0 0 1 0 0 1 0 0 1 0 1 20 1 21 2 3 0.333 0 1 0 0 0 435 5
-76.028 -72.804 -72.19 -71.048 -69.42 -74.329 -74.98 -68.037 -52.932 -22.041 2 2 2 0 0 1 0 0 0 0 1 0 0 0 0 0 0 0 0 1 0 0 0 19 2 0 0 19 2 0 1 0 1 0 1 0 0 0 0 0 1 0 0 0 0 1 0 0 0 0 1 0 0 0 0 1 0 0 1 0 0 1 0 2 19 2 20 3 2 0.5 0 0 1 0 0 465 1
2.428 43.334 92.379 103.859 61.529 -1.319 -43.127 -65.648 -78.037 -86.118 2 2 2 0 0 0 0 1 0 0 0 1 0 0 0 0 0 1 0 0 0 0 0 18 3 0 0 18 3 0 1 0 1 0 1 0 0 0 0 0 1 0 0 0 0 1 0 0 0 0 1 0 0 0 0 1 0 0 1 0 0 1 0 3 18 3 19 4 1 0.667 0 0 0 0 1 1581 1
18.677 19.831 20.392 4.543 -18.54 -23.625 -22.264 -9.897 12.172 16.184 2 2 2 0 0 1 0 0 0 0 0 0 0 1 0 0 0 1 0 0 0 0 0 17 4 0 0 17 4 0 1 0 1 0 1 0 0 0 0 0 1 0 0 0 0 1 0 0 0 0 1 0 0 0 0 1 0 0 1 0 0 1 0 4 17 4 18 1 5 0.143 0 0 1 0 0 480 12
13.851 14.241 14.91 15.196 15.466 15.75 14.009 13.284 13.931 14.597 2 2 2 0 0 1 0 0 0 0 0 1 0 0 0 0 0 1 0 0 0 0 0 16 5 0 0 16 5 0 1 0 1 0 1 0 0 0 0 0 1 0 0 0 0 1 0 0 0 0 1 0 0 0 0 1 0 0 1 0 0 1 0 5 16 5 17 2 4 0.286 0 0 1 0 0 896 8
16.082 22.998 25.932 23.894 13.655 8.204 8.665 11.808 15.802 19.236 2 2 2 0 0 1 0 0 0 0 0 1 0 0 0 0 1 0 0 0 0 0 0 15 6 0 0 15 6 0 1 0 1 0 1 0 0 0 0 0 1 0 0 0 0 1 0 0 0 0 1 0 0 0 0 1 0 0 1 0 0 1 0 6 15 6 16 3 3 0.429 0 0 1 0 0 168 8
19.45 13.35 7.457 -1.223 -13.398 -27.904 -43.64 -52.367 -53.981 -50.138 2 2 2 0 1 0 0 0 0 0 0 1 0 0 0 0 0 0 0 1 0 0 0 14 7 0 0 14 7 0 1 0 1 0 1 0 0 0 0 0 1 0 0 0 0 1 0 0 0 0 1 0 0 0 0 1 0 0 1 0 0 1 0 7 14 7 15 4 2 0.571 0 1 0 0 0 423 5
-31.903 -6.959 21.301 43.553 29.377 -6.834 -38.561 -47.546 -68.675 -76.97 2 2 2 0 0 0 0 1 0 0 1 0 0 0 0 0 0 1 0 0 0 0 0 13 8 0 0 13 8 0 1 0 1 0 1 0 0 0 0 0 1 0 0 0 0 1 0 0 0 0 1 0 0 0 0 1 0 0 1 0 0 1 0 8 13 8 14 5 1 0.714 0 0 0 0 1 364 5
29.189 28.456 27.657 21.269 9.154 7.661 17.888 47.629 90.452 112.19 2 2 2 0 0 1 0 0 0 0 0 0 0 1 0 0 1 0 0 0 0 0 0 12 9 0 0 12 9 0 1 0 1 0 1 0 0 0 0 0 1 0 0 0 0 1 0 0 0 0 1 0 0 0 0 1 0 0 1 0 0 1 0 9 12 9 13 1 4 0.167 0 0 1 0 0 799 8
110.419 104.779 96.751 70.421 14.687 -30.274 -55.936 -70.908 -80.357 -81.411 2 2 2 0 1 0 0 0 0 0 0 1 0 0 0 0 0 1 0 0 0 0 0 11 10 0 0 11 10 0 1 0 1 0 1 0 0 0 0 0 1 0 0 0 0 1 0 0 0 0 1 0 0 0 0 1 0 0 1 0 0 1 0 10 11 10 12 2 3 0.333 0 1 0 0 0 799 8
-69.66 -39.228 -37.244 -39.782 -42.519 -46.984 -48.23 -40.52 -7.214 21.394 2 2 2 0 0 1 0 0 0 0 1 0 0 0 0 0 0 1 0 0 0 0 0 10 11 0 0 10 11 0 1 0 1 0 1 0 0 0 0 0 1 0 0 0 0 1 0 0 0 0 1 0 0 0 0 1 0 0 1 0 0 1 0 11 10 11 11 3 2 0.5 0 0 1 0 0 253 5
12.73 -3.312 -15.432 -52.567 -84.613 -86.441 -71.988 -64.177 -52.977 -37.974 2 2 2 0 0 1 0 0 0 0 0 1 0 0 0 0 0 0 0 1 0 0 0 9 12 0 0 9 12 0 1 0 1 0 1 0 0 0 0 0 1 0 0 0 0 1 0 0 0 0 1 0 0 0 0 1 0 0 1 0 0 1 0 12 9 12 10 4 1 0.667 0 0 1 0 0 1303 5
144.227 143.725 143.26 142.835 142.449 142.103 140.779 123.901 84.594 39.091 2 2 2 0 0 0 0 1 0 0 0 1 0 0 0 0 1 0 0 0 0 0 0 8 13 0 0 8 13 0 1 0 1 0 1 0 0 0 0 0 1 0 0 0 0 1 0 0 0 0 1 0 0 0 0 1 0 0 1 0 0 1 0 13 8 13 9 1 4 0.167 0 0 0 0 1 805 8
8.984 5.544 3.056 0.801 -9.338 -40.106 -68.983 -88.018 -90.528 -92.395 2 2 2 0 1 0 0 0 0 0 0 0 0 1 0 0 0 1 0 0 0 0 0 7 14 0 0 7 14 0 1 0 1 0 1 0 0 0 0 0 1 0 0 0 0 1 0 0 0 0 1 0 0 0 0 1 0 0 1 0 0 1 0 14 7 14 8 2 3 0.333 0 1 0 0 0 56 5
-98.036 -92.019 -82.739 -80.645 -79.572 -78.22 -74.795 -63.511 -44.397 -19.009 2 2 2 0 0 1 0 0 0 0 1 0 0 0 0 0 0 1 0 0 0 0 0 6 15 0 0 6 15 0 1 0 1 0 1 0 0 0 0 0 1 0 0 0 0 1 0 0 0 0 1 0 0 0 0 1 0 0 1 0 0 1 0 15 6 15 7 3 2 0.5 0 0 1 0 0 304 5
14.137 20.922 -13.184 -55.836 -80.374 -81.714 -76.48 -64.575 -36.978 -1.083 2 2 2 0 0 1 0 0 0 0 0 1 0 0 0 0 0 0 0 1 0 0 0 5 16 0 0 5 16 0 1 0 1 0 1 0 0 0 0 0 1 0 0 0 0 1 0 0 0 0 1 0 0 0 0 1 0 0 1 0 0 1 0 16 5 16 6 4 1 0.667 0 0 1 0 0 32 5
133.737 134.692 135.664 136.651 137.406 129.763 114.614 93.732 61.888 35.336 2 2 2 0 0 0 0 1 0 0 0 1 0 0 0 0 0 1 0 0 0 0 0 4 17 0 0 4 17 0 1 0 1 0 1 0 0 0 0 0 1 0 0 0 0 1 0 0 0 0 1 0 0 0 0 1 0 0 1 0 0 1 0 17 4 17 5 1 5 0.143 0 0 0 0 1 456 5
2.834 -21.347 -26.03 -34.427 -39.141 -41.05 -34.151 -13.517 6.498 18.488 2 2 2 0 0 1 0 0 0 0 0 0 0 1 0 0 0 1 0 0 0 0 0 3 18 0 0 3 18 0 1 0 1 0 1 0 0 0 0 0 1 0 0 0 0 1 0 0 0 0 1 0 0 0 0 1 0 0 1 0 0 1 0 18 3 18 4 2 4 0.286 0 0 1 0 0 524 5
17.931 8.499 3.237 -8.797 -25.423 -24.155 -0.387 35.556 58.735 63.811 2 2 1 0 0 1 0 0 0 0 0 1 0 0 0 0 0 1 0 0 0 0 0 2 19 0 0 2 19 0 1 0 1 0 1 0 0 0 0 0 1 0 0 0 0 1 0 0 0 0 1 0 0 0 0 1 0 0 1 0 0 1 0 19 2 19 3 3 3 0.429 0 0 1 0 0 9 16
56.393 38.892 13.619 -8.738 -19.011 -12.813 11.201 34.543 48.688 51.147 1 2 2 0 0 1 0 0 0 0 0 1 0 0 0 0 1 0 0 0 0 0 0 1 20 0 0 1 20 0 1 0 1 0 1 0 0 0 0 0 1 0 0 0 0 1 0 0 0 0 0 0 1 0 0 1 0 0 1 0 0 1 0 20 1 20 2 4 2 0.571 0 0 1 0 0 998 5
47.649 41.696 26.256 -8.904 -43.706 -81.184 -113.675 -110.087 -106.16 -107.814 2 1 0 0 1 0 0 0 0 0 0 1 0 0 0 1 0 0 0 0 0 0 0 0 21 0 0 0 21 0 1 0 1 0 1 110 0 0 0 0 0 0 1 0 0 1 0 0 0 1 0 0 0 0 0 1 0 0 1 0 1 0 0 21 0 21 1 5 1 0.714 0 1 0 0 0 27 21
