-68.281 -65.596 -62.451 -50.556 -26.119 5.367 42.032 76.381 94.964 90.283 2 0 2 0 0 1 0 0 0 1 0 0 0 0 0 0 1 0 0 0 0 0 3 16 0 0 3 1 0 0 1 0 1 0 1 0 130 0 0 0 1 0 0 0 1 0 0 0 0 0 1 0 0 0 0 1 0 1 0 0 0 1 0 0 16 0 17 1 17 0.053 0 0 1 0 0 1091 1
73.146 60.942 48.181 25.202 -21.578 -53.753 -71.032 -77.526 -76.714 -71.932 2 2 2 0 1 0 0 0 0 0 0 1 0 0 1 0 0 0 0 0 0 0 3 15 1 0 3 0 1 0 1 0 1 1 0 132.297 0 0 132.297 0 1 0 0 0 0 1 0 0 0 0 1 0 0 0 0 1 0 0 1 0 0 0 1 1 15 1 16 2 16 0.105 0 1 0 0 0 108 1
-46.241 -9.658 23.222 36.519 39.788 40.012 42.169 47.958 54.818 46.477 2 2 2 1 0 0 0 0 0 0 1 0 0 0 0 0 0 1 0 0 0 0 2 14 2 0 2 3 2 1 0 0 1 0 1 135.297 132.297 132.297 135.297 0 1 0 0 0 0 1 0 0 0 0 1 0 0 0 0 0 1 0 1 0 0 1 0 2 14 2 15 3 15 0.158 1 0 0 0 0 981 1
24.703 8.345 -9.453 -23.768 -35.566 -48.247 -54.588 -55.23 -49.969 -42.861 2 2 2 0 0 1 0 0 1 0 0 0 0 0 0 0 0 0 0 1 0 1 2 13 3 1 2 2 0 0 1 1 0 0 1 0 135.297 135.297 0 0 1 0 0 0 0 1 0 0 0 0 1 0 0 0 0 1 0 0 0 1 0 1 0 3 13 3 14 4 14 0.211 0 0 1 0 0 7 2
-54.886 -69.241 -24.321 67.945 93.064 92.155 79.712 52.721 25.796 0.012 2 2 2 0 0 0 0 1 0 0 0 1 0 0 0 0 0 0 0 1 0 1 2 12 4 1 2 1 1 0 1 0 1 0 1 0 0 0 0 0 1 0 0 0 0 1 0 0 0 0 1 0 0 0 0 1 0 0 1 0 0 1 0 4 12 4 13 5 13 0.263 0 0 0 0 1 980 1
-19.39 -15.099 -4.79 6.945 13.571 10.82 0.019 -19.543 -35.14 -49.842 2 2 2 0 0 0 0 1 0 0 0 0 0 1 1 0 0 0 0 0 0 1 2 11 5 1 2 0 2 0 1 0 1 1 0 127.97301 0 0 127.97301 0 1 0 0 0 0 1 0 0 0 0 1 0 0 0 0 1 0 0 1 0 0 0 1 5 11 5 12 6 12 0.316 0 0 0 0 1 1860 1
-56.951 -41.866 -13.113 13.871 18.633 12.526 8.972 11.357 9.429 0.307 2 2 2 1 0 0 0 0 0 0 0 0 0 1 1 0 0 0 0 0 0 1 1 10 6 1 1 0 3 1 0 0 1 1 0 131.4325 127.97301 127.97301 131.4325 0 1 0 0 0 0 1 0 0 0 0 1 0 0 0 0 0 1 0 1 0 0 0 1 6 10 6 11 7 11 0.368 1 0 0 0 0 135 1
-4.041 -2.843 -0.096 3.201 1.589 0.72 6.554 15.767 25.552 27.846 2 2 2 1 0 0 0 0 1 0 0 0 0 0 0 0 0 1 0 0 0 2 0 9 7 2 0 9 0 1 0 1 0 0 1 129.892 131.4325 131.4325 129.892 0 1 0 0 0 0 1 0 0 0 0 1 0 0 0 0 0 1 0 0 1 0 1 0 7 9 7 10 8 10 0.421 1 0 0 0 0 690 8
14.58 10.687 7.972 5.267 3.65 -3.851 -27.068 -41.854 -39.182 -28.664 2 2 2 0 0 1 0 0 1 0 0 0 0 0 0 0 0 0 1 0 0 3 0 8 8 3 0 8 0 0 1 1 0 0 1 0 129.892 129.892 0 0 1 0 0 0 0 1 0 0 0 0 1 0 0 0 0 1 0 0 0 1 0 1 0 8 8 8 9 9 9 0.474 0 0 1 0 0 409 8
-8.207 10.497 19.462 17.688 9.592 -3.79 -13.993 -18.349 -19.414 -12.98 2 2 2 0 0 0 1 0 0 0 0 1 0 0 0 0 0 0 0 1 0 3 0 7 9 3 0 7 1 0 1 0 1 0 1 0 0 0 0 0 1 0 0 0 0 1 0 0 0 0 1 0 0 0 0 1 0 0 1 0 0 1 0 9 7 9 8 10 8 0.526 0 0 0 1 0 2 9
0.109 4.577 12.12 20.57 29.084 37.835 40.529 32.258 8.501 -13.922 2 2 2 0 0 0 0 1 0 0 0 0 1 0 0 0 0 0 0 1 0 3 0 6 10 3 0 6 2 0 1 0 1 0 1 0 0 0 0 0 1 0 0 0 0 1 0 0 0 0 1 0 0 0 0 1 0 0 1 0 0 1 0 10 6 10 7 11 7 0.579 0 0 0 0 1 613 12
-20.598 -22.677 -22.717 -21.419 -18.881 -15.698 -13.329 -12.821 -14.969 -18.827 2 2 2 0 0 0 0 1 0 0 0 0 0 1 0 0 0 0 0 1 0 3 0 5 11 3 0 5 3 0 1 0 1 0 1 0 0 0 0 0 1 0 0 0 0 1 0 0 0 0 1 0 0 0 0 1 0 0 1 0 0 1 0 11 5 11 6 12 6 0.632 0 0 0 0 1 10 20
-14.492 -6.573 7.564 22.071 29.84 33.647 33.328 29.362 23.366 15.471 2 2 2 0 0 0 0 1 0 0 0 0 0 1 0 0 1 0 0 0 0 3 0 4 12 3 0 4 4 0 1 0 1 0 1 0 0 0 0 0 1 0 0 0 0 1 0 0 0 0 1 0 0 0 0 1 0 0 1 0 0 1 0 12 4 12 5 13 5 0.684 0 0 0 0 1 3 6
17.017 19.86 18.931 -1.808 -27.853 -50.604 -59.704 -62.768 -60.697 -52.512 2 2 2 0 1 0 0 0 0 0 0 0 0 1 0 0 0 0 0 1 0 3 0 3 13 3 0 3 5 0 1 0 1 0 1 0 0 0 0 0 1 0 0 0 0 1 0 0 0 0 1 0 0 0 0 1 0 0 1 0 0 1 0 13 3 13 4 14 4 0.737 0 1 0 0 0 88 7
-36.985 -18.385 3.186 25.017 49.529 74.658 98.717 108.539 80.002 19.342 2 2 2 0 0 0 0 1 0 0 1 0 0 0 0 0 0 1 0 0 0 3 0 2 14 3 0 2 6 0 1 0 1 0 1 0 0 0 0 0 1 0 0 0 0 1 0 0 0 0 1 0 0 0 0 1 0 0 1 0 0 1 0 14 2 14 3 15 3 0.789 0 0 0 0 1 356 5
-20.032 -26.933 -32.433 -36.819 -39.366 -45.672 -57.709 -67.768 -66.217 -27.238 2 2 2 0 0 1 0 0 0 0 0 0 0 1 0 0 0 0 0 1 0 3 0 1 15 3 0 1 7 0 1 0 1 0 1 0 0 0 0 0 1 0 0 0 0 1 0 0 0 0 0 0 1 0 0 1 0 0 1 0 0 1 0 15 1 15 2 16 2 0.842 0 0 1 0 0 918 5
5.567 29.329 51.509 64.508 53.877 29.179 -1.6 -18.234 -15.725 -14.375 2 2 0 0 0 0 0 1 0 0 0 1 0 0 0 1 0 0 0 0 0 3 0 0 16 3 0 0 8 0 1 0 1 0 1 110 0 0 0 0 0 0 1 0 0 1 0 0 0 1 0 0 0 0 0 1 0 0 1 0 1 0 0 16 0 16 1 17 1 0.895 0 0 0 0 1 146 5
