15.515 16.825 19.429 23.293 28.368 32.287 26.087 24.464 13.315 -11.51 2 0 2 0 0 0 0 1 0 1 0 0 0 0 0 0 0 1 0 0 0 0 2 20 0 0 2 11 0 0 1 0 1 0 1 0 130 0 0 0 1 0 0 0 1 0 0 0 0 0 1 0 0 0 0 1 0 1 0 0 0 1 0 0 20 0 21 1 8 0.1 0 0 0 0 1 117 22
-33.492 -49.33 -65.829 -80.434 -79.619 -68.908 -55.17 -32.621 -7.215 8.672 2 2 2 0 0 1 0 0 0 0 0 0 0 1 0 0 0 0 1 0 0 0 2 19 1 0 2 10 1 0 1 0 1 0 1 0 0 0 0 0 1 0 0 0 0 1 0 0 0 0 1 0 0 0 0 1 0 0 1 0 0 1 0 1 19 1 20 2 7 0.2 0 0 1 0 0 32 22
25.891 51.514 55.793 51.091 42.807 35.27 31.6 33.829 37.143 33.695 2 2 2 0 0 0 1 0 0 0 0 1 0 0 0 0 1 0 0 0 0 0 2 18 2 0 2 9 2 0 1 0 1 0 1 0 0 0 0 0 1 0 0 0 0 1 0 0 0 0 1 0 0 0 0 1 0 0 1 0 0 1 0 2 18 2 19 3 6 0.3 0 0 0 1 0 2 4
28.966 32.255 37.757 42.143 37.873 6.094 -30.67 -52.398 -58.354 -57.111 2 2 2 0 1 0 0 0 0 0 0 0 1 0 0 0 0 1 0 0 0 0 2 17 3 0 2 8 3 0 1 0 1 0 1 0 0 0 0 0 1 0 0 0 0 1 0 0 0 0 1 0 0 0 0 1 0 0 1 0 0 1 0 3 17 3 18 4 5 0.4 0 1 0 0 0 2499 1
-50.942 -47.519 -42.44 -37.976 -48.395 -63.566 -66.857 -57.877 -24.09 9.73 2 2 2 0 0 1 0 0 0 0 1 0 0 0 0 0 0 0 0 1 0 0 2 16 4 0 2 7 4 0 1 0 1 0 1 0 0 0 0 0 1 0 0 0 0 1 0 0 0 0 1 0 0 0 0 1 0 0 1 0 0 1 0 4 16 4 17 5 4 0.5 0 0 1 0 0 217 1
38.958 67.251 74.628 69.681 58.222 44.54 27.316 9.324 1.568 -3.992 2 2 2 0 0 0 0 1 0 0 0 1 0 0 0 0 0 0 0 1 0 0 2 15 5 0 2 6 5 0 1 0 1 0 1 0 0 0 0 0 1 0 0 0 0 1 0 0 0 0 1 0 0 0 0 1 0 0 1 0 0 1 0 5 15 5 16 6 3 0.6 0 0 0 0 1 14 5
-10.734 -2.895 12.596 21.05 21.197 6.627 -7.49 -16.285 -23.079 -28.605 2 2 2 0 0 0 0 1 0 0 0 0 0 1 0 0 0 0 0 1 0 0 2 14 6 0 2 5 6 0 1 0 1 0 1 0 0 0 0 0 1 0 0 0 0 1 0 0 0 0 1 0 0 0 0 1 0 0 1 0 0 1 0 6 14 6 15 7 2 0.7 0 0 0 0 1 11 5
-16.134 20.084 40.897 30.131 2.978 -21.564 -47.515 -62.282 -93.11 -121.509 2 2 2 0 0 0 0 1 0 0 0 0 0 1 0 0 1 0 0 0 0 0 2 13 7 0 2 4 7 0 1 0 1 0 1 0 0 0 0 0 1 0 0 0 0 1 0 0 0 0 1 0 0 0 0 1 0 0 1 0 0 1 0 7 13 7 14 8 1 0.8 0 0 0 0 1 1529 5
48.114 49.086 49.786 50.236 37.206 15.464 0.148 -3.534 2.402 -1.346 2 2 2 0 1 0 0 0 0 0 0 0 0 1 0 0 0 1 0 0 0 0 2 12 8 0 2 3 8 0 1 0 1 0 1 0 0 0 0 0 1 0 0 0 0 1 0 0 0 0 1 0 0 0 0 1 0 0 1 0 0 1 0 8 12 8 13 1 6 0.125 0 1 0 0 0 141 8
-5.174 -0.935 3.916 7.786 -0.535 -11.504 -10.328 1.743 32.075 53.22 2 2 2 0 0 1 0 0 0 0 1 0 0 0 0 0 0 0 0 1 0 0 2 11 9 0 2 2 9 0 1 0 1 0 1 0 0 0 0 0 1 0 0 0 0 1 0 0 0 0 1 0 0 0 0 1 0 0 1 0 0 1 0 9 11 9 12 2 5 0.25 0 0 1 0 0 217 1
-38.088 -115.874 -116.612 -113.09 -45.261 109.379 126.1 116.592 89.673 43.976 2 2 2 0 0 0 0 1 0 0 0 1 0 0 0 0 0 0 1 0 0 0 2 10 10 0 2 1 10 0 1 0 1 0 1 0 0 0 0 0 1 0 0 0 0 1 0 0 0 0 1 0 0 0 0 1 0 0 1 0 0 1 0 10 10 10 11 3 4 0.375 0 0 0 0 1 451 1
22.2 16.042 8.092 -7.1 -24.015 -31.846 -37.381 -43.924 -52.293 -59.358 2 2 2 0 0 0 1 0 0 0 0 0 0 1 1 0 0 0 0 0 0 0 2 9 11 0 2 0 11 0 1 0 1 1 0 123.88901 0 0 123.88901 0 1 0 0 0 0 1 0 0 0 0 1 0 0 0 0 1 0 0 1 0 0 0 1 11 9 11 10 4 3 0.5 0 0 0 1 0 2 4
-53.34 -23.868 8.692 32.757 40.521 38.151 34.62 37.061 38.141 32.585 2 2 2 1 0 0 0 0 0 0 0 0 1 0 0 0 0 0 0 1 0 0 1 8 12 0 1 1 12 1 0 0 1 0 1 126.889 123.88901 123.88901 126.889 0 1 0 0 0 0 1 0 0 0 0 1 0 0 0 0 0 1 0 1 0 0 1 0 12 8 12 9 5 2 0.625 1 0 0 0 0 48 5
24.725 15.92 5.535 -26.78 -63.421 -100.642 -124.383 -52.533 57.733 72.926 2 2 2 0 0 0 0 1 1 0 0 0 0 0 1 0 0 0 0 0 0 1 1 7 13 1 1 0 0 0 1 1 0 1 0 122.111 126.889 126.889 122.111 0 1 0 0 0 0 1 0 0 0 0 1 0 0 0 0 1 0 0 0 1 0 0 1 13 7 13 8 6 1 0.75 0 0 0 0 1 343 5
-30.294 -25.773 -20.649 -14.969 -8.612 -1.585 6.031 15.914 28.819 40.298 2 2 2 1 0 0 0 0 0 0 0 0 0 1 0 0 0 0 0 1 0 1 0 6 14 1 0 6 1 1 0 0 1 0 1 125.111 122.111 122.111 125.111 0 1 0 0 0 0 1 0 0 0 0 1 0 0 0 0 0 1 0 1 0 0 1 0 14 6 14 7 1 7 0.111 1 0 0 0 0 871 8
54.536 64.44 61.554 54.318 42.44 21.608 1.314 -12.066 -16.664 -15.67 2 2 2 0 0 0 0 1 1 0 0 0 0 0 0 0 0 0 1 0 0 2 0 5 15 2 0 5 0 0 1 1 0 0 1 0 125.111 125.111 0 0 1 0 0 0 0 1 0 0 0 0 1 0 0 0 0 1 0 0 0 1 0 1 0 15 5 15 6 2 6 0.222 0 0 0 0 1 28 8
-15.098 -14.868 -15.73 -19.526 -21.745 -21.772 -21.901 -22.848 -27.156 -40.808 2 2 2 0 0 0 1 0 0 0 0 0 0 1 0 0 0 1 0 0 0 2 0 4 16 2 0 4 1 0 1 0 1 0 1 0 0 0 0 0 1 0 0 0 0 1 0 0 0 0 1 0 0 0 0 1 0 0 1 0 0 1 0 16 4 16 5 3 5 0.333 0 0 0 1 0 4 10
-55.802 -50.963 -25.477 0.949 -6.053 -21.657 -29.558 -24.575 0.971 25.246 2 2 2 0 0 1 0 0 0 0 0 0 1 0 0 0 0 0 0 1 0 2 0 3 17 2 0 3 2 0 1 0 1 0 1 0 0 0 0 0 1 0 0 0 0 1 0 0 0 0 1 0 0 0 0 1 0 0 1 0 0 1 0 17 3 17 4 4 4 0.444 0 0 1 0 0 465 3
39.531 74.352 104.292 106.383 87.472 53.018 16.597 -26.391 -54.319 -56.559 2 2 2 0 0 0 0 1 0 0 0 1 0 0 0 0 0 0 0 1 0 2 0 2 18 2 0 2 3 0 1 0 1 0 1 0 0 0 0 0 1 0 0 0 0 1 0 0 0 0 1 0 0 0 0 1 0 0 1 0 0 1 0 18 2 18 3 5 3 0.556 0 0 0 0 1 95 3
-44.719 -31.061 -17.185 -2.921 11.076 18.437 12.515 -6.408 -31.251 -44.242 2 2 2 0 0 0 0 1 0 0 0 0 0 1 0 0 0 0 0 1 0 2 0 1 19 2 0 1 4 0 1 0 1 0 1 0 0 0 0 0 1 0 0 0 0 1 0 0 0 0 0 0 1 0 0 1 0 0 1 0 0 1 0 19 1 19 2 6 2 0.667 0 0 0 0 1 454 5
-37.078 -14.953 10.302 32.125 33.968 18.59 -1.848 -16.306 -11.407 10.706 2 2 0 0 0 0 0 1 0 0 0 0 0 1 0 1 0 0 0 0 0 2 0 0 20 2 0 0 5 0 1 0 1 0 1 110 0 0 0 0 0 0 1 0 0 1 0 0 0 1 0 0 0 0 0 1 0 0 1 0 1 0 0 20 0 20 1 7 1 0.778 0 0 0 0 1 917 5
