154.81716 145.25858 125.01212 93.68733 57.99399 26.50577 16.58823 38.6452 57.98709 68.09379 2 0 2 1 0 0 0 0 0 1 0 0 0 0 0 0 1 0 0 0 0 0 1 6 0 0 1 3 0 1 0 0 1 0 1 0 1 0 0 0 1 0 0 0 0 0 1 0 0 0 0 0 1 1 0 0 0 1 0 0 6 0 7 1 7 0.111 1 0 0 0 0 785 1 0 1 0 0 4 5 0.0 0.0 2.0 0.0 0.0 7.0 0.0 0.0 0.0 0.0 0.0 0.0 0.0 0.0 0.0 0.0 0.0 1.0 0.0 0.0 0.0 0.0 0.0 0.0 0.0 0.0 0.0 0.0 0.0 0.0 0.0 0.0 0.0 0.0 0.0 0.0 0.0 0.0 0.0 0.0 0.0 0.0 0.0 0.0 0.0 0.0 0.0 0.0 0.0 0.0 0.0 0.0 0.0 0.0 0.0 0.0 0.0 0.0 0.0 0.0 0.0 0.0 0.0 0.0 0.0 0.0
89.4339 86.74757 50.32082 9.16665 -10.87288 -25.18589 -36.18705 -56.36275 -78.45135 -86.18247 2 2 2 0 1 0 0 0 1 0 0 0 0 0 0 0 0 1 0 0 0 0 1 5 1 0 1 2 0 0 1 1 0 0 1 0 1 0 0 0 0 1 0 0 0 0 1 0 0 0 0 1 0 0 0 1 0 1 0 1 5 1 6 2 6 0.222 0 1 0 0 0 614 1 0 1 0 1 1 4 0.0 0.0 2.0 1.0 0.142857142857 7.0 0.0 0.0 0.0 0.0 0.0 0.0 0.0 0.0 0.0 0.0 0.0 1.0 0.0 0.0 0.0 0.0 0.0 0.0 0.0 0.0 0.0 0.0 0.0 0.0 0.0 0.0 0.0 0.0 0.0 0.0 0.0 0.0 0.0 0.0 0.0 0.0 0.0 0.0 0.0 0.0 0.0 0.0 0.0 0.0 0.0 0.0 0.0 0.0 0.0 0.0 0.0 0.0 0.0 0.0 0.0 0.0 0.0 0.0 0.0 0.0
-66.10863 -43.76219 -27.04368 -9.68111 -13.22234 -4.35602 13.37634 42.94599 63.99643 94.44785 2 2 2 0 0 1 0 0 0 0 1 0 0 0 0 0 0 0 0 1 0 0 1 4 2 0 1 1 1 0 1 0 1 0 1 0 1 0 0 0 0 1 0 0 0 0 1 0 0 0 0 1 0 0 1 0 0 1 0 2 4 2 5 3 5 0.333 0 0 1 0 0 1282 1 1 1 1 0 8 17 0.0 0.0 2.0 2.0 0.285714285714 7.0 0.0 0.0 0.0 0.0 0.0 0.0 0.0 0.0 0.0 0.0 1.0 1.0 0.0 0.0 0.0 0.0 0.0 0.0 0.0 0.0 0.0 0.0 0.0 0.0 0.0 0.0 0.0 0.0 0.0 0.0 0.0 0.0 0.0 0.0 0.0 0.0 0.0 0.0 0.0 0.0 0.0 0.0 0.0 0.0 0.0 0.0 0.0 0.0 0.0 0.0 0.0 0.0 0.0 0.0 0.0 0.0 0.0 0.0 0.0 0.0
100.07407 97.85828 112.21498 131.53862 153.33426 164.64903 170.2643 153.72518 102.87206 70.94052 2 2 2 0 0 0 0 1 0 0 0 1 0 0 1 0 0 0 0 0 0 0 1 3 3 0 1 0 2 0 1 0 1 1 0 0 1 0 0 0 0 1 0 0 0 0 1 0 0 0 0 1 0 0 1 0 0 0 1 3 3 3 4 4 4 0.444 0 0 0 0 1 837 1 1 9 2 0 11 34 0.0 0.0 2.0 3.0 0.428571428571 7.0 0.0 0.0 0.0 0.0 0.0 0.0 0.0 0.0 0.0 0.0 1.0 0.0 0.0 0.0 0.0 0.0 0.0 0.0 0.0 1.0 0.0 0.0 0.0 0.0 0.0 0.0 0.0 0.0 0.0 0.0 0.0 0.0 0.0 0.0 0.0 0.0 0.0 0.0 0.0 0.0 0.0 0.0 0.0 0.0 0.0 0.0 0.0 0.0 0.0 0.0 0.0 0.0 0.0 0.0 0.0 0.0 0.0 0.0 0.0 0.0
39.40215 37.36938 50.39821 58.78961 85.33297 106.12733 111.66886 101.42975 64.32823 18.21099 2 2 1 1 0 0 0 0 0 0 0 0 0 1 0 0 0 1 0 0 0 0 0 2 4 0 0 2 3 1 0 0 1 0 1 0 1 0 0 0 0 1 0 0 0 0 1 0 0 0 0 0 1 0 1 0 0 1 0 4 2 4 3 5 3 0.556 1 0 0 0 0 1038 1 1 9 2 1 7 6 0.0 0.0 2.0 4.0 0.571428571429 7.0 0.0 0.0 0.0 0.0 0.0 0.0 0.0 0.0 0.0 0.0 1.0 0.0 0.0 0.0 0.0 0.0 0.0 0.0 0.0 1.0 0.0 0.0 0.0 0.0 0.0 0.0 0.0 0.0 0.0 0.0 0.0 0.0 0.0 0.0 0.0 0.0 0.0 0.0 0.0 0.0 0.0 0.0 0.0 0.0 0.0 0.0 0.0 0.0 0.0 0.0 0.0 0.0 0.0 0.0 0.0 0.0 0.0 0.0 0.0 0.0
-12.12204 -48.06389 -66.61115 -66.17526 -47.9186 -27.37268 -9.5965 2.23223 14.81617 11.98477 1 2 2 0 0 1 0 0 1 0 0 0 0 0 0 0 0 0 0 1 0 1 0 1 5 1 0 1 0 0 1 1 0 0 1 0 1 0 0 0 0 1 0 0 0 0 0 0 1 0 0 1 0 0 0 1 0 1 0 5 1 5 2 6 2 0.667 0 0 1 0 0 54 9 1 7 3 0 0 12 0.0 0.0 2.0 5.0 0.714285714286 7.0 0.0 0.0 0.0 0.0 0.0 0.0 0.0 0.0 0.0 0.0 0.0 0.0 0.0 0.0 0.0 0.0 0.0 0.0 0.0 0.0 0.0 0.0 0.0 0.0 0.0 0.0 0.0 1.0 0.0 0.0 0.0 0.0 0.0 0.0 0.0 0.0 0.0 0.0 0.0 0.0 0.0 0.0 0.0 0.0 0.0 0.0 0.0 0.0 0.0 0.0 0.0 0.0 0.0 0.0 0.0 0.0 0.0 0.0 0.0 0.0
-122.67569 -100.56909 -71.68934 -44.70935 -25.52987 -58.52672 -102.39277 -162.72676 -195.78415 -213.5725 2 1 2 0 0 0 0 1 0 0 0 1 0 0 1 0 0 0 0 0 0 1 0 0 6 1 0 0 1 0 1 0 1 1 0 0 0 0 1 0 0 1 0 0 0 0 1 0 0 0 0 1 0 0 1 0 0 0 1 6 0 6 1 7 1 0.778 0 0 0 0 1 51 9 1 7 3 1 15 14 0.0 0.0 2.0 6.0 0.857142857143 7.0 0.0 0.0 0.0 0.0 0.0 0.0 0.0 0.0 0.0 0.0 0.0 0.0 0.0 0.0 0.0 0.0 0.0 0.0 0.0 0.0 0.0 0.0 0.0 0.0 0.0 0.0 0.0 1.0 0.0 0.0 0.0 0.0 0.0 0.0 0.0 0.0 0.0 0.0 0.0 0.0 0.0 0.0 0.0 0.0 0.0 0.0 0.0 0.0 0.0 0.0 0.0 0.0 0.0 0.0 0.0 0.0 0.0 0.0 0.0 0.0
-7.64501 2.37899 16.93599 43.10399 73.80882 92.87413 105.32742 117.48489 131.2 122.59739 2 2 2 1 0 0 0 0 0 0 0 0 0 1 0 0 0 0 0 1 0 0 3 10 0 0 3 2 2 1 0 0 1 0 1 0 1 0 0 0 0 0 0 1 0 0 1 0 0 0 0 0 1 0 1 0 0 1 0 0 10 0 11 1 11 0.077 1 0 0 0 0 1970 7 9 8 4 0 11 10 1.0 0.5 2.0 0.0 0.0 11.0 0.0 1.0 0.0 0.0 0.0 0.0 0.0 0.0 0.0 0.0 0.0 0.0 0.0 0.0 0.0 0.0 1.0 0.0 1.0 0.0 1.0 0.0 0.0 0.0 0.0 0.0 1.0 0.0 0.0 0.0 0.0 0.0 0.0 0.0 0.0 0.0 0.0 0.0 0.0 0.0 0.0 0.0 0.0 0.0 0.0 0.0 0.0 0.0 0.0 0.0 0.0 0.0 0.0 0.0 0.0 0.0 0.0 0.0 0.0 0.0
105.33326 92.76626 66.79341 42.24798 22.03661 -22.60781 -23.9738 -16.58302 5.88851 1.5336 2 2 2 0 0 0 0 1 1 0 0 0 0 0 0 0 0 0 1 0 0 0 3 9 1 0 3 1 0 0 1 1 0 0 1 0 1 0 0 0 0 1 0 0 0 0 1 0 0 0 0 1 0 0 0 1 0 1 0 1 9 1 10 2 10 0.154 0 0 0 0 1 182 7 9 8 4 1 15 17 1.0 0.5 2.0 1.0 0.0909090909091 11.0 0.0 1.0 0.0 0.0 0.0 0.0 0.0 0.0 0.0 0.0 0.0 0.0 0.0 0.0 0.0 0.0 1.0 0.0 1.0 0.0 1.0 0.0 0.0 0.0 0.0 0.0 1.0 0.0 0.0 0.0 0.0 0.0 0.0 0.0 0.0 0.0 0.0 0.0 0.0 0.0 0.0 0.0 0.0 0.0 0.0 0.0 0.0 0.0 0.0 0.0 0.0 0.0 0.0 0.0 0.0 0.0 0.0 0.0 0.0 0.0
-23.91933 -39.31792 -61.10986 -75.43786 -89.53905 -88.2108 -86.8583 -92.36637 -92.36277 -99.15587 2 2 2 0 0 0 1 0 0 0 0 0 0 1 1 0 0 0 0 0 0 0 3 8 2 0 3 0 1 0 1 0 1 1 0 0 1 0 0 0 0 1 0 0 0 0 1 0 0 0 0 1 0 0 1 0 0 0 1 2 8 2 9 3 9 0.231 0 0 0 1 0 4 8 7 1 5 0 20 8 1.0 0.5 2.0 2.0 0.181818181818 11.0 0.0 0.0 0.0 0.0 0.0 0.0 0.0 0.0 0.0 0.0 0.0 0.0 0.0 0.0 0.0 0.0 0.0 0.0 0.0 0.0 0.0 1.0 0.0 0.0 0.0 0.0 0.0 0.0 0.0 0.0 0.0 0.0 0.0 0.0 0.0 0.0 0.0 0.0 0.0 0.0 0.0 0.0 0.0 0.0 0.0 0.0 0.0 0.0 0.0 0.0 0.0 0.0 0.0 0.0 0.0 0.0 0.0 0.0 0.0 0.0
-191.88363 -171.5743 -144.2194 -117.2689 -115.60404 -111.52533 -107.25397 -93.38438 -65.25927 -40.14454 2 2 2 1 0 0 0 0 0 0 0 0 1 0 1 0 0 0 0 0 0 0 2 7 3 0 2 0 2 1 0 0 1 1 0 0 1 0 0 0 0 1 0 0 0 0 1 0 0 0 0 0 1 0 1 0 0 0 1 3 7 3 8 4 8 0.308 1 0 0 0 0 615 1 8 7 6 0 1 6 1.0 0.5 2.0 3.0 0.272727272727 11.0 0.0 0.0 0.0 0.0 0.0 0.0 0.0 0.0 0.0 0.0 0.0 0.0 0.0 0.0 0.0 0.0 0.0 0.0 0.0 1.0 0.0 0.0 0.0 0.0 0.0 0.0 0.0 0.0 0.0 0.0 0.0 0.0 0.0 0.0 0.0 0.0 0.0 0.0 0.0 0.0 0.0 0.0 0.0 0.0 0.0 0.0 0.0 0.0 0.0 0.0 0.0 0.0 0.0 0.0 0.0 0.0 0.0 0.0 0.0 0.0
7.55959 16.35422 34.91172 49.59783 61.89147 73.03933 70.34269 62.97945 46.84509 35.9086 2 2 2 1 0 0 0 0 1 0 0 0 0 0 1 0 0 0 0 0 0 1 1 6 4 1 1 0 0 1 0 1 0 1 0 0 1 0 0 0 0 1 0 0 0 0 1 0 0 0 0 0 1 0 0 1 0 0 1 4 6 4 7 5 7 0.385 1 0 0 0 0 872 1 8 7 6 1 3 3 1.0 0.5 2.0 4.0 0.363636363636 11.0 0.0 0.0 0.0 0.0 0.0 0.0 0.0 0.0 0.0 0.0 0.0 0.0 0.0 0.0 0.0 0.0 0.0 0.0 0.0 1.0 0.0 0.0 0.0 0.0 0.0 0.0 0.0 0.0 0.0 0.0 0.0 0.0 0.0 0.0 0.0 0.0 0.0 0.0 0.0 0.0 0.0 0.0 0.0 0.0 0.0 0.0 0.0 0.0 0.0 0.0 0.0 0.0 0.0 0.0 0.0 0.0 0.0 0.0 0.0 0.0
3.20506 -15.03301 -31.86464 -43.40942 -43.4112 -28.00562 0.87884 28.07373 63.42798 95.01167 2 2 2 1 0 0 0 0 1 0 0 0 0 0 0 0 1 0 0 0 0 2 0 5 5 2 0 5 0 1 0 1 0 0 1 0 1 0 0 0 0 1 0 0 0 0 1 0 0 0 0 0 1 0 0 1 0 1 0 5 5 5 6 6 6 0.462 1 0 0 0 0 2661 7 1 4 7 0 15 22 1.0 0.5 2.0 5.0 0.454545454545 11.0 0.0 0.0 0.0 0.0 0.0 0.0 0.0 0.0 1.0 0.0 0.0 0.0 0.0 0.0 0.0 1.0 0.0 0.0 1.0 0.0 0.0 0.0 0.0 0.0 0.0 0.0 0.0 0.0 0.0 0.0 0.0 0.0 0.0 0.0 0.0 0.0 0.0 0.0 0.0 0.0 0.0 0.0 0.0 0.0 0.0 0.0 0.0 0.0 0.0 0.0 0.0 0.0 0.0 0.0 0.0 0.0 0.0 0.0 0.0 0.0
118.8616 103.29806 100.58484 90.83234 58.965 16.53993 -26.79908 -68.28443 -115.21533 -129.49443 2 2 2 0 1 0 0 0 1 0 0 0 0 0 0 0 0 0 1 0 0 3 0 4 6 3 0 4 0 0 1 1 0 0 1 0 1 0 0 0 0 1 0 0 0 0 1 0 0 0 0 1 0 0 0 1 0 1 0 6 4 6 5 7 5 0.538 0 1 0 0 0 1395 7 1 4 7 1 23 35 1.0 0.5 2.0 6.0 0.545454545455 11.0 0.0 0.0 0.0 0.0 0.0 0.0 0.0 0.0 1.0 0.0 0.0 0.0 0.0 0.0 0.0 1.0 0.0 0.0 1.0 0.0 0.0 0.0 0.0 0.0 0.0 0.0 0.0 0.0 0.0 0.0 0.0 0.0 0.0 0.0 0.0 0.0 0.0 0.0 0.0 0.0 0.0 0.0 0.0 0.0 0.0 0.0 0.0 0.0 0.0 0.0 0.0 0.0 0.0 0.0 0.0 0.0 0.0 0.0 0.0 0.0
-117.65725 -85.4012 -59.80003 -50.55069 -51.84921 -41.50209 -26.53822 -12.31624 -8.50574 -8.87963 2 2 2 0 0 0 1 0 0 0 1 0 0 0 0 0 0 0 0 1 0 3 0 3 7 3 0 3 1 0 1 0 1 0 1 0 1 0 0 0 0 1 0 0 0 0 1 0 0 0 0 1 0 0 1 0 0 1 0 7 3 7 4 8 4 0.615 0 0 0 1 0 2 4 7 1 8 0 2 8 1.0 0.5 2.0 7.0 0.636363636364 11.0 0.0 0.0 0.0 0.0 0.0 0.0 0.0 0.0 0.0 1.0 0.0 0.0 0.0 0.0 0.0 0.0 0.0 0.0 0.0 0.0 0.0 0.0 0.0 0.0 0.0 0.0 0.0 0.0 0.0 0.0 0.0 0.0 0.0 0.0 0.0 0.0 0.0 0.0 0.0 0.0 0.0 0.0 0.0 0.0 0.0 0.0 0.0 0.0 0.0 0.0 0.0 0.0 0.0 0.0 0.0 0.0 0.0 0.0 0.0 0.0
-4.26092 -17.94807 -25.05434 -22.5346 2.48412 19.31192 31.02011 8.77728 -35.11805 -59.3362 2 2 2 0 0 0 0 1 0 0 0 0 1 0 0 0 0 1 0 0 0 3 0 2 8 3 0 2 2 0 1 0 1 0 1 0 1 0 0 0 0 1 0 0 0 0 1 0 0 0 0 1 0 0 1 0 0 1 0 8 2 8 3 9 3 0.692 0 0 0 0 1 456 1 4 0 9 0 3 2 1.0 0.5 2.0 8.0 0.727272727273 11.0 1.0 0.0 0.0 0.0 0.0 0.0 0.0 0.0 0.0 0.0 0.0 0.0 0.0 0.0 1.0 0.0 0.0 1.0 0.0 0.0 0.0 0.0 0.0 0.0 0.0 0.0 0.0 0.0 0.0 0.0 0.0 0.0 0.0 0.0 0.0 0.0 0.0 0.0 0.0 0.0 0.0 0.0 0.0 0.0 0.0 0.0 0.0 0.0 0.0 0.0 0.0 0.0 0.0 0.0 0.0 0.0 0.0 0.0 0.0 0.0
-164.48315 -163.51476 -168.42257 -161.73593 -156.39253 -149.64243 -137.28462 -122.67787 -93.40407 -69.19831 2 2 2 0 0 1 0 0 0 0 0 0 0 1 0 0 0 1 0 0 0 3 0 1 9 3 0 1 3 0 1 0 1 0 1 0 1 0 0 0 0 1 0 0 0 0 0 0 0 1 0 1 0 0 1 0 0 1 0 9 1 9 2 10 2 0.769 0 0 1 0 0 177 1 4 0 9 1 7 21 1.0 0.5 2.0 9.0 0.818181818182 11.0 1.0 0.0 0.0 0.0 0.0 0.0 0.0 0.0 0.0 0.0 0.0 0.0 0.0 0.0 1.0 0.0 0.0 1.0 0.0 0.0 0.0 0.0 0.0 0.0 0.0 0.0 0.0 0.0 0.0 0.0 0.0 0.0 0.0 0.0 0.0 0.0 0.0 0.0 0.0 0.0 0.0 0.0 0.0 0.0 0.0 0.0 0.0 0.0 0.0 0.0 0.0 0.0 0.0 0.0 0.0 0.0 0.0 0.0 0.0 0.0
-81.55378 -113.77866 -171.31156 -210.48652 -217.85778 -217.52202 -207.62503 -198.6541 -171.43679 -138.7305 2 2 0 0 0 1 0 0 0 0 0 1 0 0 0 1 0 0 0 0 0 3 0 0 10 3 0 0 4 0 1 0 1 0 1 0 0 0 0 1 0 1 0 0 0 1 0 0 0 0 0 1 0 0 1 0 1 0 0 10 0 10 1 11 1 0.846 0 0 1 0 0 972 1 4 0 9 2 23 5 1.0 0.5 2.0 10.0 0.909090909091 11.0 1.0 0.0 0.0 0.0 0.0 0.0 0.0 0.0 0.0 0.0 0.0 0.0 0.0 0.0 1.0 0.0 0.0 1.0 0.0 0.0 0.0 0.0 0.0 0.0 0.0 0.0 0.0 0.0 0.0 0.0 0.0 0.0 0.0 0.0 0.0 0.0 0.0 0.0 0.0 0.0 0.0 0.0 0.0 0.0 0.0 0.0 0.0 0.0 0.0 0.0 0.0 0.0 0.0 0.0 0.0 0.0 0.0 0.0 0.0 0.0
