235.603729397 235.408300932 235.019971237 234.443767849 233.687165023 232.760004009 231.674387994 230.444552753 229.086714284 227.618894956 2 0 2 0 1 0 0 0 0 1 0 0 0 0 1 0 0 0 0 0 0 0 4 12 0 0 4 0 0 0 1 0 1 1 0 132.85699 130 0 132.85699 0 1 0 0 0 1 0 0 0 0 0 1 0 0 0 0 1 0 1 0 0 0 0 1 0 12 0 13 1 11 0.077 0 1 0 0 0 311 12
226.060729887 224.433255489 222.758682279 221.060154231 219.361497072 217.686958032 216.060939668 214.507730427 213.051234659 211.71470481 2 2 2 1 0 0 0 0 0 0 1 0 0 0 0 0 0 1 0 0 0 0 3 11 1 0 3 2 1 1 0 0 1 0 1 135.85699 132.85699 132.85699 135.85699 0 1 0 0 0 0 1 0 0 0 0 1 0 0 0 0 0 1 0 1 0 0 1 0 1 11 1 12 2 10 0.154 1 0 0 0 0 345 12
210.520478504 209.48972317 208.642190841 207.995985612 207.567346175 207.370445662 207.417210915 207.717163071 208.277281192 209.10189041 2 2 2 0 0 1 0 0 1 0 0 0 0 0 0 0 0 1 0 0 0 1 3 10 2 1 3 1 0 0 1 1 0 0 1 0 135.85699 135.85699 0 0 1 0 0 0 0 1 0 0 0 0 1 0 0 0 0 1 0 0 0 1 0 1 0 2 10 2 11 3 9 0.231 0 0 1 0 0 131 14
210.192575867 211.54812344 213.164488023 215.034789845 217.149339047 219.495688466 222.058714294 224.820724022 227.7615908 230.85891308 2 2 2 0 0 1 0 0 0 0 0 1 0 0 1 0 0 0 0 0 0 1 3 9 3 1 3 0 1 0 1 0 1 1 0 128.571 0 0 128.571 0 1 0 0 0 0 1 0 0 0 0 1 0 0 0 0 1 0 0 1 0 0 0 1 3 9 3 10 4 8 0.308 0 0 1 0 0 908 5
234.088198193 237.423068221 240.835486362 244.296001727 247.774010356 251.238030063 254.655986578 257.995508317 261.224227051 264.310081636 2 2 2 1 0 0 0 0 0 0 0 1 0 0 1 0 0 0 0 0 0 1 2 8 4 1 2 0 2 1 0 0 1 1 0 131.85699 128.571 128.571 131.85699 0 1 0 0 0 0 1 0 0 0 0 1 0 0 0 0 0 1 0 1 0 0 0 1 4 8 4 9 5 7 0.385 1 0 0 0 0 514 5
267.221621942 269.928310114 272.400816276 274.611305857 276.533715765 278.144016743 279.420459327 280.343801009 280.897512333 281.06795986 2 2 2 1 0 0 0 0 1 0 0 0 0 0 0 0 0 0 0 1 0 2 1 7 5 2 1 6 0 1 0 1 0 0 1 130.14301 131.85699 131.85699 130.14301 0 1 0 0 0 0 1 0 0 0 0 1 0 0 0 0 0 1 0 0 1 0 1 0 5 7 5 8 6 6 0.462 1 0 0 0 0 1060 11
280.844564146 280.219931088 279.189955234 277.753893934 275.914411435 273.677592329 271.052924034 268.053248269 264.694681789 260.996506904 2 2 2 0 0 0 0 1 1 0 0 0 0 0 0 0 0 0 0 1 0 3 1 6 6 3 1 5 0 0 1 1 0 0 1 0 130.14301 130.14301 0 0 1 0 0 0 0 1 0 0 0 0 1 0 0 0 0 1 0 0 0 1 0 1 0 6 6 6 7 7 5 0.538 0 0 0 0 1 628 8
256.981032622 252.673427497 248.101525556 243.295606923 238.288154993 233.113592239 227.807996953 222.408803369 216.954487828 211.484243747 2 2 2 0 0 0 0 1 0 0 0 0 0 1 0 0 0 0 1 0 0 3 1 5 7 3 1 4 1 0 1 0 1 0 1 0 0 0 0 0 1 0 0 0 0 1 0 0 0 0 1 0 0 0 0 1 0 0 1 0 0 1 0 7 5 7 6 8 4 0.615 0 0 0 0 1 292 8
206.037648276 200.654323638 195.373596165 190.234156112 185.27372132 180.528707782 176.033910097 171.822194749 167.924208999 164.368108101 2 2 2 0 0 0 1 0 0 0 0 0 0 1 0 0 0 1 0 0 0 3 1 4 8 3 1 3 2 0 1 0 1 0 1 0 0 0 0 0 1 0 0 0 0 1 0 0 0 0 1 0 0 0 0 1 0 0 1 0 0 1 0 8 4 8 5 9 3 0.692 0 0 0 1 0 2 9
161.179303332 158.380233201 155.990159963 154.024993354 152.497143236 151.415402547 150.78486172 150.606855436 150.878942277 151.594917571 2 2 2 0 0 1 0 0 0 0 0 0 1 0 0 0 0 1 0 0 0 3 1 3 9 3 1 2 3 0 1 0 1 0 1 0 0 0 0 0 1 0 0 0 0 1 0 0 0 0 1 0 0 0 0 1 0 0 1 0 0 1 0 9 3 9 4 10 2 0.769 0 0 1 0 0 112 3
152.744859405 154.315207482 156.288874222 158.645387174 161.361061579 164.409201588 167.76032842 171.382433492 175.241254302 179.300570667 2 2 1 0 0 1 0 0 0 0 0 1 0 0 0 0 0 0 0 1 0 3 1 2 10 3 1 1 4 0 1 0 1 0 1 112.857 0 0 112.857 0 1 0 0 0 0 1 0 0 0 0 1 0 0 0 0 1 0 0 1 0 0 1 0 10 2 10 3 11 1 0.846 0 0 1 0 0 1417 3
183.522518713 187.867919851 192.296621835 196.767848898 201.240557844 205.673796962 210.027064544 214.260663847 218.336051311 222.216174946 1 2 2 0 0 0 0 1 0 0 0 1 0 0 1 0 0 0 0 0 0 3 1 1 11 3 1 0 5 0 1 0 1 1 0 117.857 112.857 112.857 117.857 0 1 0 0 0 0 1 0 0 0 0 0 0 1 0 0 1 0 0 1 0 0 0 1 11 1 11 2 1 2 0.25 0 0 0 0 1 1363 5
225.865799869 229.251818064 232.343539632 235.11296289 237.535020928 239.587802414 241.252744658 242.514797221 243.362554594 243.788356766 2 1 0 1 0 0 0 0 0 0 0 0 0 1 0 1 0 0 0 0 0 3 0 0 12 3 0 0 6 1 0 0 1 0 1 120.857 117.857 117.857 0 0 0 0 1 0 0 1 0 0 0 1 0 0 0 0 0 0 1 0 1 0 1 0 0 12 0 12 1 2 1 0.5 1 0 0 0 0 2499 5
