33.98299 32.59099 39.66312 31.63522 23.94026 23.95023 31.47779 36.57956 37.19842 31.73211 2 0 2 1 0 0 0 0 0 1 0 0 0 0 0 0 0 0 0 1 0 0 5 17 0 0 5 1 0 1 0 0 1 0 1 0 1 0 0 0 1 0 0 0 0 0 1 0 0 0 0 0 1 1 0 0 0 1 0 0 17 0 18 1 18 0.05 1 0 0 0 0 29 7 0 1 0 0 9 1 0.0 0.0 1.0 0.0 0.0 18.0 0.0 1.0 0.0 0.0 0.0 0.0 0.0 0.0 0.0 0.0 0.0 0.0 0.0 0.0 0.0 0.0 0.0 0.0 0.0 0.0 0.0 0.0 0.0 0.0 0.0 0.0 0.0 0.0 0.0 0.0 0.0 0.0 0.0 0.0 1.0 0.0 0.0 0.0 0.0 0.0 0.0 0.0 0.0 0.0 0.0 0.0 0.0 0.0 0.0 0.0 0.0 0.0 0.0 0.0 0.0 0.0 0.0 0.0 0.0 0.0
32.85613 29.91403 43.31432 50.62656 56.7861 60.82615 53.84203 40.10032 6.41467 -17.15603 2 2 2 0 0 0 0 1 1 0 0 0 0 0 1 0 0 0 0 0 0 0 5 16 1 0 5 0 0 0 1 1 0 1 0 0 1 0 0 0 0 1 0 0 0 0 1 0 0 0 0 1 0 0 0 1 0 0 1 1 16 1 17 2 17 0.1 0 0 0 0 1 78 7 0 1 0 1 15 16 0.0 0.0 1.0 1.0 0.0555555555556 18.0 0.0 1.0 0.0 0.0 0.0 0.0 0.0 0.0 0.0 0.0 0.0 0.0 0.0 0.0 0.0 0.0 0.0 0.0 0.0 0.0 0.0 0.0 0.0 0.0 0.0 0.0 0.0 0.0 0.0 0.0 0.0 0.0 0.0 0.0 1.0 0.0 0.0 0.0 0.0 0.0 0.0 0.0 0.0 0.0 0.0 0.0 0.0 0.0 0.0 0.0 0.0 0.0 0.0 0.0 0.0 0.0 0.0 0.0 0.0 0.0
-23.14064 -25.75155 -27.26229 -20.55719 -9.46878 -0.01463 1.35817 2.28535 9.11274 7.92894 2 2 2 1 0 0 0 0 0 0 0 0 0 1 0 0 0 0 0 1 0 0 4 15 2 0 4 1 1 1 0 0 1 0 1 0 1 0 0 0 0 1 0 0 0 0 1 0 0 0 0 0 1 0 1 0 0 1 0 2 15 2 16 3 16 0.15 1 0 0 0 0 2474 1 7 7 1 0 15 13 0.0 0.0 1.0 2.0 0.111111111111 18.0 0.0 0.0 0.0 0.0 0.0 0.0 0.0 0.0 0.0 0.0 0.0 0.0 0.0 0.0 0.0 0.0 0.0 0.0 0.0 0.0 0.0 0.0 0.0 0.0 0.0 0.0 0.0 0.0 0.0 1.0 0.0 0.0 0.0 0.0 0.0 0.0 0.0 0.0 0.0 0.0 0.0 0.0 0.0 0.0 0.0 0.0 0.0 0.0 0.0 0.0 0.0 0.0 0.0 0.0 0.0 0.0 0.0 0.0 0.0 0.0
6.49295 23.06834 17.96042 -5.33949 -12.30341 -16.51178 -18.60335 -7.01412 -7.50064 4.285 2 2 2 0 0 0 0 1 1 0 0 0 0 0 1 0 0 0 0 0 0 1 4 14 3 1 4 0 0 0 1 1 0 1 0 0 1 0 0 0 0 1 0 0 0 0 1 0 0 0 0 1 0 0 0 1 0 0 1 3 14 3 15 4 15 0.2 0 0 0 0 1 93 1 7 7 1 1 21 13 0.0 0.0 1.0 3.0 0.166666666667 18.0 0.0 0.0 0.0 0.0 0.0 0.0 0.0 0.0 0.0 0.0 0.0 0.0 0.0 0.0 0.0 0.0 0.0 0.0 0.0 0.0 0.0 0.0 0.0 0.0 0.0 0.0 0.0 0.0 0.0 1.0 0.0 0.0 0.0 0.0 0.0 0.0 0.0 0.0 0.0 0.0 0.0 0.0 0.0 0.0 0.0 0.0 0.0 0.0 0.0 0.0 0.0 0.0 0.0 0.0 0.0 0.0 0.0 0.0 0.0 0.0
2.03934 8.73635 19.71717 19.5957 34.59646 26.76904 21.42213 22.40839 6.03705 -16.80068 2 2 2 1 0 0 0 0 0 0 0 0 0 1 0 0 0 1 0 0 0 1 3 13 4 1 3 5 1 1 0 0 1 0 1 0 1 0 0 0 0 1 0 0 0 0 1 0 0 0 0 0 1 0 1 0 0 1 0 4 13 4 14 5 14 0.25 1 0 0 0 0 1718 7 1 4 2 0 3 34 0.0 0.0 1.0 4.0 0.222222222222 18.0 0.0 0.0 0.0 0.0 0.0 0.0 0.0 0.0 1.0 0.0 0.0 0.0 0.0 0.0 0.0 1.0 0.0 0.0 0.0 0.0 0.0 0.0 0.0 0.0 0.0 0.0 0.0 0.0 1.0 0.0 0.0 0.0 0.0 0.0 0.0 0.0 0.0 0.0 0.0 0.0 0.0 0.0 0.0 0.0 0.0 0.0 0.0 0.0 0.0 0.0 0.0 0.0 0.0 0.0 0.0 0.0 0.0 0.0 0.0 0.0
-22.1793 -28.23417 -33.02703 -32.56078 -22.73572 -16.01893 -13.97847 0.72657 4.53451 -8.41533 2 2 2 0 0 1 0 0 1 0 0 0 0 0 0 0 1 0 0 0 0 2 3 12 5 2 3 4 0 0 1 1 0 0 1 0 1 0 0 0 0 1 0 0 0 0 1 0 0 0 0 1 0 0 0 1 0 1 0 5 12 5 13 6 13 0.3 0 0 1 0 0 406 7 1 4 2 1 23 34 0.0 0.0 1.0 5.0 0.277777777778 18.0 0.0 0.0 0.0 0.0 0.0 0.0 0.0 0.0 1.0 0.0 0.0 0.0 0.0 0.0 0.0 1.0 0.0 0.0 0.0 0.0 0.0 0.0 0.0 0.0 0.0 0.0 0.0 0.0 1.0 0.0 0.0 0.0 0.0 0.0 0.0 0.0 0.0 0.0 0.0 0.0 0.0 0.0 0.0 0.0 0.0 0.0 0.0 0.0 0.0 0.0 0.0 0.0 0.0 0.0 0.0 0.0 0.0 0.0 0.0 0.0
-10.17178 -12.43944 -9.29518 -7.25791 -3.4476 5.59471 28.95701 43.14228 51.546 49.08737 2 2 2 0 1 0 0 0 0 0 0 1 0 0 0 0 0 0 0 1 0 2 3 11 6 2 3 3 1 0 1 0 1 0 1 0 1 0 0 0 0 1 0 0 0 0 1 0 0 0 0 1 0 0 1 0 0 1 0 6 11 6 12 7 12 0.35 0 1 0 0 0 1173 7 1 4 2 2 3 24 0.0 0.0 1.0 6.0 0.333333333333 18.0 0.0 0.0 0.0 0.0 0.0 0.0 0.0 0.0 1.0 0.0 0.0 0.0 0.0 0.0 0.0 1.0 0.0 0.0 0.0 0.0 0.0 0.0 0.0 0.0 0.0 0.0 0.0 0.0 1.0 0.0 0.0 0.0 0.0 0.0 0.0 0.0 0.0 0.0 0.0 0.0 0.0 0.0 0.0 0.0 0.0 0.0 0.0 0.0 0.0 0.0 0.0 0.0 0.0 0.0 0.0 0.0 0.0 0.0 0.0 0.0
11.93328 -34.7794 -68.85894 -83.7036 -57.54352 -14.15706 32.15451 45.59445 28.86461 5.8256 2 2 2 0 0 0 0 1 0 0 1 0 0 0 0 0 0 0 1 0 0 2 3 10 7 2 3 2 2 0 1 0 1 0 1 0 1 0 0 0 0 1 0 0 0 0 1 0 0 0 0 1 0 0 1 0 0 1 0 7 10 7 11 8 11 0.4 0 0 0 0 1 2572 7 1 4 2 3 22 24 0.0 0.0 1.0 7.0 0.388888888889 18.0 0.0 0.0 0.0 0.0 0.0 0.0 0.0 0.0 1.0 0.0 0.0 0.0 0.0 0.0 0.0 1.0 0.0 0.0 0.0 0.0 0.0 0.0 0.0 0.0 0.0 0.0 0.0 0.0 1.0 0.0 0.0 0.0 0.0 0.0 0.0 0.0 0.0 0.0 0.0 0.0 0.0 0.0 0.0 0.0 0.0 0.0 0.0 0.0 0.0 0.0 0.0 0.0 0.0 0.0 0.0 0.0 0.0 0.0 0.0 0.0
-8.62697 -12.40768 -13.86792 -15.0785 -16.39968 -11.79588 -14.74409 -13.20597 -8.29771 -3.01195 2 2 2 0 0 0 1 0 0 0 0 0 0 1 0 0 0 1 0 0 0 2 3 9 8 2 3 1 3 0 1 0 1 0 1 0 1 0 0 0 0 1 0 0 0 0 1 0 0 0 0 1 0 0 1 0 0 1 0 8 9 8 10 9 10 0.45 0 0 0 1 0 2 4 7 1 3 0 2 8 0.0 0.0 1.0 8.0 0.444444444444 18.0 0.0 0.0 0.0 0.0 0.0 0.0 0.0 0.0 0.0 1.0 0.0 0.0 0.0 0.0 0.0 0.0 0.0 0.0 0.0 0.0 0.0 0.0 0.0 0.0 0.0 0.0 0.0 0.0 0.0 0.0 0.0 0.0 0.0 0.0 0.0 0.0 0.0 0.0 0.0 0.0 0.0 0.0 0.0 0.0 0.0 0.0 0.0 0.0 0.0 0.0 0.0 0.0 0.0 0.0 0.0 0.0 0.0 0.0 0.0 0.0
3.77402 1.01584 -8.80126 -23.93037 -27.91116 -28.08633 -25.34811 -29.02886 -33.07434 -25.99661 2 2 2 0 0 1 0 0 0 0 0 0 1 0 1 0 0 0 0 0 0 2 3 8 9 2 3 0 4 0 1 0 1 1 0 0 1 0 0 0 0 1 0 0 0 0 1 0 0 0 0 1 0 0 1 0 0 0 1 9 8 9 9 10 9 0.5 0 0 1 0 0 536 1 4 1 4 0 11 13 0.0 0.0 1.0 9.0 0.5 18.0 0.0 0.0 0.0 0.0 0.0 0.0 0.0 0.0 0.0 0.0 0.0 1.0 0.0 0.0 0.0 0.0 0.0 0.0 0.0 0.0 0.0 0.0 0.0 0.0 0.0 0.0 0.0 0.0 0.0 0.0 0.0 0.0 0.0 0.0 0.0 0.0 0.0 0.0 0.0 0.0 0.0 0.0 0.0 0.0 0.0 0.0 0.0 0.0 0.0 0.0 0.0 0.0 0.0 0.0 0.0 0.0 0.0 0.0 0.0 0.0
-11.67777 -4.32728 -1.62908 -0.88984 -5.62285 -14.22892 -14.84089 -15.37326 -12.72176 -4.5608 2 2 2 1 0 0 0 0 0 0 0 1 0 0 0 0 0 1 0 0 0 2 2 7 10 2 2 4 5 1 0 0 1 0 1 0 1 0 0 0 0 1 0 0 0 0 1 0 0 0 0 0 1 0 1 0 0 1 0 10 7 10 8 11 8 0.55 1 0 0 0 0 941 1 4 1 4 1 10 29 0.0 0.0 1.0 10.0 0.555555555556 18.0 0.0 0.0 0.0 0.0 0.0 0.0 0.0 0.0 0.0 0.0 0.0 1.0 0.0 0.0 0.0 0.0 0.0 0.0 0.0 0.0 0.0 0.0 0.0 0.0 0.0 0.0 0.0 0.0 0.0 0.0 0.0 0.0 0.0 0.0 0.0 0.0 0.0 0.0 0.0 0.0 0.0 0.0 0.0 0.0 0.0 0.0 0.0 0.0 0.0 0.0 0.0 0.0 0.0 0.0 0.0 0.0 0.0 0.0 0.0 0.0
6.46069 16.03695 28.02885 46.34603 43.10956 14.59561 -7.10361 -7.48566 -4.0312 2.20785 2 2 2 0 0 1 0 0 1 0 0 0 0 0 0 0 0 1 0 0 0 3 2 6 11 3 2 3 0 0 1 1 0 0 1 0 1 0 0 0 0 1 0 0 0 0 1 0 0 0 0 1 0 0 0 1 0 1 0 11 6 11 7 12 7 0.6 0 0 1 0 0 2459 1 4 1 4 2 23 3 0.0 0.0 1.0 11.0 0.611111111111 18.0 0.0 0.0 0.0 0.0 0.0 0.0 0.0 0.0 0.0 0.0 0.0 1.0 0.0 0.0 0.0 0.0 0.0 0.0 0.0 0.0 0.0 0.0 0.0 0.0 0.0 0.0 0.0 0.0 0.0 0.0 0.0 0.0 0.0 0.0 0.0 0.0 0.0 0.0 0.0 0.0 0.0 0.0 0.0 0.0 0.0 0.0 0.0 0.0 0.0 0.0 0.0 0.0 0.0 0.0 0.0 0.0 0.0 0.0 0.0 0.0
8.4132 -1.72913 -7.73582 -24.02112 -32.65351 -21.17834 -14.04841 9.46771 22.10711 24.62824 2 2 2 0 0 1 0 0 0 0 0 1 0 0 0 0 0 0 0 1 0 3 2 5 12 3 2 2 1 0 1 0 1 0 1 0 1 0 0 0 0 1 0 0 0 0 1 0 0 0 0 1 0 0 1 0 0 1 0 12 5 12 6 13 6 0.65 0 0 1 0 0 268 1 1 9 5 0 8 34 0.0 0.0 1.0 12.0 0.666666666667 18.0 0.0 0.0 0.0 0.0 0.0 0.0 0.0 0.0 0.0 0.0 1.0 0.0 0.0 0.0 1.0 0.0 0.0 0.0 0.0 1.0 0.0 0.0 0.0 0.0 0.0 0.0 0.0 0.0 0.0 0.0 0.0 0.0 0.0 0.0 0.0 0.0 0.0 0.0 0.0 0.0 0.0 0.0 0.0 0.0 0.0 0.0 0.0 0.0 0.0 0.0 0.0 0.0 0.0 0.0 0.0 0.0 0.0 0.0 0.0 0.0
18.6767 17.21675 8.97103 6.34945 -10.77427 -7.47561 4.56157 7.97255 2.79186 -7.3014 2 2 2 0 0 0 0 1 0 0 0 1 0 0 0 0 1 0 0 0 0 3 2 4 13 3 2 1 2 0 1 0 1 0 1 0 1 0 0 0 0 1 0 0 0 0 1 0 0 0 0 1 0 0 1 0 0 1 0 13 4 13 5 14 5 0.7 0 0 0 0 1 914 9 1 7 6 0 13 8 0.0 0.0 1.0 13.0 0.722222222222 18.0 0.0 0.0 0.0 0.0 0.0 0.0 0.0 0.0 0.0 0.0 0.0 0.0 0.0 0.0 0.0 0.0 0.0 0.0 0.0 0.0 0.0 0.0 0.0 0.0 0.0 0.0 0.0 1.0 0.0 0.0 0.0 0.0 0.0 0.0 0.0 0.0 0.0 0.0 0.0 0.0 0.0 0.0 0.0 0.0 0.0 0.0 0.0 0.0 0.0 0.0 0.0 0.0 0.0 0.0 0.0 0.0 0.0 0.0 0.0 0.0
-14.77648 -14.90755 -18.45237 -12.76246 -17.81146 -22.6932 -7.08267 6.38028 4.46829 17.74441 2 2 2 0 1 0 0 0 0 0 0 0 0 1 1 0 0 0 0 0 0 3 2 3 14 3 2 0 3 0 1 0 1 1 0 0 1 0 0 0 0 1 0 0 0 0 1 0 0 0 0 1 0 0 1 0 0 0 1 14 3 14 4 15 4 0.75 0 1 0 0 0 588 9 1 7 6 1 2 13 0.0 0.0 1.0 14.0 0.777777777778 18.0 0.0 0.0 0.0 0.0 0.0 0.0 0.0 0.0 0.0 0.0 0.0 0.0 0.0 0.0 0.0 0.0 0.0 0.0 0.0 0.0 0.0 0.0 0.0 0.0 0.0 0.0 0.0 1.0 0.0 0.0 0.0 0.0 0.0 0.0 0.0 0.0 0.0 0.0 0.0 0.0 0.0 0.0 0.0 0.0 0.0 0.0 0.0 0.0 0.0 0.0 0.0 0.0 0.0 0.0 0.0 0.0 0.0 0.0 0.0 0.0
24.57484 31.56334 32.31376 47.9662 47.19656 35.69243 40.33788 36.89773 43.78579 37.98844 2 2 2 1 0 0 0 0 0 0 1 0 0 0 1 0 0 0 0 0 0 3 1 2 15 3 1 0 4 1 0 0 1 1 0 0 1 0 0 0 0 1 0 0 0 0 1 0 0 0 0 0 1 0 1 0 0 0 1 15 2 15 3 16 3 0.8 1 0 0 0 0 572 7 9 0 7 0 15 15 0.0 0.0 1.0 15.0 0.833333333333 18.0 1.0 0.0 0.0 0.0 0.0 0.0 0.0 0.0 0.0 0.0 0.0 0.0 0.0 0.0 0.0 0.0 0.0 0.0 1.0 0.0 0.0 0.0 0.0 0.0 0.0 0.0 1.0 0.0 0.0 0.0 0.0 0.0 0.0 0.0 0.0 1.0 0.0 0.0 0.0 0.0 0.0 0.0 0.0 0.0 0.0 0.0 0.0 0.0 0.0 0.0 0.0 0.0 0.0 0.0 0.0 0.0 0.0 0.0 0.0 0.0
40.20907 45.38722 44.66852 65.3708 54.00469 55.83085 58.07907 63.07356 56.86694 34.5773 2 2 2 1 0 0 0 0 1 0 0 0 0 0 0 0 0 0 1 0 0 4 0 1 16 4 0 1 0 1 0 1 0 0 1 0 1 0 0 0 0 1 0 0 0 0 0 0 0 1 0 0 1 0 0 1 0 1 0 16 1 16 2 17 2 0.85 1 0 0 0 0 429 7 9 0 7 1 11 13 0.0 0.0 1.0 16.0 0.888888888889 18.0 1.0 0.0 0.0 0.0 0.0 0.0 0.0 0.0 0.0 0.0 0.0 0.0 0.0 0.0 0.0 0.0 0.0 0.0 1.0 0.0 0.0 0.0 0.0 0.0 0.0 0.0 1.0 0.0 0.0 0.0 0.0 0.0 0.0 0.0 0.0 1.0 0.0 0.0 0.0 0.0 0.0 0.0 0.0 0.0 0.0 0.0 0.0 0.0 0.0 0.0 0.0 0.0 0.0 0.0 0.0 0.0 0.0 0.0 0.0 0.0
20.49059 17.49541 8.3021 -9.28233 -20.14805 -6.23371 -26.9044 -47.23163 -45.8942 -34.55469 2 2 0 0 0 0 1 0 1 0 0 0 0 0 0 1 0 0 0 0 0 5 0 0 17 5 0 0 0 0 1 1 0 0 1 0 0 0 0 1 0 1 0 0 0 1 0 0 0 0 0 1 0 0 0 1 1 0 0 17 0 17 1 18 1 0.9 0 0 0 1 0 4 7 9 0 7 2 20 8 0.0 0.0 1.0 17.0 0.944444444444 18.0 1.0 0.0 0.0 0.0 0.0 0.0 0.0 0.0 0.0 0.0 0.0 0.0 0.0 0.0 0.0 0.0 0.0 0.0 1.0 0.0 0.0 0.0 0.0 0.0 0.0 0.0 1.0 0.0 0.0 0.0 0.0 0.0 0.0 0.0 0.0 1.0 0.0 0.0 0.0 0.0 0.0 0.0 0.0 0.0 0.0 0.0 0.0 0.0 0.0 0.0 0.0 0.0 0.0 0.0 0.0 0.0 0.0 0.0 0.0 0.0
