22.97 22.699 21.369 17.528 14.933 13.269 11.771 10.417 8.769 -5.497 2 0 2 1 0 0 0 0 0 1 0 0 0 0 1 0 0 0 0 0 0 0 6 16 0 0 6 0 0 1 0 0 1 1 0 137.9185 134.459 0 137.9185 0 1 0 0 0 1 0 0 0 0 0 1 0 0 0 0 0 1 1 0 0 0 0 1 0 16 0 17 1 8 0.1 1 0 0 0 0 2155 5
-50.903 -51.141 -12.987 -1.367 -4.014 -7.29 -7.58 -5.487 -2.213 -9.825 2 2 2 1 0 0 0 0 1 0 0 0 0 0 1 0 0 0 0 0 0 0 5 15 1 0 5 0 0 1 0 1 0 1 0 136.83749 137.9185 137.9185 136.83749 0 1 0 0 0 0 1 0 0 0 0 1 0 0 0 0 0 1 0 0 1 0 0 1 1 15 1 16 2 7 0.2 1 0 0 0 0 2155 5
-65.789 -77.013 -10.824 13.41 14.985 15.9 19.751 25.373 29.415 21.836 2 2 2 1 0 0 0 0 1 0 0 0 0 0 1 0 0 0 0 0 0 1 4 14 2 1 4 0 0 1 0 1 0 1 0 135.7565 136.83749 136.83749 135.7565 0 1 0 0 0 0 1 0 0 0 0 1 0 0 0 0 0 1 0 0 1 0 0 1 2 14 2 15 3 6 0.3 1 0 0 0 0 2155 5
-28.38 -32.565 24.938 42.419 41.583 42.695 44.39 46.248 47.84 35.427 2 2 2 1 0 0 0 0 1 0 0 0 0 0 0 0 0 0 1 0 0 2 3 13 3 2 3 1 0 1 0 1 0 0 1 134.216 135.7565 135.7565 134.216 0 1 0 0 0 0 1 0 0 0 0 1 0 0 0 0 0 1 0 0 1 0 1 0 3 13 3 14 4 5 0.4 1 0 0 0 0 2155 5
11.051 8.229 -18.492 -46.636 -57.665 -63.034 -62.982 -62.085 -59.824 -56.95 2 2 2 0 0 0 1 0 1 0 0 0 0 0 1 0 0 0 0 0 0 3 3 12 4 3 3 0 0 0 1 1 0 1 0 129.054 134.216 134.216 129.054 0 1 0 0 0 0 1 0 0 0 0 1 0 0 0 0 1 0 0 0 1 0 0 1 4 12 4 13 5 4 0.5 0 0 0 1 0 2 4
-53.625 -44.875 -39.824 2.659 50.188 55.832 63.009 72.935 82.738 77.986 2 2 2 1 0 0 0 0 0 0 0 0 1 0 0 0 0 0 0 1 0 3 2 11 5 3 2 1 1 1 0 0 1 0 1 132.054 129.054 129.054 132.054 0 1 0 0 0 0 1 0 0 0 0 1 0 0 0 0 0 1 0 1 0 0 1 0 5 11 5 12 6 3 0.6 1 0 0 0 0 755 5
0.395 -17.109 4.078 31.784 45.888 38.106 2.107 -42.038 -58.726 -56.879 2 2 2 0 0 0 0 1 1 0 0 0 0 0 1 0 0 0 0 0 0 4 2 10 6 4 2 0 0 0 1 1 0 1 0 126.892 132.054 132.054 126.892 0 1 0 0 0 0 1 0 0 0 0 1 0 0 0 0 1 0 0 0 1 0 0 1 6 10 6 11 7 2 0.7 0 0 0 0 1 668 5
-39.399 -10.5 9.446 -0.106 -7.742 -8.24 -8.562 -9.791 -10.65 21.332 2 2 2 1 0 0 0 0 0 0 0 0 0 1 0 0 0 1 0 0 0 4 1 9 7 4 1 7 1 1 0 0 1 0 1 129.892 126.892 126.892 129.892 0 1 0 0 0 0 1 0 0 0 0 1 0 0 0 0 0 1 0 1 0 0 1 0 7 9 7 10 8 1 0.8 1 0 0 0 0 263 5
14.736 12.262 6.718 -20.822 -34.353 -36.887 -30.915 -10.415 13.326 14.775 2 2 2 0 0 1 0 0 1 0 0 0 0 0 0 0 0 1 0 0 0 5 1 8 8 5 1 6 0 0 1 1 0 0 1 0 129.892 129.892 0 0 1 0 0 0 0 1 0 0 0 0 1 0 0 0 0 1 0 0 0 1 0 1 0 8 8 8 9 1 9 0.091 0 0 1 0 0 258 12
6.669 11.858 24.054 30.529 22.87 8.48 -0.689 -0.666 5.037 16.692 2 2 2 0 0 1 0 0 0 0 0 1 0 0 0 0 1 0 0 0 0 5 1 7 9 5 1 5 1 0 1 0 1 0 1 0 0 0 0 0 1 0 0 0 0 1 0 0 0 0 1 0 0 0 0 1 0 0 1 0 0 1 0 9 7 9 8 2 8 0.182 0 0 1 0 0 258 12
33.406 31.092 34.825 50.48 43.36 -11.982 -39.578 -44.917 -45.081 -44.313 2 2 2 0 1 0 0 0 0 0 0 1 0 0 0 0 0 0 1 0 0 5 1 6 10 5 1 4 2 0 1 0 1 0 1 0 0 0 0 0 1 0 0 0 0 1 0 0 0 0 1 0 0 0 0 1 0 0 1 0 0 1 0 10 6 10 7 3 7 0.273 0 1 0 0 0 673 8
-40.068 -35.88 -27.959 -27.217 -28.81 -30.418 -32.264 -31.265 -27.048 -16.747 2 2 2 0 0 0 1 0 0 0 1 0 0 0 0 0 0 0 0 1 0 5 1 5 11 5 1 3 3 0 1 0 1 0 1 0 0 0 0 0 1 0 0 0 0 1 0 0 0 0 1 0 0 0 0 1 0 0 1 0 0 1 0 11 5 11 6 4 6 0.364 0 0 0 1 0 4 10
-6.393 16.508 41.188 66.295 91.961 116.636 120.684 94.584 37.829 -10.442 2 2 2 0 0 0 0 1 0 0 0 0 1 0 0 0 0 1 0 0 0 5 1 4 12 5 1 2 4 0 1 0 1 0 1 0 0 0 0 0 1 0 0 0 0 1 0 0 0 0 1 0 0 0 0 1 0 0 1 0 0 1 0 12 4 12 5 5 5 0.455 0 0 0 0 1 133 6
-24.244 -31.472 -37.726 -42.013 -46.498 -50.217 -50.425 -45.61 -40.725 -32.844 2 2 2 0 0 1 0 0 0 0 0 0 0 1 0 0 0 0 0 1 0 5 1 3 13 5 1 1 5 0 1 0 1 0 1 0 0 0 0 0 1 0 0 0 0 1 0 0 0 0 1 0 0 0 0 1 0 0 1 0 0 1 0 13 3 13 4 6 4 0.545 0 0 1 0 0 41 6
-23.574 -15.144 -7.867 -1.515 0.621 -1.915 -3.458 -2.284 0.44 5.44 2 2 2 0 0 0 0 1 0 0 0 1 0 0 1 0 0 0 0 0 0 5 1 2 14 5 1 0 6 0 1 0 1 1 0 118.243 0 0 118.243 0 1 0 0 0 0 1 0 0 0 0 1 0 0 0 0 1 0 0 1 0 0 0 1 14 2 14 3 7 3 0.636 0 0 0 0 1 20 7
17.335 32.201 43.658 44.188 38.541 32.959 27.757 22.048 17.2 13.338 2 2 2 1 0 0 0 0 0 0 0 0 0 1 0 0 0 0 0 1 0 5 0 1 15 5 0 1 7 1 0 0 1 0 1 121.243 118.243 118.243 121.243 0 1 0 0 0 0 1 0 0 0 0 0 0 1 0 0 0 1 0 1 0 0 1 0 15 1 15 2 8 2 0.727 1 0 0 0 0 877 5
7.99 3.316 4.41 1.435 -17.235 -52.375 -82.154 -84.677 9.992 60.294 2 2 0 0 0 0 0 1 1 0 0 0 0 0 0 1 0 0 0 0 0 6 0 0 16 6 0 0 0 0 1 1 0 0 1 110 121.243 121.243 0 0 0 0 1 0 0 1 0 0 0 1 0 0 0 0 0 1 0 0 0 1 1 0 0 16 0 16 1 9 1 0.818 0 0 0 0 1 822 5
