257.199475815 257.68583455 258.646198476 260.056179668 261.879985824 264.071344678 266.574698693 269.326638882 272.257540338 275.293356783 2 0 2 0 0 1 0 0 0 1 0 0 0 0 0 0 0 0 0 1 0 0 3 17 0 0 3 5 0 0 1 0 1 0 1 0 130 0 0 0 1 0 0 0 1 0 0 0 0 0 1 0 0 0 0 1 0 1 0 0 0 1 0 0 17 0 18 1 18 0.05 0 0 1 0 0 313 8
278.35752732 281.372945601 284.263940002 286.958213108 289.388689836 291.495225944 293.226132266 294.539474871 295.404117162 295.800476714 2 2 2 0 0 0 0 1 0 0 0 1 0 0 0 0 0 0 0 1 0 0 3 16 1 0 3 4 1 0 1 0 1 0 1 0 0 0 0 0 1 0 0 0 0 1 0 0 0 0 1 0 0 0 0 1 0 0 1 0 0 1 0 1 16 1 17 2 17 0.1 0 0 0 0 1 1552 8
295.720977106 295.170182992 294.164615006 292.732249478 290.911716263 288.751215949 286.307185126 283.642745095 280.825975173 277.92805642 2 2 2 0 0 0 0 1 0 0 0 0 0 1 0 0 0 1 0 0 0 0 3 15 2 0 3 3 2 0 1 0 1 0 1 0 0 0 0 0 1 0 0 0 0 1 0 0 0 0 1 0 0 0 0 1 0 0 1 0 0 1 0 2 15 2 16 3 16 0.15 0 0 0 0 1 44 12
275.021335181 272.177358 269.464930372 266.948251278 264.685173559 262.725637011 261.110316605 259.869522667 259.022383275 258.576331716 2 2 2 0 0 1 0 0 0 0 0 0 0 1 0 0 0 0 0 1 0 0 3 14 3 0 3 2 3 0 1 0 1 0 1 0 0 0 0 0 1 0 0 0 0 1 0 0 0 0 1 0 0 0 0 1 0 0 1 0 0 1 0 3 14 3 15 4 15 0.2 0 0 1 0 0 52 12
258.526913833 258.857921585 259.541850509 260.540670079 261.806887573 263.284878083 264.912446041 266.622577234 268.345334911 270.009849409 2 2 2 0 0 0 0 1 0 0 0 1 0 0 0 0 0 0 0 1 0 0 3 13 4 0 3 1 4 0 1 0 1 0 1 0 0 0 0 0 1 0 0 0 0 1 0 0 0 0 1 0 0 0 0 1 0 0 1 0 0 1 0 4 13 4 14 5 14 0.25 0 0 0 0 1 1033 11
271.546347869 272.888169134 273.97370887 274.748241362 275.165567298 275.189440986 274.794735961 273.968314486 272.709574 271.030651905 2 2 2 0 0 0 0 1 0 0 0 0 0 1 1 0 0 0 0 0 0 0 3 12 5 0 3 0 5 0 1 0 1 1 0 128.33299 0 0 128.33299 0 1 0 0 0 0 1 0 0 0 0 1 0 0 0 0 1 0 0 1 0 0 0 1 5 12 5 13 6 13 0.3 0 0 0 0 1 95 11
268.956278969 266.523280857 263.779736656 260.783812462 257.60229692 254.308873864 250.98217457 247.703658544 244.55537691 241.617676338 2 2 2 1 0 0 0 0 0 0 0 0 0 1 0 0 1 0 0 0 0 0 2 11 6 0 2 1 6 1 0 0 1 0 1 131.33299 128.33299 128.33299 131.33299 0 1 0 0 0 0 1 0 0 0 0 1 0 0 0 0 0 1 0 1 0 0 1 0 6 11 6 12 7 12 0.35 1 0 0 0 0 2499 11
238.96690378 236.673173157 234.798254403 233.393642938 232.498863873 232.140059908 232.328905316 233.061880621 234.319933785 236.06854419 2 2 2 0 1 0 0 0 1 0 0 0 0 0 1 0 0 0 0 0 0 1 2 10 7 1 2 0 0 0 1 1 0 1 0 126.282 131.33299 131.33299 126.282 0 1 0 0 0 0 1 0 0 0 0 1 0 0 0 0 1 0 0 0 1 0 0 1 7 10 7 11 8 11 0.4 0 1 0 0 0 1896 11
238.258195578 240.825253747 243.693234343 246.774435889 249.971903495 253.181679671 256.295290701 259.202410173 261.793635834 263.96331199 2 2 2 1 0 0 0 0 0 0 1 0 0 0 0 0 0 0 0 1 0 1 1 9 8 1 1 8 1 1 0 0 1 0 1 129.282 126.282 126.282 129.282 0 1 0 0 0 0 1 0 0 0 0 1 0 0 0 0 0 1 0 1 0 0 1 0 8 9 8 10 9 10 0.45 1 0 0 0 0 1158 11
265.612327389 266.650817961 267.000704938 266.598001846 265.394828447 263.36107593 260.485675353 256.777430298 252.265384771 246.998708297 2 2 2 0 0 0 0 1 1 0 0 0 0 0 0 0 1 0 0 0 0 2 1 8 9 2 1 7 0 0 1 1 0 0 1 0 129.282 129.282 0 0 1 0 0 0 0 1 0 0 0 0 1 0 0 0 0 1 0 0 0 1 0 1 0 9 8 9 9 10 9 0.5 0 0 0 0 1 2408 11
241.046091677 234.494658707 227.448411021 220.026234837 212.359509451 204.589367584 196.863666839 189.333739403 182.150993466 175.463444479 2 2 2 0 1 0 0 0 0 0 0 0 0 1 0 0 0 1 0 0 0 2 1 7 10 2 1 6 1 0 1 0 1 0 1 0 0 0 0 0 1 0 0 0 0 1 0 0 0 0 1 0 0 0 0 1 0 0 1 0 0 1 0 10 7 10 8 11 8 0.55 0 1 0 0 0 229 11
169.412257186 164.12838033 159.729354848 156.316373422 153.97166436 152.756266116 152.708250377 153.841441885 156.14467202 159.581591151 2 2 2 0 0 1 0 0 0 0 1 0 0 0 0 0 1 0 0 0 0 2 1 6 11 2 1 5 2 0 1 0 1 0 1 0 0 0 0 0 1 0 0 0 0 1 0 0 0 0 1 0 0 0 0 1 0 0 1 0 0 1 0 11 6 11 7 12 7 0.6 0 0 1 0 0 330 11
164.091051902 169.58806227 175.965294174 183.095119852 190.832135867 199.016122699 207.475377128 216.030345295 224.497476592 232.693212536 2 2 2 0 1 0 0 0 0 0 0 1 0 0 0 0 0 0 0 1 0 2 1 5 12 2 1 4 3 0 1 0 1 0 1 0 0 0 0 0 1 0 0 0 0 1 0 0 0 0 1 0 0 0 0 1 0 0 1 0 0 1 0 12 5 12 6 13 6 0.65 0 1 0 0 0 187 11
240.438020851 247.560383007 253.900643688 259.314633003 263.676976681 266.884015966 268.856267234 269.540361402 268.91041468 266.968794925 2 2 2 0 0 0 0 1 0 0 1 0 0 0 0 0 0 0 0 1 0 2 1 4 13 2 1 3 4 0 1 0 1 0 1 0 0 0 0 0 1 0 0 0 0 1 0 0 0 0 1 0 0 0 0 1 0 0 1 0 0 1 0 13 4 13 5 14 5 0.7 0 0 0 0 1 219 11
263.746261491 259.301470707 253.719853618 247.111887109 239.610793583 231.369717691 222.558440931 213.359705879 203.965231177 194.571505946 2 2 2 0 0 0 0 1 0 0 0 0 0 1 0 0 0 0 1 0 0 2 1 3 14 2 1 2 5 0 1 0 1 0 1 0 0 0 0 0 1 0 0 0 0 1 0 0 0 0 1 0 0 0 0 1 0 0 1 0 0 1 0 14 3 14 4 15 4 0.75 0 0 0 0 1 146 11
185.375457828 176.570092223 168.340201458 160.858241469 154.280470219 148.743436468 144.360899905 141.221254069 139.385512294 138.885904247 2 2 2 0 0 0 1 0 0 0 0 0 0 1 0 0 0 1 0 0 0 2 1 2 15 2 1 1 6 0 1 0 1 0 1 0 0 0 0 0 1 0 0 0 0 1 0 0 0 0 1 0 0 0 0 1 0 0 1 0 0 1 0 15 2 15 3 16 3 0.8 0 0 0 1 0 2 9
139.725116817 141.8761985 145.283131328 149.862059116 155.503145779 162.073022993 169.417772897 177.366379191 185.734569111 194.328959679 2 2 2 0 0 1 0 0 0 0 0 0 1 0 1 0 0 0 0 0 0 2 1 1 16 2 1 0 7 0 1 0 1 1 0 117.051 0 0 117.051 0 1 0 0 0 0 1 0 0 0 0 0 0 1 0 0 1 0 0 1 0 0 0 1 16 1 16 2 17 2 0.85 0 0 1 0 0 376 5
202.951414526 211.403512582 219.491027233 227.028314159 233.842508023 239.777432424 244.697134002 248.488960079 251.066109608 252.369599176 2 2 0 1 0 0 0 0 0 0 0 1 0 0 0 1 0 0 0 0 0 2 0 0 17 2 0 0 8 1 0 0 1 0 1 120.051 117.051 117.051 0 0 0 0 1 0 0 1 0 0 0 1 0 0 0 0 0 0 1 0 1 0 1 0 0 17 0 17 1 18 1 0.9 1 0 0 0 0 310 5
