0.92495 -4.9861 -0.65893 0.7169 12.23526 26.34242 31.75449 25.1463 18.2191 7.68877 1 0 2 0 0 1 0 0 0 1 0 0 0 0 1 0 0 0 0 0 0 0 1 4 0 0 1 0 0 0 1 0 1 1 0 0 1 0 0 0 1 0 0 0 0 0 1 0 0 0 0 1 0 1 0 0 0 0 1 0 4 0 5 1 5 0.143 0 0 1 0 0 54 9 0 7 0 0 0 12 7 8 0 0 0.0 0.0 4.0 0.0 0.0 5.0 0.0 1.0 0.0 0.0 0.0 0.0 0.0 0.0 0.0 0.0 0.0 0.0 0.0 0.0 0.0 0.0 0.0 0.0 0.0 0.0 0.0 0.0 0.0 0.0 0.0 0.0 0.0 0.0 0.0 0.0 0.0 0.0 0.0 0.0 0.0 0.0 1.0 0.0 0.0 0.0 0.0 0.0 0.0 0.0 0.0 0.0 0.0 0.0 0.0 0.0 0.0 0.0 0.0 0.0 0.0 0.0 0.0 0.0 0.0 0.0
22.17492 19.75255 16.9969 18.88371 22.09952 31.72127 30.71596 37.4272 41.74999 38.39601 2 1 2 1 0 0 0 0 0 0 0 1 0 0 0 0 0 0 0 1 0 0 0 3 1 0 0 17 1 1 0 0 1 0 1 0 1 0 0 0 0 1 0 0 0 0 1 0 0 0 0 0 1 0 1 0 0 1 0 1 3 1 4 2 4 0.286 1 0 0 0 0 404 7 9 1 1 0 13 13 2 0 0 0 0.0 0.0 4.0 1.0 0.2 5.0 0.0 0.0 1.0 0.0 0.0 0.0 0.0 0.0 1.0 0.0 0.0 0.0 0.0 0.0 0.0 1.0 1.0 0.0 0.0 0.0 0.0 0.0 0.0 0.0 0.0 0.0 0.0 0.0 0.0 0.0 0.0 0.0 0.0 0.0 0.0 0.0 0.0 0.0 0.0 0.0 0.0 0.0 0.0 0.0 0.0 0.0 0.0 0.0 0.0 0.0 0.0 0.0 0.0 0.0 0.0 0.0 0.0 0.0 0.0 0.0
20.10879 8.63966 -3.64989 -6.34591 -17.39794 -22.71747 -22.99289 -26.52965 -27.27949 -17.45882 2 2 2 0 0 0 0 1 1 0 0 0 0 0 0 0 0 1 0 0 0 1 0 2 2 1 0 16 0 0 1 1 0 0 1 0 1 0 0 0 0 1 0 0 0 0 1 0 0 0 0 1 0 0 0 1 0 1 0 2 2 2 3 3 3 0.429 0 0 0 0 1 44 7 9 1 1 1 4 26 6 3 0 0 0.0 0.0 4.0 2.0 0.4 5.0 0.0 0.0 1.0 0.0 0.0 0.0 0.0 0.0 1.0 0.0 0.0 0.0 0.0 0.0 0.0 1.0 1.0 0.0 0.0 0.0 0.0 0.0 0.0 0.0 0.0 0.0 0.0 0.0 0.0 0.0 0.0 0.0 0.0 0.0 0.0 0.0 0.0 0.0 0.0 0.0 0.0 0.0 0.0 0.0 0.0 0.0 0.0 0.0 0.0 0.0 0.0 0.0 0.0 0.0 0.0 0.0 0.0 0.0 0.0 0.0
-14.54534 -13.3758 -4.6387 6.54212 17.49898 8.17442 -7.66094 -17.20591 -20.9265 -6.29612 2 2 2 0 0 1 0 0 0 0 0 0 0 1 0 0 1 0 0 0 0 1 0 1 3 1 0 15 1 0 1 0 1 0 1 0 1 0 0 0 0 1 0 0 0 0 0 0 1 0 0 1 0 0 1 0 0 1 0 3 1 3 2 4 2 0.571 0 0 1 0 0 50 1 7 7 2 0 15 15 2 1 3 0 0.0 0.0 4.0 3.0 0.6 5.0 0.0 0.0 0.0 0.0 0.0 0.0 0.0 0.0 0.0 0.0 0.0 0.0 0.0 0.0 0.0 0.0 0.0 1.0 0.0 0.0 0.0 0.0 0.0 0.0 0.0 0.0 0.0 0.0 0.0 0.0 0.0 0.0 0.0 0.0 0.0 0.0 0.0 0.0 0.0 0.0 0.0 0.0 0.0 0.0 0.0 0.0 0.0 0.0 0.0 0.0 0.0 0.0 0.0 0.0 0.0 0.0 0.0 0.0 0.0 0.0
9.35699 20.09533 9.7549 -22.49575 -42.68071 -45.49903 -34.27946 -63.84777 -72.25206 -53.96431 2 2 2 0 1 0 0 0 0 0 0 1 0 0 0 0 0 0 0 1 0 1 0 0 4 1 0 14 2 0 1 0 1 0 1 0 0 0 1 0 0 1 0 0 0 0 1 0 0 0 0 1 0 0 1 0 0 1 0 4 0 4 1 5 1 0.714 0 1 0 0 0 260 1 7 7 2 1 18 13 2 0 0 0 0.0 0.0 4.0 4.0 0.8 5.0 0.0 0.0 0.0 0.0 0.0 0.0 0.0 0.0 0.0 0.0 0.0 0.0 0.0 0.0 0.0 0.0 0.0 1.0 0.0 0.0 0.0 0.0 0.0 0.0 0.0 0.0 0.0 0.0 0.0 0.0 0.0 0.0 0.0 0.0 0.0 0.0 0.0 0.0 0.0 0.0 0.0 0.0 0.0 0.0 0.0 0.0 0.0 0.0 0.0 0.0 0.0 0.0 0.0 0.0 0.0 0.0 0.0 0.0 0.0 0.0
154.04099 131.32899 111.48777 110.891 111.21957 113.42522 106.84177 82.8477 50.17221 37.24065 2 2 2 0 0 0 0 1 0 0 1 0 0 0 0 0 0 0 0 1 0 0 0 3 0 0 0 13 3 0 1 0 1 0 1 0 1 0 0 0 0 0 0 1 0 0 1 0 0 0 0 1 0 0 1 0 0 1 0 0 3 0 4 1 4 0.167 0 0 0 0 1 373 7 1 8 3 0 16 24 6 0 0 0 1.0 0.25 4.0 0.0 0.0 4.0 0.0 0.0 0.0 1.0 0.0 0.0 0.0 0.0 0.0 0.0 0.0 0.0 0.0 0.0 0.0 0.0 1.0 0.0 0.0 0.0 1.0 0.0 0.0 0.0 0.0 0.0 0.0 0.0 0.0 0.0 0.0 0.0 0.0 0.0 0.0 0.0 0.0 0.0 0.0 0.0 0.0 0.0 0.0 0.0 0.0 0.0 0.0 0.0 0.0 0.0 0.0 0.0 0.0 0.0 0.0 0.0 0.0 0.0 0.0 0.0
15.57186 6.42788 -8.54624 -8.1452 -16.11294 -25.35733 -27.76796 -24.2026 -22.99395 -20.46418 2 2 2 0 0 0 0 1 0 0 0 0 0 1 0 0 0 1 0 0 0 0 0 2 1 0 0 12 4 0 1 0 1 0 1 0 1 0 0 0 0 1 0 0 0 0 1 0 0 0 0 1 0 0 1 0 0 1 0 1 2 1 3 2 3 0.333 0 0 0 0 1 44 8 7 1 4 0 4 26 6 3 0 0 1.0 0.25 4.0 1.0 0.25 4.0 0.0 0.0 0.0 0.0 0.0 0.0 0.0 0.0 0.0 0.0 0.0 0.0 0.0 0.0 0.0 0.0 0.0 0.0 0.0 0.0 0.0 1.0 0.0 0.0 0.0 0.0 0.0 0.0 0.0 0.0 0.0 0.0 0.0 0.0 0.0 0.0 0.0 0.0 0.0 0.0 0.0 0.0 0.0 0.0 0.0 0.0 0.0 0.0 0.0 0.0 0.0 0.0 0.0 0.0 0.0 0.0 0.0 0.0 0.0 0.0
-26.68405 -25.94685 -14.02508 -10.84627 -19.58889 -23.11219 -25.07252 -34.5096 -34.21618 -29.34069 2 2 2 0 0 1 0 0 0 0 0 0 0 1 0 0 0 0 0 1 0 0 0 1 2 0 0 11 5 0 1 0 1 0 1 0 1 0 0 0 0 1 0 0 0 0 0 0 1 0 0 1 0 0 1 0 0 1 0 2 1 2 2 3 2 0.5 0 0 1 0 0 2459 1 8 7 5 0 23 3 1 3 0 0 1.0 0.25 4.0 2.0 0.5 4.0 0.0 0.0 0.0 0.0 0.0 0.0 0.0 0.0 0.0 0.0 0.0 0.0 0.0 0.0 0.0 0.0 0.0 1.0 0.0 0.0 0.0 0.0 0.0 0.0 0.0 0.0 0.0 0.0 0.0 0.0 0.0 0.0 0.0 0.0 0.0 0.0 0.0 0.0 0.0 0.0 0.0 0.0 0.0 0.0 0.0 0.0 0.0 0.0 0.0 0.0 0.0 0.0 0.0 0.0 0.0 0.0 0.0 0.0 0.0 0.0
-43.36581 -32.30661 -7.51237 -23.19993 -41.80038 -57.11795 -73.15611 -108.94107 -133.77902 -131.301 2 2 2 0 0 0 0 1 0 0 0 1 0 0 0 0 0 1 0 0 0 0 0 0 3 0 0 10 6 0 1 0 1 0 1 0 0 0 1 0 0 1 0 0 0 0 1 0 0 0 0 1 0 0 1 0 0 1 0 3 0 3 1 4 1 0.667 0 0 0 0 1 1496 1 8 7 5 1 2 35 3 4 5 0 1.0 0.25 4.0 3.0 0.75 4.0 0.0 0.0 0.0 0.0 0.0 0.0 0.0 0.0 0.0 0.0 0.0 0.0 0.0 0.0 0.0 0.0 0.0 1.0 0.0 0.0 0.0 0.0 0.0 0.0 0.0 0.0 0.0 0.0 0.0 0.0 0.0 0.0 0.0 0.0 0.0 0.0 0.0 0.0 0.0 0.0 0.0 0.0 0.0 0.0 0.0 0.0 0.0 0.0 0.0 0.0 0.0 0.0 0.0 0.0 0.0 0.0 0.0 0.0 0.0 0.0
21.91501 26.57902 24.57402 28.01302 33.46301 28.83971 21.77871 18.97221 28.5209 29.98146 2 2 2 0 0 1 0 0 0 0 0 0 0 1 0 0 0 0 1 0 0 0 0 9 0 0 0 9 7 0 1 0 1 0 1 0 1 0 0 0 0 0 0 1 0 0 1 0 0 0 0 1 0 0 1 0 0 1 0 0 9 0 10 1 4 0.167 0 0 1 0 0 1878 7 1 1 6 0 6 5 1 4 5 0 2.0 0.5 4.0 0.0 0.0 4.0 0.0 0.0 1.0 1.0 0.0 0.0 0.0 0.0 0.0 0.0 0.0 0.0 0.0 0.0 0.0 0.0 1.0 0.0 0.0 0.0 0.0 0.0 0.0 0.0 0.0 0.0 0.0 0.0 0.0 0.0 0.0 0.0 0.0 0.0 0.0 0.0 0.0 0.0 0.0 0.0 0.0 0.0 0.0 0.0 0.0 0.0 0.0 0.0 0.0 0.0 0.0 0.0 0.0 0.0 0.0 0.0 0.0 0.0 0.0 0.0
46.65172 54.38336 54.58328 61.53239 66.88966 64.72587 59.29436 49.92776 43.5661 35.13082 2 2 2 0 0 0 1 0 0 0 0 1 0 0 0 0 0 1 0 0 0 0 0 8 1 0 0 8 8 0 1 0 1 0 1 0 1 0 0 0 0 1 0 0 0 0 1 0 0 0 0 1 0 0 1 0 0 1 0 1 8 1 9 2 3 0.333 0 0 0 1 0 16 7 1 1 6 1 16 8 7 0 0 0 2.0 0.5 4.0 1.0 0.25 4.0 0.0 0.0 1.0 1.0 0.0 0.0 0.0 0.0 0.0 0.0 0.0 0.0 0.0 0.0 0.0 0.0 1.0 0.0 0.0 0.0 0.0 0.0 0.0 0.0 0.0 0.0 0.0 0.0 0.0 0.0 0.0 0.0 0.0 0.0 0.0 0.0 0.0 0.0 0.0 0.0 0.0 0.0 0.0 0.0 0.0 0.0 0.0 0.0 0.0 0.0 0.0 0.0 0.0 0.0 0.0 0.0 0.0 0.0 0.0 0.0
10.92989 4.43458 4.30815 6.23591 -1.13497 -6.3357 -1.15239 -3.10677 -5.68174 -21.31642 2 2 2 0 0 1 0 0 0 0 0 0 1 0 0 0 0 1 0 0 0 0 0 7 2 0 0 7 9 0 1 0 1 0 1 0 1 0 0 0 0 1 0 0 0 0 1 0 0 0 0 1 0 0 1 0 0 1 0 2 7 2 8 3 2 0.5 0 0 1 0 0 253 1 7 7 7 0 10 35 3 4 5 0 2.0 0.5 4.0 2.0 0.5 4.0 0.0 0.0 0.0 0.0 0.0 0.0 0.0 0.0 0.0 0.0 0.0 0.0 0.0 0.0 0.0 0.0 0.0 1.0 0.0 0.0 0.0 0.0 0.0 0.0 0.0 0.0 0.0 0.0 0.0 0.0 0.0 0.0 0.0 0.0 0.0 0.0 0.0 0.0 0.0 0.0 0.0 0.0 0.0 0.0 0.0 0.0 0.0 0.0 0.0 0.0 0.0 0.0 0.0 0.0 0.0 0.0 0.0 0.0 0.0 0.0
-36.29427 -35.10715 -33.39694 -21.47995 -18.91564 -21.52609 -24.78641 -28.62501 -41.65037 -50.88079 2 2 2 0 0 1 0 0 0 0 0 1 0 0 0 0 1 0 0 0 0 0 0 6 3 0 0 6 10 0 1 0 1 0 1 0 1 0 0 0 0 1 0 0 0 0 1 0 0 0 0 1 0 0 1 0 0 1 0 3 6 3 7 4 1 0.667 0 0 1 0 0 977 1 7 7 7 1 8 13 2 0 0 0 2.0 0.5 4.0 3.0 0.75 4.0 0.0 0.0 0.0 0.0 0.0 0.0 0.0 0.0 0.0 0.0 0.0 0.0 0.0 0.0 0.0 0.0 0.0 1.0 0.0 0.0 0.0 0.0 0.0 0.0 0.0 0.0 0.0 0.0 0.0 0.0 0.0 0.0 0.0 0.0 0.0 0.0 0.0 0.0 0.0 0.0 0.0 0.0 0.0 0.0 0.0 0.0 0.0 0.0 0.0 0.0 0.0 0.0 0.0 0.0 0.0 0.0 0.0 0.0 0.0 0.0
-56.22175 -52.351 -50.268 -38.883 -16.54533 2.72535 5.10324 5.18469 0.54152 -5.89236 2 2 2 0 1 0 0 0 0 0 0 1 0 0 0 0 0 0 0 1 0 0 0 5 4 0 0 5 11 0 1 0 1 0 1 0 1 0 0 0 0 1 0 0 0 0 1 0 0 0 0 1 0 0 1 0 0 1 0 4 5 4 6 1 6 0.125 0 1 0 0 0 1549 7 1 1 8 0 13 32 6 1 4 5 3.0 0.75 4.0 0.0 0.0 6.0 0.0 0.0 0.0 1.0 0.0 0.0 0.0 0.0 0.0 0.0 0.0 0.0 0.0 0.0 0.0 0.0 1.0 0.0 0.0 0.0 0.0 0.0 0.0 0.0 0.0 0.0 0.0 0.0 0.0 0.0 0.0 0.0 0.0 0.0 0.0 0.0 0.0 0.0 0.0 0.0 0.0 0.0 0.0 0.0 0.0 0.0 0.0 0.0 0.0 0.0 0.0 0.0 0.0 0.0 0.0 0.0 0.0 0.0 0.0 0.0
-20.99796 -21.00965 -19.90649 -16.06436 -11.39923 3.34535 25.42883 32.77892 38.84101 46.81677 2 2 2 0 0 0 0 1 0 0 1 0 0 0 0 0 0 0 0 1 0 0 0 4 5 0 0 4 12 0 1 0 1 0 1 0 1 0 0 0 0 1 0 0 0 0 1 0 0 0 0 1 0 0 1 0 0 1 0 5 4 5 5 2 5 0.25 0 0 0 0 1 356 1 7 4 9 0 11 13 2 0 0 0 3.0 0.75 4.0 1.0 0.166666666667 6.0 0.0 0.0 0.0 0.0 0.0 0.0 0.0 0.0 0.0 0.0 0.0 0.0 0.0 0.0 0.0 0.0 0.0 1.0 0.0 0.0 0.0 0.0 0.0 0.0 0.0 0.0 0.0 0.0 0.0 0.0 0.0 0.0 0.0 0.0 0.0 0.0 0.0 0.0 0.0 0.0 0.0 0.0 0.0 0.0 0.0 0.0 0.0 0.0 0.0 0.0 0.0 0.0 0.0 0.0 0.0 0.0 0.0 0.0 0.0 0.0
24.08972 30.19052 36.97 45.21851 43.72478 41.93776 55.13027 55.24414 47.9497 30.27897 2 2 2 0 0 0 0 1 0 0 0 0 0 1 0 0 0 0 1 0 0 0 0 3 6 0 0 3 13 0 1 0 1 0 1 0 1 0 0 0 0 1 0 0 0 0 1 0 0 0 0 1 0 0 1 0 0 1 0 6 3 6 4 3 4 0.375 0 0 0 0 1 471 1 7 4 9 1 5 18 2 7 0 0 3.0 0.75 4.0 2.0 0.333333333333 6.0 0.0 0.0 0.0 0.0 0.0 0.0 0.0 0.0 0.0 0.0 0.0 0.0 0.0 0.0 0.0 0.0 0.0 1.0 0.0 0.0 0.0 0.0 0.0 0.0 0.0 0.0 0.0 0.0 0.0 0.0 0.0 0.0 0.0 0.0 0.0 0.0 0.0 0.0 0.0 0.0 0.0 0.0 0.0 0.0 0.0 0.0 0.0 0.0 0.0 0.0 0.0 0.0 0.0 0.0 0.0 0.0 0.0 0.0 0.0 0.0
20.37416 12.3168 13.34245 17.84068 14.59211 11.48173 16.27208 13.49358 9.66122 0.58592 2 2 2 0 0 0 1 0 0 0 0 0 0 1 0 0 0 1 0 0 0 0 0 2 7 0 0 2 14 0 1 0 1 0 1 0 1 0 0 0 0 1 0 0 0 0 1 0 0 0 0 1 0 0 1 0 0 1 0 7 2 7 3 4 3 0.5 0 0 0 1 0 2 4 1 1 10 0 2 8 7 0 0 0 3.0 0.75 4.0 3.0 0.5 6.0 0.0 0.0 0.0 0.0 0.0 0.0 0.0 0.0 0.0 1.0 0.0 0.0 0.0 0.0 0.0 0.0 0.0 0.0 0.0 0.0 0.0 0.0 0.0 0.0 0.0 0.0 0.0 0.0 0.0 0.0 0.0 0.0 0.0 0.0 0.0 0.0 0.0 0.0 0.0 0.0 0.0 0.0 0.0 0.0 0.0 0.0 0.0 0.0 0.0 0.0 0.0 0.0 0.0 0.0 0.0 0.0 0.0 0.0 0.0 0.0
-3.26391 -3.98017 3.41859 1.8551 -2.32116 -1.22263 -0.94739 -7.09173 -9.47184 -11.71093 2 2 2 0 0 1 0 0 0 0 0 0 1 0 0 0 0 0 1 0 0 0 0 1 8 0 0 1 15 0 1 0 1 0 1 0 1 0 0 0 0 1 0 0 0 0 0 0 0 1 0 1 0 0 1 0 0 1 0 8 1 8 2 5 2 0.625 0 0 1 0 0 6 1 4 0 11 0 21 10 7 4 0 0 3.0 0.75 4.0 4.0 0.666666666667 6.0 1.0 0.0 0.0 0.0 0.0 0.0 0.0 0.0 0.0 0.0 0.0 0.0 0.0 0.0 1.0 0.0 0.0 0.0 0.0 0.0 0.0 0.0 0.0 0.0 0.0 0.0 0.0 0.0 0.0 0.0 0.0 0.0 0.0 0.0 0.0 0.0 0.0 1.0 0.0 0.0 0.0 0.0 0.0 0.0 0.0 0.0 0.0 0.0 0.0 0.0 0.0 0.0 0.0 0.0 0.0 0.0 0.0 0.0 0.0 0.0
4.63936 2.23487 -7.29759 -10.511 -21.25857 -19.6597 -10.02182 -6.50693 -3.63328 2.88811 2 2 0 0 0 0 1 0 0 0 0 1 0 0 0 1 0 0 0 0 0 0 0 0 9 0 0 0 16 0 1 0 1 0 1 0 0 0 0 1 0 1 0 0 0 1 0 0 0 0 0 1 0 0 1 0 1 0 0 9 0 9 1 6 1 0.75 0 0 0 1 0 23 1 4 0 11 1 18 10 7 4 0 0 3.0 0.75 4.0 5.0 0.833333333333 6.0 1.0 0.0 0.0 0.0 0.0 0.0 0.0 0.0 0.0 0.0 0.0 0.0 0.0 0.0 1.0 0.0 0.0 0.0 0.0 0.0 0.0 0.0 0.0 0.0 0.0 0.0 0.0 0.0 0.0 0.0 0.0 0.0 0.0 0.0 0.0 0.0 0.0 1.0 0.0 0.0 0.0 0.0 0.0 0.0 0.0 0.0 0.0 0.0 0.0 0.0 0.0 0.0 0.0 0.0 0.0 0.0 0.0 0.0 0.0 0.0
