10.622 12.75 10.833 9.321 7.657 13.576 23.241 20.236 28.221 34.502 2 0 2 0 1 0 0 0 0 1 0 0 0 0 1 0 0 0 0 0 0 0 5 16 0 0 5 0 0 0 1 0 1 1 0 0 1 0 0 0 1 0 0 0 0 0 1 0 0 0 0 1 0 1 0 0 0 0 1 0 16 0 17 1 8 0.1 0 1 0 0 0 24 11 0 1 0 0 23 13 0.0 0.0 2.0 0.0 0.0 8.0 0.0 0.0 0.0 0.0 0.0 0.0 0.0 0.0 0.0 0.0 0.0 0.0 0.0 0.0 0.0 0.0 0.0 0.0 0.0 0.0 0.0 0.0 0.0 0.0 0.0 0.0 0.0 0.0 0.0 0.0 0.0 1.0 0.0 0.0 0.0 0.0 0.0 0.0 0.0 0.0 0.0 0.0 0.0 0.0 0.0 0.0 0.0 0.0 0.0 0.0 0.0 0.0 0.0 0.0 0.0 0.0 0.0 0.0 0.0 0.0
27.157 21.611 4.22 -3.355 -16.635 -12.07 -0.905 1.701 -2.998 2.487 2 2 1 1 0 0 0 0 0 0 1 0 0 0 0 0 1 0 0 0 0 0 4 15 1 0 4 1 1 1 0 0 1 0 1 0 1 0 0 0 0 1 0 0 0 0 1 0 0 0 0 0 1 0 1 0 0 1 0 1 15 1 16 2 7 0.2 1 0 0 0 0 510 1 11 1 1 0 10 1 0.0 0.0 2.0 1.0 0.125 8.0 0.0 0.0 0.0 0.0 0.0 0.0 0.0 0.0 0.0 0.0 0.0 0.0 0.0 0.0 0.0 0.0 0.0 0.0 0.0 0.0 0.0 0.0 0.0 0.0 0.0 0.0 0.0 0.0 0.0 1.0 0.0 0.0 0.0 0.0 0.0 0.0 0.0 0.0 0.0 0.0 0.0 0.0 0.0 0.0 0.0 0.0 0.0 0.0 0.0 0.0 0.0 0.0 0.0 0.0 0.0 0.0 0.0 0.0 0.0 0.0
17.932 23.708 22.946 28.174 35.93 42.547 52.974 53.373 57.816 49.225 1 2 2 0 1 0 0 0 1 0 0 0 0 0 1 0 0 0 0 0 0 1 4 14 2 1 4 0 0 0 1 1 0 1 0 0 1 0 0 0 0 1 0 0 0 0 1 0 0 0 0 1 0 0 0 1 0 0 1 2 14 2 15 3 6 0.3 0 1 0 0 0 134 1 11 1 1 1 0 12 0.0 0.0 2.0 2.0 0.25 8.0 0.0 0.0 0.0 0.0 0.0 0.0 0.0 0.0 0.0 0.0 0.0 0.0 0.0 0.0 0.0 0.0 0.0 0.0 0.0 0.0 0.0 0.0 0.0 0.0 0.0 0.0 0.0 0.0 0.0 1.0 0.0 0.0 0.0 0.0 0.0 0.0 0.0 0.0 0.0 0.0 0.0 0.0 0.0 0.0 0.0 0.0 0.0 0.0 0.0 0.0 0.0 0.0 0.0 0.0 0.0 0.0 0.0 0.0 0.0 0.0
29.346 42.617 45.65 32.703 21.834 21.081 15.763 17.718 5.29 6.846 2 1 2 1 0 0 0 0 0 0 1 0 0 0 1 0 0 0 0 0 0 1 3 13 3 1 3 0 1 1 0 0 1 1 0 0 1 0 0 0 0 1 0 0 0 0 1 0 0 0 0 0 1 0 1 0 0 0 1 3 13 3 14 4 5 0.4 1 0 0 0 0 1508 1 11 1 1 2 1 20 0.0 0.0 2.0 3.0 0.375 8.0 0.0 0.0 0.0 0.0 0.0 0.0 0.0 0.0 0.0 0.0 0.0 0.0 0.0 0.0 0.0 0.0 0.0 0.0 0.0 0.0 0.0 0.0 0.0 0.0 0.0 0.0 0.0 0.0 0.0 1.0 0.0 0.0 0.0 0.0 0.0 0.0 0.0 0.0 0.0 0.0 0.0 0.0 0.0 0.0 0.0 0.0 0.0 0.0 0.0 0.0 0.0 0.0 0.0 0.0 0.0 0.0 0.0 0.0 0.0 0.0
3.98 5.532 7.066 10.576 14.042 15.043 19.566 23.135 22.492 24.2 2 2 2 1 0 0 0 0 1 0 0 0 0 0 0 0 1 0 0 0 0 2 2 12 4 2 2 8 0 1 0 1 0 0 1 0 1 0 0 0 0 1 0 0 0 0 1 0 0 0 0 0 1 0 0 1 0 1 0 4 12 4 13 5 4 0.5 1 0 0 0 0 904 1 1 3 2 0 1 21 0.0 0.0 2.0 4.0 0.5 8.0 0.0 0.0 0.0 0.0 0.0 0.0 0.0 0.0 0.0 0.0 0.0 1.0 0.0 0.0 0.0 0.0 0.0 0.0 0.0 0.0 0.0 0.0 0.0 0.0 0.0 0.0 0.0 0.0 1.0 0.0 0.0 0.0 0.0 0.0 0.0 0.0 0.0 0.0 0.0 0.0 0.0 0.0 0.0 0.0 0.0 0.0 0.0 0.0 0.0 0.0 0.0 0.0 0.0 0.0 0.0 0.0 0.0 0.0 0.0 0.0
26.626 25.697 27.083 28.457 32.686 26.632 31.571 15.681 8.524 6.379 2 2 2 0 1 0 0 0 1 0 0 0 0 0 0 0 0 0 0 1 0 3 2 11 5 3 2 7 0 0 1 1 0 0 1 0 1 0 0 0 0 1 0 0 0 0 1 0 0 0 0 1 0 0 0 1 0 1 0 5 11 5 12 6 3 0.6 0 1 0 0 0 658 1 1 3 2 1 15 37 0.0 0.0 2.0 5.0 0.625 8.0 0.0 0.0 0.0 0.0 0.0 0.0 0.0 0.0 0.0 0.0 0.0 1.0 0.0 0.0 0.0 0.0 0.0 0.0 0.0 0.0 0.0 0.0 0.0 0.0 0.0 0.0 0.0 0.0 1.0 0.0 0.0 0.0 0.0 0.0 0.0 0.0 0.0 0.0 0.0 0.0 0.0 0.0 0.0 0.0 0.0 0.0 0.0 0.0 0.0 0.0 0.0 0.0 0.0 0.0 0.0 0.0 0.0 0.0 0.0 0.0
11.7 -2.209 -7.279 -6.801 -8.674 3.132 13.628 29.178 29.74 39.944 2 2 2 0 0 0 0 1 0 0 1 0 0 0 0 0 0 0 0 1 0 3 2 10 6 3 2 6 1 0 1 0 1 0 1 0 1 0 0 0 0 1 0 0 0 0 1 0 0 0 0 1 0 0 1 0 0 1 0 6 10 6 11 7 2 0.7 0 0 0 0 1 14 3 1 1 3 0 2 1 0.0 0.0 2.0 6.0 0.75 8.0 0.0 0.0 0.0 0.0 0.0 0.0 0.0 1.0 0.0 0.0 0.0 0.0 0.0 0.0 0.0 0.0 0.0 0.0 0.0 0.0 0.0 0.0 0.0 0.0 0.0 0.0 0.0 0.0 0.0 0.0 0.0 0.0 0.0 0.0 0.0 0.0 0.0 0.0 0.0 0.0 0.0 0.0 0.0 0.0 0.0 0.0 0.0 0.0 0.0 0.0 0.0 0.0 0.0 0.0 0.0 0.0 0.0 0.0 0.0 0.0
31.948 29.078 28.823 25.366 21.422 42.007 59.003 78.21 81.602 81.431 2 2 2 0 0 0 0 1 0 0 0 0 0 1 0 0 0 0 0 1 0 3 2 9 7 3 2 5 2 0 1 0 1 0 1 0 1 0 0 0 0 1 0 0 0 0 1 0 0 0 0 1 0 0 1 0 0 1 0 7 9 7 10 8 1 0.8 0 0 0 0 1 356 1 3 7 4 0 11 13 0.0 0.0 2.0 7.0 0.875 8.0 0.0 0.0 0.0 0.0 0.0 0.0 1.0 0.0 0.0 0.0 1.0 0.0 0.0 0.0 0.0 0.0 0.0 0.0 0.0 0.0 0.0 0.0 0.0 0.0 0.0 0.0 0.0 0.0 0.0 1.0 1.0 0.0 0.0 0.0 0.0 0.0 0.0 0.0 0.0 0.0 0.0 0.0 0.0 0.0 0.0 0.0 0.0 0.0 0.0 0.0 0.0 0.0 0.0 0.0 0.0 0.0 0.0 0.0 0.0 0.0
35.754 40.079 47.74 63.839 75.396 81.497 73.05 49.534 25.298 0.271 2 2 2 0 0 0 0 1 0 0 0 0 0 1 0 0 0 1 0 0 0 3 2 8 8 3 2 4 3 0 1 0 1 0 1 0 1 0 0 0 0 1 0 0 0 0 1 0 0 0 0 1 0 0 1 0 0 1 0 8 8 8 9 1 9 0.091 0 0 0 0 1 471 1 3 7 4 1 5 18 1.0 0.5 2.0 0.0 0.0 9.0 0.0 0.0 0.0 0.0 0.0 0.0 1.0 0.0 0.0 0.0 1.0 0.0 0.0 0.0 0.0 0.0 0.0 0.0 0.0 0.0 0.0 0.0 0.0 0.0 0.0 0.0 0.0 0.0 0.0 1.0 1.0 0.0 0.0 0.0 0.0 0.0 0.0 0.0 0.0 0.0 0.0 0.0 0.0 0.0 0.0 0.0 0.0 0.0 0.0 0.0 0.0 0.0 0.0 0.0 0.0 0.0 0.0 0.0 0.0 0.0
-22.31 -23.23 -23.012 -18.582 -21.04 -28.886 -27.165 -29.973 -43.159 -51.337 2 2 2 0 0 1 0 0 0 0 0 0 0 1 0 0 0 0 0 1 0 3 2 7 9 3 2 3 4 0 1 0 1 0 1 0 1 0 0 0 0 1 0 0 0 0 1 0 0 0 0 1 0 0 1 0 0 1 0 9 7 9 8 2 8 0.182 0 0 1 0 0 17 7 1 1 5 0 22 9 1.0 0.5 2.0 1.0 0.111111111111 9.0 0.0 0.0 0.0 0.0 0.0 0.0 0.0 0.0 1.0 0.0 0.0 0.0 0.0 0.0 0.0 1.0 1.0 0.0 0.0 0.0 0.0 0.0 0.0 0.0 0.0 0.0 0.0 0.0 1.0 0.0 0.0 0.0 0.0 0.0 0.0 0.0 0.0 0.0 0.0 0.0 0.0 0.0 0.0 0.0 0.0 0.0 0.0 0.0 0.0 0.0 0.0 0.0 0.0 0.0 0.0 0.0 0.0 0.0 0.0 0.0
-53.822 -43.15 -38.994 -35.56 -35.095 -29.11 -23.829 -16.042 -10.703 -12.51 2 2 2 0 0 0 0 1 0 0 0 1 0 0 0 0 1 0 0 0 0 3 2 6 10 3 2 2 5 0 1 0 1 0 1 0 1 0 0 0 0 1 0 0 0 0 1 0 0 0 0 1 0 0 1 0 0 1 0 10 6 10 7 3 7 0.273 0 0 0 0 1 166 1 7 4 6 0 2 2 1.0 0.5 2.0 2.0 0.222222222222 9.0 0.0 0.0 0.0 0.0 0.0 0.0 0.0 0.0 0.0 0.0 0.0 0.0 0.0 0.0 0.0 0.0 0.0 1.0 0.0 0.0 0.0 0.0 0.0 0.0 0.0 0.0 0.0 0.0 0.0 0.0 0.0 0.0 0.0 0.0 0.0 0.0 0.0 0.0 0.0 0.0 0.0 0.0 0.0 0.0 0.0 0.0 0.0 0.0 0.0 0.0 0.0 0.0 0.0 0.0 0.0 0.0 0.0 0.0 0.0 0.0
2.03 8.346 2.164 3.325 -5.264 -6.686 -48.552 -43.011 -20.081 -11.012 2 2 2 0 1 0 0 0 0 0 0 0 0 1 0 0 0 0 1 0 0 3 2 5 11 3 2 1 6 0 1 0 1 0 1 0 1 0 0 0 0 1 0 0 0 0 1 0 0 0 0 1 0 0 1 0 0 1 0 11 5 11 6 4 6 0.364 0 1 0 0 0 142 1 7 4 6 1 1 15 1.0 0.5 2.0 3.0 0.333333333333 9.0 0.0 0.0 0.0 0.0 0.0 0.0 0.0 0.0 0.0 0.0 0.0 0.0 0.0 0.0 0.0 0.0 0.0 1.0 0.0 0.0 0.0 0.0 0.0 0.0 0.0 0.0 0.0 0.0 0.0 0.0 0.0 0.0 0.0 0.0 0.0 0.0 0.0 0.0 0.0 0.0 0.0 0.0 0.0 0.0 0.0 0.0 0.0 0.0 0.0 0.0 0.0 0.0 0.0 0.0 0.0 0.0 0.0 0.0 0.0 0.0
-3.268 3.408 12.222 11.029 13.712 17.554 18.738 27.026 26.815 19.078 2 2 2 0 0 0 1 0 0 0 1 0 0 0 1 0 0 0 0 0 0 3 2 4 12 3 2 0 7 0 1 0 1 1 0 0 1 0 0 0 0 1 0 0 0 0 1 0 0 0 0 1 0 0 1 0 0 0 1 12 4 12 5 5 5 0.455 0 0 0 1 0 2 4 1 1 7 0 2 8 1.0 0.5 2.0 4.0 0.444444444444 9.0 0.0 0.0 0.0 0.0 0.0 0.0 0.0 0.0 0.0 1.0 0.0 0.0 0.0 0.0 0.0 0.0 0.0 0.0 0.0 0.0 0.0 0.0 0.0 0.0 0.0 0.0 0.0 0.0 0.0 0.0 0.0 0.0 0.0 0.0 0.0 0.0 0.0 0.0 0.0 0.0 0.0 0.0 0.0 0.0 0.0 0.0 0.0 0.0 0.0 0.0 0.0 0.0 0.0 0.0 0.0 0.0 0.0 0.0 0.0 0.0
20.779 17.955 18.257 15.132 23.911 25.727 26.136 19.282 17.467 16.075 2 2 2 1 0 0 0 0 0 0 0 0 1 0 1 0 0 0 0 0 0 3 1 3 13 3 1 0 8 1 0 0 1 1 0 0 1 0 0 0 0 1 0 0 0 0 1 0 0 0 0 0 1 0 1 0 0 0 1 13 3 13 4 6 4 0.545 1 0 0 0 0 904 1 4 1 8 0 1 21 1.0 0.5 2.0 5.0 0.555555555556 9.0 0.0 0.0 0.0 0.0 0.0 0.0 0.0 0.0 0.0 0.0 0.0 1.0 0.0 0.0 0.0 0.0 0.0 0.0 0.0 0.0 0.0 0.0 0.0 0.0 0.0 0.0 0.0 0.0 0.0 0.0 0.0 0.0 0.0 0.0 0.0 0.0 0.0 0.0 0.0 0.0 0.0 0.0 0.0 0.0 0.0 0.0 0.0 0.0 0.0 0.0 0.0 0.0 0.0 0.0 0.0 0.0 0.0 0.0 0.0 0.0
12.478 4.98 11.832 5.509 9.869 9.018 6.459 8.658 8.255 4.221 2 2 2 1 0 0 0 0 1 0 0 0 0 0 0 0 1 0 0 0 0 4 0 2 14 4 0 2 0 1 0 1 0 0 1 0 1 0 0 0 0 1 0 0 0 0 1 0 0 0 0 0 1 0 0 1 0 1 0 14 2 14 3 7 3 0.636 1 0 0 0 0 1202 1 4 1 8 1 2 15 1.0 0.5 2.0 6.0 0.666666666667 9.0 0.0 0.0 0.0 0.0 0.0 0.0 0.0 0.0 0.0 0.0 0.0 1.0 0.0 0.0 0.0 0.0 0.0 0.0 0.0 0.0 0.0 0.0 0.0 0.0 0.0 0.0 0.0 0.0 0.0 0.0 0.0 0.0 0.0 0.0 0.0 0.0 0.0 0.0 0.0 0.0 0.0 0.0 0.0 0.0 0.0 0.0 0.0 0.0 0.0 0.0 0.0 0.0 0.0 0.0 0.0 0.0 0.0 0.0 0.0 0.0
18.143 20.297 20.438 13.012 19.311 27.039 37.607 27.815 -10.54 -30.199 2 2 2 0 1 0 0 0 1 0 0 0 0 0 0 0 0 0 0 1 0 5 0 1 15 5 0 1 0 0 1 1 0 0 1 0 1 0 0 0 0 1 0 0 0 0 0 0 0 1 0 1 0 0 0 1 0 1 0 15 1 15 2 8 2 0.727 0 1 0 0 0 658 1 1 0 9 0 15 37 1.0 0.5 2.0 7.0 0.777777777778 9.0 1.0 1.0 0.0 0.0 0.0 0.0 0.0 0.0 0.0 0.0 1.0 0.0 0.0 0.0 1.0 0.0 0.0 0.0 0.0 0.0 0.0 0.0 0.0 0.0 0.0 0.0 0.0 0.0 0.0 0.0 0.0 0.0 0.0 0.0 0.0 0.0 0.0 0.0 0.0 0.0 0.0 0.0 0.0 0.0 0.0 0.0 0.0 0.0 0.0 0.0 0.0 0.0 0.0 0.0 0.0 0.0 0.0 0.0 0.0 0.0
-42.846 -21.159 -10.848 7.033 26.88 21.71 -9.673 -54.726 -85.869 -86.16 2 2 0 0 0 0 0 1 0 0 1 0 0 0 0 1 0 0 0 0 0 5 0 0 16 5 0 0 1 0 1 0 1 0 1 0 0 0 0 1 0 1 0 0 0 1 0 0 0 0 0 1 0 0 1 0 1 0 0 16 0 16 1 9 1 0.818 0 0 0 0 1 1061 1 1 0 9 1 12 24 1.0 0.5 2.0 8.0 0.888888888889 9.0 1.0 1.0 0.0 0.0 0.0 0.0 0.0 0.0 0.0 0.0 1.0 0.0 0.0 0.0 1.0 0.0 0.0 0.0 0.0 0.0 0.0 0.0 0.0 0.0 0.0 0.0 0.0 0.0 0.0 0.0 0.0 0.0 0.0 0.0 0.0 0.0 0.0 0.0 0.0 0.0 0.0 0.0 0.0 0.0 0.0 0.0 0.0 0.0 0.0 0.0 0.0 0.0 0.0 0.0 0.0 0.0 0.0 0.0 0.0 0.0
