242.888917952 242.847790513 242.765860205 242.643774276 242.482498881 242.28331344 242.047803167 241.777849784 241.475620486 241.143555197 2 0 2 0 1 0 0 0 0 1 0 0 0 0 0 0 0 0 0 1 0 0 4 12 0 0 4 1 0 0 1 0 1 0 1 0 130 0 0 0 1 0 0 0 1 0 0 0 0 0 1 0 0 0 0 1 0 1 0 0 0 1 0 0 12 0 13 1 5 0.143 0 1 0 0 0 1237 12
240.78435217 240.400952019 239.996520243 239.574428331 239.138233539 238.691657436 238.238563329 237.782932661 237.328840521 236.880430369 2 2 2 0 0 0 0 1 0 0 1 0 0 0 1 0 0 0 0 0 0 0 4 11 1 0 4 0 1 0 1 0 1 1 0 131.552 0 0 131.552 0 1 0 0 0 0 1 0 0 0 0 1 0 0 0 0 1 0 0 1 0 0 0 1 1 11 1 12 2 4 0.286 0 0 0 0 1 497 12
236.441888113 236.017415663 235.611204101 235.227406599 234.870111234 234.543313834 234.250891005 233.996573483 233.783919953 233.616291481 2 2 2 1 0 0 0 0 0 0 0 0 0 1 0 0 0 1 0 0 0 0 3 10 2 0 3 3 2 1 0 0 1 0 1 134.552 131.552 131.552 134.552 0 1 0 0 0 0 1 0 0 0 0 1 0 0 0 0 0 1 0 1 0 0 1 0 2 10 2 11 3 3 0.429 1 0 0 0 0 595 8
233.496826709 233.428417944 233.413688286 233.454969932 233.554283786 233.7133205 233.933423069 234.215571099 234.560366852 234.968023172 2 2 2 0 0 1 0 0 1 0 0 0 0 0 0 0 1 0 0 0 0 1 3 9 3 1 3 2 0 0 1 1 0 0 1 0 134.552 134.552 0 0 1 0 0 0 0 1 0 0 0 0 1 0 0 0 0 1 0 0 0 1 0 1 0 3 9 3 10 4 2 0.571 0 0 1 0 0 1182 8
235.438353383 235.970763242 236.564245034 237.217373852 237.928306136 238.69478051 239.514120941 240.383242252 241.29865799 242.256490649 2 2 2 0 1 0 0 0 0 0 0 1 0 0 0 0 0 0 0 1 0 1 3 8 4 1 3 1 1 0 1 0 1 0 1 0 0 0 0 0 1 0 0 0 0 1 0 0 0 0 1 0 0 0 0 1 0 0 1 0 0 1 0 4 8 4 9 5 1 0.714 0 1 0 0 0 307 3
243.252484227 244.282019098 245.340129142 246.421521093 247.520596029 248.631472921 249.748014165 250.863852967 251.972422487 253.0669866 2 2 2 0 0 0 0 1 0 0 1 0 0 0 1 0 0 0 0 0 0 1 3 7 5 1 3 0 2 0 1 0 1 1 0 126.034 0 0 126.034 0 1 0 0 0 0 1 0 0 0 0 1 0 0 0 0 1 0 0 1 0 0 0 1 5 7 5 8 1 8 0.1 0 0 0 0 1 1500 3
254.140672142 255.186502488 256.197432308 257.16638332 258.086280885 258.95009124 259.750859189 260.481746055 261.136067695 261.707332364 2 2 2 1 0 0 0 0 0 0 0 0 0 1 1 0 0 0 0 0 0 1 2 6 6 1 2 0 3 1 0 0 1 1 0 129.3445 126.034 126.034 129.3445 0 1 0 0 0 0 1 0 0 0 0 1 0 0 0 0 0 1 0 1 0 0 0 1 6 6 6 7 2 7 0.2 1 0 0 0 0 245 5
262.189278239 262.575910378 262.861536919 263.040804309 263.108731355 263.060741902 262.892695943 262.600918956 262.182229315 261.633963564 2 2 2 1 0 0 0 0 1 0 0 0 0 0 0 0 1 0 0 0 0 2 1 5 7 2 1 1 0 1 0 1 0 0 1 127.655 129.3445 129.3445 127.655 0 1 0 0 0 0 1 0 0 0 0 1 0 0 0 0 0 1 0 0 1 0 1 0 7 5 7 6 3 6 0.3 1 0 0 0 0 334 5
260.953999421 260.140776329 259.193313434 258.111224846 256.894732064 255.544673464 254.062510772 252.450332425 250.710853789 248.847414176 2 2 2 0 1 0 0 0 1 0 0 0 0 0 1 0 0 0 0 0 0 3 1 4 8 3 1 0 0 0 1 1 0 1 0 121.897 127.655 127.655 121.897 0 1 0 0 0 0 1 0 0 0 0 1 0 0 0 0 1 0 0 0 1 0 0 1 8 4 8 5 4 5 0.4 0 1 0 0 0 786 5
246.863970646 244.765088591 242.5559291 240.242233159 237.830302711 235.326978665 232.739615915 230.076055495 227.344593972 224.553950216 2 2 2 1 0 0 0 0 0 0 1 0 0 0 0 0 0 1 0 0 0 3 0 3 9 3 0 3 1 1 0 0 1 0 1 124.897 121.897 121.897 124.897 0 1 0 0 0 0 1 0 0 0 0 1 0 0 0 0 0 1 0 1 0 0 1 0 9 3 9 4 5 4 0.5 1 0 0 0 0 544 5
221.71322971 218.831886547 215.919683309 212.986649018 210.043035364 207.099271431 204.165917144 201.253615676 198.37304506 195.534869253 2 2 2 0 0 1 0 0 1 0 0 0 0 0 0 0 0 0 0 1 0 4 0 2 10 4 0 2 0 0 1 1 0 0 1 0 124.897 124.897 0 0 1 0 0 0 0 1 0 0 0 0 1 0 0 0 0 1 0 0 0 1 0 1 0 10 2 10 3 6 3 0.6 0 0 1 0 0 859 8
192.749688914 190.027992139 187.380105428 184.816145142 182.345969695 179.979132751 177.724837682 175.591893504 173.588672572 171.723070225 2 2 2 0 0 0 0 1 0 0 0 1 0 0 0 0 0 1 0 0 0 4 0 1 11 4 0 1 1 0 1 0 1 0 1 0 0 0 0 0 1 0 0 0 0 1 0 0 0 0 0 0 1 0 0 1 0 0 1 0 0 1 0 11 1 11 2 7 2 0.7 0 0 0 0 1 153 5
170.002466625 168.433690991 167.022988418 165.775989478 164.697682751 163.792390458 163.063747308 162.514682698 162.147406349 161.963397464 2 2 0 0 0 1 0 0 0 0 0 0 0 1 0 1 0 0 0 0 0 4 0 0 12 4 0 0 2 0 1 0 1 0 1 110 0 0 0 0 0 0 1 0 0 1 0 0 0 1 0 0 0 0 0 1 0 0 1 0 1 0 0 12 0 12 1 8 1 0.8 0 0 1 0 0 262 5
