287.467317905 287.299175241 286.963625468 286.462136161 285.796899858 284.97082352 283.987514566 282.851263539 281.567023513 280.140386319 2 0 2 1 0 0 0 0 0 1 0 0 0 0 0 0 0 1 0 0 0 0 5 16 0 0 5 1 0 1 0 0 1 0 1 137.444 134.444 0 137.444 0 1 0 0 0 1 0 0 0 0 0 1 0 0 0 0 0 1 1 0 0 0 1 0 0 16 0 17 1 9 0.091 1 0 0 0 0 813 5
278.577555735 276.885317758 275.071008112 273.142477163 271.108052413 268.976498753 266.756976694 264.458998771 262.092384342 259.667213018 2 2 2 0 0 1 0 0 1 0 0 0 0 0 1 0 0 0 0 0 0 0 5 15 1 0 5 0 0 0 1 1 0 1 0 132.222 137.444 137.444 132.222 0 1 0 0 0 0 1 0 0 0 0 1 0 0 0 0 1 0 0 0 1 0 0 1 1 15 1 16 2 8 0.182 0 0 1 0 0 1074 5
257.193776939 254.682532157 252.144049352 249.588964135 247.027927186 244.471554469 241.93037778 239.414795863 236.935026349 234.501058736 2 2 2 1 0 0 0 0 0 0 0 1 0 0 0 0 0 1 0 0 0 0 4 14 2 0 4 3 1 1 0 0 1 0 1 135.222 132.222 132.222 135.222 0 1 0 0 0 0 1 0 0 0 0 1 0 0 0 0 0 1 0 1 0 0 1 0 2 14 2 15 3 7 0.273 1 0 0 0 0 135 5
232.122608662 229.809073679 227.569490751 225.412495678 223.346284649 221.378578103 219.516587066 217.766982138 216.135865258 214.628744386 2 2 2 0 0 1 0 0 1 0 0 0 0 0 0 0 1 0 0 0 0 1 4 13 3 1 4 2 0 0 1 1 0 0 1 0 135.222 135.222 0 0 1 0 0 0 0 1 0 0 0 0 1 0 0 0 0 1 0 0 0 1 0 1 0 3 13 3 14 4 6 0.364 0 0 1 0 0 269 5
213.250511222 212.005422051 210.897081797 209.928431367 209.101738319 208.418590884 207.879895376 207.485876962 207.236083793 207.129394445 2 2 2 0 1 0 0 0 0 0 0 1 0 0 0 0 0 1 0 0 0 1 4 12 4 1 4 1 1 0 1 0 1 0 1 0 0 0 0 0 1 0 0 0 0 1 0 0 0 0 1 0 0 0 0 1 0 0 1 0 0 1 0 4 12 4 13 5 5 0.455 0 1 0 0 0 66 12
207.164028622 207.337561044 207.646938449 208.088499579 208.657998062 209.350628036 210.161052379 211.083433386 212.111465717 213.238411445 2 2 2 0 0 1 0 0 0 0 1 0 0 0 1 0 0 0 0 0 0 1 4 11 5 1 4 0 2 0 1 0 1 1 0 127.778 0 0 127.778 0 1 0 0 0 0 1 0 0 0 0 1 0 0 0 0 1 0 0 1 0 0 0 1 5 11 5 12 6 4 0.545 0 0 1 0 0 275 14
214.457136999 215.760151811 217.139648458 218.587544077 220.095522839 221.655079253 223.257562078 224.8942186 226.556239055 228.234800962 2 2 2 1 0 0 0 0 0 0 0 1 0 0 0 0 0 0 0 1 0 1 3 10 6 1 3 1 3 1 0 0 1 0 1 130.778 127.778 127.778 130.778 0 1 0 0 0 0 1 0 0 0 0 1 0 0 0 0 0 1 0 1 0 0 1 0 6 10 6 11 7 3 0.636 1 0 0 0 0 64 11
229.921113136 231.606459163 233.282240097 234.940016186 236.5715474 238.168832558 239.724146873 241.230077721 242.67955845 244.065900094 2 2 2 0 0 0 0 1 1 0 0 0 0 0 1 0 0 0 0 0 0 2 3 9 7 2 3 0 0 0 1 1 0 1 0 125.556 130.778 130.778 125.556 0 1 0 0 0 0 1 0 0 0 0 1 0 0 0 0 1 0 0 0 1 0 0 1 7 9 7 10 8 2 0.727 0 0 0 0 1 2451 11
245.382820807 246.624472911 247.78546741 248.860895872 249.846349582 250.737935887 251.532291664 252.226593867 252.81856712 253.306488337 2 2 1 1 0 0 0 0 0 0 0 0 0 1 0 0 0 1 0 0 0 2 2 8 8 2 2 4 1 1 0 0 1 0 1 128.556 125.556 125.556 128.556 0 1 0 0 0 0 1 0 0 0 0 1 0 0 0 0 0 1 0 1 0 0 1 0 8 8 8 9 9 1 0.818 1 0 0 0 0 906 11
253.689188374 253.966050718 254.137007264 254.202531204 254.163627108 254.021818267 253.779131396 253.438078792 253.001638075 252.473229645 1 2 2 0 0 1 0 0 1 0 0 0 0 0 0 0 0 1 0 0 0 3 2 7 9 3 2 3 0 0 1 1 0 0 1 0 128.556 128.556 0 0 1 0 0 0 0 1 0 0 0 0 1 0 0 0 0 1 0 0 0 1 0 1 0 9 7 9 8 1 1 0.333 0 0 1 0 0 1534 11
251.85669199 251.156255005 250.376511482 249.52238695 248.59910804 247.612169561 246.567300495 245.470429088 244.327647259 243.145174515 2 1 2 0 0 1 0 0 0 0 0 1 0 0 0 0 0 0 0 1 0 3 2 6 10 3 2 2 1 0 1 0 1 0 1 0 0 0 0 0 1 0 0 0 0 1 0 0 0 0 1 0 0 0 0 1 0 0 1 0 0 1 0 10 6 10 7 1 4 0.167 0 0 1 0 0 3 6
241.929321595 240.686454037 239.422955872 238.145193661 236.859481065 235.572044142 234.288987575 233.016261992 231.759632581 230.524649151 2 2 2 0 0 0 0 1 0 0 0 1 0 0 0 0 0 1 0 0 0 3 2 5 11 3 2 1 2 0 1 0 1 0 1 0 0 0 0 0 1 0 0 0 0 1 0 0 0 0 1 0 0 0 0 1 0 0 1 0 0 1 0 11 5 11 6 2 3 0.333 0 0 0 0 1 353 8
229.316617798 228.140574335 227.001259618 225.903096885 224.850171248 223.846211401 222.894573672 221.998228457 221.159749125 220.381303413 2 2 2 0 0 1 0 0 0 0 0 0 0 1 1 0 0 0 0 0 0 3 2 4 12 3 2 0 3 0 1 0 1 1 0 120.556 0 0 120.556 0 1 0 0 0 0 1 0 0 0 0 1 0 0 0 0 1 0 0 1 0 0 0 1 12 4 12 5 3 2 0.5 0 0 1 0 0 17 8
219.664647363 219.011121801 218.421651367 217.896746075 217.436505388 217.04062474 216.708404472 216.438761103 216.230240839 216.081035243 2 2 2 1 0 0 0 0 0 0 0 1 0 0 0 0 0 1 0 0 0 3 1 3 13 3 1 1 4 1 0 0 1 0 1 123.556 120.556 120.556 123.556 0 1 0 0 0 0 1 0 0 0 0 1 0 0 0 0 0 1 0 1 0 0 1 0 13 3 13 4 4 1 0.667 1 0 0 0 0 490 11
215.988998939 215.951669244 215.966287583 216.029822552 216.138994484 216.290301344 216.4800458 216.704363294 216.959250933 217.240597019 2 2 2 0 0 1 0 0 1 0 0 0 0 0 1 0 0 0 0 0 0 4 1 2 14 4 1 0 0 0 1 1 0 1 0 118.333 123.556 123.556 118.333 0 1 0 0 0 0 1 0 0 0 0 1 0 0 0 0 1 0 0 0 1 0 0 1 14 2 14 3 1 3 0.2 0 0 1 0 0 839 11
217.544211036 217.865853902 218.201268302 218.546208912 218.896472329 219.247926519 219.596539609 219.938407838 220.269782502 220.587095729 2 2 2 1 0 0 0 0 0 0 0 1 0 0 0 0 0 1 0 0 0 4 0 1 15 4 0 1 1 1 0 0 1 0 1 121.333 118.333 118.333 121.333 0 1 0 0 0 0 1 0 0 0 0 0 0 1 0 0 0 1 0 1 0 0 1 0 15 1 15 2 2 2 0.4 1 0 0 0 0 572 11
220.886984918 221.166315707 221.422203319 221.652032161 221.853473553 222.024501493 222.163406337 222.268806343 222.339656978 222.375257958 2 2 0 0 0 1 0 0 1 0 0 0 0 0 0 1 0 0 0 0 0 5 0 0 16 5 0 0 0 0 1 1 0 0 1 110 121.333 121.333 0 0 0 0 1 0 0 1 0 0 0 1 0 0 0 0 0 1 0 0 0 1 1 0 0 16 0 16 1 3 1 0.6 0 0 1 0 0 731 11
