64.325 64.578 65.082 65.833 66.823 65.167 61.046 63.605 64.9 54.832 2 0 2 1 0 0 0 0 0 1 0 0 0 0 0 0 0 1 0 0 0 0 9 27 0 0 9 2 0 1 0 0 1 0 1 137.661 134.661 0 137.661 0 1 0 0 0 1 0 0 0 0 0 1 0 0 0 0 0 1 1 0 0 0 1 0 0 27 0 28 1 6 0.125 1 0 0 0 0 143 5
37.757 12.086 -25.28 -68.118 -100.148 -108.875 -102.978 -91.771 -76.844 -52.509 2 2 2 0 0 1 0 0 1 0 0 0 0 0 0 0 0 1 0 0 0 0 9 26 1 0 9 1 0 0 1 1 0 0 1 0 137.661 137.661 0 0 1 0 0 0 0 1 0 0 0 0 1 0 0 0 0 1 0 0 0 1 0 1 0 1 26 1 27 2 5 0.25 0 0 1 0 0 200 5
-40.688 -41.724 -41.115 -40.544 -44.211 -69.423 -77.689 -64.84 -43.091 -19.898 2 2 2 0 0 1 0 0 0 0 0 1 0 0 1 0 0 0 0 0 0 0 9 25 2 0 9 0 1 0 1 0 1 1 0 132.627 0 0 132.627 0 1 0 0 0 0 1 0 0 0 0 1 0 0 0 0 1 0 0 1 0 0 0 1 2 25 2 26 3 4 0.375 0 0 1 0 0 665 5
5.563 10.134 12.508 14.878 23.713 30.072 30.347 28.869 26.516 24.247 2 2 2 1 0 0 0 0 0 0 0 1 0 0 1 0 0 0 0 0 0 0 8 24 3 0 8 0 2 1 0 0 1 1 0 136.28799 132.627 132.627 136.28799 0 1 0 0 0 0 1 0 0 0 0 1 0 0 0 0 0 1 0 1 0 0 0 1 3 24 3 25 4 3 0.5 1 0 0 0 0 272 5
30.4 42.164 41.754 38.276 31.303 26.378 24.977 26.745 27.262 17.309 2 2 2 1 0 0 0 0 1 0 0 0 0 0 1 0 0 0 0 0 0 1 7 23 4 1 7 0 0 1 0 1 0 1 0 135.61 136.28799 136.28799 135.61 0 1 0 0 0 0 1 0 0 0 0 1 0 0 0 0 0 1 0 0 1 0 0 1 4 23 4 24 5 2 0.625 1 0 0 0 0 77 5
2.396 9.78 21.309 25.422 12.46 7.852 3.806 3.116 -8.938 -39.512 2 2 2 1 0 0 0 0 1 0 0 0 0 0 1 0 0 0 0 0 0 2 6 22 5 2 6 0 0 1 0 1 0 1 0 134.93201 135.61 135.61 134.93201 0 1 0 0 0 0 1 0 0 0 0 1 0 0 0 0 0 1 0 0 1 0 0 1 5 22 5 23 6 1 0.75 1 0 0 0 0 324 5
42.224 42.158 42.358 42.368 20.089 -6.107 -8.655 -6.99 -5.792 -9.962 2 2 2 1 0 0 0 0 1 0 0 0 0 0 0 0 0 1 0 0 0 3 5 21 6 3 5 3 0 1 0 1 0 0 1 133.593 134.93201 134.93201 133.593 0 1 0 0 0 0 1 0 0 0 0 1 0 0 0 0 0 1 0 0 1 0 1 0 6 21 6 22 1 4 0.167 1 0 0 0 0 80 12
-21.767 -38.748 -48.319 -61.447 -70.533 -68.661 -63.084 -55.363 -49.122 -42.882 2 2 2 0 0 1 0 0 1 0 0 0 0 0 0 0 0 1 0 0 0 4 5 20 7 4 5 2 0 0 1 1 0 0 1 0 133.593 133.593 0 0 1 0 0 0 0 1 0 0 0 0 1 0 0 0 0 1 0 0 0 1 0 1 0 7 20 7 21 2 3 0.333 0 0 1 0 0 52 14
-32.139 -30.527 -36.229 -39.647 -33.469 -26.566 -11.276 28.066 78.087 88.407 2 2 2 0 0 1 0 0 0 0 0 1 0 0 0 0 1 0 0 0 0 4 5 19 8 4 5 1 1 0 1 0 1 0 1 0 0 0 0 0 1 0 0 0 0 1 0 0 0 0 1 0 0 0 0 1 0 0 1 0 0 1 0 8 19 8 20 3 2 0.5 0 0 1 0 0 32 22
69.867 81.022 82.458 36.505 -8.255 -18.921 -23.857 -34.525 -42.314 -43.824 2 2 2 0 1 0 0 0 0 0 0 1 0 0 1 0 0 0 0 0 0 4 5 18 9 4 5 0 2 0 1 0 1 1 0 127.881 0 0 127.881 0 1 0 0 0 0 1 0 0 0 0 1 0 0 0 0 1 0 0 1 0 0 0 1 9 18 9 19 4 1 0.667 0 1 0 0 0 588 22
42.376 54.272 53.524 52.469 51.529 54.79 55.638 51.801 50.245 46.07 2 2 2 1 0 0 0 0 0 0 1 0 0 0 0 0 0 0 0 1 0 4 4 17 10 4 4 2 3 1 0 0 1 0 1 130.881 127.881 127.881 130.881 0 1 0 0 0 0 1 0 0 0 0 1 0 0 0 0 0 1 0 1 0 0 1 0 10 17 10 18 1 2 0.25 1 0 0 0 0 55 8
39.727 35.507 30.718 23.012 -15.854 -54.307 -73.031 -96.863 -123.399 -95.226 2 2 2 0 0 0 0 1 1 0 0 0 0 0 0 0 0 1 0 0 0 5 4 16 11 5 4 1 0 0 1 1 0 0 1 0 130.881 130.881 0 0 1 0 0 0 0 1 0 0 0 0 1 0 0 0 0 1 0 0 0 1 0 1 0 11 16 11 17 2 1 0.5 0 0 0 0 1 1943 8
-23.355 -26.684 -29.909 -33.007 -43.648 -64.719 -63.79 -49.596 -19.53 -10.844 2 2 2 0 0 1 0 0 0 0 0 0 0 1 1 0 0 0 0 0 0 5 4 15 12 5 4 0 1 0 1 0 1 1 0 125.847 0 0 125.847 0 1 0 0 0 0 1 0 0 0 0 1 0 0 0 0 1 0 0 1 0 0 0 1 12 15 12 16 1 6 0.125 0 0 1 0 0 34 1
-5.115 39.328 57.666 57.111 54.563 53.822 55.013 56.84 53.595 19.159 2 2 2 1 0 0 0 0 0 0 0 1 0 0 0 0 0 0 0 1 0 5 3 14 13 5 3 1 2 1 0 0 1 0 1 128.847 125.847 125.847 128.847 0 1 0 0 0 0 1 0 0 0 0 1 0 0 0 0 0 1 0 1 0 0 1 0 13 14 13 15 2 5 0.25 1 0 0 0 0 86 1
4.148 -0.645 -5.248 -9.635 -19.665 -45.014 -75.673 -85.865 -79.031 -35.945 2 2 2 0 0 0 0 1 1 0 0 0 0 0 1 0 0 0 0 0 0 6 3 13 14 6 3 0 0 0 1 1 0 1 0 124.492 128.847 128.847 124.492 0 1 0 0 0 0 1 0 0 0 0 1 0 0 0 0 1 0 0 0 1 0 0 1 14 13 14 14 3 4 0.375 0 0 0 0 1 328 2
0.911 17.532 20.538 22.032 24.442 26.674 29.103 31.941 33.309 26.473 2 2 2 1 0 0 0 0 0 0 0 0 0 1 1 0 0 0 0 0 0 6 2 12 15 6 2 0 1 1 0 0 1 1 0 128.153 124.492 124.492 128.153 0 1 0 0 0 0 1 0 0 0 0 1 0 0 0 0 0 1 0 1 0 0 0 1 15 12 15 13 4 3 0.5 1 0 0 0 0 164 1
29.185 50.63 49.827 45.5 44.522 41.094 41.891 44.552 46.749 38.953 2 2 2 1 0 0 0 0 1 0 0 0 0 0 0 0 0 1 0 0 0 7 1 11 16 7 1 2 0 1 0 1 0 0 1 126.814 128.153 128.153 126.814 0 1 0 0 0 0 1 0 0 0 0 1 0 0 0 0 0 1 0 0 1 0 1 0 16 11 16 12 5 2 0.625 1 0 0 0 0 441 1
3.146 -11.677 -25.768 -39.267 -46.956 -56.271 -60.322 -51.819 -37.386 -23.696 2 2 2 0 0 1 0 0 1 0 0 0 0 0 0 0 0 1 0 0 0 8 1 10 17 8 1 1 0 0 1 1 0 0 1 0 126.814 126.814 0 0 1 0 0 0 0 1 0 0 0 0 1 0 0 0 0 1 0 0 0 1 0 1 0 17 10 17 11 6 1 0.75 0 0 1 0 0 7 2
-30.892 -33.157 -35.453 -38.227 -62.534 -82.365 -81.544 -61.729 -30.378 -20.382 2 2 2 0 0 1 0 0 0 0 0 1 0 0 1 0 0 0 0 0 0 8 1 9 18 8 1 0 1 0 1 0 1 1 0 121.78 0 0 121.78 0 1 0 0 0 0 1 0 0 0 0 1 0 0 0 0 1 0 0 1 0 0 0 1 18 9 18 10 1 8 0.1 0 0 1 0 0 34 1
-7.639 24.597 31.305 30.255 28.914 28.508 30.41 34.342 33.788 11.877 2 2 2 1 0 0 0 0 0 0 0 1 0 0 0 0 0 0 0 1 0 8 0 8 19 8 0 8 2 1 0 0 1 0 1 124.78 121.78 121.78 124.78 0 1 0 0 0 0 1 0 0 0 0 1 0 0 0 0 0 1 0 1 0 0 1 0 19 8 19 9 2 7 0.2 1 0 0 0 0 86 1
0.813 8.97 20.477 31.021 38.846 39.32 29.397 13.748 0.252 -4.58 2 2 2 0 0 0 0 1 1 0 0 0 0 0 0 0 0 0 0 1 0 9 0 7 20 9 0 7 0 0 1 1 0 0 1 0 124.78 124.78 0 0 1 0 0 0 0 1 0 0 0 0 1 0 0 0 0 1 0 0 0 1 0 1 0 20 7 20 8 3 6 0.3 0 0 0 0 1 328 2
12.708 51.358 77.684 82.857 84.653 80.649 64.641 43.102 23.797 1.06 2 2 2 0 0 0 0 1 0 0 0 0 0 1 0 0 1 0 0 0 0 9 0 6 21 9 0 6 1 0 1 0 1 0 1 0 0 0 0 0 1 0 0 0 0 1 0 0 0 0 1 0 0 0 0 1 0 0 1 0 0 1 0 21 6 21 7 4 5 0.4 0 0 0 0 1 14 1
-9.914 -13.955 -19.303 -35.719 -63.454 -74.034 -68.674 -68.32 -101.437 -109.973 2 2 2 0 1 0 0 0 0 0 0 0 0 1 0 0 0 0 1 0 0 9 0 5 22 9 0 5 2 0 1 0 1 0 1 0 0 0 0 0 1 0 0 0 0 1 0 0 0 0 1 0 0 0 0 1 0 0 1 0 0 1 0 22 5 22 6 5 4 0.5 0 1 0 0 0 2499 1
-94.004 -68.202 -47.092 -39.002 -34.471 -30.864 -26.215 -20.921 -16.224 -11.644 2 2 2 0 0 0 1 0 0 0 1 0 0 0 0 0 0 1 0 0 0 9 0 4 23 9 0 4 3 0 1 0 1 0 1 0 0 0 0 0 1 0 0 0 0 1 0 0 0 0 1 0 0 0 0 1 0 0 1 0 0 1 0 23 4 23 5 6 3 0.6 0 0 0 1 0 2 4
-3.281 5.74 14.541 21.473 8.511 -7.178 -10.415 -9.996 10.847 42.323 2 2 2 0 0 1 0 0 0 0 0 0 1 0 0 0 0 0 0 1 0 9 0 3 24 9 0 3 4 0 1 0 1 0 1 0 0 0 0 0 1 0 0 0 0 1 0 0 0 0 1 0 0 0 0 1 0 0 1 0 0 1 0 24 3 24 4 7 2 0.7 0 0 1 0 0 13 5
54.967 75.168 98.269 109.662 106.013 89.21 65.029 43.875 19.156 -0.056 2 2 2 0 0 0 0 1 0 0 0 1 0 0 0 0 0 1 0 0 0 9 0 2 25 9 0 2 5 0 1 0 1 0 1 0 0 0 0 0 1 0 0 0 0 1 0 0 0 0 1 0 0 0 0 1 0 0 1 0 0 1 0 25 2 25 3 8 1 0.8 0 0 0 0 1 494 5
15.846 15.344 13.359 11.391 9.454 7.574 6.277 -2.728 -33.503 -38.541 2 2 2 0 0 1 0 0 0 0 0 0 0 1 0 0 0 0 0 1 0 9 0 1 26 9 0 1 6 0 1 0 1 0 1 0 0 0 0 0 1 0 0 0 0 1 0 0 0 0 0 0 1 0 0 1 0 0 1 0 0 1 0 26 1 26 2 1 2 0.25 0 0 1 0 0 665 5
-31.434 -20.364 -10.21 -14.988 -43.053 -59.597 -62.766 -46.047 -23.103 -9.013 2 2 0 0 0 0 0 1 0 0 0 1 0 0 0 1 0 0 0 0 0 9 0 0 27 9 0 0 7 0 1 0 1 0 1 110 0 0 0 0 0 0 1 0 0 1 0 0 0 1 0 0 0 0 0 1 0 0 1 0 1 0 0 27 0 27 1 2 1 0.5 0 0 0 0 1 477 5
