-30.36559 -23.97476 -36.94437 -53.34637 -69.96295 -77.80947 -81.74044 -71.43732 -43.8887 -35.54322 2 0 2 0 0 1 0 0 0 1 0 0 0 0 1 0 0 0 0 0 0 0 3 12 0 0 3 0 0 0 1 0 1 1 0 0 1 0 0 0 1 0 0 0 0 0 1 0 0 0 0 1 0 1 0 0 0 0 1 0 12 0 13 1 13 0.067 0 0 1 0 0 573 1 0 1 0 0 20 19 0.0 0.0 2.0 0.0 0.0 13.0 0.0 0.0 0.0 0.0 0.0 0.0 0.0 0.0 0.0 0.0 0.0 0.0 0.0 0.0 0.0 0.0 0.0 0.0 0.0 0.0 0.0 0.0 0.0 0.0 0.0 0.0 0.0 0.0 0.0 0.0 0.0 0.0 0.0 0.0 0.0 0.0 0.0 0.0 0.0 0.0 0.0 0.0 0.0 0.0 0.0 1.0 0.0 0.0 0.0 0.0 0.0 0.0 0.0 0.0 0.0 0.0 0.0 0.0 0.0 0.0
-15.53958 25.28353 80.24449 120.26265 151.57652 184.67429 217.15355 229.07785 230.61909 208.92514 2 2 2 1 0 0 0 0 0 0 0 1 0 0 0 0 1 0 0 0 0 0 2 11 1 0 2 5 1 1 0 0 1 0 1 0 1 0 0 0 0 1 0 0 0 0 1 0 0 0 0 0 1 0 1 0 0 1 0 1 11 1 12 2 12 0.133 1 0 0 0 0 30 1 0 1 0 1 12 4 0.0 0.0 2.0 1.0 0.0769230769231 13.0 0.0 0.0 0.0 0.0 0.0 0.0 0.0 0.0 0.0 0.0 0.0 0.0 0.0 0.0 0.0 0.0 0.0 0.0 0.0 0.0 0.0 0.0 0.0 0.0 0.0 0.0 0.0 0.0 0.0 0.0 0.0 0.0 0.0 0.0 0.0 0.0 0.0 0.0 0.0 0.0 0.0 0.0 0.0 0.0 0.0 1.0 0.0 0.0 0.0 0.0 0.0 0.0 0.0 0.0 0.0 0.0 0.0 0.0 0.0 0.0
186.80148 151.91911 123.77271 91.94537 49.98819 24.63237 20.86229 20.81997 14.54494 11.37129 2 2 2 0 1 0 0 0 1 0 0 0 0 0 0 0 0 1 0 0 0 1 2 10 2 1 2 4 0 0 1 1 0 0 1 0 1 0 0 0 0 1 0 0 0 0 1 0 0 0 0 1 0 0 0 1 0 1 0 2 10 2 11 3 11 0.2 0 1 0 0 0 870 1 0 1 0 2 5 18 0.0 0.0 2.0 2.0 0.153846153846 13.0 0.0 0.0 0.0 0.0 0.0 0.0 0.0 0.0 0.0 0.0 0.0 0.0 0.0 0.0 0.0 0.0 0.0 0.0 0.0 0.0 0.0 0.0 0.0 0.0 0.0 0.0 0.0 0.0 0.0 0.0 0.0 0.0 0.0 0.0 0.0 0.0 0.0 0.0 0.0 0.0 0.0 0.0 0.0 0.0 0.0 1.0 0.0 0.0 0.0 0.0 0.0 0.0 0.0 0.0 0.0 0.0 0.0 0.0 0.0 0.0
11.25575 13.29014 17.7994 17.03423 10.08661 13.9722 32.94716 60.40314 86.68598 82.29593 2 2 2 0 0 1 0 0 0 0 1 0 0 0 0 0 1 0 0 0 0 1 2 9 3 1 2 3 1 0 1 0 1 0 1 0 1 0 0 0 0 1 0 0 0 0 1 0 0 0 0 1 0 0 1 0 0 1 0 3 9 3 10 4 10 0.267 0 0 1 0 0 251 1 1 4 1 0 2 1 0.0 0.0 2.0 3.0 0.230769230769 13.0 0.0 0.0 0.0 0.0 0.0 0.0 0.0 0.0 0.0 0.0 0.0 0.0 0.0 0.0 0.0 0.0 0.0 0.0 0.0 0.0 0.0 0.0 0.0 0.0 0.0 0.0 0.0 0.0 0.0 1.0 1.0 0.0 0.0 0.0 0.0 0.0 0.0 0.0 0.0 0.0 0.0 0.0 0.0 0.0 1.0 0.0 0.0 0.0 0.0 0.0 0.0 0.0 0.0 0.0 0.0 0.0 0.0 0.0 0.0 0.0
58.681 42.23146 29.07967 21.19981 -0.24101 -17.74727 -19.94245 -7.20791 -0.96832 6.60315 2 2 2 0 1 0 0 0 0 0 0 1 0 0 0 0 0 1 0 0 0 1 2 8 4 1 2 2 2 0 1 0 1 0 1 0 1 0 0 0 0 1 0 0 0 0 1 0 0 0 0 1 0 0 1 0 0 1 0 4 8 4 9 5 9 0.333 0 1 0 0 0 3580 1 1 4 1 1 1 4 0.0 0.0 2.0 4.0 0.307692307692 13.0 0.0 0.0 0.0 0.0 0.0 0.0 0.0 0.0 0.0 0.0 0.0 0.0 0.0 0.0 0.0 0.0 0.0 0.0 0.0 0.0 0.0 0.0 0.0 0.0 0.0 0.0 0.0 0.0 0.0 1.0 1.0 0.0 0.0 0.0 0.0 0.0 0.0 0.0 0.0 0.0 0.0 0.0 0.0 0.0 1.0 0.0 0.0 0.0 0.0 0.0 0.0 0.0 0.0 0.0 0.0 0.0 0.0 0.0 0.0 0.0
-35.50313 -46.80114 -50.6075 -44.57484 -34.96201 -32.54432 -37.05981 -43.58563 -37.16272 -41.095 2 2 2 0 0 1 0 0 0 0 1 0 0 0 0 0 0 0 1 0 0 1 2 7 5 1 2 1 3 0 1 0 1 0 1 0 1 0 0 0 0 1 0 0 0 0 1 0 0 0 0 1 0 0 1 0 0 1 0 5 7 5 8 6 8 0.4 0 0 1 0 0 308 1 1 4 1 2 13 11 0.0 0.0 2.0 5.0 0.384615384615 13.0 0.0 0.0 0.0 0.0 0.0 0.0 0.0 0.0 0.0 0.0 0.0 0.0 0.0 0.0 0.0 0.0 0.0 0.0 0.0 0.0 0.0 0.0 0.0 0.0 0.0 0.0 0.0 0.0 0.0 1.0 1.0 0.0 0.0 0.0 0.0 0.0 0.0 0.0 0.0 0.0 0.0 0.0 0.0 0.0 1.0 0.0 0.0 0.0 0.0 0.0 0.0 0.0 0.0 0.0 0.0 0.0 0.0 0.0 0.0 0.0
-32.85795 -34.88274 -26.83199 -10.89071 3.73993 6.86888 8.79322 0.78285 -8.45113 -24.03905 2 2 2 0 0 0 1 0 0 0 0 1 0 0 1 0 0 0 0 0 0 1 2 6 6 1 2 0 4 0 1 0 1 1 0 0 1 0 0 0 0 1 0 0 0 0 1 0 0 0 0 1 0 0 1 0 0 0 1 6 6 6 7 7 7 0.467 0 0 0 1 0 2 4 1 1 2 0 2 8 0.0 0.0 2.0 6.0 0.461538461538 13.0 0.0 0.0 0.0 0.0 0.0 0.0 0.0 0.0 0.0 0.0 0.0 0.0 0.0 0.0 0.0 0.0 0.0 0.0 0.0 0.0 0.0 0.0 0.0 0.0 0.0 0.0 0.0 0.0 0.0 0.0 0.0 1.0 0.0 0.0 0.0 0.0 0.0 0.0 0.0 0.0 0.0 0.0 0.0 0.0 0.0 0.0 0.0 0.0 0.0 0.0 0.0 0.0 0.0 0.0 0.0 0.0 0.0 0.0 0.0 0.0
-19.98225 -21.47548 -15.40817 14.25455 91.62289 126.35697 148.56758 172.23679 177.16092 166.76108 2 2 2 1 0 0 0 0 0 0 0 0 1 0 0 0 0 0 1 0 0 1 1 5 7 1 1 3 5 1 0 0 1 0 1 0 1 0 0 0 0 1 0 0 0 0 1 0 0 0 0 0 1 0 1 0 0 1 0 7 5 7 6 8 6 0.533 1 0 0 0 0 869 1 4 1 3 0 4 24 0.0 0.0 2.0 7.0 0.538461538462 13.0 0.0 0.0 0.0 0.0 0.0 0.0 0.0 0.0 0.0 0.0 0.0 1.0 0.0 0.0 0.0 0.0 0.0 0.0 0.0 0.0 0.0 0.0 0.0 0.0 0.0 0.0 0.0 0.0 0.0 0.0 0.0 0.0 0.0 0.0 0.0 0.0 0.0 0.0 0.0 0.0 0.0 0.0 0.0 0.0 0.0 0.0 0.0 0.0 0.0 0.0 0.0 0.0 0.0 0.0 0.0 0.0 0.0 0.0 0.0 0.0
124.03329 66.85672 7.45386 -49.82779 -84.07464 -98.10511 -90.46945 -75.86671 -59.72215 -35.24205 2 2 2 0 0 0 1 0 1 0 0 0 0 0 0 0 1 0 0 0 0 2 1 4 8 2 1 2 0 0 1 1 0 0 1 0 1 0 0 0 0 1 0 0 0 0 1 0 0 0 0 1 0 0 0 1 0 1 0 8 4 8 5 9 5 0.6 0 0 0 1 0 841 1 4 1 3 1 19 17 0.0 0.0 2.0 8.0 0.615384615385 13.0 0.0 0.0 0.0 0.0 0.0 0.0 0.0 0.0 0.0 0.0 0.0 1.0 0.0 0.0 0.0 0.0 0.0 0.0 0.0 0.0 0.0 0.0 0.0 0.0 0.0 0.0 0.0 0.0 0.0 0.0 0.0 0.0 0.0 0.0 0.0 0.0 0.0 0.0 0.0 0.0 0.0 0.0 0.0 0.0 0.0 0.0 0.0 0.0 0.0 0.0 0.0 0.0 0.0 0.0 0.0 0.0 0.0 0.0 0.0 0.0
-14.009 -27.33236 -43.22782 -58.78729 -65.96653 -68.58187 -73.75229 -79.38025 -69.41786 -62.30309 2 2 2 0 1 0 0 0 0 0 0 0 1 0 0 0 0 1 0 0 0 2 1 3 9 2 1 1 1 0 1 0 1 0 1 0 1 0 0 0 0 1 0 0 0 0 1 0 0 0 0 1 0 0 1 0 0 1 0 9 3 9 4 10 4 0.667 0 1 0 0 0 361 1 1 4 4 0 14 3 0.0 0.0 2.0 9.0 0.692307692308 13.0 0.0 0.0 0.0 0.0 0.0 0.0 0.0 0.0 0.0 0.0 1.0 0.0 0.0 0.0 0.0 0.0 0.0 0.0 0.0 0.0 0.0 0.0 0.0 0.0 0.0 0.0 0.0 0.0 0.0 1.0 1.0 0.0 0.0 0.0 0.0 0.0 0.0 0.0 0.0 0.0 0.0 0.0 0.0 0.0 0.0 0.0 0.0 0.0 0.0 0.0 0.0 0.0 0.0 0.0 0.0 0.0 0.0 0.0 0.0 0.0
-63.13289 -50.73533 -43.98231 -67.78246 -102.40652 -103.48802 -85.72877 -48.96135 -5.41107 26.38769 2 2 2 0 0 1 0 0 0 0 1 0 0 0 1 0 0 0 0 0 0 2 1 2 10 2 1 0 2 0 1 0 1 1 0 0 1 0 0 0 0 1 0 0 0 0 1 0 0 0 0 1 0 0 1 0 0 0 1 10 2 10 3 11 3 0.733 0 0 1 0 0 248 1 1 4 4 1 23 30 0.0 0.0 2.0 10.0 0.769230769231 13.0 0.0 0.0 0.0 0.0 0.0 0.0 0.0 0.0 0.0 0.0 1.0 0.0 0.0 0.0 0.0 0.0 0.0 0.0 0.0 0.0 0.0 0.0 0.0 0.0 0.0 0.0 0.0 0.0 0.0 1.0 1.0 0.0 0.0 0.0 0.0 0.0 0.0 0.0 0.0 0.0 0.0 0.0 0.0 0.0 0.0 0.0 0.0 0.0 0.0 0.0 0.0 0.0 0.0 0.0 0.0 0.0 0.0 0.0 0.0 0.0
46.30658 58.66574 84.41351 109.4396 141.44487 153.97445 164.40049 169.13198 173.55692 165.70199 2 2 2 1 0 0 0 0 0 0 0 1 0 0 0 0 0 0 0 1 0 2 0 1 11 2 0 1 3 1 0 0 1 0 1 0 1 0 0 0 0 1 0 0 0 0 0 0 1 0 0 0 1 0 1 0 0 1 0 11 1 11 2 12 2 0.8 1 0 0 0 0 74 4 1 1 5 0 16 13 0.0 0.0 2.0 11.0 0.846153846154 13.0 0.0 0.0 0.0 0.0 0.0 0.0 0.0 0.0 0.0 0.0 0.0 0.0 0.0 0.0 0.0 0.0 0.0 0.0 0.0 0.0 0.0 0.0 0.0 0.0 0.0 0.0 0.0 0.0 0.0 0.0 0.0 1.0 0.0 0.0 0.0 0.0 0.0 0.0 0.0 0.0 0.0 0.0 0.0 0.0 0.0 0.0 0.0 0.0 0.0 0.0 0.0 0.0 0.0 0.0 0.0 0.0 0.0 0.0 0.0 0.0
129.87232 86.6863 61.40369 30.03481 1.38834 -22.75845 -42.01382 -39.17337 -32.91925 -28.64899 2 2 2 0 0 0 0 1 1 0 0 0 0 0 1 0 0 0 0 0 0 3 0 0 12 3 0 0 0 0 1 1 0 1 0 0 0 0 1 0 0 1 0 0 0 0 1 0 0 0 0 1 0 0 0 1 0 0 1 12 0 12 1 13 1 0.867 0 0 0 0 1 822 1 4 9 6 0 23 8 0.0 0.0 2.0 12.0 0.923076923077 13.0 0.0 0.0 0.0 0.0 0.0 0.0 0.0 0.0 0.0 0.0 0.0 0.0 0.0 0.0 0.0 0.0 0.0 0.0 0.0 1.0 0.0 0.0 0.0 0.0 0.0 0.0 0.0 0.0 1.0 0.0 0.0 0.0 0.0 0.0 0.0 0.0 0.0 0.0 0.0 0.0 0.0 0.0 0.0 0.0 0.0 0.0 0.0 0.0 0.0 0.0 0.0 0.0 0.0 0.0 0.0 0.0 0.0 0.0 0.0 0.0
93.31664 77.00428 72.03599 66.24758 70.06351 73.04631 76.36047 72.06321 65.57261 46.31163 2 2 2 1 0 0 0 0 0 0 0 0 0 1 1 0 0 0 0 0 0 0 1 3 0 0 1 0 1 1 0 0 1 1 0 0 1 0 0 0 0 0 0 1 0 0 1 0 0 0 0 0 1 0 1 0 0 0 1 0 3 0 4 1 4 0.167 1 0 0 0 0 3 9 1 7 7 0 23 13 1.0 0.5 2.0 0.0 0.0 4.0 0.0 0.0 0.0 0.0 0.0 0.0 0.0 0.0 0.0 0.0 0.0 0.0 0.0 0.0 0.0 0.0 0.0 0.0 0.0 0.0 0.0 0.0 0.0 0.0 0.0 0.0 0.0 1.0 0.0 0.0 0.0 0.0 0.0 0.0 0.0 0.0 0.0 0.0 0.0 0.0 0.0 0.0 0.0 0.0 0.0 0.0 0.0 0.0 0.0 0.0 0.0 0.0 0.0 0.0 0.0 0.0 0.0 0.0 0.0 0.0
70.65466 60.95501 66.87416 71.29464 69.02861 83.89263 87.54444 97.37927 98.25089 81.8709 2 2 2 1 0 0 0 0 1 0 0 0 0 0 0 0 0 0 0 1 0 0 0 2 1 0 0 2 0 1 0 1 0 0 1 0 1 0 0 0 0 1 0 0 0 0 1 0 0 0 0 0 1 0 0 1 0 1 0 1 2 1 3 2 3 0.333 1 0 0 0 0 3 9 1 7 7 1 23 13 1.0 0.5 2.0 1.0 0.25 4.0 0.0 0.0 0.0 0.0 0.0 0.0 0.0 0.0 0.0 0.0 0.0 0.0 0.0 0.0 0.0 0.0 0.0 0.0 0.0 0.0 0.0 0.0 0.0 0.0 0.0 0.0 0.0 1.0 0.0 0.0 0.0 0.0 0.0 0.0 0.0 0.0 0.0 0.0 0.0 0.0 0.0 0.0 0.0 0.0 0.0 0.0 0.0 0.0 0.0 0.0 0.0 0.0 0.0 0.0 0.0 0.0 0.0 0.0 0.0 0.0
-16.73949 -65.56995 -49.1384 -62.60028 -95.24604 -129.45875 -166.30915 -180.7026 -159.75437 -139.28757 2 2 2 0 0 0 0 1 1 0 0 0 0 0 0 0 0 1 0 0 0 1 0 1 2 1 0 1 0 0 1 1 0 0 1 0 1 0 0 0 0 1 0 0 0 0 0 0 0 1 0 1 0 0 0 1 0 1 0 2 1 2 2 3 2 0.5 0 0 0 0 1 150 7 9 7 8 0 2 3 1.0 0.5 2.0 2.0 0.5 4.0 0.0 1.0 0.0 0.0 0.0 0.0 0.0 0.0 0.0 0.0 0.0 0.0 0.0 0.0 0.0 0.0 0.0 0.0 1.0 0.0 0.0 0.0 0.0 0.0 0.0 0.0 1.0 0.0 0.0 0.0 0.0 0.0 0.0 0.0 1.0 0.0 0.0 0.0 0.0 0.0 0.0 0.0 0.0 0.0 0.0 0.0 0.0 0.0 0.0 0.0 0.0 0.0 0.0 0.0 0.0 0.0 0.0 0.0 0.0 0.0
-88.50168 -73.42349 -71.24902 -64.85844 -75.64543 -69.25883 -74.78795 -77.87048 -80.17209 -84.44701 2 2 0 0 0 1 0 0 0 0 0 0 0 1 0 1 0 0 0 0 0 1 0 0 3 1 0 0 1 0 1 0 1 0 1 0 0 0 0 1 0 1 0 0 0 1 0 0 0 0 0 1 0 0 1 0 1 0 0 3 0 3 1 4 1 0.667 0 0 1 0 0 26 7 7 0 9 0 20 2 1.0 0.5 2.0 3.0 0.75 4.0 1.0 0.0 0.0 0.0 0.0 0.0 0.0 0.0 0.0 0.0 0.0 0.0 0.0 0.0 0.0 0.0 0.0 0.0 0.0 0.0 0.0 0.0 0.0 0.0 0.0 0.0 0.0 0.0 0.0 0.0 0.0 0.0 0.0 0.0 0.0 1.0 0.0 0.0 0.0 0.0 0.0 0.0 0.0 0.0 0.0 0.0 0.0 0.0 0.0 0.0 0.0 0.0 0.0 0.0 0.0 0.0 0.0 0.0 0.0 0.0
