-4.3286 4.66047 -2.79477 -3.67273 5.85937 31.66028 37.26376 34.74231 26.78451 24.85759 2 0 2 0 0 1 0 0 0 1 0 0 0 0 0 0 1 0 0 0 0 0 2 10 0 0 2 5 0 0 1 0 1 0 1 0 1 0 0 0 1 0 0 0 0 0 1 0 0 0 0 1 0 1 0 0 0 1 0 0 10 0 11 1 8 0.1 0 0 1 0 0 183 1 0 7 0 0 1 9 7 2 0 0 0.0 0.0 4.0 0.0 0.0 8.0 0.0 0.0 0.0 0.0 0.0 0.0 0.0 0.0 0.0 0.0 0.0 0.0 0.0 0.0 0.0 0.0 0.0 0.0 0.0 0.0 0.0 0.0 0.0 0.0 0.0 0.0 0.0 0.0 0.0 0.0 0.0 0.0 0.0 0.0 0.0 0.0 0.0 0.0 0.0 0.0 0.0 0.0 0.0 0.0 0.0 0.0 0.0 0.0 0.0 0.0 0.0 0.0 0.0 0.0 0.0 0.0 0.0 0.0 0.0 0.0
7.14744 -8.38648 -21.20365 -42.91985 -52.01814 -41.59397 -26.40966 -11.31672 -1.73795 1.1265 2 2 2 0 1 0 0 0 0 0 0 1 0 0 0 0 0 0 0 1 0 0 2 9 1 0 2 4 1 0 1 0 1 0 1 0 1 0 0 0 0 1 0 0 0 0 1 0 0 0 0 1 0 0 1 0 0 1 0 1 9 1 10 2 7 0.2 0 1 0 0 0 9 7 1 1 1 0 23 7 3 6 0 0 0.0 0.0 4.0 1.0 0.125 8.0 0.0 1.0 0.0 0.0 0.0 0.0 0.0 0.0 0.0 0.0 0.0 0.0 0.0 0.0 0.0 0.0 1.0 0.0 0.0 0.0 0.0 0.0 0.0 0.0 0.0 0.0 0.0 0.0 0.0 0.0 0.0 0.0 0.0 0.0 0.0 0.0 0.0 0.0 0.0 0.0 0.0 0.0 0.0 0.0 0.0 0.0 0.0 0.0 0.0 0.0 0.0 0.0 0.0 0.0 0.0 0.0 0.0 0.0 0.0 0.0
3.08853 0.3186 7.02243 26.25712 45.12712 57.05962 67.86183 66.98852 52.05811 31.33644 2 2 2 0 0 0 0 1 0 0 1 0 0 0 0 0 0 1 0 0 0 0 2 8 2 0 2 3 2 0 1 0 1 0 1 0 1 0 0 0 0 1 0 0 0 0 1 0 0 0 0 1 0 0 1 0 0 1 0 2 8 2 9 3 6 0.3 0 0 0 0 1 2372 1 7 1 2 0 23 37 9 7 0 0 0.0 0.0 4.0 2.0 0.25 8.0 0.0 0.0 0.0 0.0 0.0 0.0 0.0 0.0 0.0 0.0 0.0 0.0 0.0 0.0 0.0 0.0 0.0 0.0 0.0 0.0 0.0 0.0 0.0 0.0 0.0 0.0 0.0 0.0 0.0 1.0 0.0 0.0 0.0 0.0 0.0 0.0 0.0 0.0 0.0 0.0 0.0 0.0 0.0 0.0 0.0 0.0 0.0 0.0 0.0 0.0 0.0 0.0 0.0 0.0 0.0 0.0 0.0 0.0 0.0 0.0
13.37919 5.06324 10.19248 2.73171 -5.74573 -10.42505 2.73525 19.6588 18.79568 5.49006 2 2 2 0 0 1 0 0 0 0 0 0 0 1 0 0 0 1 0 0 0 0 2 7 3 0 2 2 3 0 1 0 1 0 1 0 1 0 0 0 0 1 0 0 0 0 1 0 0 0 0 1 0 0 1 0 0 1 0 3 7 3 8 4 5 0.4 0 0 1 0 0 524 1 7 1 2 1 23 5 1 4 5 0 0.0 0.0 4.0 3.0 0.375 8.0 0.0 0.0 0.0 0.0 0.0 0.0 0.0 0.0 0.0 0.0 0.0 0.0 0.0 0.0 0.0 0.0 0.0 0.0 0.0 0.0 0.0 0.0 0.0 0.0 0.0 0.0 0.0 0.0 0.0 1.0 0.0 0.0 0.0 0.0 0.0 0.0 0.0 0.0 0.0 0.0 0.0 0.0 0.0 0.0 0.0 0.0 0.0 0.0 0.0 0.0 0.0 0.0 0.0 0.0 0.0 0.0 0.0 0.0 0.0 0.0
-10.4944 -42.85337 -48.28057 -35.01583 -16.84224 -4.42963 -10.01967 -17.62401 -18.2936 -12.12536 2 2 2 0 0 1 0 0 0 0 0 1 0 0 0 0 0 1 0 0 0 0 2 6 4 0 2 1 4 0 1 0 1 0 1 0 1 0 0 0 0 1 0 0 0 0 1 0 0 0 0 1 0 0 1 0 0 1 0 4 6 4 7 5 4 0.5 0 0 1 0 0 577 1 7 1 2 2 20 7 3 6 0 0 0.0 0.0 4.0 4.0 0.5 8.0 0.0 0.0 0.0 0.0 0.0 0.0 0.0 0.0 0.0 0.0 0.0 0.0 0.0 0.0 0.0 0.0 0.0 0.0 0.0 0.0 0.0 0.0 0.0 0.0 0.0 0.0 0.0 0.0 0.0 1.0 0.0 0.0 0.0 0.0 0.0 0.0 0.0 0.0 0.0 0.0 0.0 0.0 0.0 0.0 0.0 0.0 0.0 0.0 0.0 0.0 0.0 0.0 0.0 0.0 0.0 0.0 0.0 0.0 0.0 0.0
-19.15385 -17.3803 -20.54593 -14.64758 -6.91204 4.53979 -0.0511 2.64873 16.34287 21.7804 2 2 2 0 0 1 0 0 0 0 0 1 0 0 1 0 0 0 0 0 0 0 2 5 5 0 2 0 5 0 1 0 1 1 0 0 1 0 0 0 0 1 0 0 0 0 1 0 0 0 0 1 0 0 1 0 0 0 1 5 5 5 6 6 3 0.6 0 0 1 0 0 1570 1 1 1 3 0 3 3 1 3 0 0 0.0 0.0 4.0 5.0 0.625 8.0 0.0 0.0 0.0 0.0 0.0 0.0 0.0 0.0 0.0 0.0 0.0 1.0 0.0 0.0 0.0 0.0 0.0 0.0 0.0 0.0 0.0 0.0 0.0 0.0 0.0 0.0 0.0 0.0 1.0 0.0 0.0 0.0 0.0 0.0 0.0 0.0 0.0 0.0 0.0 0.0 0.0 0.0 0.0 0.0 0.0 0.0 0.0 0.0 0.0 0.0 0.0 0.0 0.0 0.0 0.0 0.0 0.0 0.0 0.0 0.0
19.39803 20.09126 29.40875 30.55664 26.48183 10.88208 7.50184 10.3639 11.08044 24.29288 2 2 2 1 0 0 0 0 0 0 0 1 0 0 0 0 0 1 0 0 0 0 1 4 6 0 1 1 6 1 0 0 1 0 1 0 1 0 0 0 0 1 0 0 0 0 1 0 0 0 0 0 1 0 1 0 0 1 0 6 4 6 5 7 2 0.7 1 0 0 0 0 129 1 1 1 3 1 10 25 6 1 0 0 0.0 0.0 4.0 6.0 0.75 8.0 0.0 0.0 0.0 0.0 0.0 0.0 0.0 0.0 0.0 0.0 0.0 1.0 0.0 0.0 0.0 0.0 0.0 0.0 0.0 0.0 0.0 0.0 0.0 0.0 0.0 0.0 0.0 0.0 1.0 0.0 0.0 0.0 0.0 0.0 0.0 0.0 0.0 0.0 0.0 0.0 0.0 0.0 0.0 0.0 0.0 0.0 0.0 0.0 0.0 0.0 0.0 0.0 0.0 0.0 0.0 0.0 0.0 0.0 0.0 0.0
22.52111 -4.07638 -29.7384 -36.61156 -24.84507 -9.3203 -0.38623 6.86425 15.97002 41.44213 2 2 2 0 0 1 0 0 1 0 0 0 0 0 1 0 0 0 0 0 0 1 1 3 7 1 1 0 0 0 1 1 0 1 0 0 1 0 0 0 0 1 0 0 0 0 1 0 0 0 0 1 0 0 0 1 0 0 1 7 3 7 4 8 1 0.8 0 0 1 0 0 598 1 1 1 3 2 23 30 6 1 4 0 0.0 0.0 4.0 7.0 0.875 8.0 0.0 0.0 0.0 0.0 0.0 0.0 0.0 0.0 0.0 0.0 0.0 1.0 0.0 0.0 0.0 0.0 0.0 0.0 0.0 0.0 0.0 0.0 0.0 0.0 0.0 0.0 0.0 0.0 1.0 0.0 0.0 0.0 0.0 0.0 0.0 0.0 0.0 0.0 0.0 0.0 0.0 0.0 0.0 0.0 0.0 0.0 0.0 0.0 0.0 0.0 0.0 0.0 0.0 0.0 0.0 0.0 0.0 0.0 0.0 0.0
121.35601 107.77301 92.74601 75.91801 54.99001 44.91562 37.70314 38.11398 41.85486 39.91624 2 2 2 1 0 0 0 0 0 0 0 1 0 0 0 0 0 0 1 0 0 1 0 2 8 1 0 2 1 1 0 0 1 0 1 0 1 0 0 0 0 1 0 0 0 0 1 0 0 0 0 0 1 0 1 0 0 1 0 8 2 8 3 1 3 0.2 1 0 0 0 0 1960 1 1 1 4 0 8 24 6 0 0 0 1.0 0.25 4.0 0.0 0.0 3.0 0.0 0.0 0.0 0.0 0.0 0.0 0.0 0.0 0.0 0.0 1.0 1.0 0.0 0.0 0.0 0.0 0.0 0.0 0.0 0.0 0.0 0.0 0.0 0.0 0.0 0.0 0.0 0.0 0.0 0.0 0.0 0.0 0.0 0.0 0.0 0.0 0.0 0.0 0.0 0.0 0.0 0.0 0.0 0.0 0.0 0.0 0.0 0.0 0.0 0.0 0.0 0.0 0.0 0.0 0.0 0.0 0.0 0.0 0.0 0.0
24.25461 14.71421 5.53781 6.3844 -2.97528 -23.24902 -28.05951 -35.15035 -28.26367 -28.76734 2 2 2 0 0 0 1 0 1 0 0 0 0 0 0 0 0 1 0 0 0 2 0 1 9 2 0 1 0 0 1 1 0 0 1 0 1 0 0 0 0 1 0 0 0 0 0 0 1 0 0 1 0 0 0 1 0 1 0 9 1 9 2 2 2 0.4 0 0 0 1 0 18 1 1 1 4 1 17 13 2 0 0 0 1.0 0.25 4.0 1.0 0.333333333333 3.0 0.0 0.0 0.0 0.0 0.0 0.0 0.0 0.0 0.0 0.0 1.0 1.0 0.0 0.0 0.0 0.0 0.0 0.0 0.0 0.0 0.0 0.0 0.0 0.0 0.0 0.0 0.0 0.0 0.0 0.0 0.0 0.0 0.0 0.0 0.0 0.0 0.0 0.0 0.0 0.0 0.0 0.0 0.0 0.0 0.0 0.0 0.0 0.0 0.0 0.0 0.0 0.0 0.0 0.0 0.0 0.0 0.0 0.0 0.0 0.0
-28.60288 -20.97432 -15.05562 -12.60452 -27.96845 -24.71854 -15.71409 -4.40406 3.23687 -6.32684 2 2 2 0 0 1 0 0 0 0 0 0 1 0 1 0 0 0 0 0 0 2 0 0 10 2 0 0 1 0 1 0 1 1 0 0 0 0 1 0 0 1 0 0 0 0 1 0 0 0 0 1 0 0 1 0 0 0 1 10 0 10 1 3 1 0.6 0 0 1 0 0 3399 1 1 1 4 2 14 13 2 0 0 0 1.0 0.25 4.0 2.0 0.666666666667 3.0 0.0 0.0 0.0 0.0 0.0 0.0 0.0 0.0 0.0 0.0 1.0 1.0 0.0 0.0 0.0 0.0 0.0 0.0 0.0 0.0 0.0 0.0 0.0 0.0 0.0 0.0 0.0 0.0 0.0 0.0 0.0 0.0 0.0 0.0 0.0 0.0 0.0 0.0 0.0 0.0 0.0 0.0 0.0 0.0 0.0 0.0 0.0 0.0 0.0 0.0 0.0 0.0 0.0 0.0 0.0 0.0 0.0 0.0 0.0 0.0
129.813 103.6892 50.07687 26.29296 31.33119 29.42572 36.60053 31.83683 33.15583 31.15849 2 2 2 1 0 0 0 0 0 0 0 1 0 0 0 0 1 0 0 0 0 0 1 2 0 0 1 1 2 1 0 0 1 0 1 0 1 0 0 0 0 0 0 1 0 0 1 0 0 0 0 0 1 0 1 0 0 1 0 0 2 0 3 1 3 0.2 1 0 0 0 0 265 1 1 1 5 0 16 5 1 4 5 0 2.0 0.5 4.0 0.0 0.0 3.0 0.0 0.0 0.0 0.0 0.0 0.0 0.0 0.0 0.0 0.0 0.0 0.0 0.0 0.0 0.0 0.0 0.0 0.0 0.0 0.0 0.0 0.0 0.0 0.0 0.0 0.0 0.0 0.0 0.0 0.0 0.0 0.0 0.0 0.0 0.0 0.0 0.0 0.0 0.0 0.0 0.0 0.0 0.0 0.0 0.0 1.0 0.0 0.0 0.0 0.0 0.0 0.0 0.0 0.0 0.0 0.0 0.0 0.0 0.0 0.0
30.78941 25.49396 25.63593 20.72581 12.30566 8.00821 9.39691 14.79384 18.66096 17.79536 2 2 2 0 1 0 0 0 1 0 0 0 0 0 1 0 0 0 0 0 0 0 1 1 1 0 1 0 0 0 1 1 0 1 0 0 1 0 0 0 0 1 0 0 0 0 0 0 1 0 0 1 0 0 0 1 0 0 1 1 1 1 2 2 2 0.4 0 1 0 0 0 885 1 1 1 6 0 4 24 6 0 0 0 2.0 0.5 4.0 1.0 0.333333333333 3.0 0.0 0.0 0.0 0.0 0.0 0.0 0.0 0.0 0.0 0.0 0.0 0.0 0.0 0.0 0.0 0.0 0.0 0.0 0.0 0.0 0.0 0.0 0.0 0.0 0.0 0.0 0.0 0.0 0.0 0.0 0.0 0.0 0.0 0.0 0.0 0.0 0.0 0.0 0.0 0.0 0.0 0.0 0.0 0.0 0.0 1.0 0.0 0.0 0.0 0.0 0.0 0.0 0.0 0.0 0.0 0.0 0.0 0.0 0.0 0.0
10.01303 18.97184 38.82621 39.12706 27.64788 14.8869 14.5619 5.2531 -0.21484 -24.58008 2 2 2 1 0 0 0 0 0 0 1 0 0 0 0 0 0 1 0 0 0 0 0 0 2 0 0 3 1 1 0 0 1 0 1 0 0 0 1 0 0 1 0 0 0 0 1 0 0 0 0 0 1 0 1 0 0 1 0 2 0 2 1 3 1 0.6 1 0 0 0 0 385 1 1 1 6 1 23 21 2 4 5 0 2.0 0.5 4.0 2.0 0.666666666667 3.0 0.0 0.0 0.0 0.0 0.0 0.0 0.0 0.0 0.0 0.0 0.0 0.0 0.0 0.0 0.0 0.0 0.0 0.0 0.0 0.0 0.0 0.0 0.0 0.0 0.0 0.0 0.0 0.0 0.0 0.0 0.0 0.0 0.0 0.0 0.0 0.0 0.0 0.0 0.0 0.0 0.0 0.0 0.0 0.0 0.0 1.0 0.0 0.0 0.0 0.0 0.0 0.0 0.0 0.0 0.0 0.0 0.0 0.0 0.0 0.0
-78.64844 -62.40821 -41.04789 -8.1219 12.93515 23.89463 36.85785 55.19959 75.77141 91.78894 2 2 2 0 0 1 0 0 1 0 0 0 0 0 0 0 0 0 0 1 0 0 1 4 0 0 1 2 0 0 1 1 0 0 1 0 1 0 0 0 0 0 0 1 0 0 1 0 0 0 0 1 0 0 0 1 0 1 0 0 4 0 5 1 5 0.143 0 0 1 0 0 112 1 1 3 7 0 18 21 2 4 5 0 3.0 0.75 4.0 0.0 0.0 5.0 0.0 0.0 0.0 0.0 0.0 0.0 0.0 0.0 0.0 0.0 0.0 0.0 0.0 0.0 0.0 0.0 0.0 0.0 0.0 0.0 0.0 0.0 0.0 0.0 0.0 0.0 0.0 0.0 0.0 1.0 0.0 0.0 0.0 0.0 0.0 0.0 0.0 0.0 0.0 0.0 0.0 0.0 0.0 0.0 1.0 0.0 0.0 0.0 0.0 0.0 0.0 0.0 0.0 0.0 0.0 0.0 0.0 0.0 0.0 0.0
95.66876 91.93227 72.13351 61.67138 47.81423 26.89617 12.51101 8.87116 6.39149 8.2844 2 2 2 0 0 0 0 1 0 0 0 1 0 0 0 0 1 0 0 0 0 0 1 3 1 0 1 1 1 0 1 0 1 0 1 0 1 0 0 0 0 1 0 0 0 0 1 0 0 0 0 1 0 0 1 0 0 1 0 1 3 1 4 2 4 0.286 0 0 0 0 1 166 1 1 3 7 1 2 2 1 2 0 0 3.0 0.75 4.0 1.0 0.2 5.0 0.0 0.0 0.0 0.0 0.0 0.0 0.0 0.0 0.0 0.0 0.0 0.0 0.0 0.0 0.0 0.0 0.0 0.0 0.0 0.0 0.0 0.0 0.0 0.0 0.0 0.0 0.0 0.0 0.0 1.0 0.0 0.0 0.0 0.0 0.0 0.0 0.0 0.0 0.0 0.0 0.0 0.0 0.0 0.0 1.0 0.0 0.0 0.0 0.0 0.0 0.0 0.0 0.0 0.0 0.0 0.0 0.0 0.0 0.0 0.0
13.81867 18.92819 19.72276 22.04084 24.15643 19.11331 19.8404 25.97265 34.85264 41.70837 2 2 2 0 1 0 0 0 0 0 0 0 0 1 1 0 0 0 0 0 0 0 1 2 2 0 1 0 2 0 1 0 1 1 0 0 1 0 0 0 0 1 0 0 0 0 1 0 0 0 0 1 0 0 1 0 0 0 1 2 2 2 3 3 3 0.429 0 1 0 0 0 323 3 1 1 8 0 4 24 6 0 0 0 3.0 0.75 4.0 2.0 0.4 5.0 0.0 0.0 0.0 0.0 0.0 0.0 0.0 1.0 0.0 0.0 0.0 0.0 0.0 0.0 0.0 0.0 0.0 0.0 0.0 0.0 0.0 0.0 0.0 0.0 0.0 0.0 0.0 0.0 0.0 0.0 0.0 0.0 0.0 0.0 0.0 0.0 0.0 0.0 0.0 0.0 0.0 0.0 0.0 0.0 0.0 0.0 0.0 0.0 0.0 0.0 0.0 0.0 0.0 0.0 0.0 0.0 0.0 0.0 0.0 0.0
23.998 16.50189 15.38235 24.47382 16.02927 16.12313 35.71862 45.33492 42.50804 45.76627 2 2 2 1 0 0 0 0 0 0 1 0 0 0 0 0 0 0 0 1 0 0 0 1 3 0 0 1 3 1 0 0 1 0 1 0 1 0 0 0 0 1 0 0 0 0 0 0 0 1 0 0 1 0 1 0 0 1 0 3 1 3 2 4 2 0.571 1 0 0 0 0 149 1 3 0 9 0 14 34 6 4 0 0 3.0 0.75 4.0 3.0 0.6 5.0 1.0 0.0 0.0 0.0 0.0 0.0 1.0 0.0 0.0 0.0 1.0 0.0 0.0 0.0 0.0 0.0 0.0 1.0 0.0 0.0 0.0 0.0 0.0 0.0 0.0 0.0 0.0 0.0 1.0 0.0 0.0 0.0 0.0 0.0 0.0 0.0 0.0 0.0 0.0 0.0 0.0 0.0 0.0 0.0 0.0 0.0 0.0 0.0 0.0 0.0 0.0 0.0 0.0 0.0 0.0 0.0 0.0 0.0 0.0 0.0
48.16709 53.04582 55.71576 69.62346 72.16051 60.99317 27.49976 -9.18645 -29.11482 -43.28801 2 2 0 0 0 0 0 1 1 0 0 0 0 0 0 1 0 0 0 0 0 1 0 0 4 1 0 0 0 0 1 1 0 0 1 0 0 0 0 1 0 1 0 0 0 1 0 0 0 0 0 1 0 0 0 1 1 0 0 4 0 4 1 5 1 0.714 0 0 0 0 1 416 1 3 0 9 1 20 26 6 3 0 0 3.0 0.75 4.0 4.0 0.8 5.0 1.0 0.0 0.0 0.0 0.0 0.0 1.0 0.0 0.0 0.0 1.0 0.0 0.0 0.0 0.0 0.0 0.0 1.0 0.0 0.0 0.0 0.0 0.0 0.0 0.0 0.0 0.0 0.0 1.0 0.0 0.0 0.0 0.0 0.0 0.0 0.0 0.0 0.0 0.0 0.0 0.0 0.0 0.0 0.0 0.0 0.0 0.0 0.0 0.0 0.0 0.0 0.0 0.0 0.0 0.0 0.0 0.0 0.0 0.0 0.0
