307.027553171 306.766247289 306.244817178 305.465620219 304.43217772 303.14915728 301.622349415 299.858638583 297.86596874 295.653303612 2 0 2 0 0 0 0 1 0 1 0 0 0 0 0 0 0 0 0 1 0 0 6 16 0 0 6 2 0 0 1 0 1 0 1 0 130 0 0 0 1 0 0 0 1 0 0 0 0 0 1 0 0 0 0 1 0 1 0 0 0 1 0 0 16 0 17 1 13 0.067 0 0 0 0 1 78 3
293.230581901 290.608667644 287.799295992 284.815014693 281.66912158 278.375598384 274.949041236 271.404588198 267.757844206 264.02480383 2 2 2 0 0 0 0 1 0 0 0 0 0 1 0 0 1 0 0 0 0 0 6 15 1 0 6 1 1 0 1 0 1 0 1 0 0 0 0 0 1 0 0 0 0 1 0 0 0 0 1 0 0 0 0 1 0 0 1 0 0 1 0 1 15 1 16 2 12 0.133 0 0 0 0 1 223 3
260.221772229 256.365284725 252.472025412 248.558745215 244.642179833 240.738967975 236.865570329 233.038189665 229.272692489 225.584532657 2 2 2 0 1 0 0 0 0 0 0 0 0 1 1 0 0 0 0 0 0 0 6 14 2 0 6 0 2 0 1 0 1 1 0 131.216 0 0 131.216 0 1 0 0 0 0 1 0 0 0 0 1 0 0 0 0 1 0 0 1 0 0 0 1 2 14 2 15 3 11 0.2 0 1 0 0 0 118 5
221.988677325 218.499535626 215.130890434 211.895833552 208.806704669 205.875034377 203.111491542 200.525835288 198.126871833 195.922416382 2 2 2 1 0 0 0 0 0 0 1 0 0 0 0 0 0 1 0 0 0 0 5 13 3 0 5 3 3 1 0 0 1 0 1 134.216 131.216 131.216 134.216 0 1 0 0 0 0 1 0 0 0 0 1 0 0 0 0 0 1 0 1 0 0 1 0 3 13 3 14 4 10 0.267 1 0 0 0 0 116 5
193.919260271 192.12314351 190.538732847 189.169605466 188.018238374 187.086003513 186.373168614 185.878903759 185.601293604 185.537355172 2 2 2 0 0 1 0 0 1 0 0 0 0 0 0 0 1 0 0 0 0 1 5 12 4 1 5 2 0 0 1 1 0 0 1 0 134.216 134.216 0 0 1 0 0 0 0 1 0 0 0 0 1 0 0 0 0 1 0 0 0 1 0 1 0 4 12 4 13 5 9 0.333 0 0 1 0 0 156 5
185.683061116 186.033368289 186.582251471 187.322742051 188.246971431 189.34621892 190.610963836 192.030941529 193.595203018 195.292177892 2 2 2 0 1 0 0 0 0 0 0 1 0 0 0 0 1 0 0 0 0 1 5 11 5 1 5 1 1 0 1 0 1 0 1 0 0 0 0 0 1 0 0 0 0 1 0 0 0 0 1 0 0 0 0 1 0 0 1 0 0 1 0 5 11 5 12 6 8 0.4 0 1 0 0 0 2276 5
197.109740158 199.035276643 201.055757599 203.157809113 205.327786931 207.551851296 209.816042402 212.106356044 214.408819066 216.709564209 2 2 2 0 1 0 0 0 0 0 1 0 0 0 1 0 0 0 0 0 0 1 5 10 6 1 5 0 2 0 1 0 1 1 0 126.892 0 0 126.892 0 1 0 0 0 0 1 0 0 0 0 1 0 0 0 0 1 0 0 1 0 0 0 1 6 10 6 11 7 7 0.467 0 1 0 0 0 279 1
218.994903944 221.251402909 223.465948564 225.625819684 227.718752342 229.73300302 231.657408533 233.48144245 235.195267718 236.789785222 2 2 2 1 0 0 0 0 0 0 1 0 0 0 1 0 0 0 0 0 0 1 4 9 7 1 4 0 3 1 0 0 1 1 0 130.3515 126.892 126.892 130.3515 0 1 0 0 0 0 1 0 0 0 0 1 0 0 0 0 0 1 0 1 0 0 0 1 7 9 7 10 8 6 0.533 1 0 0 0 0 368 1
238.256678037 239.588451148 240.778466436 241.82097277 242.711131052 243.445034105 244.019721313 244.433187962 244.684389241 244.773238923 2 2 2 1 0 0 0 0 1 0 0 0 0 0 0 0 0 1 0 0 0 2 3 8 8 2 3 2 0 1 0 1 0 0 1 128.811 130.3515 130.3515 128.811 0 1 0 0 0 0 1 0 0 0 0 1 0 0 0 0 0 1 0 0 1 0 1 0 8 8 8 9 9 5 0.6 1 0 0 0 0 1486 1
244.700602732 244.468286475 244.079019012 243.536430186 242.845023861 242.01014622 241.037949536 239.935351621 238.709991207 237.37017951 2 2 2 0 0 1 0 0 1 0 0 0 0 0 0 0 1 0 0 0 0 3 3 7 9 3 3 1 0 0 1 1 0 0 1 0 128.811 128.811 0 0 1 0 0 0 0 1 0 0 0 0 1 0 0 0 0 1 0 0 0 1 0 1 0 9 7 9 8 10 4 0.667 0 0 1 0 0 2492 1
235.924848273 234.38349458 232.756122771 231.05318378 229.285512256 227.464261821 225.60083883 223.706835015 221.793959386 219.873969784 2 2 2 0 1 0 0 0 0 0 0 1 0 0 1 0 0 0 0 0 0 3 3 6 10 3 3 0 1 0 1 0 1 1 0 122.568 0 0 122.568 0 1 0 0 0 0 1 0 0 0 0 1 0 0 0 0 1 0 0 1 0 0 0 1 10 6 10 7 11 3 0.733 0 1 0 0 0 118 5
217.958604459 216.059514066 214.188194448 212.355920595 210.573682135 208.852120715 207.201469629 205.631496014 204.151445932 202.76999265 2 2 2 1 0 0 0 0 0 0 1 0 0 0 0 0 1 0 0 0 0 3 2 5 11 3 2 2 2 1 0 0 1 0 1 125.568 122.568 122.568 125.568 0 1 0 0 0 0 1 0 0 0 0 1 0 0 0 0 0 1 0 1 0 0 1 0 11 5 11 6 12 2 0.8 1 0 0 0 0 116 5
201.495188387 200.334419797 199.294367427 198.380969367 197.599389287 196.953989026 196.448305878 196.085034699 195.866014901 195.792222422 2 2 2 0 1 0 0 0 1 0 0 0 0 0 0 0 0 1 0 0 0 4 2 4 12 4 2 1 0 0 1 1 0 0 1 0 125.568 125.568 0 0 1 0 0 0 0 1 0 0 0 0 1 0 0 0 0 1 0 0 0 1 0 1 0 12 4 12 5 13 1 0.867 0 1 0 0 0 118 5
195.863766687 196.079892567 196.438987315 196.938592433 197.575420383 198.345376032 199.243582715 200.264412744 201.401522176 202.647889654 2 2 2 0 0 1 0 0 0 0 1 0 0 0 1 0 0 0 0 0 0 4 2 3 13 4 2 0 1 0 1 0 1 1 0 119.324 0 0 119.324 0 1 0 0 0 0 1 0 0 0 0 1 0 0 0 0 1 0 0 1 0 0 0 1 13 3 13 4 1 4 0.167 0 0 1 0 0 388 5
203.995859063 205.437185777 206.963086206 208.564290366 210.231097164 211.953432069 213.720906853 215.522881039 217.348524712 219.186882329 2 2 2 1 0 0 0 0 0 0 0 1 0 0 1 0 0 0 0 0 0 4 1 2 14 4 1 0 2 1 0 0 1 1 0 122.78349 119.324 119.324 122.78349 0 1 0 0 0 0 1 0 0 0 0 1 0 0 0 0 0 1 0 1 0 0 0 1 14 2 14 3 2 3 0.333 1 0 0 0 0 302 5
221.026937165 222.857676016 224.6681538 226.447557677 228.185270322 229.870932004 231.494501085 233.046312631 234.517134775 235.898222515 2 2 2 1 0 0 0 0 1 0 0 0 0 0 0 0 1 0 0 0 0 5 0 1 15 5 0 1 0 1 0 1 0 0 1 121.243 122.78349 122.78349 121.243 0 1 0 0 0 0 1 0 0 0 0 0 0 1 0 0 0 1 0 0 1 0 1 0 15 1 15 2 3 2 0.5 1 0 0 0 0 302 5
237.181368651 238.35895156 239.423979543 240.370131485 241.191793606 241.884092087 242.442921387 242.864968094 243.147730164 243.289531455 2 2 0 0 1 0 0 0 1 0 0 0 0 0 0 1 0 0 0 0 0 6 0 0 16 6 0 0 0 0 1 1 0 0 1 110 121.243 121.243 0 0 0 0 1 0 0 1 0 0 0 1 0 0 0 0 0 1 0 0 0 1 1 0 0 16 0 16 1 4 1 0.667 0 1 0 0 0 62 5
