244.843843534 244.938634092 245.127776057 245.41039306 245.785175388 246.250385759 246.803866983 247.443051483 248.164972608 248.966277714 2 0 2 0 0 1 0 0 0 1 0 0 0 0 0 0 1 0 0 0 0 0 3 17 0 0 3 1 0 0 1 0 1 0 1 0 130 0 0 0 1 0 0 0 1 0 0 0 0 0 1 0 0 0 0 1 0 1 0 0 0 1 0 0 17 0 18 1 6 0.125 0 0 1 0 0 22 17
249.843242931 250.791789563 251.807502038 252.885647332 254.021195774 255.208843138 256.443033922 257.717985712 259.027714512 260.366060931 2 2 2 0 1 0 0 0 0 0 0 1 0 0 1 0 0 0 0 0 0 0 3 16 1 0 3 0 1 0 1 0 1 1 0 132.436 0 0 132.436 0 1 0 0 0 0 1 0 0 0 0 1 0 0 0 0 1 0 0 1 0 0 0 1 1 16 1 17 2 5 0.25 0 1 0 0 0 76 14
261.726717107 263.103254248 264.489150652 265.877820107 267.262640507 268.636982587 269.994238629 271.327851007 272.631340465 273.898333975 2 2 2 1 0 0 0 0 0 0 1 0 0 0 0 0 0 1 0 0 0 0 2 15 2 0 2 1 2 1 0 0 1 0 1 135.436 132.436 132.436 135.436 0 1 0 0 0 0 1 0 0 0 0 1 0 0 0 0 0 1 0 1 0 0 1 0 2 15 2 16 3 4 0.375 1 0 0 0 0 527 1
275.12259206 276.298035476 277.418771101 278.479116948 279.473626175 280.397109984 281.244659324 282.011665282 282.693838091 283.287224668 2 2 2 0 0 1 0 0 1 0 0 0 0 0 1 0 0 0 0 0 0 1 2 14 3 1 2 0 0 0 1 1 0 1 0 130.38499 135.436 135.436 130.38499 0 1 0 0 0 0 1 0 0 0 0 1 0 0 0 0 1 0 0 0 1 0 0 1 3 14 3 15 4 3 0.5 0 0 1 0 0 607 1
283.788224596 284.193604506 284.500510769 284.706480476 284.809450639 284.807765583 284.700182519 284.485875243 284.164435994 283.73587543 2 2 2 1 0 0 0 0 0 0 0 1 0 0 0 0 0 0 1 0 0 1 1 13 4 1 1 1 1 1 0 0 1 0 1 133.38499 130.38499 130.38499 133.38499 0 1 0 0 0 0 1 0 0 0 0 1 0 0 0 0 0 1 0 1 0 0 1 0 4 13 4 14 5 2 0.625 1 0 0 0 0 184 1
283.200620761 282.559512028 281.813796577 280.96512174 280.015525774 278.967427107 277.823611944 276.587220296 275.261730507 273.850942354 2 2 2 0 0 0 1 0 1 0 0 0 0 0 1 0 0 0 0 0 0 2 1 12 5 2 1 0 0 0 1 1 0 1 0 128.33299 133.38499 133.38499 128.33299 0 1 0 0 0 0 1 0 0 0 0 1 0 0 0 0 1 0 0 0 1 0 0 1 5 12 5 13 6 1 0.75 0 0 0 1 0 2 4
272.358958808 270.790166535 269.149215248 267.440996 265.670618521 263.843387726 261.964779479 260.040415752 258.076039288 256.077487889 2 2 2 1 0 0 0 0 0 0 0 0 1 0 0 0 0 0 0 1 0 2 0 11 6 2 0 11 1 1 0 0 1 0 1 131.33299 128.33299 128.33299 131.33299 0 1 0 0 0 0 1 0 0 0 0 1 0 0 0 0 0 1 0 1 0 0 1 0 6 11 6 12 1 4 0.167 1 0 0 0 0 48 5
254.050668443 252.001530829 249.936041806 247.860159009 245.779805189 243.700842792 241.629049009 239.57009141 237.529504266 235.512665674 2 2 2 0 0 0 0 1 1 0 0 0 0 0 0 0 0 1 0 0 0 3 0 10 7 3 0 10 0 0 1 1 0 0 1 0 131.33299 131.33299 0 0 1 0 0 0 0 1 0 0 0 0 1 0 0 0 0 1 0 0 0 1 0 1 0 7 10 7 11 2 3 0.333 0 0 0 0 1 696 5
233.524775578 231.570834798 229.65562514 227.783690694 225.959320392 224.186531892 222.469056875 220.810327804 219.213466189 217.681272432 2 2 2 0 0 1 0 0 0 0 0 0 0 1 0 0 0 0 0 1 0 3 0 9 8 3 0 9 1 0 1 0 1 0 1 0 0 0 0 0 1 0 0 0 0 1 0 0 0 0 1 0 0 0 0 1 0 0 1 0 0 1 0 8 9 8 10 3 2 0.5 0 0 1 0 0 222 5
216.21621726 214.820434798 213.495717288 212.243511485 211.064916723 209.960684651 208.931220639 207.976586822 207.096506764 206.290371708 2 2 2 0 0 0 0 1 0 0 0 1 0 0 0 0 0 1 0 0 0 3 0 8 9 3 0 8 2 0 1 0 1 0 1 0 0 0 0 0 1 0 0 0 0 1 0 0 0 0 1 0 0 0 0 1 0 0 1 0 0 1 0 9 8 9 9 4 1 0.667 0 0 0 0 1 38 5
205.55724837 204.895888227 204.304738245 203.781952986 203.325408019 202.932714569 202.601235322 202.328101287 202.110229651 201.9443425 2 2 2 0 0 1 0 0 0 0 0 0 0 1 0 0 1 0 0 0 0 3 0 7 10 3 0 7 3 0 1 0 1 0 1 0 0 0 0 0 1 0 0 0 0 1 0 0 0 0 1 0 0 0 0 1 0 0 1 0 0 1 0 10 7 10 8 1 8 0.1 0 0 1 0 0 193 12
201.826986337 201.754552273 201.723296799 201.729363029 201.768802296 201.837596007 201.931677632 202.046954722 202.179330849 202.324727344 2 2 2 0 1 0 0 0 0 0 0 1 0 0 0 0 0 0 0 1 0 3 0 6 11 3 0 6 4 0 1 0 1 0 1 0 0 0 0 0 1 0 0 0 0 1 0 0 0 0 1 0 0 0 0 1 0 0 1 0 0 1 0 11 6 11 7 2 7 0.2 0 1 0 0 0 9 16
202.479104745 202.638483834 202.798966161 202.956753964 203.108169373 203.249672825 203.377880575 203.489581246 203.581751327 203.651569536 2 2 2 0 0 0 0 1 0 0 1 0 0 0 0 0 1 0 0 0 0 3 0 5 12 3 0 5 5 0 1 0 1 0 1 0 0 0 0 0 1 0 0 0 0 1 0 0 0 0 1 0 0 0 0 1 0 0 1 0 0 1 0 12 5 12 6 3 6 0.3 0 0 0 0 1 413 12
203.696430012 203.713954235 203.702001662 203.658678997 203.582348077 203.471632338 203.325421824 203.142876739 202.923429521 202.666785433 2 2 2 0 1 0 0 0 0 0 0 0 0 1 0 0 0 1 0 0 0 3 0 4 13 3 0 4 6 0 1 0 1 0 1 0 0 0 0 0 1 0 0 0 0 1 0 0 0 0 1 0 0 0 0 1 0 0 1 0 0 1 0 13 4 13 5 4 5 0.4 0 1 0 0 0 127 6
202.372921691 202.042085121 201.674788385 201.271804794 200.834161733 200.363132765 199.860228439 199.327185863 198.765957112 198.178696526 2 2 2 0 0 1 0 0 0 0 1 0 0 0 0 0 0 0 1 0 0 3 0 3 14 3 0 3 7 0 1 0 1 0 1 0 0 0 0 0 1 0 0 0 0 1 0 0 0 0 1 0 0 0 0 1 0 0 1 0 0 1 0 14 3 14 4 5 4 0.5 0 0 1 0 0 32 7
197.56774698 196.935625193 196.285006171 195.618706857 194.939669092 194.250941967 193.555663676 192.857042952 192.158340212 191.462848482 2 2 2 0 0 0 1 0 0 0 0 1 0 0 0 0 0 0 0 1 0 3 0 2 15 3 0 2 8 0 1 0 1 0 1 0 0 0 0 0 1 0 0 0 0 1 0 0 0 0 1 0 0 0 0 1 0 0 1 0 0 1 0 15 2 15 3 6 3 0.6 0 0 0 1 0 2 4
190.77387423 190.094718202 189.428656358 188.778921016 188.148682308 187.54103004 186.958956055 186.405337198 185.882918961 185.394299917 2 2 2 0 0 0 0 1 0 0 0 0 1 0 0 0 1 0 0 0 0 3 0 1 16 3 0 1 9 0 1 0 1 0 1 0 0 0 0 0 1 0 0 0 0 1 0 0 0 0 0 0 1 0 0 1 0 0 1 0 0 1 0 16 1 16 2 7 2 0.7 0 0 0 0 1 750 5
184.941916997 184.52803171 184.154717377 183.823847428 183.537084854 183.295872836 183.101426634 182.954726749 182.856513417 182.807282448 2 2 0 0 1 0 0 0 0 0 0 0 0 1 0 1 0 0 0 0 0 3 0 0 17 3 0 0 10 0 1 0 1 0 1 110 0 0 0 0 0 0 1 0 0 1 0 0 0 1 0 0 0 0 0 1 0 0 1 0 1 0 0 17 0 17 1 8 1 0.8 0 1 0 0 0 692 5
