-46.606 -50.201 -60.202 -63.659 -63.861 -58.639 -40.46 -5.708 28.273 36.245 2 0 2 0 0 1 0 0 0 1 0 0 0 0 0 0 0 1 0 0 0 0 7 18 0 0 7 3 0 0 1 0 1 0 1 0 130 0 0 0 1 0 0 0 1 0 0 0 0 0 1 0 0 0 0 1 0 1 0 0 0 1 0 0 18 0 19 1 6 0.125 0 0 1 0 0 395 1
38.372 41.479 45.241 46.788 43.305 29.378 30.054 36.854 35.785 31.233 2 2 2 0 0 1 0 0 0 0 0 1 0 0 0 0 0 1 0 0 0 0 7 17 1 0 7 2 1 0 1 0 1 0 1 0 0 0 0 0 1 0 0 0 0 1 0 0 0 0 1 0 0 0 0 1 0 0 1 0 0 1 0 1 17 1 18 2 5 0.25 0 0 1 0 0 222 1
25.43 19.318 11.754 -16.121 -40.129 -58.568 -62.267 -56.636 -38.167 -20.1 2 2 2 0 0 1 0 0 0 0 0 1 0 0 0 0 0 0 0 1 0 0 7 16 2 0 7 1 2 0 1 0 1 0 1 0 0 0 0 0 1 0 0 0 0 1 0 0 0 0 1 0 0 0 0 1 0 0 1 0 0 1 0 2 16 2 17 3 4 0.375 0 0 1 0 0 13 1
0.863 22.627 42.045 59.246 61.392 54.044 39.768 21.233 5.651 -5.764 2 2 2 0 0 0 0 1 0 0 0 1 0 0 1 0 0 0 0 0 0 0 7 15 3 0 7 0 3 0 1 0 1 1 0 130.38499 0 0 130.38499 0 1 0 0 0 0 1 0 0 0 0 1 0 0 0 0 1 0 0 1 0 0 0 1 3 15 3 16 4 3 0.5 0 0 0 0 1 1102 5
-3.687 6.571 18.791 31.075 45.927 59.552 62.124 62.691 61.132 31.693 2 2 2 1 0 0 0 0 0 0 0 0 0 1 0 0 1 0 0 0 0 0 6 14 4 0 6 1 4 1 0 0 1 0 1 133.38499 130.38499 130.38499 133.38499 0 1 0 0 0 0 1 0 0 0 0 1 0 0 0 0 0 1 0 1 0 0 1 0 4 14 4 15 5 2 0.625 1 0 0 0 0 195 5
-38.2 -29.26 -24.881 -73.572 -104.898 -122.283 -128.602 -128.653 -145.248 -168.526 2 2 1 0 1 0 0 0 1 0 0 0 0 0 1 0 0 0 0 0 0 1 6 13 5 1 6 0 0 0 1 1 0 1 0 128.33299 133.38499 133.38499 128.33299 0 1 0 0 0 0 1 0 0 0 0 1 0 0 0 0 1 0 0 0 1 0 0 1 5 13 5 14 6 1 0.75 0 1 0 0 0 62 5
-25.707 -7.225 12.692 30.009 48.385 59.443 68.387 73.261 77.08 80.547 1 2 2 1 0 0 0 0 0 0 1 0 0 0 0 0 0 1 0 0 0 1 5 12 6 1 5 1 1 1 0 0 1 0 1 133.33299 128.33299 128.33299 133.33299 0 1 0 0 0 0 1 0 0 0 0 1 0 0 0 0 0 1 0 1 0 0 1 0 6 12 6 13 1 2 0.25 1 0 0 0 0 175 1
82.231 62.699 10.684 -62.063 -86.437 -89.249 -81.855 -66.37 -36.401 -2.681 2 1 2 0 0 1 0 0 1 0 0 0 0 0 1 0 0 0 0 0 0 2 5 11 7 2 5 0 0 0 1 1 0 1 0 126.795 133.33299 133.33299 126.795 0 1 0 0 0 0 1 0 0 0 0 1 0 0 0 0 1 0 0 0 1 0 0 1 7 11 7 12 2 1 0.5 0 0 1 0 0 200 1
76.73 77.927 79.057 71.766 48.601 43.45 48.494 56.367 55.892 48.952 2 2 2 1 0 0 0 0 0 0 0 1 0 0 0 0 0 0 0 1 0 2 4 10 8 2 4 3 1 1 0 0 1 0 1 129.795 126.795 126.795 129.795 0 1 0 0 0 0 1 0 0 0 0 1 0 0 0 0 0 1 0 1 0 0 1 0 8 10 8 11 1 7 0.111 1 0 0 0 0 30 6
34.869 28.104 18.781 -2.425 -24.866 -32.364 -37.122 -40.609 -40.825 -38.542 2 2 2 0 0 0 0 1 1 0 0 0 0 0 0 0 0 0 0 1 0 3 4 9 9 3 4 2 0 0 1 1 0 0 1 0 129.795 129.795 0 0 1 0 0 0 0 1 0 0 0 0 1 0 0 0 0 1 0 0 0 1 0 1 0 9 9 9 10 2 6 0.222 0 0 0 0 1 93 7
-27.515 -3.198 -1.842 -22.07 -33.842 -39.394 -43.384 -45.081 -48.274 -47.639 2 2 2 0 0 0 0 1 0 0 0 0 0 1 0 0 0 1 0 0 0 3 4 8 10 3 4 1 1 0 1 0 1 0 1 0 0 0 0 0 1 0 0 0 0 1 0 0 0 0 1 0 0 0 0 1 0 0 1 0 0 1 0 10 8 10 9 3 5 0.333 0 0 0 0 1 5 14
-31.646 -30.277 -31.568 -35.072 -38.218 -36.991 -29.015 -8.815 20.63 37.874 2 2 2 0 0 1 0 0 0 0 0 0 0 1 1 0 0 0 0 0 0 3 4 7 11 3 4 0 2 0 1 0 1 1 0 122.692 0 0 122.692 0 1 0 0 0 0 1 0 0 0 0 1 0 0 0 0 1 0 0 1 0 0 0 1 11 7 11 8 4 4 0.444 0 0 1 0 0 1769 1
46.643 62.928 80.97 83.142 83.865 83.896 85.49 86.716 80.713 67.553 2 2 2 1 0 0 0 0 0 0 0 1 0 0 0 0 1 0 0 0 0 3 3 6 12 3 3 1 3 1 0 0 1 0 1 125.692 122.692 122.692 125.692 0 1 0 0 0 0 1 0 0 0 0 1 0 0 0 0 0 1 0 1 0 0 1 0 12 6 12 7 5 3 0.556 1 0 0 0 0 631 1
49.767 30.367 11.242 -7.829 -27.077 -52.79 -83.853 -106.405 -111.749 -102.368 2 2 2 0 1 0 0 0 1 0 0 0 0 0 1 0 0 0 0 0 0 4 3 5 13 4 3 0 0 0 1 1 0 1 0 120.641 125.692 125.692 120.641 0 1 0 0 0 0 1 0 0 0 0 1 0 0 0 0 1 0 0 0 1 0 0 1 13 5 13 6 6 2 0.667 0 1 0 0 0 405 5
-80.604 -55.465 -38.284 -33.383 -33.393 -33.504 -30.128 -23.474 -25.84 -28.508 2 2 1 1 0 0 0 0 0 0 1 0 0 0 0 0 0 0 0 1 0 4 2 4 14 4 2 1 1 1 0 0 1 0 1 118.87199 120.641 120.641 118.87199 0 1 0 0 0 0 1 0 0 0 0 1 0 0 0 0 0 1 0 1 0 0 1 0 14 4 14 5 7 1 0.778 1 0 0 0 0 86 5
42.641 49.822 50.276 44.881 31.771 17.313 4.54 -10.367 -21.963 -28.254 1 2 2 0 0 0 0 1 1 0 0 0 0 0 1 0 0 0 0 0 0 5 2 3 15 5 2 0 0 0 1 1 0 1 0 119.103 118.87199 118.87199 119.103 0 1 0 0 0 0 1 0 0 0 0 1 0 0 0 0 1 0 0 0 1 0 0 1 15 3 15 4 1 4 0.167 0 0 0 0 1 705 1
-26.914 -15.618 -0.94 13.758 28.472 43.197 57.584 65.397 67.014 69.118 2 1 2 1 0 0 0 0 0 0 0 0 0 1 0 0 0 0 0 1 0 5 1 2 16 5 1 1 1 1 0 0 1 0 1 122.103 119.103 119.103 122.103 0 1 0 0 0 0 1 0 0 0 0 1 0 0 0 0 0 1 0 1 0 0 1 0 16 2 16 3 2 3 0.333 1 0 0 0 0 184 1
73.311 83.808 91.823 90.959 71.302 33.462 -1.335 -33.831 -58.617 -66.855 2 2 2 0 0 0 0 1 1 0 0 0 0 0 1 0 0 0 0 0 0 6 1 1 17 6 1 0 0 0 1 1 0 1 0 117.051 122.103 122.103 117.051 0 1 0 0 0 0 1 0 0 0 0 0 0 1 0 0 1 0 0 0 1 0 0 1 17 1 17 2 3 2 0.5 0 0 0 0 1 1162 1
-64.594 -55.547 -46.148 -40.824 -42.502 -41.439 -39.229 -37.235 -27.964 -4.277 2 2 0 1 0 0 0 0 0 0 0 0 0 1 0 1 0 0 0 0 0 6 0 0 18 6 0 0 1 1 0 0 1 0 1 120.051 117.051 117.051 0 0 0 0 1 0 0 1 0 0 0 1 0 0 0 0 0 0 1 0 1 0 1 0 0 18 0 18 1 4 1 0.667 1 0 0 0 0 96 8
