-2.677 -2.811 -3.537 -9.822 -17.062 -17.325 -17.311 -18.411 -19.206 -18.219 2 0 2 0 0 1 0 0 0 1 0 0 0 0 0 0 1 0 0 0 0 0 2 10 0 0 2 8 0 0 1 0 1 0 1 0 130 0 0 0 1 0 0 0 1 0 0 0 0 0 1 0 0 0 0 1 0 1 0 0 0 1 0 0 10 0 11 1 4 0.167 0 0 1 0 0 558 8
-10.215 5.493 21.181 40.506 46.937 34.83 28.73 24.535 23.503 24.687 2 2 2 0 1 0 0 0 0 0 0 1 0 0 0 0 0 1 0 0 0 0 2 9 1 0 2 7 1 0 1 0 1 0 1 0 0 0 0 0 1 0 0 0 0 1 0 0 0 0 1 0 0 0 0 1 0 0 1 0 0 1 0 1 9 1 10 2 3 0.333 0 1 0 0 0 2071 8
21.32 10.235 -1.101 -12.407 -28.875 -55.406 -57.131 -39.371 2.37 28.048 2 2 2 0 0 1 0 0 0 0 1 0 0 0 0 0 0 1 0 0 0 0 2 8 2 0 2 6 2 0 1 0 1 0 1 0 0 0 0 0 1 0 0 0 0 1 0 0 0 0 1 0 0 0 0 1 0 0 1 0 0 1 0 2 8 2 9 3 2 0.5 0 0 1 0 0 341 1
25.137 20.039 14.915 10.103 -5.465 -35.464 -44.341 -44.705 -48.437 -50.584 2 2 1 0 0 1 0 0 0 0 0 1 0 0 0 0 0 0 0 1 0 0 2 7 3 0 2 5 3 0 1 0 1 0 1 0 0 0 0 0 1 0 0 0 0 1 0 0 0 0 1 0 0 0 0 1 0 0 1 0 0 1 0 3 7 3 8 4 1 0.667 0 0 1 0 0 325 1
25.776 39.778 48.622 47.798 32.885 7.808 -18.764 -27.416 -27.709 -28.266 1 2 2 0 0 0 0 1 0 0 0 1 0 0 0 0 0 0 0 1 0 0 2 6 4 0 2 4 4 0 1 0 1 0 1 0 0 0 0 0 1 0 0 0 0 1 0 0 0 0 1 0 0 0 0 1 0 0 1 0 0 1 0 4 6 4 7 1 7 0.111 0 0 0 0 1 1065 1
-23.848 -0.708 26.804 52.646 76.999 82.452 59.483 27.707 -4.229 -22.51 2 1 2 0 0 0 0 1 0 0 0 0 0 1 0 0 1 0 0 0 0 0 2 5 5 0 2 3 5 0 1 0 1 0 1 0 0 0 0 0 1 0 0 0 0 1 0 0 0 0 1 0 0 0 0 1 0 0 1 0 0 1 0 5 5 5 6 2 6 0.222 0 0 0 0 1 2208 1
-83.706 -82.842 -26.934 11.669 15.067 2.347 -16.869 -39.244 -38.359 -16.815 2 2 2 0 1 0 0 0 0 0 0 0 0 1 0 0 0 1 0 0 0 0 2 4 6 0 2 2 6 0 1 0 1 0 1 0 0 0 0 0 1 0 0 0 0 1 0 0 0 0 1 0 0 0 0 1 0 0 1 0 0 1 0 6 4 6 5 3 5 0.333 0 1 0 0 0 732 11
-8.14 -4.714 -0.867 2.588 4.628 0.698 -2.344 1.968 14.092 29.703 2 2 2 0 0 1 0 0 0 0 1 0 0 0 0 0 0 0 1 0 0 0 2 3 7 0 2 1 7 0 1 0 1 0 1 0 0 0 0 0 1 0 0 0 0 1 0 0 0 0 1 0 0 0 0 1 0 0 1 0 0 1 0 7 3 7 4 4 4 0.444 0 0 1 0 0 1588 11
30.908 28.868 25.613 21.07 13.676 0.773 -14.689 -25.738 -32.209 -36.868 2 2 2 0 0 0 1 0 0 0 0 1 0 0 1 0 0 0 0 0 0 0 2 2 8 0 2 0 8 0 1 0 1 1 0 120 0 0 120 0 1 0 0 0 0 1 0 0 0 0 1 0 0 0 0 1 0 0 1 0 0 0 1 8 2 8 3 5 3 0.556 0 0 0 1 0 2 9
-30.363 -13.576 3.445 20.452 35.336 35.504 22.218 10.539 5.558 0.735 2 2 2 1 0 0 0 0 0 0 0 0 1 0 1 0 0 0 0 0 0 0 1 1 9 0 1 0 9 1 0 0 1 1 0 123.1665 120 120 123.1665 0 1 0 0 0 0 1 0 0 0 0 0 0 1 0 0 0 1 0 1 0 0 0 1 9 1 9 2 6 2 0.667 1 0 0 0 0 872 5
-5.018 -3.738 0.487 2.483 -3.309 -11.015 -13.42 -12.781 -11.472 -3.389 2 2 0 1 0 0 0 0 1 0 0 0 0 0 0 1 0 0 0 0 0 1 0 0 10 1 0 0 0 1 0 1 0 0 1 121.333 123.1665 123.1665 0 0 0 0 1 0 0 1 0 0 0 1 0 0 0 0 0 0 1 0 0 1 1 0 0 10 0 10 1 7 1 0.778 1 0 0 0 0 263 5
