245.840638116 245.837184894 245.830261109 245.819832147 245.805846256 245.788234746 245.766912264 245.741777119 245.712711691 245.679582886 2 0 2 0 0 0 0 1 0 1 0 0 0 0 0 0 1 0 0 0 0 0 3 23 0 0 3 10 0 0 1 0 1 0 1 0 130 0 0 0 1 0 0 0 1 0 0 0 0 0 1 0 0 0 0 1 0 1 0 0 0 1 0 0 23 0 24 1 4 0.167 0 0 0 0 1 25 13
245.642242661 245.600528613 245.554264617 245.503261527 245.447317928 245.386220945 245.319747095 245.247663188 245.169727274 245.085689631 2 2 2 0 1 0 0 0 0 0 0 0 0 1 0 0 0 1 0 0 0 0 3 22 1 0 3 9 1 0 1 0 1 0 1 0 0 0 0 0 1 0 0 0 0 1 0 0 0 0 1 0 0 0 0 1 0 0 1 0 0 1 0 1 22 1 23 2 3 0.333 0 1 0 0 0 417 7
244.995293783 244.898277565 244.794374211 244.683313471 244.564822753 244.438628288 244.304456309 244.162034241 244.011091909 243.851362742 2 2 2 0 0 1 0 0 0 0 1 0 0 0 0 0 1 0 0 0 0 0 3 21 2 0 3 8 2 0 1 0 1 0 1 0 0 0 0 0 1 0 0 0 0 1 0 0 0 0 1 0 0 0 0 1 0 0 1 0 0 1 0 2 21 2 22 3 2 0.5 0 0 1 0 0 106 5
243.682584985 243.504502906 243.316867998 243.11944017 242.911988928 242.69429453 242.46614913 242.227357889 241.977740062 241.717130047 2 2 2 0 1 0 0 0 0 0 0 1 0 0 0 0 0 0 0 1 0 0 3 20 3 0 3 7 3 0 1 0 1 0 1 0 0 0 0 0 1 0 0 0 0 1 0 0 0 0 1 0 0 0 0 1 0 0 1 0 0 1 0 3 20 3 21 4 1 0.667 0 1 0 0 0 142 5
241.445378405 241.162352833 240.867939102 240.562041941 240.244585881 239.915516035 239.574798836 239.222422708 238.858398682 238.482760946 2 2 2 0 0 0 0 1 0 0 1 0 0 0 0 0 0 0 0 1 0 0 3 19 4 0 3 6 4 0 1 0 1 0 1 0 0 0 0 0 1 0 0 0 0 1 0 0 0 0 1 0 0 0 0 1 0 0 1 0 0 1 0 4 19 4 20 1 1 0.333 0 0 0 0 1 185 8
238.095567335 237.696899749 237.286864509 236.865592633 236.433240058 235.989987767 235.536041864 235.071633558 234.597019084 234.112479543 2 2 2 0 0 0 0 1 0 0 0 0 0 1 0 0 0 0 1 0 0 0 3 18 5 0 3 5 5 0 1 0 1 0 1 0 0 0 0 0 1 0 0 0 0 1 0 0 0 0 1 0 0 0 0 1 0 0 1 0 0 1 0 5 18 5 19 1 4 0.167 0 0 0 0 1 206 8
233.618320665 233.114872503 232.602489048 232.081547769 231.552449083 231.015615748 230.471492189 229.92054375 229.363255882 228.800133257 2 2 2 0 0 0 1 0 0 0 0 0 0 1 0 0 0 0 0 1 0 0 3 17 6 0 3 4 6 0 1 0 1 0 1 0 0 0 0 0 1 0 0 0 0 1 0 0 0 0 1 0 0 0 0 1 0 0 1 0 0 1 0 6 17 6 18 2 3 0.333 0 0 0 1 0 2 9
228.231698828 227.658492817 227.081071651 226.50000683 225.915883754 225.329300487 224.74086648 224.151201243 223.560932977 222.970697172 2 2 2 0 0 0 0 1 0 0 0 0 1 0 0 0 0 1 0 0 0 0 3 16 7 0 3 3 7 0 1 0 1 0 1 0 0 0 0 0 1 0 0 0 0 1 0 0 0 0 1 0 0 0 0 1 0 0 1 0 0 1 0 7 16 7 17 3 2 0.5 0 0 0 0 1 207 5
222.381135164 221.792892665 221.206618262 220.6229619 220.042573338 219.466100596 218.894188388 218.327476553 217.766598477 217.212179522 2 2 2 0 0 1 0 0 0 0 0 0 0 1 0 0 0 1 0 0 0 0 3 15 8 0 3 2 8 0 1 0 1 0 1 0 0 0 0 0 1 0 0 0 0 1 0 0 0 0 1 0 0 0 0 1 0 0 1 0 0 1 0 8 15 8 16 4 1 0.667 0 0 1 0 0 1582 5
216.664835466 216.125170942 215.593777903 215.071234105 214.558101606 214.054925306 213.562231508 213.080526521 212.610295306 212.152000159 2 2 2 0 0 1 0 0 0 0 0 1 0 0 0 0 1 0 0 0 0 0 3 14 9 0 3 1 9 0 1 0 1 0 1 0 0 0 0 0 1 0 0 0 0 1 0 0 0 0 1 0 0 0 0 1 0 0 1 0 0 1 0 9 14 9 15 1 2 0.25 0 0 1 0 0 90 8
211.706079449 211.272946405 210.852987959 210.446563652 210.054004596 209.675612503 209.311658792 208.962383752 208.627995794 208.308670769 2 2 2 0 1 0 0 0 0 0 0 1 0 0 1 0 0 0 0 0 0 0 3 13 10 0 3 0 10 0 1 0 1 1 0 125.98 0 0 125.98 0 1 0 0 0 0 1 0 0 0 0 1 0 0 0 0 1 0 0 1 0 0 0 1 10 13 10 14 2 1 0.5 0 1 0 0 0 24 8
208.004551372 207.715746621 207.442331425 207.184346233 206.941796768 206.714653853 206.502853318 206.306296003 206.124847844 205.958340055 2 2 2 1 0 0 0 0 0 0 1 0 0 0 1 0 0 0 0 0 0 0 2 12 11 0 2 0 11 1 0 0 1 1 0 129.588 125.98 125.98 129.588 0 1 0 0 0 0 1 0 0 0 0 1 0 0 0 0 0 1 0 1 0 0 0 1 11 12 11 13 1 8 0.1 1 0 0 0 0 80 25
205.806569394 205.669298522 205.546256449 205.437139069 205.341609783 205.259300207 205.189810965 205.132712566 205.087546358 205.05382557 2 2 2 1 0 0 0 0 1 0 0 0 0 0 0 0 0 1 0 0 0 1 1 11 12 1 1 7 0 1 0 1 0 0 1 128.196 129.588 129.588 128.196 0 1 0 0 0 0 1 0 0 0 0 1 0 0 0 0 0 1 0 0 1 0 1 0 12 11 12 12 2 7 0.2 1 0 0 0 0 231 5
205.031036422 205.018639311 205.016070074 205.022741311 205.038043783 205.061347863 205.092005051 205.129349542 205.172699848 205.22136046 2 2 2 0 0 1 0 0 1 0 0 0 0 0 0 0 1 0 0 0 0 2 1 10 13 2 1 6 0 0 1 1 0 0 1 0 128.196 128.196 0 0 1 0 0 0 0 1 0 0 0 0 1 0 0 0 0 1 0 0 0 1 0 1 0 13 10 13 11 3 6 0.3 0 0 1 0 0 85 5
205.274623566 205.331770789 205.392074979 205.454802022 205.519212678 205.58456444 205.650113414 205.715116196 205.778831772 205.840523412 2 2 2 0 1 0 0 0 0 0 0 1 0 0 0 0 0 0 0 1 0 2 1 9 14 2 1 5 1 0 1 0 1 0 1 0 0 0 0 0 1 0 0 0 0 1 0 0 0 0 1 0 0 0 0 1 0 0 1 0 0 1 0 14 9 14 10 4 5 0.4 0 1 0 0 0 379 8
205.899460556 205.954920701 206.00619127 206.052571461 206.09337408 206.12792734 206.155576628 206.175686241 206.187641076 206.190848272 2 2 2 0 0 0 0 1 0 0 1 0 0 0 0 0 0 1 0 0 0 2 1 8 15 2 1 4 2 0 1 0 1 0 1 0 0 0 0 0 1 0 0 0 0 1 0 0 0 0 1 0 0 0 0 1 0 0 1 0 0 1 0 15 8 15 9 5 4 0.5 0 0 0 0 1 353 8
206.184738805 206.168769029 206.142422157 206.105209676 206.056672702 205.996383258 205.923945486 205.838996771 205.741208797 205.630288512 2 2 2 0 0 1 0 0 0 0 0 0 0 1 0 0 0 0 0 1 0 2 1 7 16 2 1 3 3 0 1 0 1 0 1 0 0 0 0 0 1 0 0 0 0 1 0 0 0 0 1 0 0 0 0 1 0 0 1 0 0 1 0 16 7 16 8 6 3 0.6 0 0 1 0 0 34 8
205.505979008 205.368060316 205.216350106 205.050704299 204.871017582 204.677223825 204.469296406 204.247248432 204.011132862 203.761042538 2 2 2 0 0 0 0 1 0 0 0 1 0 0 0 0 0 1 0 0 0 2 1 6 17 2 1 2 4 0 1 0 1 0 1 0 0 0 0 0 1 0 0 0 0 1 0 0 0 0 1 0 0 0 0 1 0 0 1 0 0 1 0 17 6 17 7 7 2 0.7 0 0 0 0 1 207 5
203.497110098 203.219507811 202.928447293 202.624179138 202.306992435 201.977214205 201.635208725 201.281376769 200.916154747 200.540013756 2 2 2 0 0 1 0 0 0 0 0 0 0 1 0 0 0 0 0 1 0 2 1 5 18 2 1 1 5 0 1 0 1 0 1 0 0 0 0 0 1 0 0 0 0 1 0 0 0 0 1 0 0 0 0 1 0 0 1 0 0 1 0 18 5 18 6 8 1 0.8 0 0 1 0 0 85 5
200.153458545 199.75702639 199.35128588 198.936835632 198.514302923 198.084342242 197.647633783 197.204881857 196.756813249 196.304175516 2 2 2 0 0 0 0 1 0 0 0 1 0 0 1 0 0 0 0 0 0 2 1 4 19 2 1 0 6 0 1 0 1 1 0 118.922 0 0 118.922 0 1 0 0 0 0 1 0 0 0 0 1 0 0 0 0 1 0 0 1 0 0 0 1 19 4 19 5 1 3 0.2 0 0 0 0 1 173 12
195.847735221 195.388276128 194.926597339 194.463511398 193.99984235 193.536423778 193.074096803 192.613708063 192.156107683 191.702147221 2 2 2 1 0 0 0 0 0 0 0 0 0 1 0 0 0 1 0 0 0 2 0 3 20 2 0 3 7 1 0 0 1 0 1 121.922 118.922 118.922 121.922 0 1 0 0 0 0 1 0 0 0 0 1 0 0 0 0 0 1 0 1 0 0 1 0 20 3 20 4 2 2 0.4 1 0 0 0 0 126 8
191.252677615 190.808547129 190.370599295 189.939670869 189.516589802 189.102173225 188.697225464 188.302536075 187.918877927 187.547005306 2 2 2 0 0 1 0 0 1 0 0 0 0 0 0 0 1 0 0 0 0 3 0 2 21 3 0 2 0 0 1 1 0 0 1 0 121.922 121.922 0 0 1 0 0 0 0 1 0 0 0 0 1 0 0 0 0 1 0 0 0 1 0 1 0 21 2 21 3 3 1 0.6 0 0 1 0 0 24 8
187.187652081 186.841529904 186.509326472 186.19170384 185.889296803 185.602711335 185.332523106 185.079276066 184.843481114 184.625614834 2 2 2 0 1 0 0 0 0 0 0 1 0 0 0 0 0 1 0 0 0 3 0 1 22 3 0 1 1 0 1 0 1 0 1 0 0 0 0 0 1 0 0 0 0 1 0 0 0 0 0 0 1 0 0 1 0 0 1 0 0 1 0 22 1 22 2 1 1 0.333 0 1 0 0 0 1075 5
184.426118335 184.245396155 184.083815275 183.94170421 183.819352204 183.717008517 183.634881808 183.573139627 183.531907998 183.51127111 2 2 0 0 0 1 0 0 0 0 1 0 0 0 0 1 0 0 0 0 0 3 0 0 23 3 0 0 2 0 1 0 1 0 1 110 0 0 0 0 0 0 1 0 0 1 0 0 0 1 0 0 0 0 0 1 0 0 1 0 1 0 0 23 0 23 1 1 1 0.333 0 0 1 0 0 431 5
