65.487 65.343 65.056 64.462 54.527 23.133 -0.284 -11.597 -15.102 -20.217 2 0 2 0 1 0 0 0 0 1 0 0 0 0 0 0 0 1 0 0 0 0 3 16 0 0 3 5 0 0 1 0 1 0 1 0 130 0 0 0 1 0 0 0 1 0 0 0 0 0 1 0 0 0 0 1 0 1 0 0 0 1 0 0 16 0 17 1 4 0.167 0 1 0 0 0 788 12
-23.584 -10.443 -4.284 -15.574 -20.728 -23.125 -22.325 -17.286 -13.144 -41.807 2 2 2 0 0 1 0 0 0 0 1 0 0 0 0 0 0 1 0 0 0 0 3 15 1 0 3 4 1 0 1 0 1 0 1 0 0 0 0 0 1 0 0 0 0 1 0 0 0 0 1 0 0 0 0 1 0 0 1 0 0 1 0 1 15 1 16 2 3 0.333 0 0 1 0 0 474 12
-81.807 -153.575 -82.414 -28.193 -24.251 2.112 38.257 76.429 100.372 93.714 2 2 2 0 0 1 0 0 0 0 0 1 0 0 0 0 1 0 0 0 0 0 3 14 2 0 3 3 2 0 1 0 1 0 1 0 0 0 0 0 1 0 0 0 0 1 0 0 0 0 1 0 0 0 0 1 0 0 1 0 0 1 0 2 14 2 15 3 2 0.5 0 0 1 0 0 122 12
68.371 55.075 44.59 29.526 -21.395 -65.536 -89.496 -103.038 -106.96 -105.554 2 2 2 0 1 0 0 0 0 0 0 1 0 0 0 0 0 0 0 1 0 0 3 13 3 0 3 2 3 0 1 0 1 0 1 0 0 0 0 0 1 0 0 0 0 1 0 0 0 0 1 0 0 0 0 1 0 0 1 0 0 1 0 3 13 3 14 4 1 0.667 0 1 0 0 0 68 12
15.771 22.412 32.668 34.353 36.409 39.078 43.773 47.995 50.767 49.306 2 2 2 0 0 0 0 1 0 0 1 0 0 0 0 0 1 0 0 0 0 0 3 12 4 0 3 1 4 0 1 0 1 0 1 0 0 0 0 0 1 0 0 0 0 1 0 0 0 0 1 0 0 0 0 1 0 0 1 0 0 1 0 4 12 4 13 1 13 0.067 0 0 0 0 1 611 8
40.705 24.657 6.061 -21.383 -57.962 -80.195 -95.125 -105.482 -105.755 -89.076 2 2 2 0 1 0 0 0 0 0 0 0 0 1 1 0 0 0 0 0 0 0 3 11 5 0 3 0 5 0 1 0 1 1 0 127.97301 0 0 127.97301 0 1 0 0 0 0 1 0 0 0 0 1 0 0 0 0 1 0 0 1 0 0 0 1 5 11 5 12 2 12 0.133 0 1 0 0 0 475 8
-59.376 -32.017 -1.157 29.72 58.348 78.761 84.986 93.837 101.545 98.293 2 2 2 1 0 0 0 0 0 0 1 0 0 0 0 0 0 1 0 0 0 0 2 10 6 0 2 3 6 1 0 0 1 0 1 130.97301 127.97301 127.97301 130.97301 0 1 0 0 0 0 1 0 0 0 0 1 0 0 0 0 0 1 0 1 0 0 1 0 6 10 6 11 3 11 0.2 1 0 0 0 0 1665 11
82.437 70.631 60.502 50.086 26.115 -21.804 -46.075 -43.953 -36.647 -27.06 2 2 2 0 0 1 0 0 1 0 0 0 0 0 0 0 0 0 1 0 0 1 2 9 7 1 2 2 0 0 1 1 0 0 1 0 130.97301 130.97301 0 0 1 0 0 0 0 1 0 0 0 0 1 0 0 0 0 1 0 0 0 1 0 1 0 7 9 7 10 4 10 0.267 0 0 1 0 0 213 11
-16.04 -12.674 -9.328 -6.3 -5.476 -6.249 -10.102 -17.349 -23.583 -31.416 2 2 2 0 0 0 1 0 0 0 0 1 0 0 0 0 0 1 0 0 0 1 2 8 8 1 2 1 1 0 1 0 1 0 1 0 0 0 0 0 1 0 0 0 0 1 0 0 0 0 1 0 0 0 0 1 0 0 1 0 0 1 0 8 8 8 9 5 9 0.333 0 0 0 1 0 2 9
-38.586 -38.996 -37.382 -46.041 -58.342 -61.259 -53.77 -40.733 -17.826 -0.054 2 2 2 0 0 1 0 0 0 0 0 0 1 0 1 0 0 0 0 0 0 1 2 7 9 1 2 0 2 0 1 0 1 1 0 123.649 0 0 123.649 0 1 0 0 0 0 1 0 0 0 0 1 0 0 0 0 1 0 0 1 0 0 0 1 9 7 9 8 6 8 0.4 0 0 1 0 0 181 5
12.975 54.567 74.836 74.85 71.334 68.999 70.269 75.34 75.705 68.527 2 2 2 1 0 0 0 0 0 0 0 1 0 0 0 0 0 1 0 0 0 1 1 6 10 1 1 2 3 1 0 0 1 0 1 126.649 123.649 123.649 126.649 0 1 0 0 0 0 1 0 0 0 0 1 0 0 0 0 0 1 0 1 0 0 1 0 10 6 10 7 7 7 0.467 1 0 0 0 0 1820 5
54.945 31.959 8.709 -13.035 -33.96 -52.414 -62.3 -63.849 -53.502 -43.981 2 2 2 0 0 1 0 0 1 0 0 0 0 0 0 0 0 1 0 0 0 2 1 5 11 2 1 1 0 0 1 1 0 0 1 0 126.649 126.649 0 0 1 0 0 0 0 1 0 0 0 0 1 0 0 0 0 1 0 0 0 1 0 1 0 11 5 11 6 8 6 0.533 0 0 1 0 0 7 2
-59.792 -69.206 -71.374 -60.474 -63.034 -80.605 -82.212 -71.305 -38.513 -14.463 2 2 2 0 0 1 0 0 0 0 0 1 0 0 1 0 0 0 0 0 0 2 1 4 12 2 1 0 1 0 1 0 1 1 0 120.405 0 0 120.405 0 1 0 0 0 0 1 0 0 0 0 1 0 0 0 0 1 0 0 1 0 0 0 1 12 4 12 5 9 5 0.6 0 0 1 0 0 908 11
-13.294 -0.956 39.568 55.496 59.797 64.008 69.173 72.446 72.256 62.81 2 2 2 1 0 0 0 0 0 0 0 1 0 0 0 0 0 0 1 0 0 2 0 3 13 2 0 3 2 1 0 0 1 0 1 123.405 120.405 120.405 123.405 0 1 0 0 0 0 1 0 0 0 0 1 0 0 0 0 0 1 0 1 0 0 1 0 13 3 13 4 10 4 0.667 1 0 0 0 0 43 11
59.07 60.65 53.541 28.229 7.618 -4.481 -12.248 -15.805 -17.637 -16.217 2 2 2 0 0 0 1 0 1 0 0 0 0 0 0 0 0 0 0 1 0 3 0 2 14 3 0 2 0 0 1 1 0 0 1 0 123.405 123.405 0 0 1 0 0 0 0 1 0 0 0 0 1 0 0 0 0 1 0 0 0 1 0 1 0 14 2 14 3 11 3 0.733 0 0 0 1 0 2 9
-8.13 21.87 58.029 93.405 110.904 106.078 70.796 17.621 -24.444 -36.448 2 2 2 0 0 0 0 1 0 0 0 0 1 0 0 0 1 0 0 0 0 3 0 1 15 3 0 1 1 0 1 0 1 0 1 0 0 0 0 0 1 0 0 0 0 1 0 0 0 0 0 0 1 0 0 1 0 0 1 0 0 1 0 15 1 15 2 12 2 0.8 0 0 0 0 1 1376 5
-36.866 -24.588 -17.745 -31.942 -37.377 -51.619 -78.259 -76.094 -70.656 -86.932 2 2 0 0 1 0 0 0 0 0 0 0 0 1 0 1 0 0 0 0 0 3 0 0 16 3 0 0 2 0 1 0 1 0 1 110 0 0 0 0 0 0 1 0 0 1 0 0 0 1 0 0 0 0 0 1 0 0 1 0 1 0 0 16 0 16 1 13 1 0.867 0 1 0 0 0 1510 5
