-69.452 -39.143 -36.374 -9.228 38.321 39.621 36.119 32.376 30.167 11.024 2 0 2 1 0 0 0 0 0 1 0 0 0 0 0 0 0 0 1 0 0 0 5 13 0 0 5 1 0 1 0 0 1 0 1 137.355 134.355 0 137.355 0 1 0 0 0 1 0 0 0 0 0 1 0 0 0 0 0 1 1 0 0 0 1 0 0 13 0 14 1 14 0.063 1 0 0 0 0 783 8
-28.402 -37.682 -29.6 10.383 19.963 17.651 13.578 12.181 -0.071 -21.878 2 2 2 0 0 0 1 0 1 0 0 0 0 0 1 0 0 0 0 0 0 0 5 12 1 0 5 0 0 0 1 1 0 1 0 131.774 137.355 137.355 131.774 0 1 0 0 0 0 1 0 0 0 0 1 0 0 0 0 1 0 0 0 1 0 0 1 1 12 1 13 2 13 0.125 0 0 0 1 0 783 8
-19.651 -12.876 -5.999 -0.638 6.779 15.639 14.027 13.552 15.112 12.633 2 2 2 1 0 0 0 0 0 0 0 0 1 0 1 0 0 0 0 0 0 0 4 11 2 0 4 0 1 1 0 0 1 1 0 135.129 131.774 131.774 135.129 0 1 0 0 0 0 1 0 0 0 0 1 0 0 0 0 0 1 0 1 0 0 0 1 2 11 2 12 3 12 0.188 1 0 0 0 0 1428 8
11.634 12.409 13.262 14.358 21.525 33.143 33.981 32.304 21.662 -15.148 2 2 2 1 0 0 0 0 1 0 0 0 0 0 0 0 0 0 1 0 0 1 3 10 3 1 3 1 0 1 0 1 0 0 1 133.48399 135.129 135.129 133.48399 0 1 0 0 0 0 1 0 0 0 0 1 0 0 0 0 0 1 0 0 1 0 1 0 3 10 3 11 4 11 0.25 1 0 0 0 0 19 8
-22.821 -22.589 -31.468 -52.392 -66.273 -74.0 -74.266 -70.277 -65.952 -62.477 2 2 2 0 0 0 1 0 1 0 0 0 0 0 1 0 0 0 0 0 0 2 3 9 4 2 3 0 0 0 1 1 0 1 0 127.903 133.48399 133.48399 127.903 0 1 0 0 0 0 1 0 0 0 0 1 0 0 0 0 1 0 0 0 1 0 0 1 4 9 4 10 5 10 0.313 0 0 0 1 0 2 9
-48.599 -12.515 26.025 62.431 75.908 80.277 86.952 97.866 102.953 93.85 2 2 2 1 0 0 0 0 0 0 0 0 1 0 0 0 1 0 0 0 0 2 2 8 5 2 2 1 1 1 0 0 1 0 1 130.903 127.903 127.903 130.903 0 1 0 0 0 0 1 0 0 0 0 1 0 0 0 0 0 1 0 1 0 0 1 0 5 8 5 9 6 9 0.375 1 0 0 0 0 1778 5
65.304 42.079 20.41 -4.126 -39.986 -66.806 -78.011 -88.076 -105.307 -126.915 2 2 2 0 1 0 0 0 1 0 0 0 0 0 1 0 0 0 0 0 0 3 2 7 6 3 2 0 0 0 1 1 0 1 0 125.323 130.903 130.903 125.323 0 1 0 0 0 0 1 0 0 0 0 1 0 0 0 0 1 0 0 0 1 0 0 1 6 7 6 8 7 8 0.438 0 1 0 0 0 734 5
-121.936 -86.639 -43.593 -0.717 41.99 74.518 78.707 77.347 77.262 75.524 2 2 2 1 0 0 0 0 0 0 1 0 0 0 0 0 0 0 1 0 0 3 1 6 7 3 1 3 1 1 0 0 1 0 1 128.323 125.323 125.323 128.323 0 1 0 0 0 0 1 0 0 0 0 1 0 0 0 0 0 1 0 1 0 0 1 0 7 6 7 7 8 7 0.5 1 0 0 0 0 2290 8
68.048 63.368 60.368 51.945 40.171 29.235 18.136 3.517 -9.117 -16.996 2 2 2 0 0 0 1 0 1 0 0 0 0 0 0 0 0 1 0 0 0 4 1 5 8 4 1 2 0 0 1 1 0 0 1 0 128.323 128.323 0 0 1 0 0 0 0 1 0 0 0 0 1 0 0 0 0 1 0 0 0 1 0 1 0 8 5 8 6 9 6 0.563 0 0 0 1 0 42 8
-29.65 -44.759 -53.416 -63.216 -67.37 -68.836 -65.368 -56.374 -29.058 -2.576 2 2 2 0 0 1 0 0 0 0 0 0 1 0 0 0 0 1 0 0 0 4 1 4 9 4 1 1 1 0 1 0 1 0 1 0 0 0 0 0 1 0 0 0 0 1 0 0 0 0 1 0 0 0 0 1 0 0 1 0 0 1 0 9 4 9 5 10 5 0.625 0 0 1 0 0 6 5
-2.055 -3.135 -4.093 -5.035 -9.748 -43.222 -59.841 -58.666 -33.84 -9.2 2 2 2 0 0 1 0 0 0 0 0 1 0 0 1 0 0 0 0 0 0 4 1 3 10 4 1 0 2 0 1 0 1 1 0 120.161 0 0 120.161 0 1 0 0 0 0 1 0 0 0 0 1 0 0 0 0 1 0 0 1 0 0 0 1 10 3 10 4 11 4 0.688 0 0 1 0 0 83 8
1.448 5.855 18.095 40.911 52.061 59.577 61.677 61.347 59.541 58.218 2 2 2 1 0 0 0 0 0 0 0 1 0 0 0 0 0 0 0 1 0 4 0 2 11 4 0 2 3 1 0 0 1 0 1 123.161 120.161 120.161 123.161 0 1 0 0 0 0 1 0 0 0 0 1 0 0 0 0 0 1 0 1 0 0 1 0 11 2 11 3 12 3 0.75 1 0 0 0 0 1859 8
59.465 62.911 70.643 74.288 72.836 65.335 40.374 -4.279 -47.695 -62.334 2 2 2 0 0 0 0 1 1 0 0 0 0 0 0 0 0 0 0 1 0 5 0 1 12 5 0 1 0 0 1 1 0 0 1 0 123.161 123.161 0 0 1 0 0 0 0 1 0 0 0 0 0 0 1 0 0 1 0 0 0 1 0 1 0 12 1 12 2 13 2 0.813 0 0 0 0 1 242 8
-51.965 -14.699 25.027 53.068 44.988 7.519 -49.135 -114.632 -135.282 -135.3 2 2 0 0 0 0 0 1 0 0 0 0 0 1 0 1 0 0 0 0 0 5 0 0 13 5 0 0 1 0 1 0 1 0 1 110 0 0 0 0 0 0 1 0 0 1 0 0 0 1 0 0 0 0 0 1 0 0 1 0 1 0 0 13 0 13 1 14 1 0.875 0 0 0 0 1 2499 8
