252.64783221 252.822110282 253.169139191 253.68587375 254.367769347 255.208809661 256.201543462 257.337130359 258.605395342 259.994891903 2 0 2 0 1 0 0 0 0 1 0 0 0 0 1 0 0 0 0 0 0 0 5 23 0 0 5 0 0 0 1 0 1 1 0 133.82401 130 0 133.82401 0 1 0 0 0 1 0 0 0 0 0 1 0 0 0 0 1 0 1 0 0 0 0 1 0 23 0 24 1 4 0.167 0 1 0 0 0 196 6
261.492973502 263.085873098 264.758790427 266.495986674 268.280886126 270.096184379 271.923962595 273.745807286 275.542935044 277.296321597 2 2 2 1 0 0 0 0 0 0 1 0 0 0 1 0 0 0 0 0 0 0 4 22 1 0 4 0 1 1 0 0 1 1 0 137.4315 133.82401 133.82401 137.4315 0 1 0 0 0 0 1 0 0 0 0 1 0 0 0 0 0 1 0 1 0 0 0 1 1 22 1 23 2 3 0.333 1 0 0 0 0 922 7
278.98683452 280.595368891 282.102985143 283.491048317 284.741367884 285.83633727 286.7590722 287.493546925 288.024727406 288.338700482 2 2 2 1 0 0 0 0 1 0 0 0 0 0 0 0 0 0 0 1 0 1 3 21 2 1 3 7 0 1 0 1 0 0 1 136.039 137.4315 137.4315 136.039 0 1 0 0 0 0 1 0 0 0 0 1 0 0 0 0 0 1 0 0 1 0 1 0 2 21 2 22 3 2 0.5 1 0 0 0 0 489 5
288.422798079 288.265715469 287.857622636 287.190267794 286.25707213 285.053214874 283.57570785 281.823458676 279.797321879 277.500137227 2 2 2 0 0 0 0 1 1 0 0 0 0 0 0 0 0 1 0 0 0 2 3 20 3 2 3 6 0 0 1 1 0 0 1 0 136.039 136.039 0 0 1 0 0 0 0 1 0 0 0 0 1 0 0 0 0 1 0 0 0 1 0 1 0 3 20 3 21 4 1 0.667 0 0 0 0 1 121 5
274.936754657 272.11404528 269.040898005 265.728201441 262.188810835 258.437499914 254.490897611 250.367409779 246.08712612 241.67171268 2 2 2 0 0 1 0 0 0 0 0 0 0 1 0 0 0 1 0 0 0 2 3 19 4 2 3 5 1 0 1 0 1 0 1 0 0 0 0 0 1 0 0 0 0 1 0 0 0 0 1 0 0 0 0 1 0 0 1 0 0 1 0 4 19 4 20 1 1 0.333 0 0 1 0 0 1584 5
237.144290384 232.529300226 227.852355826 223.140084225 218.41995588 213.720104944 209.069141032 204.495953754 200.02951141 195.698655307 2 2 2 0 0 1 0 0 0 0 0 1 0 0 0 0 0 1 0 0 0 2 3 18 5 2 3 4 2 0 1 0 1 0 1 0 0 0 0 0 1 0 0 0 0 1 0 0 0 0 1 0 0 0 0 1 0 0 1 0 0 1 0 5 18 5 19 1 4 0.167 0 0 1 0 0 791 5
191.53189124 187.557179722 183.801726606 180.291775779 177.052405603 174.107330802 171.478711473 169.18697087 167.250623571 165.686115572 2 2 2 0 0 1 0 0 0 0 0 1 0 0 0 0 0 0 0 1 0 2 3 17 6 2 3 3 3 0 1 0 1 0 1 0 0 0 0 0 1 0 0 0 0 1 0 0 0 0 1 0 0 0 0 1 0 0 1 0 0 1 0 6 17 6 18 2 3 0.333 0 0 1 0 0 70 8
164.507677785 163.727194326 163.35408687 163.395216249 163.854802314 164.734362976 166.032673152 167.745744211 169.866824343 172.386420071 2 2 2 0 0 0 0 1 0 0 0 1 0 0 0 0 0 1 0 0 0 2 3 16 7 2 3 2 4 0 1 0 1 0 1 0 0 0 0 0 1 0 0 0 0 1 0 0 0 0 1 0 0 0 0 1 0 0 1 0 0 1 0 7 16 7 17 3 2 0.5 0 0 0 0 1 1011 8
175.292338998 178.569753646 182.201286106 186.167112996 190.445090078 195.010895689 199.838191968 204.89880271 210.162906519 215.599243784 2 2 2 0 0 1 0 0 0 0 0 0 0 1 0 0 0 1 0 0 0 2 3 15 8 2 3 1 5 0 1 0 1 0 1 0 0 0 0 0 1 0 0 0 0 1 0 0 0 0 1 0 0 0 0 1 0 0 1 0 0 1 0 8 15 8 16 4 1 0.667 0 0 1 0 0 215 1
221.175335876 226.857714836 232.612161747 238.403951856 244.198104472 249.959635613 255.653811309 261.246399498 266.703918415 271.993879414 2 2 2 0 0 1 0 0 0 0 0 1 0 0 1 0 0 0 0 0 0 2 3 14 9 2 3 0 6 0 1 0 1 1 0 126.765 0 0 126.765 0 1 0 0 0 0 1 0 0 0 0 1 0 0 0 0 1 0 0 1 0 0 0 1 9 14 9 15 1 1 0.333 0 0 1 0 0 7 2
277.085022215 281.947540592 286.553296646 290.876021847 294.891503195 298.577752923 301.915160367 304.886624724 307.477667622 309.676524603 2 2 2 1 0 0 0 0 0 0 0 1 0 0 1 0 0 0 0 0 0 2 2 13 10 2 2 0 7 1 0 0 1 1 0 130.3725 126.765 126.765 130.3725 0 1 0 0 0 0 1 0 0 0 0 1 0 0 0 0 0 1 0 1 0 0 0 1 10 13 10 14 1 14 0.063 1 0 0 0 0 322 6
311.47421478 312.86458815 313.84435021 314.413063768 314.573127986 314.329734935 313.690804124 312.666895644 311.271102783 309.518925117 2 2 2 1 0 0 0 0 1 0 0 0 0 0 1 0 0 0 0 0 0 3 1 12 11 3 1 0 0 1 0 1 0 1 0 129.588 130.3725 130.3725 129.588 0 1 0 0 0 0 1 0 0 0 0 1 0 0 0 0 0 1 0 0 1 0 0 1 11 12 11 13 2 13 0.125 1 0 0 0 0 922 7
307.428123259 305.018556622 302.312005657 299.331980195 296.103515609 292.652958617 289.00774464 285.196168656 281.247151573 277.190004156 2 2 2 1 0 0 0 0 1 0 0 0 0 0 0 0 0 0 0 1 0 4 0 11 12 4 0 11 0 1 0 1 0 0 1 128.196 129.588 129.588 128.196 0 1 0 0 0 0 1 0 0 0 0 1 0 0 0 0 0 1 0 0 1 0 1 0 12 11 12 12 3 12 0.188 1 0 0 0 0 489 5
273.054190516 268.869093219 264.663781982 260.466787903 256.305885105 252.207881573 248.198420888 244.301796409 240.540779388 236.936462279 2 2 2 0 0 0 0 1 1 0 0 0 0 0 0 0 0 1 0 0 0 5 0 10 13 5 0 10 0 0 1 1 0 0 1 0 128.196 128.196 0 0 1 0 0 0 0 1 0 0 0 0 1 0 0 0 0 1 0 0 0 1 0 1 0 13 10 13 11 4 11 0.25 0 0 0 0 1 121 5
233.508118442 230.273079209 227.246629147 224.441920187 221.869905087 219.539290524 217.456509955 215.625716156 214.048793242 212.725387722 2 2 2 0 0 1 0 0 0 0 0 0 0 1 0 0 0 1 0 0 0 5 0 9 14 5 0 9 1 0 1 0 1 0 1 0 0 0 0 0 1 0 0 0 0 1 0 0 0 0 1 0 0 0 0 1 0 0 1 0 0 1 0 14 9 14 10 5 10 0.313 0 0 1 0 0 1584 8
211.65295804 210.82684187 210.240340271 209.884817694 209.749816689 209.823186054 210.091221062 210.538814313 211.149615691 211.906199846 2 2 2 0 0 1 0 0 0 0 0 1 0 0 0 0 0 0 0 1 0 5 0 8 15 5 0 8 2 0 1 0 1 0 1 0 0 0 0 0 1 0 0 0 0 1 0 0 0 0 1 0 0 0 0 1 0 0 1 0 0 1 0 15 8 15 9 6 9 0.375 0 0 1 0 0 791 8
212.790239582 213.782683494 214.863936219 216.014039623 217.212853316 218.440232892 219.676204351 220.901133224 222.095886997 223.241989525 2 2 2 0 0 0 0 1 0 0 0 1 0 0 0 0 0 0 0 1 0 5 0 7 16 5 0 7 3 0 1 0 1 0 1 0 0 0 0 0 1 0 0 0 0 1 0 0 0 0 1 0 0 0 0 1 0 0 1 0 0 1 0 16 7 16 8 7 8 0.438 0 0 0 0 1 1061 5
224.321766206 225.318478827 226.216449073 227.001169845 227.659403644 228.179267421 228.550303431 228.763535755 228.811512316 228.688332335 2 2 2 0 0 0 0 1 0 0 0 0 0 1 0 0 1 0 0 0 0 5 0 6 17 5 0 6 4 0 1 0 1 0 1 0 0 0 0 0 1 0 0 0 0 1 0 0 0 0 1 0 0 0 0 1 0 0 1 0 0 1 0 17 6 17 7 8 7 0.5 0 0 0 0 1 411 5
228.389659311 227.912719755 227.25628802 226.420657693 225.407600157 224.220310983 222.863344971 221.342540708 219.664935607 217.83867245 2 2 2 0 1 0 0 0 0 0 0 0 0 1 0 0 0 0 0 1 0 5 0 5 18 5 0 5 5 0 1 0 1 0 1 0 0 0 0 0 1 0 0 0 0 1 0 0 0 0 1 0 0 0 0 1 0 0 1 0 0 1 0 18 5 18 6 9 6 0.563 0 1 0 0 0 534 5
215.872898531 213.77765851 211.563782168 209.242768229 206.82666546 204.327952234 201.759415754 199.134032087 196.464848143 193.764866679 2 2 2 0 0 0 0 1 0 0 1 0 0 0 0 0 0 1 0 0 0 5 0 4 19 5 0 4 6 0 1 0 1 0 1 0 0 0 0 0 1 0 0 0 0 1 0 0 0 0 1 0 0 0 0 1 0 0 1 0 0 1 0 19 4 19 5 10 5 0.625 0 0 0 0 1 219 5
191.046935359 188.323640833 185.607208747 182.909410489 180.241477412 177.614023195 175.036974881 172.51951306 170.070021549 167.696046839 2 2 2 0 0 1 0 0 0 0 0 0 0 1 0 0 0 1 0 0 0 5 0 3 20 5 0 3 7 0 1 0 1 0 1 0 0 0 0 0 1 0 0 0 0 1 0 0 0 0 1 0 0 0 0 1 0 0 1 0 0 1 0 20 3 20 4 11 4 0.688 0 0 1 0 0 85 5
165.404267449 163.200473261 161.089554769 159.075502127 157.161413729 155.349514019 153.6411801 152.036976656 150.53669861 149.139420888 2 2 2 0 0 1 0 0 0 0 0 1 0 0 0 0 0 0 0 1 0 5 0 2 21 5 0 2 8 0 1 0 1 0 1 0 0 0 0 0 1 0 0 0 0 1 0 0 0 0 1 0 0 0 0 1 0 0 1 0 0 1 0 21 2 21 3 12 3 0.75 0 0 1 0 0 70 8
147.843554587 146.646908785 145.546757217 144.539908956 143.62278226 142.791480677 142.04187054 141.369658927 140.77047122 140.239927373 2 2 2 0 0 0 0 1 0 0 0 1 0 0 0 0 0 1 0 0 0 5 0 1 22 5 0 1 9 0 1 0 1 0 1 0 0 0 0 0 1 0 0 0 0 1 0 0 0 0 0 0 1 0 0 1 0 0 1 0 0 1 0 22 1 22 2 13 2 0.813 0 0 0 0 1 1011 8
139.773716034 139.36766571 139.017812193 138.720461486 138.472247586 138.270184465 138.1117117 137.994733278 137.917649139 137.879379132 2 2 0 0 0 1 0 0 0 0 0 0 0 1 0 1 0 0 0 0 0 5 0 0 23 5 0 0 10 0 1 0 1 0 1 110 0 0 0 0 0 0 1 0 0 1 0 0 0 1 0 0 0 0 0 1 0 0 1 0 1 0 0 23 0 23 1 14 1 0.875 0 0 1 0 0 215 1
