-31.634 -31.611 -31.563 -31.508 -35.251 -41.905 -42.461 -40.751 -49.015 -60.876 2 0 2 0 0 1 0 0 0 1 0 0 0 0 1 0 0 0 0 0 0 0 5 24 0 0 5 0 0 0 1 0 1 1 0 133.868 130 0 133.868 0 1 0 0 0 1 0 0 0 0 0 1 0 0 0 0 1 0 1 0 0 0 0 1 0 24 0 25 1 9 0.091 0 0 1 0 0 138 5
-26.484 16.133 16.968 13.86 14.394 15.278 16.878 20.042 21.134 18.04 2 2 2 1 0 0 0 0 0 0 0 1 0 0 1 0 0 0 0 0 0 0 4 23 1 0 4 0 1 1 0 0 1 1 0 137.49051 133.868 133.868 137.49051 0 1 0 0 0 0 1 0 0 0 0 1 0 0 0 0 0 1 0 1 0 0 0 1 1 23 1 24 2 8 0.182 1 0 0 0 0 12 5
20.907 38.341 58.921 79.446 91.68 94.398 96.912 98.427 89.219 70.273 2 2 2 1 0 0 0 0 1 0 0 0 0 0 0 0 1 0 0 0 0 1 3 22 2 1 3 2 0 1 0 1 0 0 1 136.11301 137.49051 137.49051 136.11301 0 1 0 0 0 0 1 0 0 0 0 1 0 0 0 0 0 1 0 0 1 0 1 0 2 22 2 23 3 7 0.273 1 0 0 0 0 362 5
50.282 24.66 -2.651 -31.948 -59.694 -88.588 -100.935 -105.001 -105.453 -98.148 2 2 2 0 1 0 0 0 1 0 0 0 0 0 0 0 0 0 0 1 0 2 3 21 3 2 3 1 0 0 1 1 0 0 1 0 136.11301 136.11301 0 0 1 0 0 0 0 1 0 0 0 0 1 0 0 0 0 1 0 0 0 1 0 1 0 3 21 3 22 4 6 0.364 0 1 0 0 0 2163 5
-73.833 -37.582 -1.161 18.973 -10.606 -43.894 -59.809 -59.858 -56.507 -52.816 2 2 2 0 0 0 0 1 0 0 1 0 0 0 1 0 0 0 0 0 0 2 3 20 4 2 3 0 1 0 1 0 1 1 0 130.849 0 0 130.849 0 1 0 0 0 0 1 0 0 0 0 1 0 0 0 0 1 0 0 1 0 0 0 1 4 20 4 21 5 5 0.455 0 0 0 0 1 1110 5
-40.166 2.22 50.537 79.902 84.197 88.634 88.594 86.535 93.135 86.659 2 2 2 1 0 0 0 0 0 0 0 0 0 1 0 0 1 0 0 0 0 2 2 19 5 2 2 8 2 1 0 0 1 0 1 133.849 130.849 130.849 133.849 0 1 0 0 0 0 1 0 0 0 0 1 0 0 0 0 0 1 0 1 0 0 1 0 5 19 5 20 6 4 0.545 1 0 0 0 0 1346 5
60.012 45.875 30.865 -0.876 -32.138 -55.087 -69.517 -93.554 -156.118 -152.791 2 2 2 0 1 0 0 0 1 0 0 0 0 0 0 0 0 0 0 1 0 3 2 18 6 3 2 7 0 0 1 1 0 0 1 0 133.849 133.849 0 0 1 0 0 0 0 1 0 0 0 0 1 0 0 0 0 1 0 0 0 1 0 1 0 6 18 6 19 7 3 0.636 0 1 0 0 0 728 5
-54.538 -15.594 14.265 38.999 30.467 -4.512 -30.415 23.805 130.863 109.012 2 2 2 0 0 0 0 1 0 0 1 0 0 0 0 0 0 1 0 0 0 3 2 17 7 3 2 6 1 0 1 0 1 0 1 0 0 0 0 0 1 0 0 0 0 1 0 0 0 0 1 0 0 0 0 1 0 0 1 0 0 1 0 7 17 7 18 8 2 0.727 0 0 0 0 1 1110 5
86.56 66.195 44.588 22.951 2.003 -18.865 -31.252 -22.382 26.279 59.236 2 2 2 0 0 1 0 0 0 0 0 0 0 1 0 0 0 1 0 0 0 3 2 16 8 3 2 5 2 0 1 0 1 0 1 0 0 0 0 0 1 0 0 0 0 1 0 0 0 0 1 0 0 0 0 1 0 0 1 0 0 1 0 8 16 8 17 9 1 0.818 0 0 1 0 0 199 5
-1.136 -0.775 -0.452 -0.169 -3.687 -17.598 -31.917 -30.519 -11.766 12.604 2 2 2 0 0 1 0 0 0 0 0 1 0 0 0 0 0 0 0 1 0 3 2 15 9 3 2 4 3 0 1 0 1 0 1 0 0 0 0 0 1 0 0 0 0 1 0 0 0 0 1 0 0 0 0 1 0 0 1 0 0 1 0 9 15 9 16 1 5 0.143 0 0 1 0 0 83 5
22.94 34.632 45.83 59.184 68.81 31.406 -16.1 -56.574 -125.056 -126.491 2 2 2 0 0 0 0 1 0 0 0 1 0 0 0 0 0 1 0 0 0 3 2 14 10 3 2 3 4 0 1 0 1 0 1 0 0 0 0 0 1 0 0 0 0 1 0 0 0 0 1 0 0 0 0 1 0 0 1 0 0 1 0 10 14 10 15 2 4 0.286 0 0 0 0 1 1110 5
-103.525 -79.821 -57.883 -36.02 -21.846 -25.957 -29.493 -8.483 41.223 65.096 2 2 2 0 0 1 0 0 0 0 0 0 0 1 0 0 1 0 0 0 0 3 2 13 11 3 2 2 5 0 1 0 1 0 1 0 0 0 0 0 1 0 0 0 0 1 0 0 0 0 1 0 0 0 0 1 0 0 1 0 0 1 0 11 13 11 14 3 3 0.429 0 0 1 0 0 199 3
65.104 64.859 65.113 65.007 51.508 5.841 -25.931 -64.885 -106.221 -140.803 2 2 2 0 1 0 0 0 0 0 0 1 0 0 0 0 0 0 0 1 0 3 2 12 12 3 2 1 6 0 1 0 1 0 1 0 0 0 0 0 1 0 0 0 0 1 0 0 0 0 1 0 0 0 0 1 0 0 1 0 0 1 0 12 12 12 13 4 2 0.571 0 1 0 0 0 2499 5
-154.955 -130.096 -78.917 -19.757 21.969 -1.265 -41.571 -84.389 -147.524 -108.444 2 2 2 0 0 0 0 1 0 0 1 0 0 0 1 0 0 0 0 0 0 3 2 11 13 3 2 0 7 0 1 0 1 1 0 124.05701 0 0 124.05701 0 1 0 0 0 0 1 0 0 0 0 1 0 0 0 0 1 0 0 1 0 0 0 1 13 11 13 12 5 1 0.714 0 0 0 0 1 1110 5
93.721 92.699 91.689 104.36 116.07 112.696 108.446 106.549 102.151 95.424 2 2 2 1 0 0 0 0 0 0 0 0 0 1 0 0 0 0 0 1 0 3 1 10 14 3 1 1 8 1 0 0 1 0 1 127.057 124.05701 124.05701 127.057 0 1 0 0 0 0 1 0 0 0 0 1 0 0 0 0 0 1 0 1 0 0 1 0 14 10 14 11 1 7 0.111 1 0 0 0 0 941 8
84.621 76.283 68.443 50.849 5.296 -35.812 -61.925 -69.871 -62.979 -46.445 2 2 2 0 0 0 0 1 1 0 0 0 0 0 1 0 0 0 0 0 0 4 1 9 15 4 1 0 0 0 1 1 0 1 0 122.547 127.057 127.057 122.547 0 1 0 0 0 0 1 0 0 0 0 1 0 0 0 0 1 0 0 0 1 0 0 1 15 9 15 10 2 6 0.222 0 0 0 0 1 1110 8
-30.834 -6.891 17.936 42.817 65.886 74.764 79.034 85.372 86.596 82.086 2 2 2 1 0 0 0 0 0 0 0 0 0 1 0 0 1 0 0 0 0 4 0 8 16 4 0 8 1 1 0 0 1 0 1 125.547 122.547 122.547 125.547 0 1 0 0 0 0 1 0 0 0 0 1 0 0 0 0 0 1 0 1 0 0 1 0 16 8 16 9 3 5 0.333 1 0 0 0 0 2499 5
59.685 29.832 3.369 -16.959 -50.956 -85.503 -108.235 -128.575 -130.509 -104.225 2 2 2 0 1 0 0 0 1 0 0 0 0 0 0 0 0 0 0 1 0 5 0 7 17 5 0 7 0 0 1 1 0 0 1 0 125.547 125.547 0 0 1 0 0 0 0 1 0 0 0 0 1 0 0 0 0 1 0 0 0 1 0 1 0 17 7 17 8 4 4 0.444 0 1 0 0 0 2105 5
-73.608 -54.621 -38.613 -22.545 -7.141 -2.439 -17.147 -32.424 -35.862 -32.987 2 2 2 0 0 0 0 1 0 0 1 0 0 0 0 0 0 0 0 1 0 5 0 6 18 5 0 6 1 0 1 0 1 0 1 0 0 0 0 0 1 0 0 0 0 1 0 0 0 0 1 0 0 0 0 1 0 0 1 0 0 1 0 18 6 18 7 5 3 0.556 0 0 0 0 1 1110 5
-11.473 14.113 38.646 84.664 110.438 116.041 96.804 56.674 16.171 -23.883 2 2 2 0 0 0 0 1 0 0 0 0 0 1 0 0 1 0 0 0 0 5 0 5 19 5 0 5 2 0 1 0 1 0 1 0 0 0 0 0 1 0 0 0 0 1 0 0 0 0 1 0 0 0 0 1 0 0 1 0 0 1 0 19 5 19 6 6 2 0.667 0 0 0 0 1 220 6
-29.2 -15.894 -24.748 -43.052 -65.7 -115.01 -146.524 -146.651 -77.711 -5.225 2 2 2 0 1 0 0 0 0 0 0 0 0 1 0 0 0 0 0 1 0 5 0 4 20 5 0 4 3 0 1 0 1 0 1 0 0 0 0 0 1 0 0 0 0 1 0 0 0 0 1 0 0 0 0 1 0 0 1 0 0 1 0 20 4 20 5 7 1 0.778 0 1 0 0 0 88 7
16.176 18.11 20.043 21.971 22.252 13.847 3.688 2.432 2.529 2.643 2 2 2 0 0 0 0 1 0 0 1 0 0 0 0 0 0 1 0 0 0 5 0 3 21 5 0 3 4 0 1 0 1 0 1 0 0 0 0 0 1 0 0 0 0 1 0 0 0 0 1 0 0 0 0 1 0 0 1 0 0 1 0 21 3 21 4 1 4 0.167 0 0 0 0 1 10 20
5.133 8.504 9.775 10.855 9.6 2.95 6.364 28.71 66.964 80.913 2 2 2 0 0 1 0 0 0 0 0 0 0 1 0 0 0 1 0 0 0 5 0 2 22 5 0 2 5 0 1 0 1 0 1 0 0 0 0 0 1 0 0 0 0 1 0 0 0 0 1 0 0 0 0 1 0 0 1 0 0 1 0 22 2 22 3 2 3 0.333 0 0 1 0 0 908 5
59.138 48.524 42.893 38.192 32.441 26.075 19.297 15.868 16.543 19.09 2 2 2 0 0 1 0 0 0 0 0 1 0 0 0 0 1 0 0 0 0 5 0 1 23 5 0 1 6 0 1 0 1 0 1 0 0 0 0 0 1 0 0 0 0 1 0 0 0 0 0 0 1 0 0 1 0 0 1 0 0 1 0 23 1 23 2 3 2 0.5 0 0 1 0 0 1532 5
23.76 26.162 22.492 8.401 -15.75 -45.286 -69.423 -69.872 -69.715 -69.637 2 2 0 0 1 0 0 0 0 0 0 1 0 0 0 1 0 0 0 0 0 5 0 0 24 5 0 0 7 0 1 0 1 0 1 110 0 0 0 0 0 0 1 0 0 1 0 0 0 1 0 0 0 0 0 1 0 0 1 0 1 0 0 24 0 24 1 4 1 0.667 0 1 0 0 0 708 5
