-53.784 -53.692 -53.472 -52.978 -49.902 -40.98 -27.935 -14.522 -5.227 -0.864 1 0 2 0 0 1 0 0 0 1 0 0 0 0 0 0 0 0 0 1 0 0 3 18 0 0 3 2 0 0 1 0 1 0 1 0 130 0 0 0 1 0 0 0 1 0 0 0 0 0 1 0 0 0 0 1 0 1 0 0 0 1 0 0 18 0 19 1 8 0.1 0 0 1 0 0 54 12
6.577 25.857 49.324 75.335 100.93 111.486 107.91 89.78 60.469 15.399 2 1 2 0 0 0 0 1 0 0 0 1 0 0 0 0 1 0 0 0 0 0 3 17 1 0 3 1 1 0 1 0 1 0 1 0 0 0 0 0 1 0 0 0 0 1 0 0 0 0 1 0 0 0 0 1 0 0 1 0 0 1 0 1 17 1 18 2 7 0.2 0 0 0 0 1 38 5
-18.492 -30.615 -41.357 -46.424 -53.428 -77.527 -93.213 -96.851 -90.213 -73.521 2 2 2 0 1 0 0 0 0 0 0 0 0 1 1 0 0 0 0 0 0 0 3 16 2 0 3 0 2 0 1 0 1 1 0 132 0 0 132 0 1 0 0 0 0 1 0 0 0 0 1 0 0 0 0 1 0 0 1 0 0 0 1 2 16 2 17 3 6 0.3 0 1 0 0 0 151 5
-55.977 -27.288 5.8 38.846 69.079 85.237 96.602 100.558 96.405 90.128 2 2 2 1 0 0 0 0 0 0 1 0 0 0 0 0 0 1 0 0 0 0 2 15 3 0 2 3 3 1 0 0 1 0 1 135 132 132 135 0 1 0 0 0 0 1 0 0 0 0 1 0 0 0 0 0 1 0 1 0 0 1 0 3 15 3 16 4 5 0.4 1 0 0 0 0 61 8
78.276 50.119 9.552 -16.733 -30.594 -28.349 -14.725 7.488 29.646 37.571 2 2 2 0 0 1 0 0 1 0 0 0 0 0 0 0 1 0 0 0 0 1 2 14 4 1 2 2 0 0 1 1 0 0 1 0 135 135 0 0 1 0 0 0 0 1 0 0 0 0 1 0 0 0 0 1 0 0 0 1 0 1 0 4 14 4 15 5 4 0.5 0 0 1 0 0 112 8
38.879 39.763 30.306 0.31 -38.522 -68.849 -93.857 -97.39 -81.756 -57.175 2 2 2 0 1 0 0 0 0 0 0 1 0 0 0 0 0 0 0 1 0 1 2 13 5 1 2 1 1 0 1 0 1 0 1 0 0 0 0 0 1 0 0 0 0 1 0 0 0 0 1 0 0 0 0 1 0 0 1 0 0 1 0 5 13 5 14 6 3 0.6 0 1 0 0 0 142 8
-35.207 -19.113 -3.306 13.699 21.323 14.129 -9.477 -40.217 -60.6 -61.995 2 2 2 0 0 0 0 1 0 0 1 0 0 0 1 0 0 0 0 0 0 1 2 12 6 1 2 0 2 0 1 0 1 1 0 128 0 0 128 0 1 0 0 0 0 1 0 0 0 0 1 0 0 0 0 1 0 0 1 0 0 0 1 6 12 6 13 7 2 0.7 0 0 0 0 1 78 8
-47.722 -24.872 -2.059 9.442 -5.97 -12.994 -12.851 -10.611 -10.314 -11.157 2 2 2 1 0 0 0 0 0 0 0 0 0 1 0 0 0 0 0 1 0 1 1 11 7 1 1 6 3 1 0 0 1 0 1 131 128 128 131 0 1 0 0 0 0 1 0 0 0 0 1 0 0 0 0 0 1 0 1 0 0 1 0 7 11 7 12 8 1 0.8 1 0 0 0 0 19 8
90.744 80.405 62.196 38.373 14.829 -1.082 -9.213 -14.734 -15.202 -13.243 2 2 2 0 0 0 0 1 1 0 0 0 0 0 0 0 0 0 0 1 0 2 1 10 8 2 1 5 0 0 1 1 0 0 1 0 131 131 0 0 1 0 0 0 0 1 0 0 0 0 1 0 0 0 0 1 0 0 0 1 0 1 0 8 10 8 11 1 8 0.1 0 0 0 0 1 33 14
-6.201 10.53 30.084 51.319 72.636 91.584 96.486 73.826 27.441 -19.246 2 2 2 0 0 0 0 1 0 0 0 0 0 1 0 0 0 0 0 1 0 2 1 9 9 2 1 4 1 0 1 0 1 0 1 0 0 0 0 0 1 0 0 0 0 1 0 0 0 0 1 0 0 0 0 1 0 0 1 0 0 1 0 9 9 9 10 2 7 0.2 0 0 0 0 1 2063 8
-24.037 -17.317 -10.209 -2.994 7.48 7.623 -14.766 -38.964 -53.281 -66.492 2 2 2 0 0 0 0 1 0 0 0 0 0 1 0 0 0 0 0 1 0 2 1 8 10 2 1 3 2 0 1 0 1 0 1 0 0 0 0 0 1 0 0 0 0 1 0 0 0 0 1 0 0 0 0 1 0 0 1 0 0 1 0 10 8 10 9 3 6 0.3 0 0 0 0 1 117 8
-70.148 -40.55 -5.46 29.734 58.725 66.342 56.589 22.486 -13.55 -33.622 2 2 2 0 0 0 0 1 0 0 0 0 0 1 0 0 0 0 0 1 0 2 1 7 11 2 1 2 3 0 1 0 1 0 1 0 0 0 0 0 1 0 0 0 0 1 0 0 0 0 1 0 0 0 0 1 0 0 1 0 0 1 0 11 7 11 8 4 5 0.4 0 0 0 0 1 829 5
-31.288 -13.994 6.198 24.695 23.472 7.168 -14.964 -34.298 -53.366 -65.335 2 2 2 0 0 0 0 1 0 0 0 0 0 1 0 0 0 0 1 0 0 2 1 6 12 2 1 1 4 0 1 0 1 0 1 0 0 0 0 0 1 0 0 0 0 1 0 0 0 0 1 0 0 0 0 1 0 0 1 0 0 1 0 12 6 12 7 5 4 0.5 0 0 0 0 1 1254 5
-73.108 -72.08 -70.159 -69.979 -69.339 -66.774 -63.565 -61.22 -57.803 -44.138 2 2 2 0 0 0 1 0 0 0 0 0 0 1 1 0 0 0 0 0 0 2 1 5 13 2 1 0 5 0 1 0 1 1 0 121 0 0 121 0 1 0 0 0 0 1 0 0 0 0 1 0 0 0 0 1 0 0 1 0 0 0 1 13 5 13 6 6 3 0.6 0 0 0 1 0 2 4
-30.118 -7.49 21.878 51.232 80.567 107.767 119.666 125.884 132.684 129.895 2 2 2 1 0 0 0 0 0 0 0 0 1 0 0 0 0 1 0 0 0 2 0 4 14 2 0 4 6 1 0 0 1 0 1 124 121 121 124 0 1 0 0 0 0 1 0 0 0 0 1 0 0 0 0 0 1 0 1 0 0 1 0 14 4 14 5 7 2 0.7 1 0 0 0 0 1541 5
108.67 78.319 47.819 -1.854 -25.262 -20.449 -20.034 -7.958 32.213 40.381 2 2 2 0 0 1 0 0 1 0 0 0 0 0 0 0 1 0 0 0 0 3 0 3 15 3 0 3 0 0 1 1 0 0 1 0 124 124 0 0 1 0 0 0 0 1 0 0 0 0 1 0 0 0 0 1 0 0 0 1 0 1 0 15 3 15 4 8 1 0.8 0 0 1 0 0 963 5
-39.756 -2.205 9.674 2.264 -15.804 -32.754 -33.932 -27.041 -21.021 -19.637 2 2 2 0 1 0 0 0 0 0 0 1 0 0 0 0 0 1 0 0 0 3 0 2 16 3 0 2 1 0 1 0 1 0 1 0 0 0 0 0 1 0 0 0 0 1 0 0 0 0 1 0 0 0 0 1 0 0 1 0 0 1 0 16 2 16 3 1 3 0.2 0 1 0 0 0 76 2
-26.186 -49.348 -74.623 -75.481 -18.62 -12.066 -27.508 -31.054 -21.956 -9.398 2 2 2 0 0 1 0 0 0 0 1 0 0 0 0 0 0 0 0 1 0 3 0 1 17 3 0 1 2 0 1 0 1 0 1 0 0 0 0 0 1 0 0 0 0 1 0 0 0 0 0 0 1 0 0 1 0 0 1 0 0 1 0 17 1 17 2 2 2 0.4 0 0 1 0 0 558 5
16.955 77.999 116.545 120.98 99.165 48.848 -18.58 -74.186 -96.097 -99.781 2 2 0 0 0 0 0 1 0 0 0 1 0 0 0 1 0 0 0 0 0 3 0 0 18 3 0 0 3 0 1 0 1 0 1 110 0 0 0 0 0 0 1 0 0 1 0 0 0 1 0 0 0 0 0 1 0 0 1 0 1 0 0 18 0 18 1 3 1 0.6 0 0 0 0 1 1691 5
