22.88246 23.45165 11.10982 1.00947 -2.01439 -13.85459 -24.89517 -30.11276 -34.16055 -32.14649 2 0 2 0 0 0 0 1 0 1 0 0 0 0 0 0 0 0 0 1 0 0 1 17 0 0 1 2 0 0 1 0 1 0 1 0 1 0 0 0 1 0 0 0 0 0 1 0 0 0 0 1 0 1 0 0 0 1 0 0 17 0 18 1 14 0.063 0 0 0 0 1 2062 7 0 8 0 0 18 18 0.0 0.0 2.0 0.0 0.0 14.0 0.0 1.0 0.0 0.0 0.0 0.0 0.0 0.0 0.0 0.0 0.0 0.0 0.0 0.0 0.0 0.0 0.0 0.0 0.0 0.0 1.0 0.0 0.0 0.0 0.0 0.0 0.0 0.0 0.0 0.0 0.0 0.0 0.0 0.0 1.0 0.0 0.0 0.0 0.0 0.0 0.0 0.0 0.0 0.0 0.0 0.0 0.0 0.0 0.0 0.0 0.0 0.0 0.0 0.0 0.0 0.0 0.0 0.0 0.0 0.0
-29.04991 -18.83056 -13.28832 -3.68444 -3.38491 -2.21955 -8.40839 -8.75844 -21.92455 -7.25654 2 2 2 0 0 0 0 1 0 0 0 0 0 1 0 0 0 0 1 0 0 0 1 16 1 0 1 1 1 0 1 0 1 0 1 0 1 0 0 0 0 1 0 0 0 0 1 0 0 0 0 1 0 0 1 0 0 1 0 1 16 1 17 2 13 0.125 0 0 0 0 1 645 7 0 8 0 1 11 13 0.0 0.0 2.0 1.0 0.0714285714286 14.0 0.0 1.0 0.0 0.0 0.0 0.0 0.0 0.0 0.0 0.0 0.0 0.0 0.0 0.0 0.0 0.0 0.0 0.0 0.0 0.0 1.0 0.0 0.0 0.0 0.0 0.0 0.0 0.0 0.0 0.0 0.0 0.0 0.0 0.0 1.0 0.0 0.0 0.0 0.0 0.0 0.0 0.0 0.0 0.0 0.0 0.0 0.0 0.0 0.0 0.0 0.0 0.0 0.0 0.0 0.0 0.0 0.0 0.0 0.0 0.0
-8.45517 -6.45912 -12.09114 -15.72602 -13.63213 -17.26831 -26.65397 -27.33226 -27.44818 -14.7046 2 2 2 0 0 0 1 0 0 0 0 0 0 1 1 0 0 0 0 0 0 0 1 15 2 0 1 0 2 0 1 0 1 1 0 0 1 0 0 0 0 1 0 0 0 0 1 0 0 0 0 1 0 0 1 0 0 0 1 2 15 2 16 3 12 0.188 0 0 0 1 0 16 8 7 13 1 0 16 8 0.0 0.0 2.0 2.0 0.142857142857 14.0 0.0 0.0 0.0 0.0 0.0 0.0 0.0 0.0 0.0 0.0 0.0 0.0 0.0 0.0 0.0 0.0 0.0 0.0 0.0 0.0 0.0 1.0 0.0 0.0 0.0 0.0 0.0 0.0 0.0 0.0 0.0 0.0 0.0 0.0 0.0 0.0 0.0 0.0 0.0 0.0 0.0 0.0 0.0 0.0 0.0 0.0 0.0 0.0 0.0 0.0 0.0 0.0 0.0 0.0 0.0 0.0 0.0 0.0 0.0 0.0
-3.78388 -0.91613 -11.77736 -23.52078 -29.57195 -40.17845 -42.41266 -40.97218 -52.1439 -47.35187 2 2 2 1 0 0 0 0 0 0 0 0 1 0 0 0 0 0 1 0 0 0 0 14 3 0 0 14 3 1 0 0 1 0 1 0 1 0 0 0 0 1 0 0 0 0 1 0 0 0 0 0 1 0 1 0 0 1 0 3 14 3 15 4 11 0.25 1 0 0 0 0 21 13 8 3 2 0 3 1 0.0 0.0 2.0 3.0 0.214285714286 14.0 0.0 0.0 0.0 0.0 0.0 0.0 0.0 0.0 0.0 0.0 0.0 0.0 0.0 0.0 0.0 0.0 0.0 0.0 0.0 0.0 0.0 0.0 0.0 0.0 0.0 0.0 0.0 0.0 0.0 0.0 0.0 0.0 0.0 0.0 0.0 0.0 0.0 0.0 0.0 0.0 0.0 0.0 0.0 0.0 0.0 0.0 0.0 0.0 0.0 0.0 0.0 0.0 0.0 0.0 0.0 0.0 0.0 0.0 0.0 0.0
-49.05142 -41.70132 -37.35143 -34.87326 -29.40985 -29.75631 -31.19651 -28.96721 -26.01203 -20.89321 2 2 2 0 0 0 1 0 1 0 0 0 0 0 0 0 1 0 0 0 0 1 0 13 4 1 0 13 0 0 1 1 0 0 1 0 1 0 0 0 0 1 0 0 0 0 1 0 0 0 0 1 0 0 0 1 0 1 0 4 13 4 14 5 10 0.313 0 0 0 1 0 23 13 8 3 2 1 18 10 0.0 0.0 2.0 4.0 0.285714285714 14.0 0.0 0.0 0.0 0.0 0.0 0.0 0.0 0.0 0.0 0.0 0.0 0.0 0.0 0.0 0.0 0.0 0.0 0.0 0.0 0.0 0.0 0.0 0.0 0.0 0.0 0.0 0.0 0.0 0.0 0.0 0.0 0.0 0.0 0.0 0.0 0.0 0.0 0.0 0.0 0.0 0.0 0.0 0.0 0.0 0.0 0.0 0.0 0.0 0.0 0.0 0.0 0.0 0.0 0.0 0.0 0.0 0.0 0.0 0.0 0.0
-15.4576 -22.36029 -27.17822 -29.42115 -30.16608 -21.08848 -17.97877 -18.09288 -2.09242 6.24217 2 2 2 0 1 0 0 0 0 0 0 0 1 0 0 0 0 0 0 1 0 1 0 12 5 1 0 12 1 0 1 0 1 0 1 0 1 0 0 0 0 1 0 0 0 0 1 0 0 0 0 1 0 0 1 0 0 1 0 5 12 5 13 6 9 0.375 0 1 0 0 0 128 3 13 1 3 0 12 26 0.0 0.0 2.0 5.0 0.357142857143 14.0 0.0 0.0 0.0 0.0 0.0 0.0 0.0 1.0 0.0 0.0 0.0 0.0 0.0 0.0 0.0 0.0 0.0 0.0 0.0 0.0 0.0 0.0 0.0 0.0 0.0 0.0 0.0 0.0 0.0 0.0 0.0 0.0 0.0 0.0 0.0 0.0 0.0 0.0 0.0 0.0 0.0 0.0 0.0 0.0 0.0 0.0 0.0 0.0 0.0 0.0 0.0 0.0 0.0 0.0 0.0 0.0 0.0 0.0 0.0 0.0
12.1994 23.26847 6.29326 -20.12493 -29.71295 -37.92492 -24.3421 -17.89705 -42.14201 -99.4087 2 2 2 0 0 0 0 1 0 0 1 0 0 0 0 0 0 1 0 0 0 1 0 11 6 1 0 11 2 0 1 0 1 0 1 0 1 0 0 0 0 1 0 0 0 0 1 0 0 0 0 1 0 0 1 0 0 1 0 6 11 6 12 7 8 0.438 0 0 0 0 1 1828 3 13 1 3 1 22 9 0.0 0.0 2.0 6.0 0.428571428571 14.0 0.0 0.0 0.0 0.0 0.0 0.0 0.0 1.0 0.0 0.0 0.0 0.0 0.0 0.0 0.0 0.0 0.0 0.0 0.0 0.0 0.0 0.0 0.0 0.0 0.0 0.0 0.0 0.0 0.0 0.0 0.0 0.0 0.0 0.0 0.0 0.0 0.0 0.0 0.0 0.0 0.0 0.0 0.0 0.0 0.0 0.0 0.0 0.0 0.0 0.0 0.0 0.0 0.0 0.0 0.0 0.0 0.0 0.0 0.0 0.0
-100.76825 -7.06645 32.41273 33.58584 17.14392 24.17105 16.94266 22.60305 44.89779 46.18878 2 2 2 0 0 1 0 0 0 0 0 0 0 1 0 0 0 0 0 1 0 1 0 10 7 1 0 10 3 0 1 0 1 0 1 0 1 0 0 0 0 1 0 0 0 0 1 0 0 0 0 1 0 0 1 0 0 1 0 7 10 7 11 8 7 0.5 0 0 1 0 0 792 1 3 9 4 0 19 4 0.0 0.0 2.0 7.0 0.5 14.0 0.0 0.0 0.0 0.0 0.0 0.0 1.0 0.0 0.0 0.0 0.0 0.0 0.0 0.0 0.0 0.0 0.0 0.0 0.0 1.0 0.0 0.0 0.0 0.0 0.0 0.0 0.0 0.0 0.0 0.0 0.0 0.0 0.0 0.0 0.0 0.0 0.0 0.0 0.0 0.0 0.0 0.0 0.0 0.0 0.0 0.0 0.0 0.0 0.0 0.0 0.0 0.0 0.0 0.0 0.0 0.0 0.0 0.0 0.0 0.0
34.49658 30.12699 29.11973 13.202 -5.15068 -18.48135 -33.4471 -41.64841 -36.0026 -23.51816 2 2 2 0 0 0 0 1 0 0 0 1 0 0 0 0 0 1 0 0 0 1 0 9 8 1 0 9 4 0 1 0 1 0 1 0 1 0 0 0 0 1 0 0 0 0 1 0 0 0 0 1 0 0 1 0 0 1 0 8 9 8 10 9 6 0.563 0 0 0 0 1 8 9 1 1 5 0 1 24 0.0 0.0 2.0 8.0 0.571428571429 14.0 0.0 0.0 0.0 0.0 0.0 0.0 0.0 0.0 0.0 0.0 0.0 0.0 0.0 0.0 0.0 0.0 0.0 0.0 0.0 0.0 0.0 0.0 0.0 0.0 0.0 0.0 0.0 0.0 0.0 0.0 0.0 0.0 0.0 0.0 0.0 0.0 0.0 0.0 0.0 0.0 0.0 0.0 0.0 0.0 0.0 0.0 0.0 0.0 0.0 0.0 0.0 1.0 0.0 0.0 0.0 0.0 0.0 0.0 0.0 0.0
-15.90972 -19.39635 -40.7982 -45.23758 -37.8735 -34.76657 -36.59085 -42.99569 -44.08725 -32.98799 2 2 2 0 0 1 0 0 0 0 0 0 0 1 0 0 1 0 0 0 0 1 0 8 9 1 0 8 5 0 1 0 1 0 1 0 1 0 0 0 0 1 0 0 0 0 1 0 0 0 0 1 0 0 1 0 0 1 0 9 8 9 9 10 5 0.625 0 0 1 0 0 792 1 9 9 6 0 19 4 0.0 0.0 2.0 9.0 0.642857142857 14.0 0.0 0.0 0.0 0.0 0.0 0.0 0.0 0.0 0.0 0.0 0.0 0.0 0.0 0.0 0.0 0.0 0.0 0.0 0.0 0.0 0.0 0.0 0.0 0.0 0.0 0.0 0.0 0.0 0.0 0.0 0.0 0.0 0.0 0.0 0.0 0.0 0.0 0.0 0.0 0.0 0.0 0.0 0.0 0.0 0.0 0.0 0.0 0.0 0.0 0.0 0.0 0.0 0.0 0.0 0.0 0.0 0.0 0.0 0.0 0.0
-15.14373 -1.62067 2.58151 6.95664 27.32905 44.54641 43.93068 35.82949 22.97915 17.0845 2 2 2 0 1 0 0 0 0 0 0 1 0 0 0 0 0 0 1 0 0 1 0 7 10 1 0 7 6 0 1 0 1 0 1 0 1 0 0 0 0 1 0 0 0 0 1 0 0 0 0 1 0 0 1 0 0 1 0 10 7 10 8 11 4 0.688 0 1 0 0 0 187 1 9 9 6 1 19 36 0.0 0.0 2.0 10.0 0.714285714286 14.0 0.0 0.0 0.0 0.0 0.0 0.0 0.0 0.0 0.0 0.0 0.0 0.0 0.0 0.0 0.0 0.0 0.0 0.0 0.0 0.0 0.0 0.0 0.0 0.0 0.0 0.0 0.0 0.0 0.0 0.0 0.0 0.0 0.0 0.0 0.0 0.0 0.0 0.0 0.0 0.0 0.0 0.0 0.0 0.0 0.0 0.0 0.0 0.0 0.0 0.0 0.0 0.0 0.0 0.0 0.0 0.0 0.0 0.0 0.0 0.0
-0.1543 13.66337 0.38472 21.00391 29.87058 24.75437 21.88925 15.13203 5.28199 13.79117 2 2 2 0 0 0 1 0 0 0 1 0 0 0 0 0 1 0 0 0 0 1 0 6 11 1 0 6 7 0 1 0 1 0 1 0 1 0 0 0 0 1 0 0 0 0 1 0 0 0 0 1 0 0 1 0 0 1 0 11 6 11 7 12 3 0.75 0 0 0 1 0 8 9 1 1 7 0 1 24 0.0 0.0 2.0 11.0 0.785714285714 14.0 0.0 0.0 0.0 0.0 0.0 0.0 0.0 0.0 0.0 0.0 0.0 0.0 0.0 0.0 0.0 0.0 0.0 0.0 0.0 0.0 0.0 0.0 0.0 0.0 0.0 0.0 0.0 0.0 0.0 0.0 0.0 0.0 0.0 0.0 0.0 0.0 0.0 0.0 0.0 0.0 0.0 0.0 0.0 0.0 0.0 0.0 0.0 0.0 0.0 0.0 0.0 1.0 0.0 0.0 0.0 0.0 0.0 0.0 0.0 0.0
4.33132 -3.5229 -19.37074 -7.29817 -3.7193 -7.86524 -10.03811 -6.32482 -4.54855 -9.43237 2 2 2 0 1 0 0 0 0 0 0 0 1 0 0 0 0 0 1 0 0 1 0 5 12 1 0 5 8 0 1 0 1 0 1 0 1 0 0 0 0 1 0 0 0 0 1 0 0 0 0 1 0 0 1 0 0 1 0 12 5 12 6 13 2 0.813 0 1 0 0 0 187 1 9 7 8 0 19 36 0.0 0.0 2.0 12.0 0.857142857143 14.0 0.0 0.0 0.0 0.0 0.0 0.0 0.0 0.0 0.0 0.0 0.0 0.0 0.0 0.0 0.0 0.0 0.0 0.0 0.0 1.0 0.0 0.0 0.0 0.0 0.0 0.0 0.0 0.0 0.0 0.0 0.0 0.0 0.0 0.0 0.0 0.0 0.0 0.0 0.0 0.0 0.0 0.0 0.0 0.0 0.0 0.0 0.0 0.0 0.0 0.0 0.0 0.0 0.0 0.0 0.0 0.0 0.0 0.0 0.0 0.0
-20.11177 3.65789 -2.09483 1.54283 1.32084 4.50336 10.17123 10.41088 7.61513 17.20049 2 2 2 0 0 0 1 0 0 0 1 0 0 0 0 0 1 0 0 0 0 1 0 4 13 1 0 4 9 0 1 0 1 0 1 0 1 0 0 0 0 1 0 0 0 0 1 0 0 0 0 1 0 0 1 0 0 1 0 13 4 13 5 14 1 0.875 0 0 0 1 0 2 1 9 7 8 1 2 8 0.0 0.0 2.0 13.0 0.928571428571 14.0 0.0 0.0 0.0 0.0 0.0 0.0 0.0 0.0 0.0 0.0 0.0 0.0 0.0 0.0 0.0 0.0 0.0 0.0 0.0 1.0 0.0 0.0 0.0 0.0 0.0 0.0 0.0 0.0 0.0 0.0 0.0 0.0 0.0 0.0 0.0 0.0 0.0 0.0 0.0 0.0 0.0 0.0 0.0 0.0 0.0 0.0 0.0 0.0 0.0 0.0 0.0 0.0 0.0 0.0 0.0 0.0 0.0 0.0 0.0 0.0
-97.884 -41.89773 -2.84449 -1.68419 -12.35169 -12.32554 -12.16501 -1.77718 -1.60425 4.11214 2 2 2 0 1 0 0 0 0 0 0 0 1 0 0 0 0 1 0 0 0 1 0 3 14 1 0 3 10 0 1 0 1 0 1 0 1 0 0 0 0 1 0 0 0 0 1 0 0 0 0 1 0 0 1 0 0 1 0 14 3 14 4 1 4 0.167 0 1 0 0 0 663 7 1 0 9 0 20 11 1.0 0.5 2.0 0.0 0.0 4.0 1.0 0.0 0.0 0.0 0.0 0.0 0.0 0.0 0.0 0.0 0.0 0.0 0.0 0.0 0.0 0.0 0.0 0.0 1.0 0.0 0.0 0.0 0.0 0.0 0.0 0.0 0.0 0.0 0.0 0.0 0.0 0.0 0.0 0.0 0.0 1.0 0.0 0.0 0.0 0.0 0.0 0.0 0.0 0.0 0.0 0.0 0.0 0.0 0.0 0.0 1.0 0.0 0.0 0.0 0.0 0.0 0.0 0.0 0.0 0.0
-4.99502 -13.67665 -14.93045 -14.42325 -7.67264 -6.88461 -12.57906 -10.60884 -21.83701 -22.81338 2 2 2 0 0 1 0 0 0 0 1 0 0 0 0 0 0 0 0 1 0 1 0 2 15 1 0 2 11 0 1 0 1 0 1 0 1 0 0 0 0 1 0 0 0 0 1 0 0 0 0 1 0 0 1 0 0 1 0 15 2 15 3 2 3 0.333 0 0 1 0 0 2629 7 1 0 9 1 13 3 1.0 0.5 2.0 1.0 0.25 4.0 1.0 0.0 0.0 0.0 0.0 0.0 0.0 0.0 0.0 0.0 0.0 0.0 0.0 0.0 0.0 0.0 0.0 0.0 1.0 0.0 0.0 0.0 0.0 0.0 0.0 0.0 0.0 0.0 0.0 0.0 0.0 0.0 0.0 0.0 0.0 1.0 0.0 0.0 0.0 0.0 0.0 0.0 0.0 0.0 0.0 0.0 0.0 0.0 0.0 0.0 1.0 0.0 0.0 0.0 0.0 0.0 0.0 0.0 0.0 0.0
-11.35719 -17.57369 -10.92308 3.42508 8.80319 9.00991 9.4756 9.01373 1.76878 -4.5336 2 2 2 0 0 0 0 1 0 0 0 1 0 0 0 0 1 0 0 0 0 1 0 1 16 1 0 1 12 0 1 0 1 0 1 0 1 0 0 0 0 1 0 0 0 0 0 0 0 1 0 1 0 0 1 0 0 1 0 16 1 16 2 3 2 0.5 0 0 0 0 1 257 7 1 0 9 2 21 8 1.0 0.5 2.0 2.0 0.5 4.0 1.0 0.0 0.0 0.0 0.0 0.0 0.0 0.0 0.0 0.0 0.0 0.0 0.0 0.0 0.0 0.0 0.0 0.0 1.0 0.0 0.0 0.0 0.0 0.0 0.0 0.0 0.0 0.0 0.0 0.0 0.0 0.0 0.0 0.0 0.0 1.0 0.0 0.0 0.0 0.0 0.0 0.0 0.0 0.0 0.0 0.0 0.0 0.0 0.0 0.0 1.0 0.0 0.0 0.0 0.0 0.0 0.0 0.0 0.0 0.0
0.94776 -0.87764 0.1457 -11.152 -27.97331 -44.03061 -70.1996 -47.12804 31.80041 63.35826 2 2 0 0 1 0 0 0 0 0 0 0 0 1 0 1 0 0 0 0 0 1 0 0 17 1 0 0 13 0 1 0 1 0 1 0 0 0 0 1 0 1 0 0 0 1 0 0 0 0 0 1 0 0 1 0 1 0 0 17 0 17 1 4 1 0.667 0 1 0 0 0 2138 7 1 0 9 3 9 11 1.0 0.5 2.0 3.0 0.75 4.0 1.0 0.0 0.0 0.0 0.0 0.0 0.0 0.0 0.0 0.0 0.0 0.0 0.0 0.0 0.0 0.0 0.0 0.0 1.0 0.0 0.0 0.0 0.0 0.0 0.0 0.0 0.0 0.0 0.0 0.0 0.0 0.0 0.0 0.0 0.0 1.0 0.0 0.0 0.0 0.0 0.0 0.0 0.0 0.0 0.0 0.0 0.0 0.0 0.0 0.0 1.0 0.0 0.0 0.0 0.0 0.0 0.0 0.0 0.0 0.0
