320.200218622 320.117443478 319.951997951 319.704091458 319.374037861 318.962255154 318.469265044 317.895692426 317.242264746 316.509811271 2 0 2 0 0 0 0 1 0 1 0 0 0 0 1 0 0 0 0 0 0 0 4 20 0 0 4 0 0 0 1 0 1 1 0 133.66701 130 0 133.66701 0 1 0 0 0 1 0 0 0 0 0 1 0 0 0 0 1 0 1 0 0 0 0 1 0 20 0 21 1 3 0.2 0 0 0 0 1 581 8
315.699262237 314.8116479 313.848097471 312.809837947 311.698192824 310.514580714 309.260513829 307.937596373 306.547522805 305.092075998 2 2 2 1 0 0 0 0 0 0 0 0 0 1 0 0 1 0 0 0 0 0 3 19 1 0 3 1 1 1 0 0 1 0 1 136.66701 133.66701 133.66701 136.66701 0 1 0 0 0 0 1 0 0 0 0 1 0 0 0 0 0 1 0 1 0 0 1 0 1 19 1 20 2 2 0.4 1 0 0 0 0 956 8
303.573125274 301.992624335 300.352609063 298.65519522 296.902576015 295.097019566 293.240866238 291.33652587 289.386474873 287.393253231 2 2 2 0 1 0 0 0 1 0 0 0 0 0 1 0 0 0 0 0 0 1 3 18 2 1 3 0 0 0 1 1 0 1 0 131.88901 136.66701 136.66701 131.88901 0 1 0 0 0 0 1 0 0 0 0 1 0 0 0 0 1 0 0 0 1 0 0 1 2 18 2 19 3 1 0.6 0 1 0 0 0 1054 8
285.359461368 283.287756911 281.180851337 279.041506511 276.872531107 274.676776931 272.457135129 270.216532301 267.95792651 265.684303195 2 2 2 1 0 0 0 0 0 0 1 0 0 0 1 0 0 0 0 0 0 1 2 17 3 1 2 0 1 1 0 0 1 1 0 135.4445 131.88901 131.88901 135.4445 0 1 0 0 0 0 1 0 0 0 0 1 0 0 0 0 0 1 0 1 0 0 0 1 3 17 3 18 1 5 0.143 1 0 0 0 0 329 8
263.398670994 261.10405748 258.803504807 256.500065283 254.196796866 251.896758594 249.603005952 247.31858618 245.046533536 242.789864514 2 2 2 1 0 0 0 0 1 0 0 0 0 0 0 0 0 0 0 1 0 2 1 16 4 2 1 7 0 1 0 1 0 0 1 134 135.4445 135.4445 134 0 1 0 0 0 0 1 0 0 0 0 1 0 0 0 0 0 1 0 0 1 0 1 0 4 16 4 17 2 4 0.286 1 0 0 0 0 143 5
240.551573032 238.33462558 236.141956367 233.97646244 231.840998815 229.738373602 227.671343158 225.642607254 223.654804286 221.710506529 2 2 2 0 0 0 0 1 1 0 0 0 0 0 0 0 0 0 1 0 0 3 1 15 5 3 1 6 0 0 1 1 0 0 1 0 134 134 0 0 1 0 0 0 0 1 0 0 0 0 1 0 0 0 0 1 0 0 0 1 0 1 0 5 15 5 16 3 3 0.429 0 0 0 0 1 75 5
219.812215443 217.962357045 216.163277362 214.417237965 212.726411603 211.092877942 209.518619425 208.005517258 206.555347544 205.169777553 2 2 2 0 0 0 1 0 0 0 0 0 0 1 0 0 1 0 0 0 0 3 1 14 6 3 1 5 1 0 1 0 1 0 1 0 0 0 0 0 1 0 0 0 0 1 0 0 0 0 1 0 0 0 0 1 0 0 1 0 0 1 0 6 14 6 15 4 2 0.571 0 0 0 1 0 2 9
203.850362168 202.598540489 201.415632632 200.302836704 199.261225993 198.291746356 197.395213842 196.572312525 195.823592589 195.149468652 2 2 2 0 1 0 0 0 0 0 0 0 1 0 0 0 0 0 0 1 0 3 1 13 7 3 1 4 2 0 1 0 1 0 1 0 0 0 0 0 1 0 0 0 0 1 0 0 0 0 1 0 0 0 0 1 0 0 1 0 0 1 0 7 13 7 14 5 1 0.714 0 1 0 0 0 326 5
194.55021834 194.025981124 193.576757425 193.202407985 192.902653525 192.677074672 192.52511219 192.446067485 192.439103418 192.503245403 2 2 2 0 0 0 0 1 0 0 1 0 0 0 0 0 0 1 0 0 0 3 1 12 8 3 1 3 3 0 1 0 1 0 1 0 0 0 0 0 1 0 0 0 0 1 0 0 0 0 1 0 0 0 0 1 0 0 1 0 0 1 0 8 12 8 13 1 6 0.125 0 0 0 0 1 11 5
192.637382809 192.840270657 193.110531619 193.446658309 193.847015878 194.309844901 194.833264546 195.415276049 196.053766455 196.746512646 2 2 2 0 0 1 0 0 0 0 0 0 0 1 0 0 0 0 0 1 0 3 1 11 9 3 1 2 4 0 1 0 1 0 1 0 0 0 0 0 1 0 0 0 0 1 0 0 0 0 1 0 0 0 0 1 0 0 1 0 0 1 0 9 11 9 12 2 5 0.25 0 0 1 0 0 7 2
197.491185639 198.285355146 199.126494399 200.011985209 200.939123283 201.905123755 202.907126946 203.942204323 205.007364663 206.099560393 2 2 2 0 0 0 0 1 0 0 0 1 0 0 0 0 1 0 0 0 0 3 1 10 10 3 1 1 5 0 1 0 1 0 1 0 0 0 0 0 1 0 0 0 0 1 0 0 0 0 1 0 0 0 0 1 0 0 1 0 0 1 0 10 10 10 11 3 4 0.375 0 0 0 0 1 775 5
207.215694101 208.3526252 209.507176742 210.676142346 211.856293244 213.04438542 214.237166821 215.431384643 216.62379264 217.811158482 2 2 2 0 1 0 0 0 0 0 0 0 0 1 1 0 0 0 0 0 0 3 1 9 11 3 1 0 6 0 1 0 1 1 0 123.88901 0 0 123.88901 0 1 0 0 0 0 1 0 0 0 0 1 0 0 0 0 1 0 0 1 0 0 0 1 11 9 11 10 4 3 0.5 0 1 0 0 0 102 5
218.990271102 220.157948046 221.311042792 222.446452018 223.561122817 224.652059817 225.71633221 226.75108066 227.753524067 228.72096619 2 2 2 1 0 0 0 0 0 0 1 0 0 0 0 0 0 1 0 0 0 3 0 8 12 3 0 8 7 1 0 0 1 0 1 126.889 123.88901 123.88901 126.889 0 1 0 0 0 0 1 0 0 0 0 1 0 0 0 0 0 1 0 1 0 0 1 0 12 8 12 9 5 2 0.625 1 0 0 0 0 132 5
229.650802083 230.540524354 231.387729208 232.190122275 232.945524192 233.651875934 234.307243878 234.909824576 235.457949236 235.95008789 2 2 2 0 0 1 0 0 1 0 0 0 0 0 0 0 0 1 0 0 0 4 0 7 13 4 0 7 0 0 1 1 0 0 1 0 126.889 126.889 0 0 1 0 0 0 0 1 0 0 0 0 1 0 0 0 0 1 0 0 0 1 0 1 0 13 7 13 8 6 1 0.75 0 0 1 0 0 598 5
236.38485324 236.761004165 237.077448887 237.333247779 237.527615811 237.659924617 237.729704188 237.736644174 237.680594801 237.561567382 2 2 2 0 0 1 0 0 0 0 0 1 0 0 0 0 0 0 0 1 0 4 0 6 14 4 0 6 1 0 1 0 1 0 1 0 0 0 0 0 1 0 0 0 0 1 0 0 0 0 1 0 0 0 0 1 0 0 1 0 0 1 0 14 6 14 7 1 1 0.333 0 0 1 0 0 297 2
237.379734437 237.135429409 236.829145977 236.461536966 236.033412858 235.545739898 234.999637813 234.396377129 233.737376105 233.024197295 2 2 2 0 0 0 0 1 0 0 0 1 0 0 0 0 0 0 0 1 0 4 0 5 15 4 0 5 2 0 1 0 1 0 1 0 0 0 0 0 1 0 0 0 0 1 0 0 0 0 1 0 0 0 0 1 0 0 1 0 0 1 0 15 5 15 6 1 6 0.125 0 0 0 0 1 11 5
232.258543718 231.442254688 230.577301266 229.665781384 228.709914632 227.712036716 226.674593625 225.600135488 224.491310171 223.350856591 2 2 2 0 0 0 0 1 0 0 0 0 0 1 0 0 0 1 0 0 0 4 0 4 16 4 0 4 3 0 1 0 1 0 1 0 0 0 0 0 1 0 0 0 0 1 0 0 0 0 1 0 0 0 0 1 0 0 1 0 0 1 0 16 4 16 5 2 5 0.25 0 0 0 0 1 517 5
222.18159781 220.986433876 219.768334475 218.530331379 217.275510725 216.007005148 214.727985776 213.441654114 212.151233842 210.859962544 2 2 2 0 0 1 0 0 0 0 0 0 0 1 0 0 0 0 0 1 0 4 0 3 17 4 0 3 4 0 1 0 1 0 1 0 0 0 0 0 1 0 0 0 0 1 0 0 0 0 1 0 0 0 0 1 0 0 1 0 0 1 0 17 3 17 4 3 4 0.375 0 0 1 0 0 501 5
209.571083386 208.28783677 207.013451993 205.751138911 204.504079657 203.275420411 202.068263263 200.88565818 199.730595094 198.605996151 2 2 2 0 0 0 0 1 0 0 0 1 0 0 0 0 0 0 0 1 0 4 0 2 18 4 0 2 5 0 1 0 1 0 1 0 0 0 0 0 1 0 0 0 0 1 0 0 0 0 1 0 0 0 0 1 0 0 1 0 0 1 0 18 2 18 3 4 3 0.5 0 0 0 0 1 438 5
197.51470812 196.459494994 195.443030804 194.467892659 193.536554033 192.651378323 191.814612683 191.028382163 190.294684163 189.615383216 2 2 2 0 0 0 0 1 0 0 0 0 0 1 0 0 0 0 0 1 0 4 0 1 19 4 0 1 6 0 1 0 1 0 1 0 0 0 0 0 1 0 0 0 0 1 0 0 0 0 0 0 1 0 0 1 0 0 1 0 0 1 0 19 1 19 2 5 2 0.625 0 0 0 0 1 760 5
188.992206118 188.426737414 187.920415254 187.474527634 187.090209026 186.768437408 186.510031705 186.315649645 186.185786038 186.120771477 2 2 0 0 0 0 0 1 0 0 0 0 0 1 0 1 0 0 0 0 0 4 0 0 20 4 0 0 7 0 1 0 1 0 1 110 0 0 0 0 0 0 1 0 0 1 0 0 0 1 0 0 0 0 0 1 0 0 1 0 1 0 0 20 0 20 1 6 1 0.75 0 0 0 0 1 662 5
