61.338 60.16899 59.92599 56.6409 59.5324 64.66847 73.79933 70.67841 52.83297 19.05595 2 0 2 1 0 0 0 0 0 1 0 0 0 0 0 0 0 0 1 0 0 0 1 5 0 0 1 1 0 1 0 0 1 0 1 0 1 0 0 0 1 0 0 0 0 0 1 0 0 0 0 0 1 1 0 0 0 1 0 0 5 0 6 1 6 0.125 1 0 0 0 0 21 13 0 4 0 0 3 1 0.0 0.0 3.0 0.0 0.0 6.0 0.0 0.0 0.0 0.0 0.0 0.0 0.0 0.0 0.0 0.0 0.0 0.0 0.0 0.0 0.0 0.0 0.0 0.0 0.0 0.0 0.0 0.0 0.0 0.0 0.0 0.0 0.0 0.0 0.0 1.0 1.0 0.0 0.0 0.0 0.0 0.0 0.0 0.0 0.0 0.0 0.0 0.0 0.0 0.0 0.0 0.0 0.0 0.0 0.0 0.0 0.0 0.0 0.0 0.0 0.0 0.0 0.0 0.0 0.0 0.0
-37.62852 -59.46112 -101.71157 -133.98776 -153.73142 -152.7917 -134.63922 -102.37216 -66.11125 -41.09177 2 2 2 0 0 0 1 0 1 0 0 0 0 0 1 0 0 0 0 0 0 0 1 4 1 0 1 0 0 0 1 1 0 1 0 0 1 0 0 0 0 1 0 0 0 0 1 0 0 0 0 1 0 0 0 1 0 0 1 1 4 1 5 2 5 0.25 0 0 0 1 0 2 4 13 1 1 0 2 8 0.0 0.0 3.0 1.0 0.166666666667 6.0 0.0 0.0 0.0 0.0 0.0 0.0 0.0 0.0 0.0 0.0 0.0 0.0 0.0 0.0 0.0 0.0 0.0 0.0 0.0 0.0 0.0 0.0 0.0 0.0 0.0 0.0 0.0 0.0 0.0 0.0 0.0 1.0 0.0 0.0 0.0 0.0 0.0 0.0 0.0 0.0 0.0 0.0 0.0 0.0 0.0 0.0 0.0 0.0 0.0 0.0 0.0 0.0 0.0 0.0 0.0 0.0 0.0 0.0 0.0 0.0
-82.04826 -130.85829 -24.93385 95.9051 131.16259 158.65885 169.91973 174.0063 178.70119 171.26531 2 2 2 1 0 0 0 0 0 0 0 0 1 0 0 0 0 1 0 0 0 0 0 3 2 0 0 9 1 1 0 0 1 0 1 0 1 0 0 0 0 1 0 0 0 0 1 0 0 0 0 0 1 0 1 0 0 1 0 2 3 2 4 3 4 0.375 1 0 0 0 0 385 1 4 1 2 0 23 21 0.0 0.0 3.0 2.0 0.333333333333 6.0 0.0 0.0 0.0 0.0 0.0 0.0 0.0 0.0 0.0 0.0 0.0 1.0 0.0 0.0 0.0 0.0 0.0 0.0 0.0 0.0 0.0 0.0 0.0 0.0 0.0 0.0 0.0 0.0 0.0 0.0 0.0 0.0 0.0 0.0 0.0 0.0 0.0 0.0 0.0 0.0 0.0 0.0 0.0 0.0 0.0 0.0 0.0 0.0 0.0 0.0 0.0 0.0 0.0 0.0 0.0 0.0 0.0 0.0 0.0 0.0
136.70905 110.61351 82.20862 52.20139 30.6272 3.09482 1.57378 10.18893 14.2645 7.82525 2 2 2 0 0 1 0 0 1 0 0 0 0 0 0 0 0 0 0 1 0 1 0 2 3 1 0 8 0 0 1 1 0 0 1 0 1 0 0 0 0 1 0 0 0 0 1 0 0 0 0 1 0 0 0 1 0 1 0 3 2 3 3 4 3 0.5 0 0 1 0 0 737 1 4 1 2 1 15 22 0.0 0.0 3.0 3.0 0.5 6.0 0.0 0.0 0.0 0.0 0.0 0.0 0.0 0.0 0.0 0.0 0.0 1.0 0.0 0.0 0.0 0.0 0.0 0.0 0.0 0.0 0.0 0.0 0.0 0.0 0.0 0.0 0.0 0.0 0.0 0.0 0.0 0.0 0.0 0.0 0.0 0.0 0.0 0.0 0.0 0.0 0.0 0.0 0.0 0.0 0.0 0.0 0.0 0.0 0.0 0.0 0.0 0.0 0.0 0.0 0.0 0.0 0.0 0.0 0.0 0.0
11.75793 66.16154 144.52203 192.13246 192.28321 178.66613 135.98258 89.54928 47.17318 18.48286 2 2 2 0 0 0 0 1 0 0 0 1 0 0 0 0 1 0 0 0 0 1 0 1 4 1 0 7 1 0 1 0 1 0 1 0 1 0 0 0 0 1 0 0 0 0 0 0 1 0 0 1 0 0 1 0 0 1 0 4 1 4 2 5 2 0.625 0 0 0 0 1 795 1 1 7 3 0 16 32 0.0 0.0 3.0 4.0 0.666666666667 6.0 0.0 0.0 0.0 0.0 0.0 0.0 0.0 0.0 0.0 0.0 1.0 0.0 0.0 0.0 0.0 0.0 0.0 0.0 0.0 1.0 0.0 0.0 0.0 0.0 0.0 0.0 0.0 0.0 1.0 0.0 0.0 0.0 0.0 0.0 0.0 0.0 0.0 0.0 0.0 0.0 0.0 0.0 0.0 0.0 0.0 0.0 0.0 0.0 0.0 0.0 0.0 0.0 0.0 0.0 0.0 0.0 0.0 0.0 0.0 0.0
-60.2695 -75.22155 -81.233 -92.90206 -120.416 -135.12727 -147.39029 -145.52831 -99.0071 -66.83126 2 2 2 0 1 0 0 0 0 0 0 0 0 1 0 0 0 0 0 1 0 1 0 0 5 1 0 6 2 0 1 0 1 0 1 0 0 0 1 0 0 1 0 0 0 0 1 0 0 0 0 1 0 0 1 0 0 1 0 5 0 5 1 6 1 0.75 0 1 0 0 0 392 1 1 7 3 1 5 24 0.0 0.0 3.0 5.0 0.833333333333 6.0 0.0 0.0 0.0 0.0 0.0 0.0 0.0 0.0 0.0 0.0 1.0 0.0 0.0 0.0 0.0 0.0 0.0 0.0 0.0 1.0 0.0 0.0 0.0 0.0 0.0 0.0 0.0 0.0 1.0 0.0 0.0 0.0 0.0 0.0 0.0 0.0 0.0 0.0 0.0 0.0 0.0 0.0 0.0 0.0 0.0 0.0 0.0 0.0 0.0 0.0 0.0 0.0 0.0 0.0 0.0 0.0 0.0 0.0 0.0 0.0
-10.127 -15.581 -15.913 -29.29705 -64.39047 -79.68432 -76.02672 -52.51556 -23.6368 -14.39576 2 2 2 0 0 0 0 1 0 0 1 0 0 0 0 0 0 0 0 1 0 0 4 10 0 0 4 5 3 0 1 0 1 0 1 0 1 0 0 0 0 0 0 1 0 0 1 0 0 0 0 1 0 0 1 0 0 1 0 0 10 0 11 1 1 0.333 0 0 0 0 1 10 7 1 7 4 0 11 13 1.0 0.333333333333 3.0 0.0 0.0 1.0 0.0 0.0 0.0 0.0 0.0 0.0 0.0 0.0 0.0 0.0 0.0 0.0 0.0 0.0 0.0 0.0 0.0 0.0 0.0 0.0 0.0 0.0 0.0 0.0 0.0 0.0 0.0 0.0 0.0 0.0 0.0 0.0 0.0 0.0 0.0 0.0 0.0 0.0 0.0 1.0 0.0 0.0 0.0 0.0 0.0 0.0 0.0 0.0 0.0 0.0 0.0 0.0 0.0 0.0 0.0 0.0 0.0 0.0 0.0 0.0
177.73002 168.07601 160.53201 138.50901 133.5716 146.22276 152.56212 167.08202 164.28371 153.0934 2 2 2 0 0 0 0 1 0 0 0 0 0 1 0 0 0 0 0 1 0 0 4 9 1 0 4 4 4 0 1 0 1 0 1 0 1 0 0 0 0 1 0 0 0 0 1 0 0 0 0 1 0 0 1 0 0 1 0 1 9 1 10 1 10 0.083 0 0 0 0 1 2734 7 7 11 5 0 13 24 2.0 0.666666666667 3.0 0.0 0.0 10.0 0.0 1.0 0.0 0.0 0.0 0.0 0.0 0.0 0.0 0.0 0.0 0.0 0.0 0.0 0.0 0.0 1.0 0.0 1.0 0.0 0.0 0.0 0.0 0.0 0.0 0.0 0.0 0.0 0.0 0.0 0.0 0.0 0.0 0.0 0.0 0.0 0.0 0.0 1.0 0.0 0.0 0.0 0.0 0.0 0.0 0.0 0.0 0.0 0.0 0.0 0.0 0.0 0.0 0.0 0.0 0.0 0.0 0.0 0.0 0.0
118.37769 117.63035 117.16826 128.66267 116.3065 112.11959 97.13027 67.11924 40.55838 5.20886 2 2 2 0 0 0 0 1 0 0 0 0 0 1 0 0 0 0 0 1 0 0 4 8 2 0 4 3 5 0 1 0 1 0 1 0 1 0 0 0 0 1 0 0 0 0 1 0 0 0 0 1 0 0 1 0 0 1 0 2 8 2 9 2 9 0.167 0 0 0 0 1 274 7 7 11 5 1 20 13 2.0 0.666666666667 3.0 1.0 0.1 10.0 0.0 1.0 0.0 0.0 0.0 0.0 0.0 0.0 0.0 0.0 0.0 0.0 0.0 0.0 0.0 0.0 1.0 0.0 1.0 0.0 0.0 0.0 0.0 0.0 0.0 0.0 0.0 0.0 0.0 0.0 0.0 0.0 0.0 0.0 0.0 0.0 0.0 0.0 1.0 0.0 0.0 0.0 0.0 0.0 0.0 0.0 0.0 0.0 0.0 0.0 0.0 0.0 0.0 0.0 0.0 0.0 0.0 0.0 0.0 0.0
-76.93032 -63.85256 -41.36 -33.14043 -27.50012 -18.78197 -7.34777 -3.36893 -13.95561 -28.75039 2 2 2 0 0 0 0 1 0 0 0 0 0 1 0 0 1 0 0 0 0 0 4 7 3 0 4 2 6 0 1 0 1 0 1 0 1 0 0 0 0 1 0 0 0 0 1 0 0 0 0 1 0 0 1 0 0 1 0 3 7 3 8 3 8 0.25 0 0 0 0 1 5 11 7 13 6 0 17 2 2.0 0.666666666667 3.0 2.0 0.2 10.0 0.0 0.0 0.0 0.0 0.0 0.0 0.0 0.0 0.0 0.0 0.0 0.0 0.0 0.0 0.0 0.0 0.0 0.0 0.0 0.0 0.0 0.0 0.0 0.0 0.0 0.0 0.0 0.0 0.0 0.0 0.0 1.0 0.0 0.0 0.0 0.0 0.0 0.0 0.0 0.0 0.0 0.0 0.0 0.0 0.0 0.0 0.0 0.0 0.0 0.0 0.0 0.0 0.0 0.0 0.0 0.0 0.0 0.0 0.0 0.0
-15.12832 -2.70792 -53.74163 -92.91646 -116.70265 -134.12438 -154.81962 -167.80535 -173.36414 -175.2753 2 2 2 0 1 0 0 0 0 0 0 0 0 1 0 0 0 0 1 0 0 0 4 6 4 0 4 1 7 0 1 0 1 0 1 0 1 0 0 0 0 1 0 0 0 0 1 0 0 0 0 1 0 0 1 0 0 1 0 4 6 4 7 4 7 0.333 0 1 0 0 0 22 13 11 1 7 0 22 6 2.0 0.666666666667 3.0 3.0 0.3 10.0 0.0 0.0 0.0 0.0 0.0 0.0 0.0 0.0 0.0 0.0 0.0 0.0 0.0 0.0 0.0 0.0 0.0 0.0 0.0 0.0 0.0 0.0 0.0 0.0 0.0 0.0 0.0 0.0 0.0 1.0 0.0 0.0 0.0 0.0 0.0 0.0 0.0 0.0 0.0 0.0 0.0 0.0 0.0 0.0 0.0 0.0 0.0 0.0 0.0 0.0 0.0 0.0 0.0 0.0 0.0 0.0 0.0 0.0 0.0 0.0
-153.42119 -145.48285 -126.52942 -102.62291 -76.40028 -51.80901 -38.07384 -29.84404 -29.37928 -29.42511 2 2 2 0 0 0 1 0 0 0 1 0 0 0 1 0 0 0 0 0 0 0 4 5 5 0 4 0 8 0 1 0 1 1 0 0 1 0 0 0 0 1 0 0 0 0 1 0 0 0 0 1 0 0 1 0 0 0 1 5 5 5 6 5 6 0.417 0 0 0 1 0 23 13 11 1 7 1 18 10 2.0 0.666666666667 3.0 4.0 0.4 10.0 0.0 0.0 0.0 0.0 0.0 0.0 0.0 0.0 0.0 0.0 0.0 0.0 0.0 0.0 0.0 0.0 0.0 0.0 0.0 0.0 0.0 0.0 0.0 0.0 0.0 0.0 0.0 0.0 0.0 1.0 0.0 0.0 0.0 0.0 0.0 0.0 0.0 0.0 0.0 0.0 0.0 0.0 0.0 0.0 0.0 0.0 0.0 0.0 0.0 0.0 0.0 0.0 0.0 0.0 0.0 0.0 0.0 0.0 0.0 0.0
-19.24509 -10.36832 17.70677 41.67312 66.94817 83.75249 85.90839 84.03904 97.10326 93.37286 2 2 2 1 0 0 0 0 0 0 0 0 1 0 1 0 0 0 0 0 0 0 3 4 6 0 3 0 9 1 0 0 1 1 0 0 1 0 0 0 0 1 0 0 0 0 1 0 0 0 0 0 1 0 1 0 0 0 1 6 4 6 5 6 5 0.5 1 0 0 0 0 109 1 13 4 8 0 15 20 2.0 0.666666666667 3.0 5.0 0.5 10.0 0.0 0.0 0.0 0.0 0.0 0.0 0.0 0.0 0.0 0.0 0.0 0.0 0.0 0.0 0.0 0.0 0.0 0.0 0.0 0.0 0.0 0.0 0.0 0.0 0.0 0.0 0.0 0.0 1.0 1.0 1.0 0.0 0.0 0.0 0.0 0.0 0.0 0.0 0.0 0.0 0.0 0.0 0.0 0.0 0.0 0.0 0.0 0.0 0.0 0.0 0.0 0.0 0.0 0.0 0.0 0.0 0.0 0.0 0.0 0.0
94.01272 94.32794 100.85433 96.71665 92.94924 84.55421 81.2779 72.87326 50.92581 23.64783 2 2 2 1 0 0 0 0 1 0 0 0 0 0 0 0 0 0 1 0 0 1 2 3 7 1 2 1 0 1 0 1 0 0 1 0 1 0 0 0 0 1 0 0 0 0 1 0 0 0 0 0 1 0 0 1 0 1 0 7 3 7 4 7 4 0.583 1 0 0 0 0 12 1 13 4 8 1 16 35 2.0 0.666666666667 3.0 6.0 0.6 10.0 0.0 0.0 0.0 0.0 0.0 0.0 0.0 0.0 0.0 0.0 0.0 0.0 0.0 0.0 0.0 0.0 0.0 0.0 0.0 0.0 0.0 0.0 0.0 0.0 0.0 0.0 0.0 0.0 1.0 1.0 1.0 0.0 0.0 0.0 0.0 0.0 0.0 0.0 0.0 0.0 0.0 0.0 0.0 0.0 0.0 0.0 0.0 0.0 0.0 0.0 0.0 0.0 0.0 0.0 0.0 0.0 0.0 0.0 0.0 0.0
-18.70565 -39.28326 -67.08124 -99.38893 -140.91743 -166.73187 -169.35014 -157.02452 -141.00674 -117.33575 2 2 2 0 0 0 1 0 1 0 0 0 0 0 1 0 0 0 0 0 0 2 2 2 8 2 2 0 0 0 1 1 0 1 0 0 1 0 0 0 0 1 0 0 0 0 1 0 0 0 0 1 0 0 0 1 0 0 1 8 2 8 3 8 3 0.667 0 0 0 1 0 2 4 1 1 9 0 2 8 2.0 0.666666666667 3.0 7.0 0.7 10.0 0.0 0.0 0.0 0.0 0.0 0.0 0.0 0.0 0.0 0.0 0.0 0.0 0.0 0.0 0.0 0.0 0.0 0.0 0.0 0.0 0.0 0.0 0.0 0.0 0.0 0.0 0.0 0.0 0.0 0.0 0.0 1.0 0.0 0.0 0.0 0.0 0.0 0.0 0.0 0.0 0.0 0.0 0.0 0.0 0.0 0.0 0.0 0.0 0.0 0.0 0.0 0.0 0.0 0.0 0.0 0.0 0.0 0.0 0.0 0.0
-75.99235 -63.96258 -53.93303 -32.56348 -6.81104 14.93857 23.77183 36.88512 48.12639 49.19403 2 2 2 1 0 0 0 0 0 0 0 0 1 0 1 0 0 0 0 0 0 2 1 1 9 2 1 0 1 1 0 0 1 1 0 0 1 0 0 0 0 1 0 0 0 0 0 0 0 1 0 0 1 0 1 0 0 0 1 9 1 9 2 9 2 0.75 1 0 0 0 0 1017 1 4 0 10 0 9 11 2.0 0.666666666667 3.0 8.0 0.8 10.0 1.0 0.0 0.0 0.0 0.0 0.0 0.0 0.0 0.0 0.0 0.0 0.0 0.0 0.0 0.0 0.0 0.0 1.0 0.0 0.0 0.0 0.0 0.0 0.0 0.0 0.0 0.0 0.0 1.0 0.0 0.0 0.0 0.0 0.0 0.0 0.0 0.0 0.0 0.0 0.0 0.0 0.0 0.0 0.0 0.0 0.0 0.0 0.0 0.0 0.0 0.0 0.0 0.0 0.0 0.0 0.0 0.0 0.0 0.0 0.0
52.66216 67.35297 69.77922 68.01108 71.04064 74.6227 71.02624 62.26589 54.92401 47.74082 2 2 0 1 0 0 0 0 1 0 0 0 0 0 0 1 0 0 0 0 0 3 0 0 10 3 0 0 0 1 0 1 0 0 1 0 0 0 0 1 0 1 0 0 0 1 0 0 0 0 0 0 1 0 0 1 1 0 0 10 0 10 1 10 1 0.833 1 0 0 0 0 1573 1 4 0 10 1 1 9 2.0 0.666666666667 3.0 9.0 0.9 10.0 1.0 0.0 0.0 0.0 0.0 0.0 0.0 0.0 0.0 0.0 0.0 0.0 0.0 0.0 0.0 0.0 0.0 1.0 0.0 0.0 0.0 0.0 0.0 0.0 0.0 0.0 0.0 0.0 1.0 0.0 0.0 0.0 0.0 0.0 0.0 0.0 0.0 0.0 0.0 0.0 0.0 0.0 0.0 0.0 0.0 0.0 0.0 0.0 0.0 0.0 0.0 0.0 0.0 0.0 0.0 0.0 0.0 0.0 0.0 0.0
