122.51885 129.3917 128.69801 118.51803 122.21766 128.42309 136.04506 118.36021 95.54604 73.17565 2 0 2 1 0 0 0 0 0 1 0 0 0 0 1 0 0 0 0 0 0 0 5 15 0 0 5 0 0 1 0 0 1 1 0 0 1 0 0 0 1 0 0 0 0 0 1 0 0 0 0 0 1 1 0 0 0 0 1 0 15 0 16 1 16 0.056 1 0 0 0 0 894 1 0 2 0 0 22 24 0.0 0.0 1.0 0.0 0.0 16.0 0.0 0.0 0.0 1.0 0.0 0.0 0.0 0.0 0.0 0.0 0.0 0.0 0.0 0.0 0.0 0.0 0.0 0.0 0.0 0.0 0.0 0.0 0.0 0.0 0.0 0.0 0.0 0.0 0.0 0.0 0.0 0.0 0.0 0.0 0.0 0.0 0.0 0.0 0.0 0.0 0.0 0.0 0.0 0.0 0.0 0.0 0.0 0.0 0.0 0.0 0.0 0.0 0.0 0.0 0.0 0.0 0.0 0.0 0.0 0.0
65.70574 74.50947 80.55854 93.89894 112.75498 131.4131 149.86421 145.06201 138.56405 113.06219 2 2 2 1 0 0 0 0 1 0 0 0 0 0 1 0 0 0 0 0 0 0 4 14 1 0 4 0 0 1 0 1 0 1 0 0 1 0 0 0 0 1 0 0 0 0 1 0 0 0 0 0 1 0 0 1 0 0 1 1 14 1 15 2 15 0.111 1 0 0 0 0 186 1 0 2 0 1 20 1 0.0 0.0 1.0 1.0 0.0625 16.0 0.0 0.0 0.0 1.0 0.0 0.0 0.0 0.0 0.0 0.0 0.0 0.0 0.0 0.0 0.0 0.0 0.0 0.0 0.0 0.0 0.0 0.0 0.0 0.0 0.0 0.0 0.0 0.0 0.0 0.0 0.0 0.0 0.0 0.0 0.0 0.0 0.0 0.0 0.0 0.0 0.0 0.0 0.0 0.0 0.0 0.0 0.0 0.0 0.0 0.0 0.0 0.0 0.0 0.0 0.0 0.0 0.0 0.0 0.0 0.0
103.27385 116.74036 121.26414 121.06543 125.12046 134.88511 142.33902 144.32151 130.46951 97.26324 2 2 2 1 0 0 0 0 1 0 0 0 0 0 0 0 0 1 0 0 0 1 3 13 2 1 3 1 0 1 0 1 0 0 1 0 1 0 0 0 0 1 0 0 0 0 1 0 0 0 0 0 1 0 0 1 0 1 0 2 13 2 14 3 14 0.167 1 0 0 0 0 1649 1 0 2 0 2 4 29 0.0 0.0 1.0 2.0 0.125 16.0 0.0 0.0 0.0 1.0 0.0 0.0 0.0 0.0 0.0 0.0 0.0 0.0 0.0 0.0 0.0 0.0 0.0 0.0 0.0 0.0 0.0 0.0 0.0 0.0 0.0 0.0 0.0 0.0 0.0 0.0 0.0 0.0 0.0 0.0 0.0 0.0 0.0 0.0 0.0 0.0 0.0 0.0 0.0 0.0 0.0 0.0 0.0 0.0 0.0 0.0 0.0 0.0 0.0 0.0 0.0 0.0 0.0 0.0 0.0 0.0
61.22916 28.10049 -29.06808 -67.7222 -124.1665 -143.00264 -136.82929 -107.32975 -70.52276 -38.90704 2 2 2 0 0 1 0 0 1 0 0 0 0 0 1 0 0 0 0 0 0 2 3 12 3 2 3 0 0 0 1 1 0 1 0 0 1 0 0 0 0 1 0 0 0 0 1 0 0 0 0 1 0 0 0 1 0 0 1 3 12 3 13 4 13 0.222 0 0 1 0 0 7 2 1 1 1 0 10 8 0.0 0.0 1.0 3.0 0.1875 16.0 0.0 0.0 0.0 0.0 0.0 1.0 0.0 0.0 0.0 0.0 0.0 0.0 0.0 0.0 0.0 0.0 0.0 0.0 0.0 0.0 0.0 0.0 0.0 0.0 0.0 0.0 0.0 0.0 0.0 0.0 0.0 0.0 0.0 0.0 0.0 0.0 0.0 0.0 0.0 0.0 0.0 0.0 0.0 0.0 0.0 0.0 0.0 0.0 0.0 0.0 0.0 0.0 0.0 0.0 0.0 0.0 0.0 0.0 0.0 0.0
1.99405 31.39749 65.69427 90.70966 112.83721 129.57776 136.16955 137.85196 120.27927 109.39405 2 2 2 1 0 0 0 0 0 0 0 1 0 0 0 0 0 1 0 0 0 2 2 11 4 2 2 1 1 1 0 0 1 0 1 0 1 0 0 0 0 1 0 0 0 0 1 0 0 0 0 0 1 0 1 0 0 1 0 4 11 4 12 5 12 0.278 1 0 0 0 0 527 1 2 5 2 0 3 24 0.0 0.0 1.0 4.0 0.25 16.0 0.0 0.0 1.0 0.0 1.0 0.0 0.0 0.0 0.0 0.0 0.0 0.0 0.0 0.0 0.0 0.0 0.0 0.0 0.0 0.0 0.0 0.0 0.0 0.0 0.0 0.0 0.0 0.0 0.0 1.0 0.0 0.0 0.0 0.0 0.0 0.0 0.0 0.0 0.0 0.0 0.0 0.0 0.0 0.0 0.0 0.0 0.0 0.0 0.0 0.0 0.0 0.0 0.0 0.0 0.0 0.0 0.0 0.0 0.0 0.0
84.59109 77.03832 50.174 25.74363 6.725 11.10543 38.78534 74.16326 98.99264 115.63173 2 2 2 0 0 1 0 0 1 0 0 0 0 0 1 0 0 0 0 0 0 3 2 10 5 3 2 0 0 0 1 1 0 1 0 0 1 0 0 0 0 1 0 0 0 0 1 0 0 0 0 1 0 0 0 1 0 0 1 5 10 5 11 6 11 0.333 0 0 1 0 0 607 1 2 5 2 1 19 13 0.0 0.0 1.0 5.0 0.3125 16.0 0.0 0.0 1.0 0.0 1.0 0.0 0.0 0.0 0.0 0.0 0.0 0.0 0.0 0.0 0.0 0.0 0.0 0.0 0.0 0.0 0.0 0.0 0.0 0.0 0.0 0.0 0.0 0.0 0.0 1.0 0.0 0.0 0.0 0.0 0.0 0.0 0.0 0.0 0.0 0.0 0.0 0.0 0.0 0.0 0.0 0.0 0.0 0.0 0.0 0.0 0.0 0.0 0.0 0.0 0.0 0.0 0.0 0.0 0.0 0.0
115.67031 113.97145 121.15786 129.95527 136.33341 138.48307 135.68829 129.7624 125.58997 82.29801 2 2 2 1 0 0 0 0 0 0 0 1 0 0 0 0 1 0 0 0 0 3 1 9 6 3 1 5 1 1 0 0 1 0 1 0 1 0 0 0 0 1 0 0 0 0 1 0 0 0 0 0 1 0 1 0 0 1 0 6 9 6 10 7 10 0.389 1 0 0 0 0 184 1 2 5 2 2 12 13 0.0 0.0 1.0 6.0 0.375 16.0 0.0 0.0 1.0 0.0 1.0 0.0 0.0 0.0 0.0 0.0 0.0 0.0 0.0 0.0 0.0 0.0 0.0 0.0 0.0 0.0 0.0 0.0 0.0 0.0 0.0 0.0 0.0 0.0 0.0 1.0 0.0 0.0 0.0 0.0 0.0 0.0 0.0 0.0 0.0 0.0 0.0 0.0 0.0 0.0 0.0 0.0 0.0 0.0 0.0 0.0 0.0 0.0 0.0 0.0 0.0 0.0 0.0 0.0 0.0 0.0
25.81967 16.50548 22.99725 27.44509 27.46325 14.90478 14.87438 17.3584 27.11283 29.92895 2 2 2 0 1 0 0 0 1 0 0 0 0 0 0 0 0 1 0 0 0 4 1 8 7 4 1 4 0 0 1 1 0 0 1 0 1 0 0 0 0 1 0 0 0 0 1 0 0 0 0 1 0 0 0 1 0 1 0 7 8 7 9 8 9 0.444 0 1 0 0 0 196 5 1 1 3 0 22 24 0.0 0.0 1.0 7.0 0.4375 16.0 0.0 0.0 0.0 0.0 0.0 0.0 0.0 0.0 0.0 0.0 0.0 0.0 0.0 0.0 0.0 0.0 0.0 0.0 0.0 0.0 0.0 0.0 0.0 0.0 0.0 0.0 0.0 0.0 0.0 0.0 0.0 0.0 0.0 0.0 0.0 0.0 0.0 0.0 0.0 0.0 0.0 0.0 0.0 0.0 0.0 0.0 0.0 0.0 0.0 0.0 0.0 0.0 0.0 0.0 0.0 0.0 0.0 0.0 0.0 0.0
16.95772 -10.40207 -26.01124 -48.42169 -58.72088 -68.49757 -67.36568 -48.66829 -16.31415 14.12602 2 2 2 0 0 1 0 0 0 0 1 0 0 0 0 0 0 1 0 0 0 4 1 7 8 4 1 3 1 0 1 0 1 0 1 0 1 0 0 0 0 1 0 0 0 0 1 0 0 0 0 1 0 0 1 0 0 1 0 8 7 8 8 9 8 0.5 0 0 1 0 0 13 1 5 1 4 0 4 26 0.0 0.0 1.0 8.0 0.5 16.0 0.0 0.0 0.0 0.0 0.0 0.0 0.0 0.0 0.0 0.0 0.0 1.0 0.0 0.0 0.0 0.0 0.0 0.0 0.0 0.0 0.0 0.0 0.0 0.0 0.0 0.0 0.0 0.0 1.0 0.0 0.0 0.0 0.0 0.0 0.0 0.0 0.0 0.0 0.0 0.0 0.0 0.0 0.0 0.0 0.0 0.0 0.0 0.0 0.0 0.0 0.0 0.0 0.0 0.0 0.0 0.0 0.0 0.0 0.0 0.0
-0.27966 -16.82742 -37.45628 -47.58895 -50.6216 -58.85211 -66.84788 -70.43202 -41.95379 9.82413 2 2 2 0 0 1 0 0 0 0 0 1 0 0 0 0 0 0 0 1 0 4 1 6 9 4 1 2 2 0 1 0 1 0 1 0 1 0 0 0 0 1 0 0 0 0 1 0 0 0 0 1 0 0 1 0 0 1 0 9 6 9 7 10 7 0.556 0 0 1 0 0 81 1 1 4 5 0 8 21 0.0 0.0 1.0 9.0 0.5625 16.0 0.0 0.0 0.0 0.0 0.0 0.0 0.0 0.0 0.0 0.0 1.0 0.0 0.0 0.0 0.0 0.0 0.0 0.0 0.0 0.0 0.0 0.0 0.0 0.0 0.0 0.0 0.0 0.0 0.0 1.0 1.0 0.0 0.0 0.0 0.0 0.0 0.0 0.0 0.0 0.0 0.0 0.0 0.0 0.0 0.0 0.0 0.0 0.0 0.0 0.0 0.0 0.0 0.0 0.0 0.0 0.0 0.0 0.0 0.0 0.0
2.24165 15.2074 24.8363 26.31154 36.5905 2.82173 -23.17567 -56.67075 -66.62911 -77.47366 2 2 2 0 0 0 0 1 0 0 0 1 0 0 0 0 0 0 1 0 0 4 1 5 10 4 1 1 3 0 1 0 1 0 1 0 1 0 0 0 0 1 0 0 0 0 1 0 0 0 0 1 0 0 1 0 0 1 0 10 5 10 6 11 6 0.611 0 0 0 0 1 662 1 1 4 5 1 6 32 0.0 0.0 1.0 10.0 0.625 16.0 0.0 0.0 0.0 0.0 0.0 0.0 0.0 0.0 0.0 0.0 1.0 0.0 0.0 0.0 0.0 0.0 0.0 0.0 0.0 0.0 0.0 0.0 0.0 0.0 0.0 0.0 0.0 0.0 0.0 1.0 1.0 0.0 0.0 0.0 0.0 0.0 0.0 0.0 0.0 0.0 0.0 0.0 0.0 0.0 0.0 0.0 0.0 0.0 0.0 0.0 0.0 0.0 0.0 0.0 0.0 0.0 0.0 0.0 0.0 0.0
-82.81257 -82.37461 -79.66641 -92.35831 -82.47481 -86.87508 -81.25225 -77.27904 -79.01914 -74.76699 2 2 2 0 0 0 1 0 0 0 0 0 0 1 1 0 0 0 0 0 0 4 1 4 11 4 1 0 4 0 1 0 1 1 0 0 1 0 0 0 0 1 0 0 0 0 1 0 0 0 0 1 0 0 1 0 0 0 1 11 4 11 5 12 5 0.667 0 0 0 1 0 2 4 1 3 6 0 2 8 0.0 0.0 1.0 11.0 0.6875 16.0 0.0 0.0 0.0 0.0 0.0 0.0 0.0 0.0 0.0 0.0 0.0 0.0 0.0 0.0 0.0 0.0 0.0 0.0 0.0 0.0 0.0 0.0 0.0 0.0 0.0 0.0 0.0 0.0 0.0 0.0 0.0 1.0 0.0 0.0 0.0 0.0 0.0 0.0 0.0 0.0 0.0 0.0 0.0 0.0 0.0 0.0 0.0 0.0 0.0 0.0 0.0 0.0 0.0 0.0 0.0 0.0 0.0 0.0 0.0 0.0
-126.2434 -114.41019 -95.73346 -77.71809 -50.35872 -28.47622 -14.44118 -3.02884 -11.3094 -2.06064 2 2 2 1 0 0 0 0 0 0 0 0 1 0 0 0 0 0 0 1 0 4 0 3 12 4 0 3 5 1 0 0 1 0 1 0 1 0 0 0 0 1 0 0 0 0 1 0 0 0 0 0 1 0 1 0 0 1 0 12 3 12 4 13 4 0.722 1 0 0 0 0 195 3 4 1 7 0 11 24 0.0 0.0 1.0 12.0 0.75 16.0 0.0 0.0 0.0 0.0 0.0 0.0 0.0 1.0 0.0 0.0 0.0 0.0 0.0 0.0 0.0 0.0 0.0 0.0 0.0 0.0 0.0 0.0 0.0 0.0 0.0 0.0 0.0 0.0 0.0 0.0 0.0 0.0 0.0 0.0 0.0 0.0 0.0 0.0 0.0 0.0 0.0 0.0 0.0 0.0 0.0 0.0 0.0 0.0 0.0 0.0 0.0 0.0 0.0 0.0 0.0 0.0 0.0 0.0 0.0 0.0
17.38382 23.74075 21.97954 31.88036 30.85843 19.65232 -11.79017 -48.18143 -68.5308 -64.93188 2 2 2 0 0 0 0 1 1 0 0 0 0 0 0 0 0 0 0 1 0 5 0 2 13 5 0 2 0 0 1 1 0 0 1 0 1 0 0 0 0 1 0 0 0 0 1 0 0 0 0 1 0 0 0 1 0 1 0 13 2 13 3 14 3 0.778 0 0 0 0 1 59 3 4 1 7 1 18 16 0.0 0.0 1.0 13.0 0.8125 16.0 0.0 0.0 0.0 0.0 0.0 0.0 0.0 1.0 0.0 0.0 0.0 0.0 0.0 0.0 0.0 0.0 0.0 0.0 0.0 0.0 0.0 0.0 0.0 0.0 0.0 0.0 0.0 0.0 0.0 0.0 0.0 0.0 0.0 0.0 0.0 0.0 0.0 0.0 0.0 0.0 0.0 0.0 0.0 0.0 0.0 0.0 0.0 0.0 0.0 0.0 0.0 0.0 0.0 0.0 0.0 0.0 0.0 0.0 0.0 0.0
-25.89328 5.33079 3.17207 1.43146 4.72638 3.51886 -15.95616 -55.16777 -83.86568 -92.98898 2 2 2 0 0 0 0 1 0 0 0 0 0 1 0 0 0 0 0 1 0 5 0 1 14 5 0 1 1 0 1 0 1 0 1 0 1 0 0 0 0 1 0 0 0 0 0 0 0 1 0 1 0 0 1 0 0 1 0 14 1 14 2 15 2 0.833 0 0 0 0 1 301 1 3 0 8 0 1 3 0.0 0.0 1.0 14.0 0.875 16.0 1.0 1.0 0.0 0.0 0.0 0.0 1.0 0.0 0.0 0.0 0.0 0.0 0.0 0.0 0.0 0.0 0.0 0.0 0.0 0.0 0.0 0.0 0.0 0.0 0.0 0.0 0.0 0.0 1.0 0.0 0.0 0.0 0.0 0.0 0.0 0.0 0.0 0.0 0.0 0.0 0.0 0.0 0.0 0.0 0.0 0.0 0.0 0.0 0.0 0.0 0.0 0.0 0.0 0.0 0.0 0.0 0.0 0.0 0.0 0.0
-93.9294 -100.26628 -126.22503 -134.30202 -144.65477 -145.95788 -135.40317 -131.63177 -113.27756 -95.23799 2 2 0 0 0 0 0 1 0 0 0 0 0 1 0 1 0 0 0 0 0 5 0 0 15 5 0 0 2 0 1 0 1 0 1 0 0 0 0 1 0 1 0 0 0 1 0 0 0 0 0 1 0 0 1 0 1 0 0 15 0 15 1 16 1 0.889 0 0 0 0 1 425 1 3 0 8 1 4 3 0.0 0.0 1.0 15.0 0.9375 16.0 1.0 1.0 0.0 0.0 0.0 0.0 1.0 0.0 0.0 0.0 0.0 0.0 0.0 0.0 0.0 0.0 0.0 0.0 0.0 0.0 0.0 0.0 0.0 0.0 0.0 0.0 0.0 0.0 1.0 0.0 0.0 0.0 0.0 0.0 0.0 0.0 0.0 0.0 0.0 0.0 0.0 0.0 0.0 0.0 0.0 0.0 0.0 0.0 0.0 0.0 0.0 0.0 0.0 0.0 0.0 0.0 0.0 0.0 0.0 0.0
