-6.283 -17.39399 -15.13909 -12.80013 -6.74064 -2.35078 -8.65864 -3.89821 6.22954 14.50634 2 0 2 0 0 1 0 0 0 1 0 0 0 0 1 0 0 0 0 0 0 0 4 5 0 0 4 0 0 0 1 0 1 1 0 0 1 0 0 0 1 0 0 0 0 0 1 0 0 0 0 1 0 1 0 0 0 0 1 0 5 0 6 1 6 0.125 0 0 1 0 0 2237 1 0 1 0 0 5 24 0.0 0.0 3.0 0.0 0.0 6.0 0.0 0.0 0.0 0.0 0.0 0.0 0.0 0.0 0.0 0.0 0.0 1.0 0.0 0.0 0.0 0.0 0.0 0.0 0.0 0.0 0.0 0.0 0.0 0.0 0.0 0.0 0.0 0.0 0.0 0.0 0.0 0.0 0.0 0.0 0.0 0.0 0.0 0.0 0.0 0.0 0.0 0.0 0.0 0.0 0.0 0.0 0.0 0.0 0.0 0.0 0.0 0.0 0.0 0.0 0.0 0.0 0.0 0.0 0.0 0.0
13.96466 17.60475 14.8159 20.42098 15.61861 16.35852 15.93743 19.8066 20.3499 23.66615 2 2 2 1 0 0 0 0 0 0 0 1 0 0 1 0 0 0 0 0 0 0 3 4 1 0 3 0 1 1 0 0 1 1 0 0 1 0 0 0 0 1 0 0 0 0 1 0 0 0 0 0 1 0 1 0 0 0 1 1 4 1 5 2 5 0.25 1 0 0 0 0 104 1 0 1 0 1 11 4 0.0 0.0 3.0 1.0 0.166666666667 6.0 0.0 0.0 0.0 0.0 0.0 0.0 0.0 0.0 0.0 0.0 0.0 1.0 0.0 0.0 0.0 0.0 0.0 0.0 0.0 0.0 0.0 0.0 0.0 0.0 0.0 0.0 0.0 0.0 0.0 0.0 0.0 0.0 0.0 0.0 0.0 0.0 0.0 0.0 0.0 0.0 0.0 0.0 0.0 0.0 0.0 0.0 0.0 0.0 0.0 0.0 0.0 0.0 0.0 0.0 0.0 0.0 0.0 0.0 0.0 0.0
14.70577 14.47589 17.32681 17.45797 20.31758 23.7368 21.31274 23.46338 23.88689 14.73438 2 2 2 1 0 0 0 0 1 0 0 0 0 0 1 0 0 0 0 0 0 1 2 3 2 1 2 0 0 1 0 1 0 1 0 0 1 0 0 0 0 1 0 0 0 0 1 0 0 0 0 0 1 0 0 1 0 0 1 2 3 2 4 3 4 0.375 1 0 0 0 0 87 1 1 1 1 0 15 20 0.0 0.0 3.0 2.0 0.333333333333 6.0 0.0 0.0 0.0 0.0 0.0 0.0 0.0 0.0 0.0 0.0 0.0 1.0 0.0 0.0 0.0 0.0 0.0 0.0 0.0 0.0 0.0 0.0 0.0 0.0 0.0 0.0 0.0 0.0 0.0 0.0 0.0 0.0 0.0 0.0 0.0 0.0 0.0 0.0 0.0 0.0 0.0 0.0 0.0 0.0 0.0 0.0 0.0 0.0 0.0 0.0 0.0 0.0 0.0 0.0 0.0 0.0 0.0 0.0 0.0 0.0
21.38832 20.17681 17.49722 8.12562 4.11062 2.94948 8.75703 15.3483 15.59854 24.52327 2 2 2 1 0 0 0 0 1 0 0 0 0 0 1 0 0 0 0 0 0 2 1 2 3 2 1 0 0 1 0 1 0 1 0 0 1 0 0 0 0 1 0 0 0 0 1 0 0 0 0 0 1 0 0 1 0 0 1 3 2 3 3 4 3 0.5 1 0 0 0 0 136 1 1 1 1 1 8 24 0.0 0.0 3.0 3.0 0.5 6.0 0.0 0.0 0.0 0.0 0.0 0.0 0.0 0.0 0.0 0.0 0.0 1.0 0.0 0.0 0.0 0.0 0.0 0.0 0.0 0.0 0.0 0.0 0.0 0.0 0.0 0.0 0.0 0.0 0.0 0.0 0.0 0.0 0.0 0.0 0.0 0.0 0.0 0.0 0.0 0.0 0.0 0.0 0.0 0.0 0.0 0.0 0.0 0.0 0.0 0.0 0.0 0.0 0.0 0.0 0.0 0.0 0.0 0.0 0.0 0.0
38.15645 31.59936 28.21668 17.44032 17.03509 18.01869 14.15565 5.87969 -18.06093 -33.82961 2 2 2 1 0 0 0 0 1 0 0 0 0 0 0 0 1 0 0 0 0 3 0 1 4 3 0 4 0 1 0 1 0 0 1 0 1 0 0 0 0 1 0 0 0 0 0 0 1 0 0 0 1 0 0 1 0 1 0 4 1 4 2 5 2 0.625 1 0 0 0 0 60 1 1 7 2 0 4 35 0.0 0.0 3.0 4.0 0.666666666667 6.0 0.0 0.0 0.0 0.0 0.0 0.0 0.0 0.0 0.0 0.0 1.0 0.0 0.0 0.0 0.0 0.0 0.0 0.0 0.0 1.0 0.0 0.0 0.0 0.0 0.0 0.0 0.0 0.0 0.0 0.0 0.0 0.0 0.0 0.0 0.0 0.0 0.0 0.0 0.0 0.0 0.0 0.0 0.0 0.0 0.0 0.0 0.0 0.0 0.0 0.0 0.0 0.0 0.0 0.0 0.0 0.0 0.0 0.0 0.0 0.0
-29.14105 -42.08566 -57.25301 -61.92001 -35.83374 -10.94176 -14.8127 -8.18609 20.27569 52.9281 2 2 2 0 1 0 0 0 1 0 0 0 0 0 0 0 0 0 0 1 0 4 0 0 5 4 0 3 0 0 1 1 0 0 1 0 0 0 1 0 0 1 0 0 0 0 1 0 0 0 0 1 0 0 0 1 0 1 0 5 0 5 1 6 1 0.75 0 1 0 0 0 230 1 1 7 2 1 22 9 0.0 0.0 3.0 5.0 0.833333333333 6.0 0.0 0.0 0.0 0.0 0.0 0.0 0.0 0.0 0.0 0.0 1.0 0.0 0.0 0.0 0.0 0.0 0.0 0.0 0.0 1.0 0.0 0.0 0.0 0.0 0.0 0.0 0.0 0.0 0.0 0.0 0.0 0.0 0.0 0.0 0.0 0.0 0.0 0.0 0.0 0.0 0.0 0.0 0.0 0.0 0.0 0.0 0.0 0.0 0.0 0.0 0.0 0.0 0.0 0.0 0.0 0.0 0.0 0.0 0.0 0.0
-3.85645 5.74557 -3.31863 -11.21085 -22.99921 -28.30923 -30.0817 -20.23324 -18.36677 -10.47144 2 2 2 0 0 0 0 1 0 0 1 0 0 0 0 0 1 0 0 0 0 0 2 10 0 0 2 2 1 0 1 0 1 0 1 0 1 0 0 0 0 0 0 1 0 0 1 0 0 0 0 1 0 0 1 0 0 1 0 0 10 0 11 1 3 0.2 0 0 0 0 1 17 7 1 9 3 0 22 9 1.0 0.333333333333 3.0 0.0 0.0 3.0 0.0 0.0 0.0 0.0 0.0 0.0 0.0 0.0 0.0 0.0 0.0 0.0 0.0 0.0 0.0 0.0 0.0 0.0 0.0 0.0 0.0 0.0 0.0 0.0 0.0 0.0 0.0 0.0 0.0 0.0 0.0 0.0 0.0 0.0 0.0 0.0 0.0 0.0 0.0 1.0 0.0 0.0 0.0 0.0 0.0 0.0 0.0 0.0 0.0 0.0 0.0 0.0 0.0 0.0 0.0 0.0 0.0 0.0 0.0 0.0
-2.46559 -2.07929 -19.59367 -37.02918 -48.81092 -39.13322 -7.06895 -6.16933 -41.12677 -40.10931 2 2 2 0 1 0 0 0 0 0 0 0 0 1 0 0 0 0 0 1 0 0 2 9 1 0 2 1 2 0 1 0 1 0 1 0 1 0 0 0 0 1 0 0 0 0 1 0 0 0 0 1 0 0 1 0 0 1 0 1 9 1 10 2 2 0.4 0 1 0 0 0 1745 9 7 7 4 0 3 26 1.0 0.333333333333 3.0 1.0 0.333333333333 3.0 0.0 0.0 0.0 0.0 0.0 0.0 0.0 0.0 0.0 0.0 0.0 0.0 0.0 0.0 0.0 0.0 0.0 0.0 0.0 0.0 0.0 0.0 0.0 0.0 0.0 0.0 0.0 1.0 0.0 0.0 0.0 0.0 0.0 0.0 0.0 0.0 0.0 0.0 0.0 0.0 0.0 0.0 0.0 0.0 0.0 0.0 0.0 0.0 0.0 0.0 0.0 0.0 0.0 0.0 0.0 0.0 0.0 0.0 0.0 0.0
-21.8361 -10.7619 -2.45762 6.45221 13.44841 17.59011 26.85385 34.39187 26.76164 21.01501 2 2 1 0 0 0 0 1 0 0 1 0 0 0 1 0 0 0 0 0 0 0 2 8 2 0 2 0 3 0 1 0 1 1 0 0 1 0 0 0 0 1 0 0 0 0 1 0 0 0 0 1 0 0 1 0 0 0 1 2 8 2 9 3 1 0.6 0 0 0 0 1 560 9 7 7 4 1 11 4 1.0 0.333333333333 3.0 2.0 0.666666666667 3.0 0.0 0.0 0.0 0.0 0.0 0.0 0.0 0.0 0.0 0.0 0.0 0.0 0.0 0.0 0.0 0.0 0.0 0.0 0.0 0.0 0.0 0.0 0.0 0.0 0.0 0.0 0.0 1.0 0.0 0.0 0.0 0.0 0.0 0.0 0.0 0.0 0.0 0.0 0.0 0.0 0.0 0.0 0.0 0.0 0.0 0.0 0.0 0.0 0.0 0.0 0.0 0.0 0.0 0.0 0.0 0.0 0.0 0.0 0.0 0.0
-17.16898 -7.49354 4.50292 6.6464 -1.55075 -6.66371 -11.43696 -9.58069 -7.94465 -11.63615 1 2 2 1 0 0 0 0 0 0 0 0 0 1 0 0 0 0 0 1 0 0 1 7 3 0 1 1 4 1 0 0 1 0 1 0 1 0 0 0 0 1 0 0 0 0 1 0 0 0 0 0 1 0 1 0 0 1 0 3 7 3 8 1 8 0.1 1 0 0 0 0 175 7 9 1 5 0 0 4 2.0 0.666666666667 3.0 0.0 0.0 8.0 0.0 1.0 0.0 0.0 0.0 0.0 0.0 0.0 0.0 0.0 0.0 0.0 0.0 0.0 0.0 0.0 1.0 0.0 1.0 0.0 0.0 0.0 0.0 0.0 0.0 0.0 1.0 0.0 0.0 0.0 0.0 0.0 0.0 0.0 0.0 0.0 0.0 0.0 1.0 0.0 0.0 0.0 0.0 0.0 0.0 0.0 0.0 0.0 0.0 0.0 0.0 0.0 0.0 0.0 0.0 0.0 0.0 0.0 0.0 0.0
-0.85167 -3.88666 -1.51385 -4.19312 -9.80374 -15.76893 -12.37296 1.02254 10.34615 20.87254 2 1 2 0 0 0 0 1 1 0 0 0 0 0 1 0 0 0 0 0 0 1 1 6 4 1 1 0 0 0 1 1 0 1 0 0 1 0 0 0 0 1 0 0 0 0 1 0 0 0 0 1 0 0 0 1 0 0 1 4 6 4 7 2 7 0.2 0 0 0 0 1 1199 7 9 1 5 1 16 13 2.0 0.666666666667 3.0 1.0 0.125 8.0 0.0 1.0 0.0 0.0 0.0 0.0 0.0 0.0 0.0 0.0 0.0 0.0 0.0 0.0 0.0 0.0 1.0 0.0 1.0 0.0 0.0 0.0 0.0 0.0 0.0 0.0 1.0 0.0 0.0 0.0 0.0 0.0 0.0 0.0 0.0 0.0 0.0 0.0 1.0 0.0 0.0 0.0 0.0 0.0 0.0 0.0 0.0 0.0 0.0 0.0 0.0 0.0 0.0 0.0 0.0 0.0 0.0 0.0 0.0 0.0
19.53402 28.58692 29.18162 25.94331 31.43108 40.91747 52.89988 58.23661 54.80648 51.26164 2 2 2 1 0 0 0 0 0 0 0 0 0 1 0 0 0 0 0 1 0 1 0 5 5 1 0 5 1 1 0 0 1 0 1 0 1 0 0 0 0 1 0 0 0 0 1 0 0 0 0 0 1 0 1 0 0 1 0 5 5 5 6 3 6 0.3 1 0 0 0 0 429 1 7 1 6 0 11 13 2.0 0.666666666667 3.0 2.0 0.25 8.0 0.0 0.0 0.0 0.0 0.0 0.0 0.0 0.0 0.0 0.0 0.0 1.0 0.0 0.0 0.0 0.0 0.0 0.0 0.0 0.0 0.0 0.0 0.0 0.0 0.0 0.0 0.0 0.0 0.0 0.0 0.0 0.0 0.0 0.0 0.0 0.0 0.0 0.0 0.0 0.0 0.0 0.0 0.0 0.0 0.0 0.0 0.0 0.0 0.0 0.0 0.0 0.0 0.0 0.0 0.0 0.0 0.0 0.0 0.0 0.0
32.776 30.04929 19.23613 -2.90842 -20.67445 -21.87383 -23.4997 -26.38137 -21.96493 -24.5011 2 2 2 0 0 0 0 1 1 0 0 0 0 0 0 0 0 1 0 0 0 2 0 4 6 2 0 4 0 0 1 1 0 0 1 0 1 0 0 0 0 1 0 0 0 0 1 0 0 0 0 1 0 0 0 1 0 1 0 6 4 6 5 4 5 0.4 0 0 0 0 1 11 1 7 1 6 1 2 13 2.0 0.666666666667 3.0 3.0 0.375 8.0 0.0 0.0 0.0 0.0 0.0 0.0 0.0 0.0 0.0 0.0 0.0 1.0 0.0 0.0 0.0 0.0 0.0 0.0 0.0 0.0 0.0 0.0 0.0 0.0 0.0 0.0 0.0 0.0 0.0 0.0 0.0 0.0 0.0 0.0 0.0 0.0 0.0 0.0 0.0 0.0 0.0 0.0 0.0 0.0 0.0 0.0 0.0 0.0 0.0 0.0 0.0 0.0 0.0 0.0 0.0 0.0 0.0 0.0 0.0 0.0
-19.73211 -15.62642 -7.46903 -0.56728 -8.54468 -12.63799 -12.40229 -13.26909 -9.35053 9.82863 2 2 2 0 0 1 0 0 0 0 0 0 0 1 0 0 0 1 0 0 0 2 0 3 7 2 0 3 1 0 1 0 1 0 1 0 1 0 0 0 0 1 0 0 0 0 1 0 0 0 0 1 0 0 1 0 0 1 0 7 3 7 4 5 4 0.5 0 0 1 0 0 170 1 1 1 7 0 19 35 2.0 0.666666666667 3.0 4.0 0.5 8.0 0.0 0.0 0.0 0.0 0.0 0.0 0.0 0.0 0.0 0.0 0.0 1.0 0.0 0.0 0.0 0.0 0.0 0.0 0.0 0.0 0.0 0.0 0.0 0.0 0.0 0.0 0.0 0.0 0.0 0.0 0.0 0.0 0.0 0.0 0.0 0.0 0.0 0.0 0.0 0.0 0.0 0.0 0.0 0.0 0.0 0.0 0.0 0.0 0.0 0.0 0.0 0.0 0.0 0.0 0.0 0.0 0.0 0.0 0.0 0.0
13.08661 12.65162 14.69398 4.49126 -8.41913 -13.28437 -3.49946 17.9561 31.5078 34.79293 2 2 2 0 0 1 0 0 0 0 0 1 0 0 0 0 0 0 0 1 0 2 0 2 8 2 0 2 2 0 1 0 1 0 1 0 1 0 0 0 0 1 0 0 0 0 1 0 0 0 0 1 0 0 1 0 0 1 0 8 2 8 3 6 3 0.6 0 0 1 0 0 46 1 1 1 7 1 18 20 2.0 0.666666666667 3.0 5.0 0.625 8.0 0.0 0.0 0.0 0.0 0.0 0.0 0.0 0.0 0.0 0.0 0.0 1.0 0.0 0.0 0.0 0.0 0.0 0.0 0.0 0.0 0.0 0.0 0.0 0.0 0.0 0.0 0.0 0.0 0.0 0.0 0.0 0.0 0.0 0.0 0.0 0.0 0.0 0.0 0.0 0.0 0.0 0.0 0.0 0.0 0.0 0.0 0.0 0.0 0.0 0.0 0.0 0.0 0.0 0.0 0.0 0.0 0.0 0.0 0.0 0.0
42.69675 34.89969 36.4019 33.47693 34.98515 36.29371 32.11782 35.87781 23.1352 20.15095 2 2 2 0 0 0 0 1 0 0 0 1 0 0 0 0 0 0 0 1 0 2 0 1 9 2 0 1 3 0 1 0 1 0 1 0 1 0 0 0 0 1 0 0 0 0 0 0 0 1 0 1 0 0 1 0 0 1 0 9 1 9 2 7 2 0.7 0 0 0 0 1 49 1 1 0 8 0 5 19 2.0 0.666666666667 3.0 6.0 0.75 8.0 1.0 0.0 0.0 0.0 0.0 0.0 0.0 0.0 0.0 0.0 1.0 0.0 0.0 0.0 0.0 0.0 0.0 1.0 0.0 0.0 0.0 0.0 0.0 0.0 0.0 0.0 0.0 0.0 0.0 0.0 0.0 0.0 0.0 0.0 0.0 0.0 0.0 0.0 0.0 0.0 0.0 0.0 0.0 0.0 0.0 0.0 0.0 0.0 0.0 0.0 0.0 0.0 0.0 0.0 0.0 0.0 0.0 0.0 0.0 0.0
12.91949 44.27972 62.27467 77.40093 74.29974 56.18525 30.87163 5.54432 -14.9682 -30.71844 2 2 0 0 0 0 0 1 0 0 0 0 0 1 0 1 0 0 0 0 0 2 0 0 10 2 0 0 4 0 1 0 1 0 1 0 0 0 0 1 0 1 0 0 0 1 0 0 0 0 0 1 0 0 1 0 1 0 0 10 0 10 1 8 1 0.8 0 0 0 0 1 53 1 1 0 8 1 23 8 2.0 0.666666666667 3.0 7.0 0.875 8.0 1.0 0.0 0.0 0.0 0.0 0.0 0.0 0.0 0.0 0.0 1.0 0.0 0.0 0.0 0.0 0.0 0.0 1.0 0.0 0.0 0.0 0.0 0.0 0.0 0.0 0.0 0.0 0.0 0.0 0.0 0.0 0.0 0.0 0.0 0.0 0.0 0.0 0.0 0.0 0.0 0.0 0.0 0.0 0.0 0.0 0.0 0.0 0.0 0.0 0.0 0.0 0.0 0.0 0.0 0.0 0.0 0.0 0.0 0.0 0.0
