89.25601 72.34001 42.81401 8.84325 -68.61127 -110.77734 -121.46006 -126.9334 -126.93464 -119.04271 2 0 2 0 1 0 0 0 0 1 0 0 0 0 0 0 0 1 0 0 0 0 3 7 0 0 3 1 0 0 1 0 1 0 1 0 1 0 0 0 1 0 0 0 0 0 1 0 0 0 0 1 0 1 0 0 0 1 0 0 7 0 8 1 8 0.1 0 1 0 0 0 1117 7 0 1 0 0 8 17 0.0 0.0 2.0 0.0 0.0 8.0 0.0 1.0 0.0 0.0 0.0 0.0 0.0 0.0 0.0 0.0 0.0 0.0 0.0 0.0 0.0 0.0 1.0 0.0 0.0 0.0 0.0 0.0 0.0 0.0 0.0 0.0 0.0 0.0 1.0 0.0 0.0 0.0 0.0 0.0 0.0 0.0 0.0 0.0 0.0 0.0 0.0 0.0 0.0 0.0 0.0 0.0 0.0 0.0 0.0 0.0 0.0 0.0 0.0 0.0 0.0 0.0 0.0 0.0 0.0 0.0
-88.85564 -62.04226 -37.39813 -16.70028 5.74293 25.01815 46.7418 57.51283 59.10301 49.67391 2 2 2 0 0 1 0 0 0 0 1 0 0 0 1 0 0 0 0 0 0 0 3 6 1 0 3 0 1 0 1 0 1 1 0 0 1 0 0 0 0 1 0 0 0 0 1 0 0 0 0 1 0 0 1 0 0 0 1 1 6 1 7 2 7 0.2 0 0 1 0 0 1653 7 0 1 0 1 5 18 0.0 0.0 2.0 1.0 0.125 8.0 0.0 1.0 0.0 0.0 0.0 0.0 0.0 0.0 0.0 0.0 0.0 0.0 0.0 0.0 0.0 0.0 1.0 0.0 0.0 0.0 0.0 0.0 0.0 0.0 0.0 0.0 0.0 0.0 1.0 0.0 0.0 0.0 0.0 0.0 0.0 0.0 0.0 0.0 0.0 0.0 0.0 0.0 0.0 0.0 0.0 0.0 0.0 0.0 0.0 0.0 0.0 0.0 0.0 0.0 0.0 0.0 0.0 0.0 0.0 0.0
38.16556 25.76119 31.65665 39.46696 70.74427 97.1223 118.56181 126.42343 117.28177 91.47988 2 2 2 1 0 0 0 0 0 0 0 1 0 0 1 0 0 0 0 0 0 0 2 5 2 0 2 0 2 1 0 0 1 1 0 0 1 0 0 0 0 1 0 0 0 0 1 0 0 0 0 0 1 0 1 0 0 0 1 2 5 2 6 3 6 0.3 1 0 0 0 0 19 1 7 1 1 0 13 24 0.0 0.0 2.0 2.0 0.25 8.0 0.0 0.0 0.0 0.0 0.0 0.0 0.0 0.0 0.0 0.0 0.0 1.0 0.0 0.0 0.0 0.0 0.0 0.0 0.0 0.0 0.0 0.0 0.0 0.0 0.0 0.0 0.0 0.0 0.0 0.0 0.0 0.0 0.0 0.0 0.0 0.0 0.0 0.0 0.0 0.0 0.0 0.0 0.0 0.0 0.0 0.0 0.0 0.0 0.0 0.0 0.0 0.0 0.0 0.0 0.0 0.0 0.0 0.0 0.0 0.0
53.9513 64.16751 77.35804 76.98744 86.62693 92.42359 108.33748 115.53934 110.19541 110.93675 2 2 2 1 0 0 0 0 1 0 0 0 0 0 0 0 0 0 0 1 0 1 1 4 3 1 1 1 0 1 0 1 0 0 1 0 1 0 0 0 0 1 0 0 0 0 1 0 0 0 0 0 1 0 0 1 0 1 0 3 4 3 5 4 5 0.4 1 0 0 0 0 587 1 7 1 1 1 17 24 0.0 0.0 2.0 3.0 0.375 8.0 0.0 0.0 0.0 0.0 0.0 0.0 0.0 0.0 0.0 0.0 0.0 1.0 0.0 0.0 0.0 0.0 0.0 0.0 0.0 0.0 0.0 0.0 0.0 0.0 0.0 0.0 0.0 0.0 0.0 0.0 0.0 0.0 0.0 0.0 0.0 0.0 0.0 0.0 0.0 0.0 0.0 0.0 0.0 0.0 0.0 0.0 0.0 0.0 0.0 0.0 0.0 0.0 0.0 0.0 0.0 0.0 0.0 0.0 0.0 0.0
108.47244 105.94501 114.27247 109.82121 87.60969 57.68631 28.07168 -17.28118 -53.97081 -65.0925 2 2 2 0 0 0 0 1 1 0 0 0 0 0 1 0 0 0 0 0 0 2 1 3 4 2 1 0 0 0 1 1 0 1 0 0 1 0 0 0 0 1 0 0 0 0 1 0 0 0 0 1 0 0 0 1 0 0 1 4 3 4 4 5 4 0.5 0 0 0 0 1 2345 1 1 5 2 0 5 15 0.0 0.0 2.0 4.0 0.5 8.0 0.0 0.0 0.0 0.0 0.0 0.0 0.0 0.0 0.0 0.0 1.0 0.0 0.0 0.0 0.0 0.0 0.0 1.0 0.0 0.0 0.0 0.0 0.0 0.0 0.0 0.0 0.0 0.0 0.0 0.0 0.0 0.0 0.0 0.0 0.0 0.0 0.0 0.0 0.0 0.0 0.0 0.0 0.0 0.0 0.0 0.0 0.0 0.0 0.0 0.0 0.0 0.0 0.0 0.0 0.0 0.0 0.0 0.0 0.0 0.0
-86.95234 -96.38307 -90.20859 -63.85929 -45.67599 -26.25013 -21.19228 -12.3766 1.54874 18.46252 2 2 2 1 0 0 0 0 0 0 0 0 0 1 0 0 0 0 0 1 0 2 0 2 5 2 0 2 1 1 0 0 1 0 1 0 1 0 0 0 0 1 0 0 0 0 1 0 0 0 0 0 1 0 1 0 0 1 0 5 2 5 3 6 3 0.6 1 0 0 0 0 157 1 1 5 2 1 13 8 0.0 0.0 2.0 5.0 0.625 8.0 0.0 0.0 0.0 0.0 0.0 0.0 0.0 0.0 0.0 0.0 1.0 0.0 0.0 0.0 0.0 0.0 0.0 1.0 0.0 0.0 0.0 0.0 0.0 0.0 0.0 0.0 0.0 0.0 0.0 0.0 0.0 0.0 0.0 0.0 0.0 0.0 0.0 0.0 0.0 0.0 0.0 0.0 0.0 0.0 0.0 0.0 0.0 0.0 0.0 0.0 0.0 0.0 0.0 0.0 0.0 0.0 0.0 0.0 0.0 0.0
38.34032 57.6839 91.52956 99.52411 98.60173 100.74773 83.85068 74.03973 46.49522 11.7476 2 2 2 0 0 0 0 1 1 0 0 0 0 0 0 0 0 0 0 1 0 3 0 1 6 3 0 1 0 0 1 1 0 0 1 0 1 0 0 0 0 1 0 0 0 0 0 0 1 0 0 1 0 0 0 1 0 1 0 6 1 6 2 7 2 0.7 0 0 0 0 1 220 5 1 6 3 0 20 19 0.0 0.0 2.0 6.0 0.75 8.0 0.0 0.0 0.0 0.0 0.0 0.0 0.0 0.0 1.0 0.0 0.0 0.0 0.0 0.0 0.0 0.0 0.0 0.0 0.0 0.0 0.0 0.0 0.0 0.0 0.0 0.0 0.0 0.0 0.0 1.0 0.0 0.0 0.0 0.0 0.0 0.0 0.0 0.0 0.0 0.0 0.0 0.0 0.0 0.0 0.0 0.0 0.0 0.0 0.0 0.0 0.0 0.0 0.0 0.0 0.0 0.0 0.0 0.0 0.0 0.0
-18.59909 -33.09196 -56.17497 -80.091 -114.55704 -133.28048 -173.13328 -204.72571 -185.39092 -171.12928 2 2 2 0 0 0 0 1 0 0 0 0 0 1 1 0 0 0 0 0 0 3 0 0 7 3 0 0 1 0 1 0 1 1 0 0 0 0 1 0 0 1 0 0 0 0 1 0 0 0 0 1 0 0 1 0 0 0 1 7 0 7 1 8 1 0.8 0 0 0 0 1 1351 6 5 3 4 0 20 17 0.0 0.0 2.0 7.0 0.875 8.0 0.0 0.0 0.0 0.0 0.0 0.0 0.0 0.0 0.0 1.0 0.0 0.0 0.0 0.0 0.0 0.0 0.0 0.0 0.0 0.0 0.0 0.0 0.0 0.0 0.0 0.0 0.0 0.0 0.0 0.0 0.0 0.0 0.0 0.0 0.0 0.0 0.0 0.0 0.0 0.0 0.0 0.0 0.0 0.0 0.0 0.0 0.0 0.0 0.0 0.0 0.0 0.0 0.0 0.0 0.0 0.0 0.0 0.0 0.0 0.0
114.41364 137.21147 152.11717 156.78358 163.52401 177.95066 181.15859 179.60095 160.26073 136.5523 2 2 2 1 0 0 0 0 0 0 0 0 0 1 0 0 0 1 0 0 0 0 5 10 0 0 5 1 2 1 0 0 1 0 1 0 1 0 0 0 0 0 0 1 0 0 1 0 0 0 0 0 1 0 1 0 0 1 0 0 10 0 11 1 11 0.077 1 0 0 0 0 911 3 6 7 5 0 22 9 1.0 0.5 2.0 0.0 0.0 11.0 0.0 0.0 0.0 0.0 0.0 0.0 0.0 0.0 0.0 0.0 0.0 0.0 0.0 0.0 0.0 0.0 0.0 0.0 0.0 0.0 0.0 0.0 0.0 0.0 0.0 0.0 0.0 0.0 0.0 0.0 0.0 0.0 0.0 0.0 0.0 0.0 0.0 0.0 0.0 0.0 0.0 0.0 0.0 0.0 0.0 0.0 0.0 0.0 0.0 0.0 0.0 0.0 0.0 0.0 0.0 0.0 0.0 0.0 0.0 0.0
109.73798 69.50481 30.82253 -16.80144 -63.01347 -101.19523 -114.96228 -109.55292 -109.26537 -102.40606 2 2 2 0 0 1 0 0 1 0 0 0 0 0 1 0 0 0 0 0 0 0 5 9 1 0 5 0 0 0 1 1 0 1 0 0 1 0 0 0 0 1 0 0 0 0 1 0 0 0 0 1 0 0 0 1 0 0 1 1 9 1 10 2 10 0.154 0 0 1 0 0 632 3 6 7 5 1 15 21 1.0 0.5 2.0 1.0 0.0909090909091 11.0 0.0 0.0 0.0 0.0 0.0 0.0 0.0 0.0 0.0 0.0 0.0 0.0 0.0 0.0 0.0 0.0 0.0 0.0 0.0 0.0 0.0 0.0 0.0 0.0 0.0 0.0 0.0 0.0 0.0 0.0 0.0 0.0 0.0 0.0 0.0 0.0 0.0 0.0 0.0 0.0 0.0 0.0 0.0 0.0 0.0 0.0 0.0 0.0 0.0 0.0 0.0 0.0 0.0 0.0 0.0 0.0 0.0 0.0 0.0 0.0
-76.45607 -62.76233 -56.56661 -45.69605 -46.84265 -42.80261 -39.55751 -19.40234 1.7523 28.40741 2 2 2 1 0 0 0 0 0 0 0 1 0 0 1 0 0 0 0 0 0 0 4 8 2 0 4 0 1 1 0 0 1 1 0 0 1 0 0 0 0 1 0 0 0 0 1 0 0 0 0 0 1 0 1 0 0 0 1 2 8 2 9 3 9 0.231 1 0 0 0 0 942 7 3 1 6 0 13 35 1.0 0.5 2.0 2.0 0.181818181818 11.0 0.0 0.0 0.0 0.0 0.0 0.0 0.0 0.0 0.0 0.0 0.0 0.0 0.0 0.0 0.0 0.0 1.0 0.0 0.0 0.0 0.0 0.0 0.0 0.0 0.0 0.0 0.0 0.0 0.0 0.0 0.0 0.0 0.0 0.0 0.0 0.0 0.0 0.0 0.0 0.0 0.0 0.0 0.0 0.0 0.0 0.0 0.0 0.0 0.0 0.0 0.0 0.0 0.0 0.0 0.0 0.0 0.0 0.0 0.0 0.0
49.83062 66.93863 83.89883 89.27703 70.34031 60.49368 57.64223 65.14143 62.40978 60.94209 2 2 2 1 0 0 0 0 1 0 0 0 0 0 1 0 0 0 0 0 0 1 3 7 3 1 3 0 0 1 0 1 0 1 0 0 1 0 0 0 0 1 0 0 0 0 1 0 0 0 0 0 1 0 0 1 0 0 1 3 7 3 8 4 8 0.308 1 0 0 0 0 1575 7 3 1 6 1 9 11 1.0 0.5 2.0 3.0 0.272727272727 11.0 0.0 0.0 0.0 0.0 0.0 0.0 0.0 0.0 0.0 0.0 0.0 0.0 0.0 0.0 0.0 0.0 1.0 0.0 0.0 0.0 0.0 0.0 0.0 0.0 0.0 0.0 0.0 0.0 0.0 0.0 0.0 0.0 0.0 0.0 0.0 0.0 0.0 0.0 0.0 0.0 0.0 0.0 0.0 0.0 0.0 0.0 0.0 0.0 0.0 0.0 0.0 0.0 0.0 0.0 0.0 0.0 0.0 0.0 0.0 0.0
41.79287 30.39832 13.41394 -1.28681 -17.51504 -24.65503 -22.13165 -2.99571 17.72611 42.53943 2 2 2 1 0 0 0 0 1 0 0 0 0 0 1 0 0 0 0 0 0 2 2 6 4 2 2 0 0 1 0 1 0 1 0 0 1 0 0 0 0 1 0 0 0 0 1 0 0 0 0 0 1 0 0 1 0 0 1 4 6 4 7 5 7 0.385 1 0 0 0 0 1386 1 7 2 7 0 8 17 1.0 0.5 2.0 4.0 0.363636363636 11.0 0.0 0.0 0.0 1.0 0.0 0.0 0.0 0.0 0.0 0.0 0.0 0.0 0.0 0.0 0.0 0.0 0.0 0.0 0.0 0.0 0.0 0.0 0.0 0.0 0.0 0.0 0.0 0.0 0.0 0.0 0.0 0.0 0.0 0.0 0.0 0.0 0.0 0.0 0.0 0.0 0.0 0.0 0.0 0.0 0.0 0.0 0.0 0.0 0.0 0.0 0.0 0.0 0.0 0.0 0.0 0.0 0.0 0.0 0.0 0.0
45.51318 66.61041 79.49641 80.25117 76.92182 83.55008 90.44318 101.69871 95.96666 73.36575 2 2 2 1 0 0 0 0 1 0 0 0 0 0 0 0 0 1 0 0 0 3 1 5 5 3 1 4 0 1 0 1 0 0 1 0 1 0 0 0 0 1 0 0 0 0 1 0 0 0 0 0 1 0 0 1 0 1 0 5 5 5 6 6 6 0.462 1 0 0 0 0 579 1 7 2 7 1 16 13 1.0 0.5 2.0 5.0 0.454545454545 11.0 0.0 0.0 0.0 1.0 0.0 0.0 0.0 0.0 0.0 0.0 0.0 0.0 0.0 0.0 0.0 0.0 0.0 0.0 0.0 0.0 0.0 0.0 0.0 0.0 0.0 0.0 0.0 0.0 0.0 0.0 0.0 0.0 0.0 0.0 0.0 0.0 0.0 0.0 0.0 0.0 0.0 0.0 0.0 0.0 0.0 0.0 0.0 0.0 0.0 0.0 0.0 0.0 0.0 0.0 0.0 0.0 0.0 0.0 0.0 0.0
39.48143 6.18258 -26.40293 -52.58144 -72.99679 -85.0578 -76.87932 -78.43725 -65.25407 -42.04099 2 2 2 0 0 1 0 0 1 0 0 0 0 0 0 0 1 0 0 0 0 4 1 4 6 4 1 3 0 0 1 1 0 0 1 0 1 0 0 0 0 1 0 0 0 0 1 0 0 0 0 1 0 0 0 1 0 1 0 6 4 6 5 7 5 0.538 0 0 1 0 0 297 2 1 1 8 0 5 13 1.0 0.5 2.0 6.0 0.545454545455 11.0 0.0 0.0 0.0 0.0 0.0 1.0 0.0 0.0 0.0 0.0 0.0 0.0 0.0 0.0 0.0 0.0 0.0 0.0 0.0 0.0 0.0 0.0 0.0 0.0 0.0 0.0 0.0 0.0 0.0 0.0 0.0 0.0 0.0 0.0 0.0 0.0 0.0 0.0 0.0 0.0 0.0 0.0 0.0 0.0 0.0 0.0 0.0 0.0 0.0 0.0 0.0 0.0 0.0 0.0 0.0 0.0 0.0 0.0 0.0 0.0
-31.08425 -33.23945 -29.06206 -22.51666 -5.86125 13.9008 31.51332 38.40299 17.56454 28.12407 2 2 2 0 1 0 0 0 0 0 0 1 0 0 0 0 0 0 0 1 0 4 1 3 7 4 1 2 1 0 1 0 1 0 1 0 1 0 0 0 0 1 0 0 0 0 1 0 0 0 0 1 0 0 1 0 0 1 0 7 3 7 4 8 4 0.615 0 1 0 0 0 18 1 2 1 9 0 17 13 1.0 0.5 2.0 7.0 0.636363636364 11.0 0.0 0.0 1.0 0.0 1.0 0.0 0.0 0.0 0.0 0.0 0.0 1.0 0.0 0.0 0.0 0.0 0.0 0.0 0.0 0.0 0.0 0.0 0.0 0.0 0.0 0.0 0.0 0.0 0.0 0.0 0.0 0.0 0.0 0.0 0.0 0.0 0.0 0.0 0.0 0.0 0.0 0.0 0.0 0.0 0.0 0.0 0.0 0.0 0.0 0.0 0.0 0.0 0.0 0.0 0.0 0.0 0.0 0.0 0.0 0.0
43.98566 38.07362 28.09667 17.88652 10.73748 29.02348 40.18159 55.27329 46.42 35.35822 2 2 2 0 0 0 0 1 0 0 1 0 0 0 0 0 0 0 0 1 0 4 1 2 8 4 1 1 2 0 1 0 1 0 1 0 1 0 0 0 0 1 0 0 0 0 1 0 0 0 0 1 0 0 1 0 0 1 0 8 2 8 3 9 3 0.692 0 0 0 0 1 782 1 2 1 9 1 2 4 1.0 0.5 2.0 8.0 0.727272727273 11.0 0.0 0.0 1.0 0.0 1.0 0.0 0.0 0.0 0.0 0.0 0.0 1.0 0.0 0.0 0.0 0.0 0.0 0.0 0.0 0.0 0.0 0.0 0.0 0.0 0.0 0.0 0.0 0.0 0.0 0.0 0.0 0.0 0.0 0.0 0.0 0.0 0.0 0.0 0.0 0.0 0.0 0.0 0.0 0.0 0.0 0.0 0.0 0.0 0.0 0.0 0.0 0.0 0.0 0.0 0.0 0.0 0.0 0.0 0.0 0.0
-197.52384 -183.88548 -166.22125 -155.51416 -147.97308 -141.37556 -147.23739 -173.80608 -204.66567 -203.95168 2 2 2 0 0 0 0 1 0 0 0 0 0 1 1 0 0 0 0 0 0 4 1 1 9 4 1 0 3 0 1 0 1 1 0 0 1 0 0 0 0 1 0 0 0 0 0 0 0 1 0 1 0 0 1 0 0 0 1 9 1 9 2 10 2 0.769 0 0 0 0 1 458 1 1 0 10 0 11 24 1.0 0.5 2.0 9.0 0.818181818182 11.0 1.0 0.0 0.0 0.0 0.0 0.0 0.0 0.0 0.0 0.0 1.0 0.0 0.0 0.0 0.0 0.0 0.0 1.0 0.0 0.0 0.0 0.0 0.0 0.0 0.0 0.0 0.0 0.0 0.0 0.0 0.0 0.0 0.0 0.0 0.0 0.0 0.0 0.0 0.0 0.0 0.0 0.0 0.0 0.0 0.0 0.0 0.0 0.0 0.0 0.0 0.0 0.0 0.0 0.0 0.0 0.0 0.0 0.0 0.0 0.0
-171.31318 -126.01294 -74.3343 -46.2739 -23.1842 3.64713 22.72655 32.36819 44.82925 38.68906 2 2 0 1 0 0 0 0 0 0 0 0 0 1 0 1 0 0 0 0 0 4 0 0 10 4 0 0 4 1 0 0 1 0 1 0 0 0 0 1 0 1 0 0 0 1 0 0 0 0 0 0 1 0 1 0 1 0 0 10 0 10 1 11 1 0.846 1 0 0 0 0 29 1 1 0 10 1 9 1 1.0 0.5 2.0 10.0 0.909090909091 11.0 1.0 0.0 0.0 0.0 0.0 0.0 0.0 0.0 0.0 0.0 1.0 0.0 0.0 0.0 0.0 0.0 0.0 1.0 0.0 0.0 0.0 0.0 0.0 0.0 0.0 0.0 0.0 0.0 0.0 0.0 0.0 0.0 0.0 0.0 0.0 0.0 0.0 0.0 0.0 0.0 0.0 0.0 0.0 0.0 0.0 0.0 0.0 0.0 0.0 0.0 0.0 0.0 0.0 0.0 0.0 0.0 0.0 0.0 0.0 0.0
