-61.13253 -32.72471 -8.79052 6.39758 -17.36989 -20.24238 -11.43089 7.96618 24.48623 35.6983 2 0 2 0 0 1 0 0 0 1 0 0 0 0 0 0 1 0 0 0 0 0 0 5 0 0 0 5 0 0 1 0 1 0 1 0 1 0 0 0 1 0 0 0 0 0 1 0 0 0 0 1 0 1 0 0 0 1 0 0 5 0 6 1 6 0.125 0 0 1 0 0 1495 7 0 1 0 0 6 34 6 4 0 0 0.0 0.0 3.0 0.0 0.0 6.0 0.0 1.0 1.0 0.0 0.0 0.0 0.0 0.0 0.0 0.0 0.0 0.0 0.0 0.0 0.0 0.0 1.0 0.0 0.0 0.0 0.0 0.0 0.0 0.0 0.0 0.0 0.0 0.0 0.0 0.0 0.0 0.0 0.0 0.0 0.0 0.0 0.0 0.0 0.0 0.0 0.0 0.0 0.0 0.0 0.0 0.0 0.0 0.0 0.0 0.0 0.0 0.0 0.0 0.0 0.0 0.0 0.0 0.0 0.0 0.0
24.13227 26.97362 1.44185 -37.39772 -33.05596 -23.84309 -14.49188 -28.60928 -67.18852 -70.37145 2 2 2 0 1 0 0 0 0 0 0 1 0 0 0 0 0 0 0 1 0 0 0 4 1 0 0 4 1 0 1 0 1 0 1 0 1 0 0 0 0 1 0 0 0 0 1 0 0 0 0 1 0 0 1 0 0 1 0 1 4 1 5 2 5 0.25 0 1 0 0 0 1516 7 0 1 0 1 1 5 1 4 5 0 0.0 0.0 3.0 1.0 0.166666666667 6.0 0.0 1.0 1.0 0.0 0.0 0.0 0.0 0.0 0.0 0.0 0.0 0.0 0.0 0.0 0.0 0.0 1.0 0.0 0.0 0.0 0.0 0.0 0.0 0.0 0.0 0.0 0.0 0.0 0.0 0.0 0.0 0.0 0.0 0.0 0.0 0.0 0.0 0.0 0.0 0.0 0.0 0.0 0.0 0.0 0.0 0.0 0.0 0.0 0.0 0.0 0.0 0.0 0.0 0.0 0.0 0.0 0.0 0.0 0.0 0.0
-90.25617 -87.87695 -37.54635 22.39043 51.35087 71.72143 74.39473 66.12702 43.72904 21.22199 2 2 2 0 0 0 0 1 0 0 1 0 0 0 0 0 1 0 0 0 0 0 0 3 2 0 0 3 2 0 1 0 1 0 1 0 1 0 0 0 0 1 0 0 0 0 1 0 0 0 0 1 0 0 1 0 0 1 0 2 3 2 4 3 4 0.375 0 0 0 0 1 1858 1 7 9 1 0 2 15 2 1 3 0 0.0 0.0 3.0 2.0 0.333333333333 6.0 0.0 0.0 0.0 0.0 0.0 0.0 0.0 0.0 0.0 0.0 0.0 0.0 0.0 0.0 0.0 0.0 0.0 1.0 0.0 0.0 0.0 0.0 0.0 0.0 0.0 0.0 0.0 0.0 0.0 0.0 0.0 0.0 0.0 0.0 0.0 0.0 0.0 0.0 0.0 0.0 0.0 0.0 0.0 0.0 0.0 0.0 0.0 0.0 0.0 0.0 0.0 0.0 0.0 0.0 0.0 0.0 0.0 0.0 0.0 0.0
-1.56023 0.18885 -0.28366 -0.20851 -0.25211 -0.31991 -6.5979 -7.08122 -0.73891 0.24 2 2 2 0 1 0 0 0 0 0 0 0 0 1 0 0 0 1 0 0 0 0 0 2 3 0 0 2 3 0 1 0 1 0 1 0 1 0 0 0 0 1 0 0 0 0 1 0 0 0 0 1 0 0 1 0 0 1 0 3 2 3 3 4 3 0.5 0 1 0 0 0 119 1 7 9 1 1 2 1 1 0 0 0 0.0 0.0 3.0 3.0 0.5 6.0 0.0 0.0 0.0 0.0 0.0 0.0 0.0 0.0 0.0 0.0 0.0 0.0 0.0 0.0 0.0 0.0 0.0 1.0 0.0 0.0 0.0 0.0 0.0 0.0 0.0 0.0 0.0 0.0 0.0 0.0 0.0 0.0 0.0 0.0 0.0 0.0 0.0 0.0 0.0 0.0 0.0 0.0 0.0 0.0 0.0 0.0 0.0 0.0 0.0 0.0 0.0 0.0 0.0 0.0 0.0 0.0 0.0 0.0 0.0 0.0
3.838 2.573 0.713 0.8646 0.9763 -3.30471 -4.6077 -15.24157 -24.00681 -21.20789 2 2 2 0 0 1 0 0 0 0 1 0 0 0 0 0 0 0 0 1 0 0 0 1 4 0 0 1 4 0 1 0 1 0 1 0 1 0 0 0 0 1 0 0 0 0 0 0 1 0 0 1 0 0 1 0 0 1 0 4 1 4 2 5 2 0.625 0 0 1 0 0 8 9 1 7 2 0 1 24 6 0 0 0 0.0 0.0 3.0 4.0 0.666666666667 6.0 0.0 0.0 0.0 0.0 0.0 0.0 0.0 0.0 0.0 0.0 0.0 0.0 0.0 0.0 0.0 0.0 0.0 0.0 0.0 0.0 0.0 0.0 0.0 0.0 0.0 0.0 0.0 0.0 0.0 0.0 0.0 0.0 0.0 0.0 0.0 0.0 0.0 0.0 0.0 0.0 0.0 0.0 0.0 0.0 0.0 0.0 0.0 0.0 0.0 0.0 0.0 1.0 0.0 0.0 0.0 0.0 0.0 0.0 0.0 0.0
-2.92317 -18.26326 -66.15767 -103.92047 -126.80569 -116.47132 -70.97829 -44.7527 -21.01661 -15.84783 2 2 2 0 0 0 0 1 0 0 0 1 0 0 1 0 0 0 0 0 0 0 0 0 5 0 0 0 5 0 1 0 1 1 0 0 0 0 1 0 0 1 0 0 0 0 1 0 0 0 0 1 0 0 1 0 0 0 1 5 0 5 1 6 1 0.75 0 0 0 0 1 147 7 9 1 3 0 4 4 1 4 0 0 0.0 0.0 3.0 5.0 0.833333333333 6.0 0.0 0.0 0.0 1.0 0.0 0.0 0.0 0.0 0.0 0.0 0.0 0.0 0.0 0.0 0.0 0.0 1.0 0.0 0.0 0.0 0.0 0.0 0.0 0.0 0.0 0.0 0.0 0.0 0.0 0.0 0.0 0.0 0.0 0.0 0.0 0.0 0.0 0.0 0.0 0.0 0.0 0.0 0.0 0.0 0.0 0.0 0.0 0.0 0.0 0.0 1.0 0.0 0.0 0.0 0.0 0.0 0.0 0.0 0.0 0.0
119.09801 96.48501 72.22701 52.95761 14.27664 -9.74737 -12.21415 -7.43718 -8.29863 -10.14813 2 2 2 1 0 0 0 0 0 0 0 0 0 1 0 0 0 1 0 0 0 0 2 5 0 0 2 1 6 1 0 0 1 0 1 0 1 0 0 0 0 0 0 1 0 0 1 0 0 0 0 0 1 0 1 0 0 1 0 0 5 0 6 1 6 0.125 1 0 0 0 0 1679 1 7 1 4 0 12 7 3 6 0 0 1.0 0.333333333333 3.0 0.0 0.0 6.0 0.0 0.0 0.0 0.0 0.0 0.0 0.0 0.0 0.0 0.0 0.0 1.0 0.0 0.0 0.0 0.0 0.0 0.0 0.0 0.0 0.0 0.0 0.0 0.0 0.0 0.0 0.0 0.0 0.0 0.0 0.0 0.0 0.0 0.0 0.0 0.0 0.0 0.0 0.0 0.0 0.0 0.0 0.0 0.0 0.0 0.0 0.0 0.0 0.0 0.0 0.0 0.0 0.0 0.0 0.0 0.0 0.0 0.0 0.0 0.0
-0.50744 -5.43395 -9.40845 -6.33096 -0.33785 4.92948 -0.69775 -4.03266 -10.67192 -5.70691 2 2 2 0 0 1 0 0 1 0 0 0 0 0 1 0 0 0 0 0 0 0 2 4 1 0 2 0 0 0 1 1 0 1 0 0 1 0 0 0 0 1 0 0 0 0 1 0 0 0 0 1 0 0 0 1 0 0 1 1 4 1 5 2 5 0.25 0 0 1 0 0 388 1 7 1 4 1 13 1 1 0 0 0 1.0 0.333333333333 3.0 1.0 0.166666666667 6.0 0.0 0.0 0.0 0.0 0.0 0.0 0.0 0.0 0.0 0.0 0.0 1.0 0.0 0.0 0.0 0.0 0.0 0.0 0.0 0.0 0.0 0.0 0.0 0.0 0.0 0.0 0.0 0.0 0.0 0.0 0.0 0.0 0.0 0.0 0.0 0.0 0.0 0.0 0.0 0.0 0.0 0.0 0.0 0.0 0.0 0.0 0.0 0.0 0.0 0.0 0.0 0.0 0.0 0.0 0.0 0.0 0.0 0.0 0.0 0.0
-23.5644 -22.48714 -17.899 -8.93019 7.18961 26.47961 35.98164 38.49318 35.62828 34.71456 2 2 2 1 0 0 0 0 0 0 0 1 0 0 1 0 0 0 0 0 0 0 1 3 2 0 1 0 1 1 0 0 1 1 0 0 1 0 0 0 0 1 0 0 0 0 1 0 0 0 0 0 1 0 1 0 0 0 1 2 3 2 4 3 4 0.375 1 0 0 0 0 2840 1 1 9 5 0 13 3 1 3 0 0 1.0 0.333333333333 3.0 2.0 0.333333333333 6.0 0.0 0.0 0.0 0.0 0.0 0.0 0.0 0.0 0.0 0.0 1.0 0.0 0.0 0.0 0.0 0.0 0.0 1.0 0.0 0.0 0.0 0.0 0.0 0.0 0.0 0.0 0.0 0.0 0.0 0.0 0.0 0.0 0.0 0.0 0.0 0.0 0.0 0.0 0.0 0.0 0.0 0.0 0.0 0.0 0.0 0.0 0.0 0.0 0.0 0.0 0.0 0.0 0.0 0.0 0.0 0.0 0.0 0.0 0.0 0.0
36.24084 28.59583 25.49165 20.32227 22.4523 20.75898 25.75275 25.87971 28.53142 25.07431 2 2 2 1 0 0 0 0 1 0 0 0 0 0 0 0 0 1 0 0 0 1 0 2 3 1 0 2 0 1 0 1 0 0 1 0 1 0 0 0 0 1 0 0 0 0 1 0 0 0 0 0 1 0 0 1 0 1 0 3 2 3 3 4 3 0.5 1 0 0 0 0 36 1 1 9 5 1 5 14 2 1 0 0 1.0 0.333333333333 3.0 3.0 0.5 6.0 0.0 0.0 0.0 0.0 0.0 0.0 0.0 0.0 0.0 0.0 1.0 0.0 0.0 0.0 0.0 0.0 0.0 1.0 0.0 0.0 0.0 0.0 0.0 0.0 0.0 0.0 0.0 0.0 0.0 0.0 0.0 0.0 0.0 0.0 0.0 0.0 0.0 0.0 0.0 0.0 0.0 0.0 0.0 0.0 0.0 0.0 0.0 0.0 0.0 0.0 0.0 0.0 0.0 0.0 0.0 0.0 0.0 0.0 0.0 0.0
-20.2136 -24.96412 -18.67529 -6.84166 -1.39618 -9.03605 -12.43396 -18.86856 -28.06241 -21.67289 2 2 2 0 0 1 0 0 1 0 0 0 0 0 0 0 0 0 0 1 0 2 0 1 4 2 0 1 0 0 1 1 0 0 1 0 1 0 0 0 0 1 0 0 0 0 0 0 1 0 0 1 0 0 0 1 0 1 0 4 1 4 2 5 2 0.625 0 0 1 0 0 8 9 1 7 6 0 1 24 6 0 0 0 1.0 0.333333333333 3.0 4.0 0.666666666667 6.0 0.0 0.0 0.0 0.0 0.0 0.0 0.0 0.0 0.0 0.0 0.0 0.0 0.0 0.0 0.0 0.0 0.0 0.0 0.0 0.0 0.0 0.0 0.0 0.0 0.0 0.0 0.0 1.0 0.0 0.0 0.0 0.0 0.0 0.0 0.0 0.0 0.0 0.0 0.0 0.0 0.0 0.0 0.0 0.0 0.0 0.0 0.0 0.0 0.0 0.0 0.0 0.0 0.0 0.0 0.0 0.0 0.0 0.0 0.0 0.0
-31.75592 -42.31795 -67.53675 -87.50357 -99.86182 -93.43638 -54.79945 -7.83329 20.34453 20.05801 2 2 2 0 0 0 0 1 0 0 0 1 0 0 1 0 0 0 0 0 0 2 0 0 5 2 0 0 1 0 1 0 1 1 0 0 0 0 1 0 0 1 0 0 0 0 1 0 0 0 0 1 0 0 1 0 0 0 1 5 0 5 1 6 1 0.75 0 0 0 0 1 147 9 1 7 6 1 4 4 1 4 0 0 1.0 0.333333333333 3.0 5.0 0.833333333333 6.0 0.0 0.0 0.0 0.0 0.0 0.0 0.0 0.0 0.0 0.0 0.0 0.0 0.0 0.0 0.0 0.0 0.0 0.0 0.0 0.0 0.0 0.0 0.0 0.0 0.0 0.0 0.0 1.0 0.0 0.0 0.0 0.0 0.0 0.0 0.0 0.0 0.0 0.0 0.0 0.0 0.0 0.0 0.0 0.0 0.0 0.0 0.0 0.0 0.0 0.0 0.0 0.0 0.0 0.0 0.0 0.0 0.0 0.0 0.0 0.0
83.83799 64.00399 44.87399 24.60593 9.98205 1.17898 -0.18191 -2.392 -10.17266 -15.62719 2 2 2 1 0 0 0 0 0 0 0 0 0 1 1 0 0 0 0 0 0 0 1 5 0 0 1 0 2 1 0 0 1 1 0 0 1 0 0 0 0 0 0 1 0 0 1 0 0 0 0 0 1 0 1 0 0 0 1 0 5 0 6 1 6 0.125 1 0 0 0 0 1862 7 9 7 7 0 3 4 1 4 0 0 2.0 0.666666666667 3.0 0.0 0.0 6.0 0.0 0.0 0.0 1.0 0.0 0.0 0.0 0.0 0.0 0.0 1.0 0.0 0.0 0.0 0.0 0.0 0.0 0.0 0.0 0.0 0.0 0.0 0.0 0.0 0.0 0.0 1.0 0.0 0.0 0.0 0.0 0.0 0.0 0.0 0.0 0.0 0.0 0.0 0.0 0.0 0.0 0.0 0.0 0.0 0.0 0.0 0.0 0.0 0.0 0.0 0.0 0.0 0.0 0.0 0.0 0.0 0.0 0.0 0.0 0.0
-10.8709 -10.28012 -12.16185 -27.11734 -40.46883 -40.44106 -35.91677 -37.34543 -36.16065 -36.62171 2 2 2 1 0 0 0 0 1 0 0 0 0 0 0 0 0 0 0 1 0 0 0 4 1 0 0 4 0 1 0 1 0 0 1 0 1 0 0 0 0 1 0 0 0 0 1 0 0 0 0 0 1 0 0 1 0 1 0 1 4 1 5 2 5 0.25 1 0 0 0 0 976 7 9 7 7 1 22 24 6 0 0 0 2.0 0.666666666667 3.0 1.0 0.166666666667 6.0 0.0 0.0 0.0 1.0 0.0 0.0 0.0 0.0 0.0 0.0 1.0 0.0 0.0 0.0 0.0 0.0 0.0 0.0 0.0 0.0 0.0 0.0 0.0 0.0 0.0 0.0 1.0 0.0 0.0 0.0 0.0 0.0 0.0 0.0 0.0 0.0 0.0 0.0 0.0 0.0 0.0 0.0 0.0 0.0 0.0 0.0 0.0 0.0 0.0 0.0 0.0 0.0 0.0 0.0 0.0 0.0 0.0 0.0 0.0 0.0
-43.02311 -26.68325 -4.83974 17.35164 35.37916 37.99302 38.86336 34.02776 22.45874 17.6522 2 2 2 0 0 0 0 1 1 0 0 0 0 0 0 0 0 0 0 1 0 1 0 3 2 1 0 3 0 0 1 1 0 0 1 0 1 0 0 0 0 1 0 0 0 0 1 0 0 0 0 1 0 0 0 1 0 1 0 2 3 2 4 3 4 0.375 0 0 0 0 1 295 7 7 7 8 0 11 7 3 6 0 0 2.0 0.666666666667 3.0 2.0 0.333333333333 6.0 0.0 0.0 0.0 0.0 0.0 0.0 0.0 0.0 0.0 0.0 0.0 1.0 0.0 0.0 0.0 0.0 0.0 0.0 0.0 0.0 0.0 0.0 0.0 0.0 0.0 0.0 0.0 0.0 0.0 0.0 0.0 0.0 0.0 0.0 0.0 0.0 0.0 0.0 0.0 0.0 0.0 0.0 0.0 0.0 0.0 0.0 0.0 0.0 0.0 0.0 0.0 0.0 0.0 0.0 0.0 0.0 0.0 0.0 0.0 0.0
-85.14496 -113.82393 -115.14181 -114.05116 38.95814 106.32356 103.19185 98.85124 83.15674 57.91975 2 2 2 0 0 0 0 1 0 0 0 0 0 1 0 0 0 1 0 0 0 1 0 2 3 1 0 2 1 0 1 0 1 0 1 0 1 0 0 0 0 1 0 0 0 0 1 0 0 0 0 1 0 0 1 0 0 1 0 3 2 3 3 4 3 0.5 0 0 0 0 1 2875 7 7 7 8 1 10 29 6 2 0 0 2.0 0.666666666667 3.0 3.0 0.5 6.0 0.0 0.0 0.0 0.0 0.0 0.0 0.0 0.0 0.0 0.0 0.0 1.0 0.0 0.0 0.0 0.0 0.0 0.0 0.0 0.0 0.0 0.0 0.0 0.0 0.0 0.0 0.0 0.0 0.0 0.0 0.0 0.0 0.0 0.0 0.0 0.0 0.0 0.0 0.0 0.0 0.0 0.0 0.0 0.0 0.0 0.0 0.0 0.0 0.0 0.0 0.0 0.0 0.0 0.0 0.0 0.0 0.0 0.0 0.0 0.0
44.91511 39.03046 31.08404 20.50692 10.63326 4.87101 0.74454 -7.91247 -17.74327 -15.14808 2 2 2 0 0 1 0 0 0 0 0 0 0 1 0 0 0 0 0 1 0 1 0 1 4 1 0 1 2 0 1 0 1 0 1 0 1 0 0 0 0 1 0 0 0 0 0 0 0 1 0 1 0 0 1 0 0 1 0 4 1 4 2 5 2 0.625 0 0 1 0 0 8 7 7 0 9 0 1 24 6 0 0 0 2.0 0.666666666667 3.0 4.0 0.666666666667 6.0 1.0 0.0 0.0 1.0 0.0 0.0 0.0 0.0 0.0 0.0 0.0 0.0 0.0 0.0 0.0 0.0 0.0 0.0 0.0 0.0 0.0 0.0 0.0 0.0 0.0 0.0 0.0 0.0 0.0 0.0 0.0 0.0 0.0 0.0 0.0 0.0 0.0 0.0 0.0 0.0 0.0 0.0 0.0 0.0 0.0 0.0 0.0 0.0 0.0 0.0 0.0 0.0 0.0 0.0 0.0 0.0 0.0 0.0 0.0 0.0
-16.98232 -22.25293 -40.86224 -55.37077 -62.71703 -49.07581 -24.81048 -7.22823 -9.23719 -20.85656 2 2 0 0 0 0 0 1 0 0 0 1 0 0 0 1 0 0 0 0 0 1 0 0 5 1 0 0 3 0 1 0 1 0 1 0 0 0 0 1 0 1 0 0 0 1 0 0 0 0 0 1 0 0 1 0 1 0 0 5 0 5 1 6 1 0.75 0 0 0 0 1 147 7 7 0 9 1 4 4 1 4 0 0 2.0 0.666666666667 3.0 5.0 0.833333333333 6.0 1.0 0.0 0.0 1.0 0.0 0.0 0.0 0.0 0.0 0.0 0.0 0.0 0.0 0.0 0.0 0.0 0.0 0.0 0.0 0.0 0.0 0.0 0.0 0.0 0.0 0.0 0.0 0.0 0.0 0.0 0.0 0.0 0.0 0.0 0.0 0.0 0.0 0.0 0.0 0.0 0.0 0.0 0.0 0.0 0.0 0.0 0.0 0.0 0.0 0.0 0.0 0.0 0.0 0.0 0.0 0.0 0.0 0.0 0.0 0.0
