127.248 127.256 127.225 123.999 117.483 110.778 100.232 85.21 68.006 48.519 2 0 2 0 0 0 0 1 0 1 0 0 0 0 0 0 1 0 0 0 0 0 6 21 0 0 6 6 0 0 1 0 1 0 1 0 130 0 0 0 1 0 0 0 1 0 0 0 0 0 1 0 0 0 0 1 0 1 0 0 0 1 0 0 21 0 22 1 6 0.125 0 0 0 0 1 25 17
12.868 -5.92 -11.496 -14.177 -21.307 -44.508 -67.617 -77.111 -74.719 -67.066 2 2 2 0 1 0 0 0 0 0 0 0 0 1 0 0 0 0 0 1 0 0 6 20 1 0 6 5 1 0 1 0 1 0 1 0 0 0 0 0 1 0 0 0 0 1 0 0 0 0 1 0 0 0 0 1 0 0 1 0 0 1 0 1 20 1 21 2 5 0.25 0 1 0 0 0 66 12
-58.893 -50.012 -41.126 -32.237 -23.344 -15.121 -12.111 -14.795 -19.477 -25.714 2 2 2 0 0 0 0 1 0 0 1 0 0 0 0 0 0 1 0 0 0 0 6 19 2 0 6 4 2 0 1 0 1 0 1 0 0 0 0 0 1 0 0 0 0 1 0 0 0 0 1 0 0 0 0 1 0 0 1 0 0 1 0 2 19 2 20 3 4 0.375 0 0 0 0 1 10 20
-37.295 -47.336 -50.708 -51.111 -49.004 -44.72 -37.736 -29.365 -22.923 -25.994 2 2 2 0 0 1 0 0 0 0 0 0 0 1 0 0 0 0 0 1 0 0 6 18 3 0 6 3 3 0 1 0 1 0 1 0 0 0 0 0 1 0 0 0 0 1 0 0 0 0 1 0 0 0 0 1 0 0 1 0 0 1 0 3 18 3 19 4 3 0.5 0 0 1 0 0 3 6
-32.84 -20.056 0.546 21.144 34.09 24.089 -5.773 -31.502 -39.17 -38.065 2 2 2 0 0 0 0 1 0 0 0 1 0 0 0 0 1 0 0 0 0 0 6 17 4 0 6 2 4 0 1 0 1 0 1 0 0 0 0 0 1 0 0 0 0 1 0 0 0 0 1 0 0 0 0 1 0 0 1 0 0 1 0 4 17 4 18 5 2 0.625 0 0 0 0 1 216 7
-42.306 -46.61 -45.194 -44.704 -47.255 -53.321 -62.574 -74.824 -83.274 -105.059 2 2 2 0 1 0 0 0 0 0 0 0 0 1 0 0 0 1 0 0 0 0 6 16 5 0 6 1 5 0 1 0 1 0 1 0 0 0 0 0 1 0 0 0 0 1 0 0 0 0 1 0 0 0 0 1 0 0 1 0 0 1 0 5 16 5 17 6 1 0.75 0 1 0 0 0 24 14
-37.002 -29.46 -29.455 -29.46 -33.711 -47.305 -45.923 -23.136 9.758 25.854 2 2 2 0 0 1 0 0 0 0 1 0 0 0 1 0 0 0 0 0 0 0 6 15 6 0 6 0 6 0 1 0 1 1 0 128.617 0 0 128.617 0 1 0 0 0 0 1 0 0 0 0 1 0 0 0 0 1 0 0 1 0 0 0 1 6 15 6 16 1 6 0.125 0 0 1 0 0 62 5
50.111 82.905 94.327 94.489 91.648 88.486 86.908 84.89 80.125 67.842 2 2 2 1 0 0 0 0 0 0 0 1 0 0 1 0 0 0 0 0 0 0 5 14 7 0 5 0 7 1 0 0 1 1 0 132.1915 128.617 128.617 132.1915 0 1 0 0 0 0 1 0 0 0 0 1 0 0 0 0 0 1 0 1 0 0 0 1 7 14 7 15 2 5 0.25 1 0 0 0 0 1229 5
65.277 74.46 85.784 88.247 86.305 82.799 78.884 77.752 77.477 71.81 2 2 2 1 0 0 0 0 1 0 0 0 0 0 0 0 0 0 1 0 0 1 4 13 8 1 4 1 0 1 0 1 0 0 1 130.76601 132.1915 132.1915 130.76601 0 1 0 0 0 0 1 0 0 0 0 1 0 0 0 0 0 1 0 0 1 0 1 0 8 13 8 14 3 4 0.375 1 0 0 0 0 249 5
58.63 38.817 20.981 -10.282 -54.081 -80.112 -88.366 -92.435 -89.561 -69.003 2 2 2 0 0 0 1 0 1 0 0 0 0 0 1 0 0 0 0 0 0 2 4 12 9 2 4 0 0 0 1 1 0 1 0 126.064 130.76601 130.76601 126.064 0 1 0 0 0 0 1 0 0 0 0 1 0 0 0 0 1 0 0 0 1 0 0 1 9 12 9 13 4 3 0.5 0 0 0 1 0 217 5
-42.936 -24.245 -4.182 15.878 30.696 33.524 25.034 19.806 24.363 20.407 2 2 2 1 0 0 0 0 0 0 0 0 1 0 0 0 0 0 0 1 0 2 3 11 10 2 3 4 1 1 0 0 1 0 1 129.064 126.064 126.064 129.064 0 1 0 0 0 0 1 0 0 0 0 1 0 0 0 0 0 1 0 1 0 0 1 0 10 11 10 12 5 2 0.625 1 0 0 0 0 960 5
16.931 22.696 29.847 26.823 -3.566 -37.222 -55.221 -67.107 -72.71 -77.708 2 2 2 0 0 0 0 1 1 0 0 0 0 0 0 0 0 1 0 0 0 3 3 10 11 3 3 3 0 0 1 1 0 0 1 0 129.064 129.064 0 0 1 0 0 0 0 1 0 0 0 0 1 0 0 0 0 1 0 0 0 1 0 1 0 11 10 11 11 6 1 0.75 0 0 0 0 1 1498 5
-20.117 -20.289 -20.45 -22.219 -36.283 -41.151 -28.033 6.98 46.335 55.615 2 2 2 0 0 1 0 0 0 0 0 0 0 1 0 0 1 0 0 0 0 3 3 9 12 3 3 2 1 0 1 0 1 0 1 0 0 0 0 0 1 0 0 0 0 1 0 0 0 0 1 0 0 0 0 1 0 0 1 0 0 1 0 12 9 12 10 1 2 0.25 0 0 1 0 0 95 8
54.441 55.305 48.413 3.754 -47.213 -81.036 -96.192 -103.307 -104.511 -112.374 2 2 2 0 1 0 0 0 0 0 0 1 0 0 0 0 0 1 0 0 0 3 3 8 13 3 3 1 2 0 1 0 1 0 1 0 0 0 0 0 1 0 0 0 0 1 0 0 0 0 1 0 0 0 0 1 0 0 1 0 0 1 0 13 8 13 9 2 1 0.5 0 1 0 0 0 236 8
-69.155 -69.005 -68.835 -68.647 -68.44 -66.855 -63.689 -54.654 -28.44 -6.448 2 2 2 0 0 1 0 0 0 0 1 0 0 0 1 0 0 0 0 0 0 3 3 7 14 3 3 0 3 0 1 0 1 1 0 121.809 0 0 121.809 0 1 0 0 0 0 1 0 0 0 0 1 0 0 0 0 1 0 0 1 0 0 0 1 14 7 14 8 1 4 0.167 0 0 1 0 0 62 5
16.941 42.983 64.753 75.342 79.299 79.397 76.28 74.316 74.828 76.41 2 2 2 1 0 0 0 0 0 0 0 1 0 0 0 0 0 0 0 1 0 3 2 6 15 3 2 2 4 1 0 0 1 0 1 124.809 121.809 121.809 124.809 0 1 0 0 0 0 1 0 0 0 0 1 0 0 0 0 0 1 0 1 0 0 1 0 15 6 15 7 2 3 0.333 1 0 0 0 0 1229 5
81.473 88.575 89.137 83.296 67.524 41.582 14.23 -9.903 -35.184 -57.34 2 2 2 0 0 0 0 1 1 0 0 0 0 0 0 0 0 0 1 0 0 4 2 5 16 4 2 1 0 0 1 1 0 0 1 0 124.809 124.809 0 0 1 0 0 0 0 1 0 0 0 0 1 0 0 0 0 1 0 0 0 1 0 1 0 16 5 16 6 3 2 0.5 0 0 0 0 1 191 5
-65.158 -66.001 -66.467 -64.737 -64.672 -70.213 -74.535 -73.941 -67.458 -65.052 2 2 2 0 0 0 1 0 0 0 0 0 0 1 1 0 0 0 0 0 0 4 2 4 17 4 2 0 1 0 1 0 1 1 0 119.255 0 0 119.255 0 1 0 0 0 0 1 0 0 0 0 1 0 0 0 0 1 0 0 1 0 0 0 1 17 4 17 5 4 1 0.667 0 0 0 1 0 2 4
80.665 81.299 81.931 82.912 92.88 101.089 102.357 105.044 110.785 107.305 2 2 2 1 0 0 0 0 0 0 0 0 1 0 0 0 0 0 1 0 0 4 1 3 18 4 1 1 2 1 0 0 1 0 1 122.255 119.255 119.255 122.255 0 1 0 0 0 0 1 0 0 0 0 1 0 0 0 0 0 1 0 1 0 0 1 0 18 3 18 4 1 4 0.167 1 0 0 0 0 249 5
91.194 75.421 59.347 42.047 1.632 -40.208 -53.493 -48.572 -35.867 -22.761 2 2 2 0 0 0 1 0 1 0 0 0 0 0 1 0 0 0 0 0 0 5 1 2 19 5 1 0 0 0 1 1 0 1 0 117.553 122.255 122.255 117.553 0 1 0 0 0 0 1 0 0 0 0 1 0 0 0 0 1 0 0 0 1 0 0 1 19 2 19 3 2 3 0.333 0 0 0 1 0 217 5
-18.254 -8.269 4.787 17.959 30.348 34.844 36.825 37.228 36.036 20.674 2 2 2 1 0 0 0 0 0 0 0 0 1 0 0 0 1 0 0 0 0 5 0 1 20 5 0 1 1 1 0 0 1 0 1 120.553 117.553 117.553 120.553 0 1 0 0 0 0 1 0 0 0 0 0 0 1 0 0 0 1 0 1 0 0 1 0 20 1 20 2 3 2 0.5 1 0 0 0 0 74 4
2.881 -2.381 -8.307 -39.046 -63.918 -83.651 -91.788 -116.215 -146.792 -146.767 2 2 0 0 1 0 0 0 1 0 0 0 0 0 0 1 0 0 0 0 0 6 0 0 21 6 0 0 0 0 1 1 0 0 1 110 120.553 120.553 0 0 0 0 1 0 0 1 0 0 0 1 0 0 0 0 0 1 0 0 0 1 1 0 0 21 0 21 1 4 1 0.667 0 1 0 0 0 629 5
