27.044 27.048 26.019 20.366 19.067 18.853 16.29 18.772 24.712 23.904 2 0 2 1 0 0 0 0 0 1 0 0 0 0 0 0 1 0 0 0 0 0 2 16 0 0 2 8 0 1 0 0 1 0 1 137.459 134.459 0 137.459 0 1 0 0 0 1 0 0 0 0 0 1 0 0 0 0 0 1 1 0 0 0 1 0 0 16 0 17 1 12 0.071 1 0 0 0 0 80 12
13.41 13.326 13.684 12.623 -14.602 -49.23 -74.966 -89.205 -86.21 -68.673 2 2 2 0 1 0 0 0 1 0 0 0 0 0 0 0 0 0 0 1 0 0 2 15 1 0 2 7 0 0 1 1 0 0 1 0 137.459 137.459 0 0 1 0 0 0 0 1 0 0 0 0 1 0 0 0 0 1 0 0 0 1 0 1 0 1 15 1 16 2 11 0.143 0 1 0 0 0 294 8
-55.156 -33.171 -7.739 20.508 48.931 76.559 87.962 81.222 62.676 40.117 2 2 2 0 0 0 0 1 0 0 1 0 0 0 0 0 0 0 0 1 0 0 2 14 2 0 2 6 1 0 1 0 1 0 1 0 0 0 0 0 1 0 0 0 0 1 0 0 0 0 1 0 0 0 0 1 0 0 1 0 0 1 0 2 14 2 15 3 10 0.214 0 0 0 0 1 2499 8
21.383 14.131 12.75 13.811 12.806 -1.279 -17.837 -31.612 -42.847 -46.365 2 2 2 0 0 0 0 1 0 0 0 0 0 1 0 0 0 0 0 1 0 0 2 13 3 0 2 5 2 0 1 0 1 0 1 0 0 0 0 0 1 0 0 0 0 1 0 0 0 0 1 0 0 0 0 1 0 0 1 0 0 1 0 3 13 3 14 4 9 0.286 0 0 0 0 1 289 5
-37.321 -27.588 -25.863 -39.269 -49.558 -61.994 -70.089 -75.328 -66.919 -31.161 2 2 2 0 0 0 0 1 0 0 0 0 0 1 0 0 0 1 0 0 0 0 2 12 4 0 2 4 3 0 1 0 1 0 1 0 0 0 0 0 1 0 0 0 0 1 0 0 0 0 1 0 0 0 0 1 0 0 1 0 0 1 0 4 12 4 13 5 8 0.357 0 0 0 0 1 321 5
-29.052 -27.364 -19.929 -11.594 -5.689 -3.477 1.053 26.794 68.93 85.112 2 2 2 0 0 1 0 0 0 0 0 0 0 1 0 0 0 1 0 0 0 0 2 11 5 0 2 3 4 0 1 0 1 0 1 0 0 0 0 0 1 0 0 0 0 1 0 0 0 0 1 0 0 0 0 1 0 0 1 0 0 1 0 5 11 5 12 6 7 0.429 0 0 1 0 0 297 12
79.788 69.409 58.797 46.925 35.023 22.811 2.705 3.036 11.073 10.012 2 2 2 0 0 1 0 0 0 0 0 1 0 0 0 0 0 1 0 0 0 0 2 10 6 0 2 2 5 0 1 0 1 0 1 0 0 0 0 0 1 0 0 0 0 1 0 0 0 0 1 0 0 0 0 1 0 0 1 0 0 1 0 6 10 6 11 7 6 0.5 0 0 1 0 0 40 12
3.044 -2.283 -7.39 -12.188 -24.827 -32.834 -35.578 -30.521 -6.999 2.285 2 2 2 0 0 1 0 0 0 0 0 1 0 0 0 0 0 0 0 1 0 0 2 9 7 0 2 1 6 0 1 0 1 0 1 0 0 0 0 0 1 0 0 0 0 1 0 0 0 0 1 0 0 0 0 1 0 0 1 0 0 1 0 7 9 7 10 8 5 0.571 0 0 1 0 0 313 8
7.315 18.706 31.337 40.663 37.558 21.16 5.737 -3.529 -5.891 -10.886 2 2 2 0 0 0 0 1 0 0 0 1 0 0 1 0 0 0 0 0 0 0 2 8 8 0 2 0 7 0 1 0 1 1 0 124.73 0 0 124.73 0 1 0 0 0 0 1 0 0 0 0 1 0 0 0 0 1 0 0 1 0 0 0 1 8 8 8 9 9 4 0.643 0 0 0 0 1 593 8
-22.151 -9.057 13.666 36.806 62.091 87.766 105.923 109.926 99.662 54.338 2 2 2 1 0 0 0 0 0 0 0 0 0 1 0 0 1 0 0 0 0 0 1 7 9 0 1 3 8 1 0 0 1 0 1 127.73 124.73 124.73 127.73 0 1 0 0 0 0 1 0 0 0 0 1 0 0 0 0 0 1 0 1 0 0 1 0 9 7 9 8 10 3 0.714 1 0 0 0 0 565 5
35.884 27.292 -1.231 -39.943 -66.489 -90.219 -107.415 -115.479 -112.428 -90.227 2 2 2 0 1 0 0 0 1 0 0 0 0 0 0 0 0 0 0 1 0 1 1 6 10 1 1 2 0 0 1 1 0 0 1 0 127.73 127.73 0 0 1 0 0 0 0 1 0 0 0 0 1 0 0 0 0 1 0 0 0 1 0 1 0 10 6 10 7 11 2 0.786 0 1 0 0 0 230 5
-83.54 -110.718 -125.049 -54.36 -13.781 -37.683 -59.888 -69.711 -68.354 -66.166 2 2 2 0 0 0 0 1 0 0 1 0 0 0 0 0 0 1 0 0 0 1 1 5 11 1 1 1 1 0 1 0 1 0 1 0 0 0 0 0 1 0 0 0 0 1 0 0 0 0 1 0 0 0 0 1 0 0 1 0 0 1 0 11 5 11 6 12 1 0.857 0 0 0 0 1 39 5
5.907 6.262 -3.027 -24.843 -28.599 -28.233 -25.345 -21.147 -6.372 -1.016 2 2 2 0 0 1 0 0 0 0 0 0 0 1 1 0 0 0 0 0 0 1 1 4 12 1 1 0 2 0 1 0 1 1 0 120.405 0 0 120.405 0 1 0 0 0 0 1 0 0 0 0 1 0 0 0 0 1 0 0 1 0 0 0 1 12 4 12 5 1 1 0.333 0 0 1 0 0 7 2
78.712 93.55 94.52 95.535 96.592 99.115 111.825 120.64 123.063 119.749 2 2 2 1 0 0 0 0 0 0 0 1 0 0 0 0 0 1 0 0 0 1 0 3 13 1 0 3 3 1 0 0 1 0 1 123.405 120.405 120.405 123.405 0 1 0 0 0 0 1 0 0 0 0 1 0 0 0 0 0 1 0 1 0 0 1 0 13 3 13 4 1 4 0.167 1 0 0 0 0 565 5
105.292 84.544 54.224 14.689 -15.2 -27.729 -24.177 -6.747 15.771 25.532 2 2 2 0 0 1 0 0 1 0 0 0 0 0 0 0 1 0 0 0 0 2 0 2 14 2 0 2 0 0 1 1 0 0 1 0 123.405 123.405 0 0 1 0 0 0 0 1 0 0 0 0 1 0 0 0 0 1 0 0 0 1 0 1 0 14 2 14 3 2 3 0.333 0 0 1 0 0 46 5
18.619 17.536 17.13 16.389 13.265 3.893 -9.76 -26.128 -44.933 -57.597 2 2 2 0 1 0 0 0 0 0 0 1 0 0 0 0 0 1 0 0 0 2 0 1 15 2 0 1 1 0 1 0 1 0 1 0 0 0 0 0 1 0 0 0 0 1 0 0 0 0 0 0 1 0 0 1 0 0 1 0 0 1 0 15 1 15 2 3 2 0.5 0 1 0 0 0 108 17
-74.022 -62.758 -56.163 -57.299 -57.855 -57.571 -53.35 -38.593 -10.722 14.137 2 2 0 0 0 1 0 0 0 0 1 0 0 0 0 1 0 0 0 0 0 2 0 0 16 2 0 0 2 0 1 0 1 0 1 110 0 0 0 0 0 0 1 0 0 1 0 0 0 1 0 0 0 0 0 1 0 0 1 0 1 0 0 16 0 16 1 4 1 0.667 0 0 1 0 0 6 17
