288.477592687 288.411303349 288.278903354 288.080749438 287.817375153 287.489489011 287.097972014 286.643874595 286.128412966 285.552964896 2 0 2 0 0 0 0 1 0 1 0 0 0 0 0 0 0 0 1 0 0 0 3 16 0 0 3 1 0 0 1 0 1 0 1 0 130 0 0 0 1 0 0 0 1 0 0 0 0 0 1 0 0 0 0 1 0 1 0 0 0 1 0 0 16 0 17 1 6 0.125 0 0 0 0 1 17 14
284.919064933 284.228399087 283.482799001 282.684235616 281.834812382 280.93675801 279.992418817 279.004250679 277.974810631 276.906748142 2 2 2 0 0 0 1 0 0 0 0 0 0 1 1 0 0 0 0 0 0 0 3 15 1 0 3 0 1 0 1 0 1 1 0 132.222 0 0 132.222 0 1 0 0 0 0 1 0 0 0 0 1 0 0 0 0 1 0 0 1 0 0 0 1 1 15 1 16 2 5 0.25 0 0 0 1 0 4 14
275.802796097 274.665761524 273.498516101 272.303986473 271.085144424 269.844996933 268.586576159 267.312929379 266.02710894 264.732162229 2 2 2 1 0 0 0 0 0 0 0 0 1 0 0 0 0 0 0 1 0 0 2 14 2 0 2 6 2 1 0 0 1 0 1 135.222 132.222 132.222 135.222 0 1 0 0 0 0 1 0 0 0 0 1 0 0 0 0 0 1 0 1 0 0 1 0 2 14 2 15 3 4 0.375 1 0 0 0 0 80 25
263.431121734 262.126995202 260.822755945 259.521333332 258.225603483 256.938380224 255.662406313 254.400344974 253.154771774 251.928166869 2 2 2 0 0 0 0 1 1 0 0 0 0 0 0 0 0 0 0 1 0 1 2 13 3 1 2 5 0 0 1 1 0 0 1 0 135.222 135.222 0 0 1 0 0 0 0 1 0 0 0 0 1 0 0 0 0 1 0 0 0 1 0 1 0 3 13 3 14 4 3 0.5 0 0 0 0 1 517 5
250.722907635 249.541261722 248.385380546 247.257293242 246.158901095 245.09197247 244.05813825 243.058887802 242.095565471 241.169367624 2 2 2 0 0 0 0 1 0 0 0 0 0 1 0 0 0 0 1 0 0 1 2 12 4 1 2 4 1 0 1 0 1 0 1 0 0 0 0 0 1 0 0 0 0 1 0 0 0 0 1 0 0 0 0 1 0 0 1 0 0 1 0 4 12 4 13 5 2 0.625 0 0 0 0 1 216 7
240.281340237 239.432377043 238.623218223 237.854449667 237.126502776 236.439654817 235.794029821 235.189600009 234.626187747 234.103468008 2 2 1 0 0 0 1 0 0 0 0 0 0 1 0 0 0 0 0 1 0 1 2 11 5 1 2 3 2 0 1 0 1 0 1 0 0 0 0 0 1 0 0 0 0 1 0 0 0 0 1 0 0 0 0 1 0 0 1 0 0 1 0 5 11 5 12 6 1 0.75 0 0 0 1 0 2 4
233.620971329 233.178087254 232.774068228 232.408033949 232.078976129 231.785763668 231.527148194 231.30176996 231.108164075 230.944767023 1 2 2 0 0 0 0 1 0 0 0 0 1 0 0 0 0 1 0 0 0 1 2 10 6 1 2 2 3 0 1 0 1 0 1 0 0 0 0 0 1 0 0 0 0 1 0 0 0 0 1 0 0 0 0 1 0 0 1 0 0 1 0 6 10 6 11 1 3 0.2 0 0 0 0 1 2499 5
230.809923464 230.701893279 230.618858831 230.558932414 230.520163858 230.50054827 230.498033867 230.510529884 230.535914518 230.57204289 2 1 2 0 0 1 0 0 0 0 0 0 0 1 0 0 1 0 0 0 0 1 2 9 7 1 2 1 4 0 1 0 1 0 1 0 0 0 0 0 1 0 0 0 0 1 0 0 0 0 1 0 0 0 0 1 0 0 1 0 0 1 0 7 9 7 10 2 2 0.4 0 0 1 0 0 341 5
230.61675498 230.667883532 230.723261867 230.780731613 230.838150297 230.893398796 230.944388603 230.989068906 231.025433434 231.051527072 2 2 2 0 1 0 0 0 0 0 0 1 0 0 1 0 0 0 0 0 0 1 2 8 8 1 2 0 5 0 1 0 1 1 0 125 0 0 125 0 1 0 0 0 0 1 0 0 0 0 1 0 0 0 0 1 0 0 1 0 0 0 1 8 8 8 9 3 1 0.6 0 1 0 0 0 260 5
231.065452214 231.065374831 231.049530252 231.01622863 230.963860081 230.890899495 230.795910983 230.677551987 230.534577003 230.36584095 2 2 2 1 0 0 0 0 0 0 1 0 0 0 1 0 0 0 0 0 0 1 1 7 9 1 1 0 6 1 0 0 1 1 0 128.4445 125 125 128.4445 0 1 0 0 0 0 1 0 0 0 0 1 0 0 0 0 0 1 0 1 0 0 0 1 9 7 9 8 1 8 0.1 1 0 0 0 0 126 8
230.170302152 229.94702494 229.695181875 229.41405559 229.103040238 228.761642576 228.38948266 227.986294176 227.5519244 227.086333801 2 2 2 1 0 0 0 0 1 0 0 0 0 0 0 0 0 1 0 0 0 2 0 6 10 2 0 6 0 1 0 1 0 0 1 126.889 128.4445 128.4445 126.889 0 1 0 0 0 0 1 0 0 0 0 1 0 0 0 0 0 1 0 0 1 0 1 0 10 6 10 7 2 7 0.2 1 0 0 0 0 60 8
226.589595295 226.061893159 225.503521609 224.914883065 224.296486104 223.648943118 222.972967694 222.269371727 221.539062273 220.783038174 2 2 2 0 0 1 0 0 1 0 0 0 0 0 0 0 1 0 0 0 0 3 0 5 11 3 0 5 0 0 1 1 0 0 1 0 126.889 126.889 0 0 1 0 0 0 0 1 0 0 0 0 1 0 0 0 0 1 0 0 0 1 0 1 0 11 5 11 6 3 6 0.3 0 0 1 0 0 34 8
220.002386456 219.198278518 218.371966139 217.5247773 216.658111856 215.773437063 214.87228298 213.956237759 213.026942847 212.086088105 2 2 2 0 1 0 0 0 0 0 0 1 0 0 0 0 0 1 0 0 0 3 0 4 12 3 0 4 1 0 1 0 1 0 1 0 0 0 0 0 1 0 0 0 0 1 0 0 0 0 1 0 0 0 0 1 0 0 1 0 0 1 0 12 4 12 5 4 5 0.4 0 1 0 0 0 658 11
211.135406865 210.176670942 209.211685613 208.242284576 207.270324907 206.297682022 205.326244668 204.357909941 203.394578351 202.438148955 2 2 2 0 0 1 0 0 0 0 1 0 0 0 0 0 0 0 1 0 0 3 0 3 13 3 0 3 2 0 1 0 1 0 1 0 0 0 0 0 1 0 0 0 0 1 0 0 0 0 1 0 0 0 0 1 0 0 1 0 0 1 0 13 3 13 4 5 4 0.5 0 0 1 0 0 199 11
201.490514538 200.553556896 199.629142182 198.719116371 197.825300813 196.949487907 196.093436891 195.25886976 194.447467316 193.660865351 2 2 2 0 0 0 1 0 0 0 0 1 0 0 0 0 0 1 0 0 0 3 0 2 14 3 0 2 3 0 1 0 1 0 1 0 0 0 0 0 1 0 0 0 0 1 0 0 0 0 1 0 0 0 0 1 0 0 1 0 0 1 0 14 2 14 3 6 3 0.6 0 0 0 1 0 2 9
192.900650979 192.168359112 191.465469083 190.793401428 190.153514828 189.547103199 188.975392963 188.439540463 187.940629564 187.479669406 2 2 2 0 0 1 0 0 0 0 0 0 1 0 0 0 1 0 0 0 0 3 0 1 15 3 0 1 4 0 1 0 1 0 1 0 0 0 0 0 1 0 0 0 0 1 0 0 0 0 0 0 1 0 0 1 0 0 1 0 0 1 0 15 1 15 2 7 2 0.7 0 0 1 0 0 260 5
187.057592337 186.675252009 186.33342165 186.032792504 185.773972445 185.557484764 185.383767127 185.253170711 185.165959502 185.122309784 2 2 0 0 1 0 0 0 0 0 0 1 0 0 0 1 0 0 0 0 0 3 0 0 16 3 0 0 5 0 1 0 1 0 1 110 0 0 0 0 0 0 1 0 0 1 0 0 0 1 0 0 0 0 0 1 0 0 1 0 1 0 0 16 0 16 1 8 1 0.8 0 1 0 0 0 734 5
