38.273 38.679 39.486 38.214 29.71 30.516 36.437 41.017 41.838 31.91 2 0 2 1 0 0 0 0 0 1 0 0 0 0 0 0 0 1 0 0 0 0 3 19 0 0 3 2 0 1 0 0 1 0 1 137.535 134.535 0 137.535 0 1 0 0 0 1 0 0 0 0 0 1 0 0 0 0 0 1 1 0 0 0 1 0 0 19 0 20 1 16 0.056 1 0 0 0 0 126 1
13.82 2.211 -10.465 -33.552 -75.308 -94.075 -92.756 -82.701 -63.706 -47.177 2 2 2 0 0 1 0 0 1 0 0 0 0 0 0 0 0 0 0 1 0 0 3 18 1 0 3 1 0 0 1 1 0 0 1 0 137.535 137.535 0 0 1 0 0 0 0 1 0 0 0 0 1 0 0 0 0 1 0 0 0 1 0 1 0 1 18 1 19 2 15 0.111 0 0 1 0 0 531 1
-19.798 8.93 11.957 4.299 -12.805 -32.503 -45.606 -48.379 -49.648 -54.616 2 2 2 0 0 0 0 1 0 0 0 1 0 0 1 0 0 0 0 0 0 0 3 17 2 0 3 0 1 0 1 0 1 1 0 131.744 0 0 131.744 0 1 0 0 0 0 1 0 0 0 0 1 0 0 0 0 1 0 0 1 0 0 0 1 2 17 2 18 3 14 0.167 0 0 0 0 1 14 1
-50.347 -38.75 2.283 35.2 75.958 96.488 103.313 110.637 115.321 100.469 2 2 2 1 0 0 0 0 0 0 0 0 0 1 0 0 0 1 0 0 0 0 2 16 3 0 2 7 2 1 0 0 1 0 1 134.744 131.744 131.744 134.744 0 1 0 0 0 0 1 0 0 0 0 1 0 0 0 0 0 1 0 1 0 0 1 0 3 16 3 17 4 13 0.222 1 0 0 0 0 385 1
70.785 47.727 29.172 4.535 -33.148 -45.807 -40.642 -28.649 -15.804 -7.409 2 2 2 0 0 1 0 0 1 0 0 0 0 0 0 0 1 0 0 0 0 1 2 15 4 1 2 6 0 0 1 1 0 0 1 0 134.744 134.744 0 0 1 0 0 0 0 1 0 0 0 0 1 0 0 0 0 1 0 0 0 1 0 1 0 4 15 4 16 5 12 0.278 0 0 1 0 0 13 1
-10.593 -5.439 5.394 5.347 -7.74 -23.563 -38.367 -47.312 -57.964 -60.616 2 2 2 0 1 0 0 0 0 0 0 1 0 0 0 0 0 1 0 0 0 1 2 14 5 1 2 5 1 0 1 0 1 0 1 0 0 0 0 0 1 0 0 0 0 1 0 0 0 0 1 0 0 0 0 1 0 0 1 0 0 1 0 5 14 5 15 6 11 0.333 0 1 0 0 0 27 21
-30.781 -6.838 -6.056 -7.004 -14.306 -21.792 -24.755 -24.48 -20.362 -14.327 2 2 2 0 0 1 0 0 0 0 1 0 0 0 0 0 0 0 1 0 0 1 2 13 6 1 2 4 2 0 1 0 1 0 1 0 0 0 0 0 1 0 0 0 0 1 0 0 0 0 1 0 0 0 0 1 0 0 1 0 0 1 0 6 13 6 14 7 10 0.389 0 0 1 0 0 13 5
-2.526 4.1 10.031 16.256 16.155 15.091 13.486 10.475 7.295 4.574 2 2 2 0 0 0 1 0 0 0 0 1 0 0 0 0 0 0 0 1 0 1 2 12 7 1 2 3 3 0 1 0 1 0 1 0 0 0 0 0 1 0 0 0 0 1 0 0 0 0 1 0 0 0 0 1 0 0 1 0 0 1 0 7 12 7 13 8 9 0.444 0 0 0 1 0 2 4
20.31 58.772 95.605 107.722 102.873 88.928 64.898 33.273 4.045 -21.316 2 2 2 0 0 0 0 1 0 0 0 0 1 0 0 0 0 1 0 0 0 1 2 11 8 1 2 2 4 0 1 0 1 0 1 0 0 0 0 0 1 0 0 0 0 1 0 0 0 0 1 0 0 0 0 1 0 0 1 0 0 1 0 8 11 8 12 9 8 0.5 0 0 0 0 1 140 5
-45.538 -49.711 -52.841 -55.429 -58.461 -61.683 -54.146 -35.287 -15.679 -36.827 2 2 2 0 0 1 0 0 0 0 0 0 0 1 0 0 1 0 0 0 0 1 2 10 9 1 2 1 5 0 1 0 1 0 1 0 0 0 0 0 1 0 0 0 0 1 0 0 0 0 1 0 0 0 0 1 0 0 1 0 0 1 0 9 10 9 11 10 7 0.556 0 0 1 0 0 427 5
-30.767 -5.165 -1.961 -12.507 -27.226 -35.778 -34.47 -31.161 -27.693 -26.353 2 2 2 0 1 0 0 0 0 0 0 1 0 0 1 0 0 0 0 0 0 1 2 9 10 1 2 0 6 0 1 0 1 1 0 124.302 0 0 124.302 0 1 0 0 0 0 1 0 0 0 0 1 0 0 0 0 1 0 0 1 0 0 0 1 10 9 10 10 11 6 0.611 0 1 0 0 0 66 12
-33.12 -55.474 -74.022 -49.92 75.681 104.46 104.094 108.662 114.276 111.639 2 2 2 1 0 0 0 0 0 0 1 0 0 0 0 0 0 1 0 0 0 1 1 8 11 1 1 2 7 1 0 0 1 0 1 127.302 124.302 124.302 127.302 0 1 0 0 0 0 1 0 0 0 0 1 0 0 0 0 0 1 0 1 0 0 1 0 11 8 11 9 12 5 0.667 1 0 0 0 0 29 8
97.306 80.841 58.406 35.104 -0.198 -25.488 -33.271 -32.415 -20.547 -4.07 2 2 2 0 0 1 0 0 1 0 0 0 0 0 0 0 1 0 0 0 0 2 1 7 12 2 1 1 0 0 1 1 0 0 1 0 127.302 127.302 0 0 1 0 0 0 0 1 0 0 0 0 1 0 0 0 0 1 0 0 0 1 0 1 0 12 7 12 8 13 4 0.722 0 0 1 0 0 142 8
-5.316 -13.859 -13.422 -14.253 -35.252 -63.68 -88.59 -108.156 -123.515 -104.365 2 2 2 0 1 0 0 0 0 0 0 1 0 0 1 0 0 0 0 0 0 2 1 6 13 2 1 0 1 0 1 0 1 1 0 121.512 0 0 121.512 0 1 0 0 0 0 1 0 0 0 0 1 0 0 0 0 1 0 0 1 0 0 0 1 13 6 13 7 14 3 0.778 0 1 0 0 0 9 3
-53.782 -12.766 19.367 29.642 34.675 41.545 46.989 51.914 58.186 51.308 2 2 2 1 0 0 0 0 0 0 1 0 0 0 0 0 0 0 1 0 0 2 0 5 14 2 0 5 2 1 0 0 1 0 1 124.512 121.512 121.512 124.512 0 1 0 0 0 0 1 0 0 0 0 1 0 0 0 0 0 1 0 1 0 0 1 0 14 5 14 6 15 2 0.833 1 0 0 0 0 116 3
42.674 39.99 17.885 -14.2 -35.293 -46.732 -54.68 -58.912 -57.662 -56.604 2 2 2 0 0 0 1 0 1 0 0 0 0 0 0 0 0 0 0 1 0 3 0 4 15 3 0 4 0 0 1 1 0 0 1 0 124.512 124.512 0 0 1 0 0 0 0 1 0 0 0 0 1 0 0 0 0 1 0 0 0 1 0 1 0 15 4 15 5 16 1 0.889 0 0 0 1 0 2 4
77.091 80.413 89.711 89.249 69.105 42.462 15.973 -10.592 -22.195 -19.117 2 2 2 0 0 0 0 1 0 0 0 0 1 0 0 0 0 0 0 1 0 3 0 3 16 3 0 3 1 0 1 0 1 0 1 0 0 0 0 0 1 0 0 0 0 1 0 0 0 0 1 0 0 0 0 1 0 0 1 0 0 1 0 16 3 16 4 1 2 0.25 0 0 0 0 1 140 5
-10.743 -0.024 13.356 27.158 40.663 39.103 19.315 -2.784 -21.155 -39.78 2 2 2 0 0 0 0 1 0 0 0 0 0 1 0 0 0 1 0 0 0 3 0 2 17 3 0 2 2 0 1 0 1 0 1 0 0 0 0 0 1 0 0 0 0 1 0 0 0 0 1 0 0 0 0 1 0 0 1 0 0 1 0 17 2 17 3 2 1 0.5 0 0 0 0 1 878 5
-110.872 -108.899 -106.997 -104.966 -90.812 -52.651 -37.619 -22.243 -1.185 18.678 2 2 2 0 0 1 0 0 0 0 0 0 0 1 0 0 0 0 0 1 0 3 0 1 18 3 0 1 3 0 1 0 1 0 1 0 0 0 0 0 1 0 0 0 0 1 0 0 0 0 0 0 1 0 0 1 0 0 1 0 0 1 0 18 1 18 2 1 2 0.25 0 0 1 0 0 73 5
43.705 66.424 80.011 73.043 51.133 25.289 -9.529 -18.099 24.239 53.718 2 2 0 0 0 0 0 1 0 0 0 1 0 0 0 1 0 0 0 0 0 3 0 0 19 3 0 0 4 0 1 0 1 0 1 110 0 0 0 0 0 0 1 0 0 1 0 0 0 1 0 0 0 0 0 1 0 0 1 0 1 0 0 19 0 19 1 2 1 0.5 0 0 0 0 1 461 5
