212.053455144 211.626920427 210.784651973 209.548054086 207.948740119 206.027943762 203.835739546 201.430077992 198.875643134 196.242542926 2 0 2 0 0 1 0 0 0 1 0 0 0 0 0 0 0 1 0 0 0 0 1 14 0 0 1 6 0 0 1 0 1 0 1 0 130 0 0 0 1 0 0 0 1 0 0 0 0 0 1 0 0 0 0 1 0 1 0 0 0 1 0 0 14 0 15 1 15 0.059 0 0 1 0 0 709 1
193.604846303 191.038984502 188.622038355 186.429937758 184.535604059 183.007070588 181.905620718 181.283986459 181.18465344 181.638319915 2 2 2 0 0 1 0 0 0 0 0 1 0 0 0 0 0 1 0 0 0 0 1 13 1 0 1 5 1 0 1 0 1 0 1 0 0 0 0 0 1 0 0 0 0 1 0 0 0 0 1 0 0 0 0 1 0 0 1 0 0 1 0 1 13 1 14 2 14 0.118 0 0 1 0 0 1056 1
182.662558016 184.260724585 186.421166477 189.116761113 192.304827214 195.927433165 199.912121387 204.173056612 208.612594371 213.123253496 2 2 2 0 0 1 0 0 0 0 0 1 0 0 0 0 0 0 0 1 0 0 1 12 2 0 1 4 2 0 1 0 1 0 1 0 0 0 0 0 1 0 0 0 0 1 0 0 0 0 1 0 0 0 0 1 0 0 1 0 0 1 0 2 12 2 13 3 13 0.176 0 0 1 0 0 1403 1
217.590063543 221.893244984 225.911167393 229.523519019 232.614610602 235.076727509 236.813437566 237.742757867 237.800082402 236.940774072 2 2 2 0 0 0 0 1 0 0 0 1 0 0 0 0 0 0 0 1 0 0 1 11 3 0 1 3 3 0 1 0 1 0 1 0 0 0 0 0 1 0 0 0 0 1 0 0 0 0 1 0 0 0 0 1 0 0 1 0 0 1 0 3 11 3 12 4 12 0.235 0 0 0 0 1 553 8
235.142329371 232.406031941 228.758022214 224.249724111 218.957586194 212.982113152 206.446183639 199.492671725 192.281410836 184.985560425 2 2 2 0 0 0 0 1 0 0 0 0 0 1 0 0 1 0 0 0 0 0 1 10 4 0 1 2 4 0 1 0 1 0 1 0 0 0 0 0 1 0 0 0 0 1 0 0 0 0 1 0 0 0 0 1 0 0 1 0 0 1 0 4 10 4 11 5 11 0.294 0 0 0 0 1 1806 8
177.787456071 170.874042449 164.432005036 158.642729974 153.677231449 149.691192086 146.820263596 145.175772279 144.840966702 145.867933197 2 2 2 0 1 0 0 0 0 0 0 0 0 1 0 0 0 1 0 0 0 0 1 9 5 0 1 1 5 0 1 0 1 0 1 0 0 0 0 0 1 0 0 0 0 1 0 0 0 0 1 0 0 0 0 1 0 0 1 0 0 1 0 5 9 5 10 6 10 0.353 0 1 0 0 0 183 1
148.275288847 152.046741788 157.130585473 163.440167587 170.855346387 179.22491812 188.369969815 198.088082953 208.15828635 218.346631814 2 2 2 0 0 1 0 0 0 0 1 0 0 0 1 0 0 0 0 0 0 0 1 8 6 0 1 0 6 0 1 0 1 1 0 125.909 0 0 125.909 0 1 0 0 0 0 1 0 0 0 0 1 0 0 0 0 1 0 0 1 0 0 0 1 6 8 6 9 7 9 0.412 0 0 1 0 0 972 1
228.412244676 238.113683861 247.215433391 255.494339657 262.745806719 268.78956555 273.474842521 276.684767266 278.339880166 278.400624324 2 2 2 1 0 0 0 0 0 0 0 1 0 0 0 0 0 1 0 0 0 0 0 7 7 0 0 7 7 1 0 0 1 0 1 128.909 125.909 125.909 128.909 0 1 0 0 0 0 1 0 0 0 0 1 0 0 0 0 0 1 0 1 0 0 1 0 7 7 7 8 8 8 0.471 1 0 0 0 0 194 5
276.868735543 273.787475543 269.240687544 263.350688389 256.275046464 248.202328766 239.346932403 229.943144618 220.23860016 210.487324626 2 2 2 0 0 1 0 0 1 0 0 0 0 0 0 0 0 0 1 0 0 1 0 6 8 1 0 6 0 0 1 1 0 0 1 0 128.909 128.909 0 0 1 0 0 0 0 1 0 0 0 0 1 0 0 0 0 1 0 0 0 1 0 1 0 8 6 8 7 9 7 0.529 0 0 1 0 0 2499 5
200.942566603 191.849629567 183.438916169 175.919392681 169.472670052 164.247880559 160.357505843 157.874284008 156.829291136 157.211257098 2 2 2 0 0 0 1 0 0 0 0 1 0 0 0 0 1 0 0 0 0 1 0 5 9 1 0 5 1 0 1 0 1 0 1 0 0 0 0 0 1 0 0 0 0 1 0 0 0 0 1 0 0 0 0 1 0 0 1 0 0 1 0 9 5 9 6 10 6 0.588 0 0 0 1 0 2 4
158.967138036 162.003929399 166.191665337 171.36751358 177.340841026 183.89909505 190.814320149 197.85010963 204.768778454 211.338536398 2 2 2 0 1 0 0 0 0 0 0 0 1 0 0 0 0 0 0 1 0 1 0 4 10 1 0 4 2 0 1 0 1 0 1 0 0 0 0 0 1 0 0 0 0 1 0 0 0 0 1 0 0 0 0 1 0 0 1 0 0 1 0 10 4 10 5 11 5 0.647 0 1 0 0 0 1077 5
217.34044065 222.574913962 226.867628153 230.074572829 232.086154972 232.830205752 232.273805528 230.423875527 227.326523758 223.065172297 2 2 2 0 0 0 0 1 0 0 1 0 0 0 0 0 1 0 0 0 0 1 0 3 11 1 0 3 3 0 1 0 1 0 1 0 0 0 0 0 1 0 0 0 0 1 0 0 0 0 1 0 0 0 0 1 0 0 1 0 0 1 0 11 3 11 4 12 4 0.706 0 0 0 0 1 790 5
217.757531648 211.551524444 204.620293929 197.156461513 189.36582119 181.460676064 173.653033038 166.147875495 159.136730528 152.791736928 2 2 2 0 1 0 0 0 0 0 0 0 0 1 0 0 0 1 0 0 0 1 0 2 12 1 0 2 4 0 1 0 1 0 1 0 0 0 0 0 1 0 0 0 0 1 0 0 0 0 1 0 0 0 0 1 0 0 1 0 0 1 0 12 2 12 3 13 3 0.765 0 1 0 0 0 76 2
147.260403132 142.661221231 139.08027464 136.568944095 135.142780374 134.781573665 135.430610149 137.003067361 139.383462547 142.432033799 2 2 2 0 0 1 0 0 0 0 1 0 0 0 0 0 0 0 0 1 0 1 0 1 13 1 0 1 5 0 1 0 1 0 1 0 0 0 0 0 1 0 0 0 0 1 0 0 0 0 0 0 1 0 0 1 0 0 1 0 0 1 0 13 1 13 2 14 2 0.824 0 0 1 0 0 2434 5
145.989903259 149.88484629 153.937470853 157.967598264 161.800630265 165.273688259 168.241318577 170.580572404 172.195290177 173.019446976 2 2 0 0 0 0 0 1 0 0 0 1 0 0 0 1 0 0 0 0 0 1 0 0 14 1 0 0 6 0 1 0 1 0 1 110 0 0 0 0 0 0 1 0 0 1 0 0 0 1 0 0 0 0 0 1 0 0 1 0 1 0 0 14 0 14 1 15 1 0.882 0 0 0 0 1 811 5
