62.698 62.721 62.061 54.497 49.752 49.35 49.527 50.03 50.62 49.775 2 0 2 1 0 0 0 0 0 1 0 0 0 0 0 0 1 0 0 0 0 0 1 16 0 0 1 1 0 1 0 0 1 0 1 137.444 134.444 0 137.444 0 1 0 0 0 1 0 0 0 0 0 1 0 0 0 0 0 1 1 0 0 0 1 0 0 16 0 17 1 2 0.25 1 0 0 0 0 12 1
36.045 -5.829 -35.469 -70.918 -108.754 -129.455 -137.648 -139.542 -145.16 -197.111 2 2 1 0 1 0 0 0 1 0 0 0 0 0 1 0 0 0 0 0 0 0 1 15 1 0 1 0 0 0 1 1 0 1 0 132.222 137.444 137.444 132.222 0 1 0 0 0 0 1 0 0 0 0 1 0 0 0 0 1 0 0 0 1 0 0 1 1 15 1 16 2 1 0.5 0 1 0 0 0 440 1
-67.934 -26.898 4.421 16.004 18.926 21.131 24.412 29.963 35.1 38.722 1 2 2 1 0 0 0 0 0 0 1 0 0 0 0 0 0 0 0 1 0 0 0 14 2 0 0 14 1 1 0 0 1 0 1 137.222 132.222 132.222 137.222 0 1 0 0 0 0 1 0 0 0 0 1 0 0 0 0 0 1 0 1 0 0 1 0 2 14 2 15 1 7 0.111 1 0 0 0 0 175 1
39.708 40.043 39.904 39.843 40.424 40.84 33.428 16.189 0.372 -7.132 2 1 2 0 0 0 0 1 1 0 0 0 0 0 0 0 0 0 0 1 0 1 0 13 3 1 0 13 0 0 1 1 0 0 1 0 137.222 137.222 0 0 1 0 0 0 0 1 0 0 0 0 1 0 0 0 0 1 0 0 0 1 0 1 0 3 13 3 14 2 6 0.222 0 0 0 0 1 185 1
-7.245 -4.258 7.696 28.163 65.356 94.19 93.541 75.955 46.303 12.594 2 2 2 0 0 0 0 1 0 0 0 0 0 1 0 0 1 0 0 0 0 1 0 12 4 1 0 12 1 0 1 0 1 0 1 0 0 0 0 0 1 0 0 0 0 1 0 0 0 0 1 0 0 0 0 1 0 0 1 0 0 1 0 4 12 4 13 3 5 0.333 0 0 0 0 1 992 1
-15.119 -18.488 -20.431 -22.371 -24.315 -29.424 -48.433 -64.859 -76.908 -76.036 2 2 2 0 1 0 0 0 0 0 0 0 0 1 0 0 0 0 0 1 0 1 0 11 5 1 0 11 2 0 1 0 1 0 1 0 0 0 0 0 1 0 0 0 0 1 0 0 0 0 1 0 0 0 0 1 0 0 1 0 0 1 0 5 11 5 12 4 4 0.444 0 1 0 0 0 751 1
-59.882 -32.371 -4.26 23.769 44.798 48.527 36.171 17.689 4.519 -8.223 2 2 2 0 0 0 0 1 0 0 1 0 0 0 0 0 0 1 0 0 0 1 0 10 6 1 0 10 3 0 1 0 1 0 1 0 0 0 0 0 1 0 0 0 0 1 0 0 0 0 1 0 0 0 0 1 0 0 1 0 0 1 0 6 10 6 11 5 3 0.556 0 0 0 0 1 537 5
-17.141 -17.852 -22.919 -37.014 -43.406 -45.597 -37.893 -17.123 9.403 19.264 2 2 2 0 0 1 0 0 0 0 0 0 0 1 0 0 0 1 0 0 0 1 0 9 7 1 0 9 4 0 1 0 1 0 1 0 0 0 0 0 1 0 0 0 0 1 0 0 0 0 1 0 0 0 0 1 0 0 1 0 0 1 0 7 9 7 10 6 2 0.667 0 0 1 0 0 596 5
20.652 21.967 22.541 -8.703 -44.868 -40.749 -34.208 -31.097 -26.142 -14.405 2 2 2 0 0 1 0 0 0 0 0 1 0 0 0 0 0 1 0 0 0 1 0 8 8 1 0 8 5 0 1 0 1 0 1 0 0 0 0 0 1 0 0 0 0 1 0 0 0 0 1 0 0 0 0 1 0 0 1 0 0 1 0 8 8 8 9 7 1 0.778 0 0 1 0 0 1215 5
28.136 27.332 26.441 21.98 4.295 -3.03 -5.934 -4.71 0.295 10.895 2 2 2 0 0 1 0 0 0 0 0 1 0 0 0 0 0 0 0 1 0 1 0 7 9 1 0 7 6 0 1 0 1 0 1 0 0 0 0 0 1 0 0 0 0 1 0 0 0 0 1 0 0 0 0 1 0 0 1 0 0 1 0 9 7 9 8 1 7 0.111 0 0 1 0 0 94 14
23.838 32.687 52.982 76.347 101.647 113.573 100.106 71.388 39.592 8.694 2 2 2 0 0 0 0 1 0 0 0 1 0 0 0 0 0 1 0 0 0 1 0 6 10 1 0 6 7 0 1 0 1 0 1 0 0 0 0 0 1 0 0 0 0 1 0 0 0 0 1 0 0 0 0 1 0 0 1 0 0 1 0 10 6 10 7 2 6 0.222 0 0 0 0 1 1367 1
-15.062 -31.054 -45.04 -57.122 -57.755 -54.658 -45.856 -32.088 -15.268 -2.371 2 2 2 0 0 1 0 0 0 0 0 0 0 1 0 0 1 0 0 0 0 1 0 5 11 1 0 5 8 0 1 0 1 0 1 0 0 0 0 0 1 0 0 0 0 1 0 0 0 0 1 0 0 0 0 1 0 0 1 0 0 1 0 11 5 11 6 3 5 0.333 0 0 1 0 0 192 1
-2.01 -1.297 0.387 2.239 4.029 3.411 -12.477 -36.257 -57.411 -61.439 2 2 2 0 1 0 0 0 0 0 0 1 0 0 0 0 0 1 0 0 0 1 0 4 12 1 0 4 9 0 1 0 1 0 1 0 0 0 0 0 1 0 0 0 0 1 0 0 0 0 1 0 0 0 0 1 0 0 1 0 0 1 0 12 4 12 5 4 4 0.444 0 1 0 0 0 118 1
-61.88 -62.084 -58.108 -49.928 -42.157 -27.104 -3.58 27.68 63.278 80.23 2 2 2 0 0 1 0 0 0 0 1 0 0 0 0 0 0 1 0 0 0 1 0 3 13 1 0 3 10 0 1 0 1 0 1 0 0 0 0 0 1 0 0 0 0 1 0 0 0 0 1 0 0 0 0 1 0 0 1 0 0 1 0 13 3 13 4 5 3 0.556 0 0 1 0 0 2499 1
85.099 86.013 52.759 -2.307 -29.929 -27.281 -14.122 -3.821 6.849 16.734 2 2 2 0 0 1 0 0 0 0 0 1 0 0 0 0 1 0 0 0 0 1 0 2 14 1 0 2 11 0 1 0 1 0 1 0 0 0 0 0 1 0 0 0 0 1 0 0 0 0 1 0 0 0 0 1 0 0 1 0 0 1 0 14 2 14 3 6 2 0.667 0 0 1 0 0 741 1
19.555 20.222 20.343 20.411 20.621 20.76 16.137 0.343 -0.022 0.875 2 2 2 0 1 0 0 0 0 0 0 1 0 0 0 0 0 1 0 0 0 1 0 1 15 1 0 1 12 0 1 0 1 0 1 0 0 0 0 0 1 0 0 0 0 1 0 0 0 0 0 0 1 0 0 1 0 0 1 0 0 1 0 15 1 15 2 7 1 0.778 0 1 0 0 0 84 8
-3.569 -2.369 -2.862 -13.159 -25.337 -77.813 -65.566 7.558 18.788 53.278 2 2 0 0 0 1 0 0 0 0 1 0 0 0 0 1 0 0 0 0 0 1 0 0 16 1 0 0 13 0 1 0 1 0 1 110 0 0 0 0 0 0 1 0 0 1 0 0 0 1 0 0 0 0 0 1 0 0 1 0 1 0 0 16 0 16 1 1 1 0.333 0 0 1 0 0 665 8
