294.363407415 294.281891053 294.118923972 293.874637821 293.549230991 293.142969702 292.656189432 292.089296693 291.442771106 290.717167779 2 0 2 0 0 0 0 1 0 1 0 0 0 0 0 0 0 0 0 1 0 0 2 17 0 0 2 1 0 0 1 0 1 0 1 0 130 0 0 0 1 0 0 0 1 0 0 0 0 0 1 0 0 0 0 1 0 1 0 0 0 1 0 0 17 0 18 1 5 0.143 0 0 0 0 1 351 8
289.91311996 289.031341928 288.072632104 287.037876346 285.928051397 284.744228445 283.487576755 282.159367351 280.760976676 279.293890221 2 2 2 0 0 0 0 1 0 0 0 0 0 1 1 0 0 0 0 0 0 0 2 16 1 0 2 0 1 0 1 0 1 1 0 132.368 0 0 132.368 0 1 0 0 0 0 1 0 0 0 0 1 0 0 0 0 1 0 0 1 0 0 0 1 1 16 1 17 2 4 0.286 0 0 0 0 1 774 8
277.759706051 276.160138202 274.497019901 272.772306561 270.988078504 269.146543381 267.250038235 265.301031166 263.302122563 261.256045862 2 2 2 1 0 0 0 0 0 0 0 0 0 1 0 0 0 0 1 0 0 0 1 15 2 0 1 10 2 1 0 0 1 0 1 135.368 132.368 132.368 135.368 0 1 0 0 0 0 1 0 0 0 0 1 0 0 0 0 0 1 0 1 0 0 1 0 2 15 2 16 3 3 0.429 1 0 0 0 0 1778 8
259.165667791 257.033988072 254.864138546 252.659381683 250.423108474 248.158835655 245.870202256 243.560965466 241.234995786 238.896271468 2 2 2 0 0 0 1 0 1 0 0 0 0 0 0 0 0 0 1 0 0 1 1 14 3 1 1 9 0 0 1 1 0 0 1 0 135.368 135.368 0 0 1 0 0 0 0 1 0 0 0 0 1 0 0 0 0 1 0 0 0 1 0 1 0 3 14 3 15 4 2 0.571 0 0 0 1 0 4 10
236.548872242 234.19697232 231.844832687 229.496792681 227.157260883 224.830705325 222.521643043 220.234628988 217.974244347 215.745084279 2 2 1 0 0 0 1 0 0 0 0 0 1 0 0 0 0 0 0 1 0 1 1 13 4 1 1 8 1 0 1 0 1 0 1 0 0 0 0 0 1 0 0 0 0 1 0 0 0 0 1 0 0 0 0 1 0 0 1 0 0 1 0 4 13 4 14 5 1 0.714 0 0 0 1 0 2 9
213.55174513 211.39881114 209.29084072 207.232352315 205.227809928 203.281608348 201.398058142 199.581370479 197.835641835 196.164838661 1 2 2 0 0 0 0 1 0 0 0 0 1 0 0 0 0 1 0 0 0 1 1 12 5 1 1 7 2 0 1 0 1 0 1 0 0 0 0 0 1 0 0 0 0 1 0 0 0 0 1 0 0 0 0 1 0 0 1 0 0 1 0 5 12 5 13 1 3 0.2 0 0 0 0 1 374 5
194.572782063 193.06313258 191.639375116 190.304804109 189.06250899 187.915360033 186.865994629 185.916804093 185.069921044 184.327207443 2 1 2 0 0 1 0 0 0 0 0 0 0 1 0 0 0 0 0 1 0 1 1 11 6 1 1 6 3 0 1 0 1 0 1 0 0 0 0 0 1 0 0 0 0 1 0 0 0 0 1 0 0 0 0 1 0 0 1 0 0 1 0 6 11 6 12 2 2 0.4 0 0 1 0 0 81 5
183.690243357 183.160316498 182.738412618 182.425206816 182.221055802 182.125991185 182.139713838 182.26158937 182.49064476 182.825566192 2 2 2 0 0 0 0 1 0 0 0 1 0 0 0 0 1 0 0 0 0 1 1 10 7 1 1 5 4 0 1 0 1 0 1 0 0 0 0 0 1 0 0 0 0 1 0 0 0 0 1 0 0 0 0 1 0 0 1 0 0 1 0 7 10 7 11 3 1 0.6 0 0 0 0 1 867 5
183.264698116 183.806043567 184.447265765 185.185691018 186.018312932 186.941797938 187.952492142 189.046429485 190.21934121 191.466666615 2 2 2 0 1 0 0 0 0 0 0 0 0 1 0 0 0 1 0 0 0 1 1 9 8 1 1 4 5 0 1 0 1 0 1 0 0 0 0 0 1 0 0 0 0 1 0 0 0 0 1 0 0 0 0 1 0 0 1 0 0 1 0 8 9 8 10 1 10 0.083 0 1 0 0 0 440 8
192.783565066 194.164929252 195.605399641 197.099380096 198.641054609 200.224405105 201.843230247 203.491165201 205.161702278 206.848212383 2 2 2 0 0 1 0 0 0 0 1 0 0 0 0 0 1 0 0 0 0 1 1 8 9 1 1 3 6 0 1 0 1 0 1 0 0 0 0 0 1 0 0 0 0 1 0 0 0 0 1 0 0 0 0 1 0 0 1 0 0 1 0 9 8 9 9 2 9 0.167 0 0 1 0 0 485 8
208.543967213 210.242162098 211.935939429 213.618412566 215.282690143 216.921900685 218.529217428 220.097883257 221.621235661 223.092731593 2 2 2 0 1 0 0 0 0 0 0 1 0 0 0 0 0 0 1 0 0 1 1 7 10 1 1 2 7 0 1 0 1 0 1 0 0 0 0 0 1 0 0 0 0 1 0 0 0 0 1 0 0 0 0 1 0 0 1 0 0 1 0 10 7 10 8 3 8 0.25 0 1 0 0 0 22 17
224.505972163 225.854727024 227.132958394 228.334844573 229.454802886 230.487511944 231.42793312 232.271331161 233.013293834 233.649750527 2 2 2 0 0 0 1 0 0 0 1 0 0 0 0 0 0 0 0 1 0 1 1 6 11 1 1 1 8 0 1 0 1 0 1 0 0 0 0 0 1 0 0 0 0 1 0 0 0 0 1 0 0 0 0 1 0 0 1 0 0 1 0 11 6 11 7 4 7 0.333 0 0 0 1 0 23 17
234.176989715 234.591675212 234.890861142 235.072005542 235.132982553 235.072093116 234.888074135 234.580106052 234.147818791 233.591296038 2 2 2 0 0 0 0 1 0 0 0 0 1 0 1 0 0 0 0 0 0 1 1 5 12 1 1 0 9 0 1 0 1 1 0 121.316 0 0 121.316 0 1 0 0 0 0 1 0 0 0 0 1 0 0 0 0 1 0 0 1 0 0 0 1 12 5 12 6 5 6 0.417 0 0 0 0 1 723 11
232.911077822 232.108161385 231.184000313 230.140501922 228.980022912 227.705363271 226.319758459 224.826869889 223.230773728 221.53594805 2 2 2 1 0 0 0 0 0 0 0 0 0 1 0 0 0 0 1 0 0 1 0 4 13 1 0 4 10 1 0 0 1 0 1 124.316 121.316 121.316 124.316 0 1 0 0 0 0 1 0 0 0 0 1 0 0 0 0 0 1 0 1 0 0 1 0 13 4 13 5 6 5 0.5 1 0 0 0 0 698 11
219.747258397 217.869941776 215.90958916 213.872126553 211.763794679 209.591127376 207.360928771 205.080249316 202.75636079 200.396730334 2 2 2 0 0 0 1 0 1 0 0 0 0 0 0 0 0 1 0 0 0 2 0 3 14 2 0 3 0 0 1 1 0 0 1 0 124.316 124.316 0 0 1 0 0 0 0 1 0 0 0 0 1 0 0 0 0 1 0 0 0 1 0 1 0 14 3 14 4 7 4 0.583 0 0 0 1 0 2 9
198.008993648 195.600927428 193.180421162 190.755448389 188.334037536 185.92424244 183.53411268 181.171663822 178.844847708 176.561522901 2 2 2 0 0 1 0 0 0 0 0 0 1 0 0 0 0 1 0 0 0 2 0 2 15 2 0 2 1 0 1 0 1 0 1 0 0 0 0 0 1 0 0 0 0 1 0 0 0 0 1 0 0 0 0 1 0 0 1 0 0 1 0 15 2 15 3 8 3 0.667 0 0 1 0 0 2499 5
174.329425398 172.156139734 170.04907059 168.015415017 166.062135389 164.195933194 162.423223761 160.750112036 159.182369497 157.725412304 2 2 2 0 0 1 0 0 0 0 0 1 0 0 0 0 0 0 1 0 0 2 0 1 16 2 0 1 2 0 1 0 1 0 1 0 0 0 0 0 1 0 0 0 0 1 0 0 0 0 0 0 1 0 0 1 0 0 1 0 0 1 0 16 1 16 2 9 2 0.75 0 0 1 0 0 2139 5
156.384280764 155.163620211 154.067663363 153.100214231 152.26463365 151.563826488 151.000230582 150.575807446 150.292034801 150.149900934 2 2 0 0 0 0 1 0 0 0 0 1 0 0 0 1 0 0 0 0 0 2 0 0 17 2 0 0 3 0 1 0 1 0 1 110 0 0 0 0 0 0 1 0 0 1 0 0 0 1 0 0 0 0 0 1 0 0 1 0 1 0 0 17 0 17 1 10 1 0.833 0 0 0 1 0 1310 26
