195.477724231 195.777720421 196.396841088 197.37120014 198.749770372 200.588579511 202.943664165 205.863316638 209.38022416 213.504125058 2 0 2 0 1 0 0 0 0 1 0 0 0 0 0 0 0 1 0 0 0 0 4 11 0 0 4 3 0 0 1 0 1 0 1 0 130 0 0 0 1 0 0 0 1 0 0 0 0 0 1 0 0 0 0 1 0 1 0 0 0 1 0 0 11 0 12 1 12 0.071 0 1 0 0 0 9 16
218.215589403 223.46147347 229.152500813 235.163293497 241.335022635 247.480677138 253.392773843 258.853161997 263.644421093 267.562223342 2 2 2 0 0 1 0 0 0 0 1 0 0 0 0 0 0 0 0 1 0 0 4 10 1 0 4 2 1 0 1 0 1 0 1 0 0 0 0 0 1 0 0 0 0 1 0 0 0 0 1 0 0 0 0 1 0 0 1 0 0 1 0 1 10 1 11 2 11 0.143 0 0 1 0 0 482 12
270.427939246 272.100713398 272.488232165 271.555446907 269.330604706 265.908069314 261.447581592 256.169802413 250.348191096 244.297487281 2 2 2 0 0 0 0 1 0 0 0 1 0 0 0 0 0 1 0 0 0 0 4 9 2 0 4 1 2 0 1 0 1 0 1 0 0 0 0 0 1 0 0 0 0 1 0 0 0 0 1 0 0 0 0 1 0 0 1 0 0 1 0 2 9 2 10 3 10 0.214 0 0 0 0 1 1137 8
238.359271265 232.885265081 228.219192612 224.678131978 222.534359608 221.99869769 223.206332827 226.205974746 230.953073709 237.307620964 2 2 2 0 0 1 0 0 0 0 0 0 0 1 1 0 0 0 0 0 0 0 4 8 3 0 4 0 3 0 1 0 1 1 0 128.33299 0 0 128.33299 0 1 0 0 0 0 1 0 0 0 0 1 0 0 0 0 1 0 0 1 0 0 0 1 3 8 3 9 4 9 0.286 0 0 1 0 0 406 5
245.036827624 253.822725638 263.274473106 272.944889228 282.350505725 290.994214947 298.389432006 304.084578843 307.686649144 308.882628368 2 2 2 1 0 0 0 0 0 0 0 1 0 0 0 0 1 0 0 0 0 0 3 7 4 0 3 2 4 1 0 0 1 0 1 131.33299 128.33299 128.33299 131.33299 0 1 0 0 0 0 1 0 0 0 0 1 0 0 0 0 0 1 0 1 0 0 1 0 4 7 4 8 5 8 0.357 1 0 0 0 0 2499 5
307.457623262 303.308697068 296.453603938 287.033859209 275.311859318 261.662062103 246.556539816 230.545507633 214.233694468 198.253646264 2 2 2 0 1 0 0 0 1 0 0 0 0 0 0 0 0 1 0 0 0 1 3 6 5 1 3 1 0 0 1 1 0 0 1 0 131.33299 131.33299 0 0 1 0 0 0 0 1 0 0 0 0 1 0 0 0 0 1 0 0 0 1 0 1 0 5 6 5 7 6 7 0.429 0 1 0 0 0 1488 11
183.237222661 169.786656272 158.446583701 149.678425803 143.838392723 141.160221399 141.743527653 145.548382967 152.396421129 161.978457761 2 2 2 0 0 1 0 0 0 0 1 0 0 0 1 0 0 0 0 0 0 1 3 5 6 1 3 0 1 0 1 0 1 1 0 123.88901 0 0 123.88901 0 1 0 0 0 0 1 0 0 0 0 1 0 0 0 0 1 0 0 1 0 0 0 1 6 5 6 6 7 6 0.5 0 0 1 0 0 1123 11
173.868282727 187.541978183 202.401839471 217.803746413 233.086660774 247.602820663 260.747169916 271.984601724 280.873708862 287.085911877 2 2 2 1 0 0 0 0 0 0 0 1 0 0 0 0 0 0 0 1 0 1 2 4 7 1 2 2 2 1 0 0 1 0 1 126.889 123.88901 123.88901 126.889 0 1 0 0 0 0 1 0 0 0 0 1 0 0 0 0 0 1 0 1 0 0 1 0 7 4 7 5 8 5 0.571 1 0 0 0 0 2195 8
290.419072211 290.804977183 288.310393427 283.131708736 275.583502393 266.081684604 255.122110847 243.255793562 231.061990365 219.120537432 2 2 2 0 0 0 0 1 1 0 0 0 0 0 0 0 0 0 1 0 0 2 2 3 8 2 2 1 0 0 1 1 0 0 1 0 126.889 126.889 0 0 1 0 0 0 0 1 0 0 0 0 1 0 0 0 0 1 0 0 0 1 0 1 0 8 3 8 4 9 4 0.643 0 0 0 0 1 274 8
207.98481448 198.156673695 190.064542428 184.045725595 180.333698734 179.050909656 180.207310262 183.704536622 189.345360893 196.847768915 2 2 2 0 0 0 1 0 0 0 0 0 0 1 1 0 0 0 0 0 0 2 2 2 9 2 2 0 1 0 1 0 1 1 0 119.444 0 0 119.444 0 1 0 0 0 0 1 0 0 0 0 1 0 0 0 0 1 0 0 1 0 0 0 1 9 2 9 3 10 3 0.714 0 0 0 1 0 2 9
205.862786473 215.99499724 226.824575505 237.929602655 248.907450262 259.39409286 269.080355032 277.724291629 285.159135543 291.296510971 2 2 2 1 0 0 0 0 0 0 0 0 1 0 1 0 0 0 0 0 0 2 1 1 10 2 1 0 2 1 0 0 1 1 0 122.7035 119.444 119.444 122.7035 0 1 0 0 0 0 1 0 0 0 0 0 0 1 0 0 0 1 0 1 0 0 0 1 10 1 10 2 11 2 0.786 1 0 0 0 0 1433 5
296.124886422 299.703515498 302.152369118 303.638786446 304.36175073 304.534821 304.3688143 304.055332717 303.752165255 303.571470624 2 2 0 1 0 0 0 0 1 0 0 0 0 0 0 1 0 0 0 0 0 3 0 0 11 3 0 0 0 1 0 1 0 0 1 120.963 122.7035 122.7035 0 0 0 0 1 0 0 1 0 0 0 1 0 0 0 0 0 0 1 0 0 1 1 0 0 11 0 11 1 12 1 0.857 1 0 0 0 0 679 5
