22.585 20.518 19.765 23.282 26.653 32.486 28.363 29.987 28.857 13.514 2 0 1 0 0 0 0 1 0 1 0 0 0 0 0 0 1 0 0 0 0 0 2 6 0 0 2 2 0 0 1 0 1 0 1 0 1 0 0 0 1 0 0 0 0 0 1 0 0 0 0 1 0 1 0 0 0 1 0 0 6 0 7 1 7 0.111 0 0 0 0 1 296 1 0 11 0 0 9 9 0.0 0.0 3.0 0.0 0.0 7.0 0.0 0.0 0.0 0.0 0.0 0.0 0.0 0.0 0.0 0.0 0.0 0.0 0.0 0.0 0.0 0.0 0.0 0.0 0.0 0.0 0.0 0.0 0.0 0.0 0.0 0.0 0.0 0.0 0.0 1.0 0.0 0.0 0.0 0.0 0.0 0.0 0.0 0.0 0.0 0.0 0.0 0.0 0.0 0.0 0.0 0.0 0.0 0.0 0.0 0.0 0.0 0.0 0.0 0.0 0.0 0.0 0.0 0.0 0.0 0.0
6.627 2.451 -0.497 2.55 -3.114 -0.912 3.288 10.724 15.583 14.077 1 2 2 0 1 0 0 0 0 0 0 0 0 1 0 0 0 0 0 1 0 0 2 5 1 0 2 1 1 0 1 0 1 0 1 0 1 0 0 0 0 1 0 0 0 0 1 0 0 0 0 1 0 0 1 0 0 1 0 1 5 1 6 2 6 0.222 0 1 0 0 0 134 1 0 11 0 1 0 12 0.0 0.0 3.0 1.0 0.142857142857 7.0 0.0 0.0 0.0 0.0 0.0 0.0 0.0 0.0 0.0 0.0 0.0 0.0 0.0 0.0 0.0 0.0 0.0 0.0 0.0 0.0 0.0 0.0 0.0 0.0 0.0 0.0 0.0 0.0 0.0 1.0 0.0 0.0 0.0 0.0 0.0 0.0 0.0 0.0 0.0 0.0 0.0 0.0 0.0 0.0 0.0 0.0 0.0 0.0 0.0 0.0 0.0 0.0 0.0 0.0 0.0 0.0 0.0 0.0 0.0 0.0
10.032 -6.575 -8.28 -15.471 -9.223 8.474 20.813 26.086 35.131 34.914 2 1 2 0 0 0 0 1 0 0 1 0 0 0 1 0 0 0 0 0 0 0 2 4 2 0 2 0 2 0 1 0 1 1 0 0 1 0 0 0 0 1 0 0 0 0 1 0 0 0 0 1 0 0 1 0 0 0 1 2 4 2 5 3 5 0.333 0 0 0 0 1 2447 1 0 11 0 2 10 26 0.0 0.0 3.0 2.0 0.285714285714 7.0 0.0 0.0 0.0 0.0 0.0 0.0 0.0 0.0 0.0 0.0 0.0 0.0 0.0 0.0 0.0 0.0 0.0 0.0 0.0 0.0 0.0 0.0 0.0 0.0 0.0 0.0 0.0 0.0 0.0 1.0 0.0 0.0 0.0 0.0 0.0 0.0 0.0 0.0 0.0 0.0 0.0 0.0 0.0 0.0 0.0 0.0 0.0 0.0 0.0 0.0 0.0 0.0 0.0 0.0 0.0 0.0 0.0 0.0 0.0 0.0
35.293 25.207 22.93 15.121 13.296 8.76 7.635 1.693 8.881 15.879 2 2 2 1 0 0 0 0 0 0 0 0 0 1 1 0 0 0 0 0 0 0 1 3 3 0 1 0 3 1 0 0 1 1 0 0 1 0 0 0 0 1 0 0 0 0 1 0 0 0 0 0 1 0 1 0 0 0 1 3 3 3 4 4 4 0.444 1 0 0 0 0 335 1 0 11 0 3 9 24 0.0 0.0 3.0 3.0 0.428571428571 7.0 0.0 0.0 0.0 0.0 0.0 0.0 0.0 0.0 0.0 0.0 0.0 0.0 0.0 0.0 0.0 0.0 0.0 0.0 0.0 0.0 0.0 0.0 0.0 0.0 0.0 0.0 0.0 0.0 0.0 1.0 0.0 0.0 0.0 0.0 0.0 0.0 0.0 0.0 0.0 0.0 0.0 0.0 0.0 0.0 0.0 0.0 0.0 0.0 0.0 0.0 0.0 0.0 0.0 0.0 0.0 0.0 0.0 0.0 0.0 0.0
5.453 1.762 11.859 10.065 9.18 16.008 22.174 26.155 30.361 19.133 2 2 2 1 0 0 0 0 1 0 0 0 0 0 0 0 1 0 0 0 0 1 0 2 4 1 0 11 0 1 0 1 0 0 1 0 1 0 0 0 0 1 0 0 0 0 1 0 0 0 0 0 1 0 0 1 0 1 0 4 2 4 3 5 3 0.556 1 0 0 0 0 493 1 0 11 0 4 11 13 0.0 0.0 3.0 4.0 0.571428571429 7.0 0.0 0.0 0.0 0.0 0.0 0.0 0.0 0.0 0.0 0.0 0.0 0.0 0.0 0.0 0.0 0.0 0.0 0.0 0.0 0.0 0.0 0.0 0.0 0.0 0.0 0.0 0.0 0.0 0.0 1.0 0.0 0.0 0.0 0.0 0.0 0.0 0.0 0.0 0.0 0.0 0.0 0.0 0.0 0.0 0.0 0.0 0.0 0.0 0.0 0.0 0.0 0.0 0.0 0.0 0.0 0.0 0.0 0.0 0.0 0.0
18.809 6.696 9.167 15.506 21.54 42.745 26.629 8.168 2.788 -2.704 2 2 2 0 1 0 0 0 1 0 0 0 0 0 0 0 0 0 0 1 0 2 0 1 5 2 0 10 0 0 1 1 0 0 1 0 1 0 0 0 0 1 0 0 0 0 0 0 1 0 0 1 0 0 0 1 0 1 0 5 1 5 2 6 2 0.667 0 1 0 0 0 495 1 0 11 0 5 3 1 0.0 0.0 3.0 5.0 0.714285714286 7.0 0.0 0.0 0.0 0.0 0.0 0.0 0.0 0.0 0.0 0.0 0.0 0.0 0.0 0.0 0.0 0.0 0.0 0.0 0.0 0.0 0.0 0.0 0.0 0.0 0.0 0.0 0.0 0.0 0.0 1.0 0.0 0.0 0.0 0.0 0.0 0.0 0.0 0.0 0.0 0.0 0.0 0.0 0.0 0.0 0.0 0.0 0.0 0.0 0.0 0.0 0.0 0.0 0.0 0.0 0.0 0.0 0.0 0.0 0.0 0.0
0.939 1.678 12.741 23.813 43.242 31.161 11.799 -9.858 -19.961 -19.878 2 2 2 0 0 0 0 1 0 0 1 0 0 0 0 0 0 0 0 1 0 2 0 0 6 2 0 9 1 0 1 0 1 0 1 0 0 0 1 0 0 1 0 0 0 0 1 0 0 0 0 1 0 0 1 0 0 1 0 6 0 6 1 7 1 0.778 0 0 0 0 1 185 1 0 11 0 6 3 8 0.0 0.0 3.0 6.0 0.857142857143 7.0 0.0 0.0 0.0 0.0 0.0 0.0 0.0 0.0 0.0 0.0 0.0 0.0 0.0 0.0 0.0 0.0 0.0 0.0 0.0 0.0 0.0 0.0 0.0 0.0 0.0 0.0 0.0 0.0 0.0 1.0 0.0 0.0 0.0 0.0 0.0 0.0 0.0 0.0 0.0 0.0 0.0 0.0 0.0 0.0 0.0 0.0 0.0 0.0 0.0 0.0 0.0 0.0 0.0 0.0 0.0 0.0 0.0 0.0 0.0 0.0
-9.376 -15.887 -18.155 -25.892 -30.793 -28.203 -25.369 -23.692 -19.041 -17.122 2 2 2 0 0 0 0 1 0 0 0 0 0 1 0 0 0 1 0 0 0 0 1 14 0 0 1 8 2 0 1 0 1 0 1 0 1 0 0 0 0 0 0 1 0 0 1 0 0 0 0 1 0 0 1 0 0 1 0 0 14 0 15 1 14 0.063 0 0 0 0 1 5 11 1 1 1 0 17 2 1.0 0.333333333333 3.0 0.0 0.0 14.0 0.0 0.0 0.0 0.0 0.0 0.0 0.0 0.0 0.0 0.0 0.0 0.0 0.0 0.0 0.0 0.0 0.0 0.0 0.0 0.0 0.0 0.0 0.0 0.0 0.0 0.0 0.0 0.0 0.0 0.0 0.0 1.0 0.0 0.0 0.0 0.0 0.0 0.0 0.0 0.0 0.0 0.0 0.0 0.0 0.0 0.0 0.0 0.0 0.0 0.0 0.0 0.0 0.0 0.0 0.0 0.0 0.0 0.0 0.0 0.0
-7.288 -9.277 -12.115 -16.151 -11.384 -22.167 -37.488 -53.506 -50.148 -29.389 2 2 2 0 0 1 0 0 0 0 0 0 0 1 0 0 1 0 0 0 0 0 1 13 1 0 1 7 3 0 1 0 1 0 1 0 1 0 0 0 0 1 0 0 0 0 1 0 0 0 0 1 0 0 1 0 0 1 0 1 13 1 14 2 13 0.125 0 0 1 0 0 405 1 11 1 2 0 11 7 1.0 0.333333333333 3.0 1.0 0.0714285714286 14.0 0.0 0.0 0.0 0.0 0.0 0.0 0.0 0.0 0.0 0.0 0.0 1.0 0.0 0.0 0.0 0.0 0.0 0.0 0.0 0.0 0.0 0.0 0.0 0.0 0.0 0.0 0.0 0.0 0.0 0.0 0.0 0.0 0.0 0.0 0.0 0.0 0.0 0.0 0.0 0.0 0.0 0.0 0.0 0.0 0.0 0.0 0.0 0.0 0.0 0.0 0.0 0.0 0.0 0.0 0.0 0.0 0.0 0.0 0.0 0.0
-13.629 -5.547 -2.353 3.763 6.0 -13.913 -21.828 -8.258 -7.099 0.043 2 2 2 0 1 0 0 0 0 0 0 1 0 0 0 0 0 0 0 1 0 0 1 12 2 0 1 6 4 0 1 0 1 0 1 0 1 0 0 0 0 1 0 0 0 0 1 0 0 0 0 1 0 0 1 0 0 1 0 2 12 2 13 3 12 0.188 0 1 0 0 0 446 1 11 1 2 1 19 3 1.0 0.333333333333 3.0 2.0 0.142857142857 14.0 0.0 0.0 0.0 0.0 0.0 0.0 0.0 0.0 0.0 0.0 0.0 1.0 0.0 0.0 0.0 0.0 0.0 0.0 0.0 0.0 0.0 0.0 0.0 0.0 0.0 0.0 0.0 0.0 0.0 0.0 0.0 0.0 0.0 0.0 0.0 0.0 0.0 0.0 0.0 0.0 0.0 0.0 0.0 0.0 0.0 0.0 0.0 0.0 0.0 0.0 0.0 0.0 0.0 0.0 0.0 0.0 0.0 0.0 0.0 0.0
-11.11 -35.599 -92.023 -147.995 -177.628 -96.727 -0.918 13.117 22.056 19.381 2 2 2 0 0 0 0 1 0 0 1 0 0 0 0 0 0 0 0 1 0 0 1 11 3 0 1 5 5 0 1 0 1 0 1 0 1 0 0 0 0 1 0 0 0 0 1 0 0 0 0 1 0 0 1 0 0 1 0 3 11 3 12 4 11 0.25 0 0 0 0 1 39 1 1 12 3 0 10 29 1.0 0.333333333333 3.0 3.0 0.214285714286 14.0 0.0 0.0 0.0 0.0 0.0 0.0 0.0 0.0 0.0 0.0 1.0 0.0 0.0 0.0 0.0 0.0 0.0 0.0 0.0 0.0 0.0 0.0 0.0 0.0 0.0 0.0 0.0 0.0 0.0 1.0 1.0 0.0 0.0 0.0 0.0 0.0 0.0 0.0 0.0 0.0 0.0 0.0 0.0 0.0 0.0 0.0 0.0 0.0 0.0 0.0 0.0 0.0 0.0 0.0 0.0 0.0 0.0 0.0 0.0 0.0
13.568 11.623 5.73 0.619 -7.138 -11.069 -5.95 3.861 13.204 18.723 2 2 2 0 0 0 0 1 0 0 0 0 0 1 0 0 0 0 0 1 0 0 1 10 4 0 1 4 6 0 1 0 1 0 1 0 1 0 0 0 0 1 0 0 0 0 1 0 0 0 0 1 0 0 1 0 0 1 0 4 10 4 11 5 10 0.313 0 0 0 0 1 563 1 1 12 3 1 23 13 1.0 0.333333333333 3.0 4.0 0.285714285714 14.0 0.0 0.0 0.0 0.0 0.0 0.0 0.0 0.0 0.0 0.0 1.0 0.0 0.0 0.0 0.0 0.0 0.0 0.0 0.0 0.0 0.0 0.0 0.0 0.0 0.0 0.0 0.0 0.0 0.0 1.0 1.0 0.0 0.0 0.0 0.0 0.0 0.0 0.0 0.0 0.0 0.0 0.0 0.0 0.0 0.0 0.0 0.0 0.0 0.0 0.0 0.0 0.0 0.0 0.0 0.0 0.0 0.0 0.0 0.0 0.0
2.214 2.679 -1.821 -15.865 -22.714 -40.972 -44.674 -36.56 -9.202 2.473 2 2 2 0 0 0 0 1 0 0 0 0 0 1 0 0 0 0 1 0 0 0 1 9 5 0 1 3 7 0 1 0 1 0 1 0 1 0 0 0 0 1 0 0 0 0 1 0 0 0 0 1 0 0 1 0 0 1 0 5 9 5 10 6 9 0.375 0 0 0 0 1 63 12 1 4 4 0 10 7 1.0 0.333333333333 3.0 5.0 0.357142857143 14.0 0.0 0.0 0.0 0.0 0.0 0.0 0.0 0.0 0.0 0.0 0.0 0.0 0.0 0.0 0.0 0.0 0.0 0.0 0.0 0.0 0.0 0.0 0.0 0.0 0.0 0.0 0.0 0.0 0.0 0.0 0.0 1.0 0.0 0.0 0.0 0.0 0.0 0.0 0.0 0.0 0.0 0.0 0.0 0.0 0.0 0.0 0.0 0.0 0.0 0.0 0.0 0.0 0.0 0.0 0.0 0.0 0.0 0.0 0.0 0.0
2.317 3.793 7.186 8.943 19.382 21.78 28.702 28.393 32.238 28.465 2 2 2 0 0 0 1 0 0 0 0 0 0 1 0 0 0 0 0 1 0 0 1 8 6 0 1 2 8 0 1 0 1 0 1 0 1 0 0 0 0 1 0 0 0 0 1 0 0 0 0 1 0 0 1 0 0 1 0 6 8 6 9 7 8 0.438 0 0 0 1 0 2 4 12 1 5 0 2 8 1.0 0.333333333333 3.0 6.0 0.428571428571 14.0 0.0 0.0 0.0 0.0 0.0 0.0 0.0 0.0 0.0 0.0 0.0 0.0 0.0 0.0 0.0 0.0 0.0 0.0 0.0 0.0 0.0 0.0 0.0 0.0 0.0 0.0 0.0 0.0 0.0 0.0 0.0 1.0 0.0 0.0 0.0 0.0 0.0 0.0 0.0 0.0 0.0 0.0 0.0 0.0 0.0 0.0 0.0 0.0 0.0 0.0 0.0 0.0 0.0 0.0 0.0 0.0 0.0 0.0 0.0 0.0
29.261 26.952 33.353 39.289 47.812 63.698 66.522 56.542 28.16 0.333 2 2 2 0 0 0 0 1 0 0 0 0 1 0 0 0 1 0 0 0 0 0 1 7 7 0 1 1 9 0 1 0 1 0 1 0 1 0 0 0 0 1 0 0 0 0 1 0 0 0 0 1 0 0 1 0 0 1 0 7 7 7 8 8 7 0.5 0 0 0 0 1 189 1 4 1 6 0 5 13 1.0 0.333333333333 3.0 7.0 0.5 14.0 0.0 0.0 0.0 0.0 0.0 0.0 0.0 0.0 0.0 0.0 0.0 1.0 0.0 0.0 0.0 0.0 0.0 0.0 0.0 0.0 0.0 0.0 0.0 0.0 0.0 0.0 0.0 0.0 0.0 0.0 0.0 0.0 0.0 0.0 0.0 0.0 0.0 0.0 0.0 0.0 0.0 0.0 0.0 0.0 0.0 0.0 0.0 0.0 0.0 0.0 0.0 0.0 0.0 0.0 0.0 0.0 0.0 0.0 0.0 0.0
20.189 22.846 19.758 13.449 9.102 4.551 4.663 7.979 11.684 14.621 2 2 2 0 1 0 0 0 0 0 0 0 0 1 1 0 0 0 0 0 0 0 1 6 8 0 1 0 10 0 1 0 1 1 0 0 1 0 0 0 0 1 0 0 0 0 1 0 0 0 0 1 0 0 1 0 0 0 1 8 6 8 7 9 6 0.563 0 1 0 0 0 69 1 4 1 6 1 16 8 1.0 0.333333333333 3.0 8.0 0.571428571429 14.0 0.0 0.0 0.0 0.0 0.0 0.0 0.0 0.0 0.0 0.0 0.0 1.0 0.0 0.0 0.0 0.0 0.0 0.0 0.0 0.0 0.0 0.0 0.0 0.0 0.0 0.0 0.0 0.0 0.0 0.0 0.0 0.0 0.0 0.0 0.0 0.0 0.0 0.0 0.0 0.0 0.0 0.0 0.0 0.0 0.0 0.0 0.0 0.0 0.0 0.0 0.0 0.0 0.0 0.0 0.0 0.0 0.0 0.0 0.0 0.0
11.591 16.397 3.515 3.329 -2.686 -8.403 -3.51 -2.211 -5.101 -5.273 2 2 2 1 0 0 0 0 0 0 1 0 0 0 0 0 0 0 0 1 0 0 0 5 9 0 0 5 11 1 0 0 1 0 1 0 1 0 0 0 0 1 0 0 0 0 1 0 0 0 0 0 1 0 1 0 0 1 0 9 5 9 6 10 5 0.625 1 0 0 0 0 697 1 1 12 7 0 16 3 1.0 0.333333333333 3.0 9.0 0.642857142857 14.0 0.0 0.0 0.0 0.0 0.0 0.0 0.0 0.0 0.0 0.0 1.0 0.0 0.0 0.0 0.0 0.0 0.0 0.0 0.0 0.0 0.0 0.0 0.0 0.0 0.0 0.0 0.0 1.0 1.0 0.0 1.0 0.0 0.0 0.0 0.0 0.0 0.0 0.0 0.0 0.0 0.0 0.0 0.0 0.0 0.0 0.0 0.0 0.0 0.0 0.0 0.0 0.0 0.0 0.0 0.0 0.0 0.0 0.0 0.0 0.0
-9.114 -7.449 -11.51 -10.026 3.313 7.119 18.928 33.951 37.465 44.181 2 2 2 0 0 0 0 1 1 0 0 0 0 0 0 0 0 0 0 1 0 1 0 4 10 1 0 4 0 0 1 1 0 0 1 0 1 0 0 0 0 1 0 0 0 0 1 0 0 0 0 1 0 0 0 1 0 1 0 10 4 10 5 11 4 0.688 0 0 0 0 1 834 1 1 12 7 1 2 2 1.0 0.333333333333 3.0 10.0 0.714285714286 14.0 0.0 0.0 0.0 0.0 0.0 0.0 0.0 0.0 0.0 0.0 1.0 0.0 0.0 0.0 0.0 0.0 0.0 0.0 0.0 0.0 0.0 0.0 0.0 0.0 0.0 0.0 0.0 1.0 1.0 0.0 1.0 0.0 0.0 0.0 0.0 0.0 0.0 0.0 0.0 0.0 0.0 0.0 0.0 0.0 0.0 0.0 0.0 0.0 0.0 0.0 0.0 0.0 0.0 0.0 0.0 0.0 0.0 0.0 0.0 0.0
41.211 35.809 38.683 40.039 50.393 57.171 64.518 68.993 57.586 45.453 2 2 2 0 0 0 0 1 0 0 0 0 0 1 0 0 0 0 0 1 0 1 0 3 11 1 0 3 1 0 1 0 1 0 1 0 1 0 0 0 0 1 0 0 0 0 1 0 0 0 0 1 0 0 1 0 0 1 0 11 3 11 4 12 3 0.75 0 0 0 0 1 39 1 1 12 7 2 10 29 1.0 0.333333333333 3.0 11.0 0.785714285714 14.0 0.0 0.0 0.0 0.0 0.0 0.0 0.0 0.0 0.0 0.0 1.0 0.0 0.0 0.0 0.0 0.0 0.0 0.0 0.0 0.0 0.0 0.0 0.0 0.0 0.0 0.0 0.0 1.0 1.0 0.0 1.0 0.0 0.0 0.0 0.0 0.0 0.0 0.0 0.0 0.0 0.0 0.0 0.0 0.0 0.0 0.0 0.0 0.0 0.0 0.0 0.0 0.0 0.0 0.0 0.0 0.0 0.0 0.0 0.0 0.0
39.581 21.54 4.097 -6.656 -4.702 -6.936 -1.879 -1.243 -2.245 -0.449 2 2 2 0 0 0 0 1 0 0 0 0 0 1 0 0 1 0 0 0 0 1 0 2 12 1 0 2 2 0 1 0 1 0 1 0 1 0 0 0 0 1 0 0 0 0 1 0 0 0 0 1 0 0 1 0 0 1 0 12 2 12 3 13 2 0.813 0 0 0 0 1 15 12 1 7 8 0 11 5 1.0 0.333333333333 3.0 12.0 0.857142857143 14.0 0.0 0.0 0.0 0.0 0.0 0.0 0.0 0.0 0.0 0.0 0.0 0.0 0.0 0.0 0.0 0.0 0.0 0.0 0.0 0.0 0.0 0.0 0.0 0.0 0.0 0.0 0.0 0.0 0.0 0.0 0.0 1.0 0.0 0.0 0.0 0.0 0.0 0.0 0.0 0.0 0.0 0.0 0.0 0.0 0.0 0.0 0.0 0.0 0.0 0.0 0.0 0.0 0.0 0.0 0.0 0.0 0.0 0.0 0.0 0.0
-0.922 15.202 16.867 16.284 14.023 17.298 11.768 13.857 10.022 8.418 2 2 2 0 1 0 0 0 0 0 0 0 0 1 0 0 0 0 0 1 0 1 0 1 13 1 0 1 3 0 1 0 1 0 1 0 1 0 0 0 0 1 0 0 0 0 0 0 0 1 0 1 0 0 1 0 0 1 0 13 1 13 2 14 1 0.875 0 1 0 0 0 142 7 12 0 9 0 1 15 1.0 0.333333333333 3.0 13.0 0.928571428571 14.0 1.0 1.0 0.0 0.0 0.0 0.0 0.0 0.0 0.0 0.0 0.0 0.0 0.0 0.0 0.0 0.0 0.0 0.0 0.0 0.0 0.0 0.0 0.0 0.0 0.0 0.0 1.0 0.0 0.0 0.0 0.0 0.0 0.0 0.0 0.0 0.0 0.0 0.0 0.0 0.0 0.0 0.0 0.0 0.0 0.0 0.0 0.0 0.0 0.0 0.0 0.0 0.0 0.0 0.0 0.0 0.0 0.0 0.0 0.0 0.0
3.66 2.884 -7.128 -14.711 -14.32 -19.965 -26.86 19.319 79.733 69.91 2 2 0 0 0 0 0 1 0 0 1 0 0 0 0 1 0 0 0 0 0 1 0 0 14 1 0 0 4 0 1 0 1 0 1 0 0 0 0 1 0 1 0 0 0 1 0 0 0 0 0 1 0 0 1 0 1 0 0 14 0 14 1 1 1 0.333 0 0 0 0 1 586 7 12 0 9 1 11 13 2.0 0.666666666667 3.0 0.0 0.0 1.0 1.0 1.0 0.0 0.0 0.0 0.0 0.0 0.0 0.0 0.0 0.0 0.0 0.0 0.0 0.0 0.0 0.0 0.0 0.0 0.0 0.0 0.0 0.0 0.0 0.0 0.0 1.0 0.0 0.0 0.0 0.0 0.0 0.0 0.0 0.0 0.0 0.0 0.0 0.0 0.0 0.0 0.0 0.0 0.0 0.0 0.0 0.0 0.0 0.0 0.0 0.0 0.0 0.0 0.0 0.0 0.0 0.0 0.0 0.0 0.0
