42.591 42.683 36.049 3.038 -23.149 -36.797 -45.126 -48.712 -47.726 -43.083 2 0 2 0 1 0 0 0 0 1 0 0 0 0 0 0 0 0 0 1 0 0 5 14 0 0 5 4 0 0 1 0 1 0 1 0 130 0 0 0 1 0 0 0 1 0 0 0 0 0 1 0 0 0 0 1 0 1 0 0 0 1 0 0 14 0 15 1 6 0.125 0 1 0 0 0 1781 8
-28.298 2.615 36.634 69.03 82.569 81.508 71.439 58.334 40.992 21.305 2 2 2 0 0 0 0 1 0 0 1 0 0 0 0 0 0 0 1 0 0 0 5 13 1 0 5 3 1 0 1 0 1 0 1 0 0 0 0 0 1 0 0 0 0 1 0 0 0 0 1 0 0 0 0 1 0 0 1 0 0 1 0 1 13 1 14 2 5 0.25 0 0 0 0 1 831 8
6.202 -2.039 -9.435 -15.839 -24.934 -29.732 -31.691 -34.24 -40.786 -49.511 2 2 2 0 0 0 1 0 0 0 0 0 0 1 0 0 0 1 0 0 0 0 5 12 2 0 5 2 2 0 1 0 1 0 1 0 0 0 0 0 1 0 0 0 0 1 0 0 0 0 1 0 0 0 0 1 0 0 1 0 0 1 0 2 12 2 13 3 4 0.375 0 0 0 1 0 4 10
-56.661 -58.575 -51.837 -33.828 -22.093 -19.647 -17.702 -10.779 -6.286 -19.486 2 2 2 0 0 1 0 0 0 0 0 0 1 0 0 0 0 0 0 1 0 0 5 11 3 0 5 1 3 0 1 0 1 0 1 0 0 0 0 0 1 0 0 0 0 1 0 0 0 0 1 0 0 0 0 1 0 0 1 0 0 1 0 3 11 3 12 4 3 0.5 0 0 1 0 0 3 6
-34.569 -10.147 66.077 73.461 61.975 39.569 16.116 -7.076 -26.526 -38.62 2 2 2 0 0 0 0 1 0 0 0 1 0 0 1 0 0 0 0 0 0 0 5 10 4 0 5 0 4 0 1 0 1 1 0 128.33299 0 0 128.33299 0 1 0 0 0 0 1 0 0 0 0 1 0 0 0 0 1 0 0 1 0 0 0 1 4 10 4 11 5 2 0.625 0 0 0 0 1 14 3
-40.138 -29.726 -18.649 -7.684 -2.249 -7.615 -13.108 -12.627 -12.789 -32.681 2 2 2 1 0 0 0 0 0 0 0 0 0 1 1 0 0 0 0 0 0 0 4 9 5 0 4 0 5 1 0 0 1 1 0 131.72699 128.33299 128.33299 131.72699 0 1 0 0 0 0 1 0 0 0 0 1 0 0 0 0 0 1 0 1 0 0 0 1 5 9 5 10 6 1 0.75 1 0 0 0 0 502 7
32.06 40.429 38.557 36.851 36.895 34.855 29.785 27.271 27.59 22.773 2 2 2 1 0 0 0 0 1 0 0 0 0 0 1 0 0 0 0 0 0 1 3 8 6 1 3 0 0 1 0 1 0 1 0 130.515 131.72699 131.72699 130.515 0 1 0 0 0 0 1 0 0 0 0 1 0 0 0 0 0 1 0 0 1 0 0 1 6 8 6 9 1 9 0.091 1 0 0 0 0 1386 5
20.039 22.746 26.101 25.832 20.749 20.247 20.751 19.585 19.185 27.792 2 2 2 1 0 0 0 0 1 0 0 0 0 0 0 0 0 0 0 1 0 2 2 7 7 2 2 3 0 1 0 1 0 0 1 128.909 130.515 130.515 128.909 0 1 0 0 0 0 1 0 0 0 0 1 0 0 0 0 0 1 0 0 1 0 1 0 7 7 7 8 2 8 0.182 1 0 0 0 0 579 5
38.844 41.438 36.532 25.158 12.828 -4.069 -21.395 -39.006 -61.653 -76.089 2 2 2 0 0 0 0 1 1 0 0 0 0 0 0 0 0 0 0 1 0 3 2 6 8 3 2 2 0 0 1 1 0 0 1 0 128.909 128.909 0 0 1 0 0 0 0 1 0 0 0 0 1 0 0 0 0 1 0 0 0 1 0 1 0 8 6 8 7 3 7 0.273 0 0 0 0 1 782 5
-75.245 -56.649 -16.644 -10.31 -29.872 -68.918 -99.193 -100.971 -86.697 -58.123 2 2 2 0 0 0 0 1 0 0 0 0 0 1 0 0 0 1 0 0 0 3 2 5 9 3 2 1 1 0 1 0 1 0 1 0 0 0 0 0 1 0 0 0 0 1 0 0 0 0 1 0 0 0 0 1 0 0 1 0 0 1 0 9 5 9 6 4 6 0.364 0 0 0 0 1 778 5
-45.666 -34.792 -20.731 -8.416 -19.862 -35.523 -35.727 -32.187 -25.917 -23.465 2 2 2 0 0 1 0 0 0 0 0 0 0 1 1 0 0 0 0 0 0 3 2 4 10 3 2 0 2 0 1 0 1 1 0 121.061 0 0 121.061 0 1 0 0 0 0 1 0 0 0 0 1 0 0 0 0 1 0 0 1 0 0 0 1 10 4 10 5 5 5 0.455 0 0 1 0 0 7 2
-11.969 42.83 94.324 102.083 102.677 102.523 104.046 113.679 125.885 120.248 2 2 2 1 0 0 0 0 0 0 0 1 0 0 0 0 1 0 0 0 0 3 1 3 11 3 1 1 3 1 0 0 1 0 1 124.061 121.061 121.061 124.061 0 1 0 0 0 0 1 0 0 0 0 1 0 0 0 0 0 1 0 1 0 0 1 0 11 3 11 4 6 4 0.545 1 0 0 0 0 2423 5
99.358 77.738 55.999 34.176 15.891 -27.23 -77.371 -101.409 -110.891 -115.948 2 2 2 0 1 0 0 0 1 0 0 0 0 0 1 0 0 0 0 0 0 4 1 2 12 4 1 0 0 0 1 1 0 1 0 118.636 124.061 124.061 118.636 0 1 0 0 0 0 1 0 0 0 0 1 0 0 0 0 1 0 0 0 1 0 0 1 12 2 12 3 7 3 0.636 0 1 0 0 0 417 5
-93.908 -44.402 7.062 41.519 45.759 46.042 44.728 42.344 40.641 41.195 2 2 2 1 0 0 0 0 0 0 1 0 0 0 0 0 0 0 0 1 0 4 0 1 13 4 0 1 1 1 0 0 1 0 1 121.636 118.636 118.636 121.636 0 1 0 0 0 0 1 0 0 0 0 0 0 1 0 0 0 1 0 1 0 0 1 0 13 1 13 2 8 2 0.727 1 0 0 0 0 2423 5
48.597 52.791 49.143 42.217 7.231 -54.471 -104.047 -146.543 -142.753 -37.552 2 2 0 0 0 0 0 1 1 0 0 0 0 0 0 1 0 0 0 0 0 5 0 0 14 5 0 0 0 0 1 1 0 0 1 110 121.636 121.636 0 0 0 0 1 0 0 1 0 0 0 1 0 0 0 0 0 1 0 0 0 1 1 0 0 14 0 14 1 9 1 0.818 0 0 0 0 1 312 5
