243.022625921 242.741001204 242.191336074 241.400279962 240.406535301 239.259403208 238.016959037 236.74394651 235.509490199 234.384730866 2 0 2 0 0 1 0 0 0 1 0 0 0 0 0 0 0 1 0 0 0 0 5 11 0 0 5 1 0 0 1 0 1 0 1 0 130 0 0 0 1 0 0 0 1 0 0 0 0 0 1 0 0 0 0 1 0 1 0 0 0 1 0 0 11 0 12 1 12 0.071 0 0 1 0 0 111 12
233.440486444 232.745033397 232.362089651 232.349062072 232.755600247 233.622475399 234.980780613 236.8514277 239.244898639 242.161196966 2 2 2 0 0 1 0 0 0 0 0 1 0 0 1 0 0 0 0 0 0 0 5 10 1 0 5 0 1 0 1 0 1 1 0 131.29601 0 0 131.29601 0 1 0 0 0 0 1 0 0 0 0 1 0 0 0 0 1 0 0 1 0 0 0 1 1 10 1 11 2 11 0.143 0 0 1 0 0 40 12
245.58993764 249.510513479 253.89228225 258.694730551 263.867587833 269.350885014 275.074975385 280.960559034 286.918773748 292.85143324 2 2 2 1 0 0 0 0 0 0 0 1 0 0 1 0 0 0 0 0 0 0 4 9 2 0 4 0 2 1 0 0 1 1 0 134.55551 131.29601 131.29601 134.55551 0 1 0 0 0 0 1 0 0 0 0 1 0 0 0 0 0 1 0 1 0 0 0 1 2 9 2 10 3 10 0.214 1 0 0 0 0 776 8
298.651505728 304.203930784 309.386868817 314.073464908 318.134187018 321.439768386 323.86474657 325.291548827 325.615027887 324.74730628 2 2 2 1 0 0 0 0 1 0 0 0 0 0 0 0 0 0 0 1 0 1 3 8 3 1 3 2 0 1 0 1 0 0 1 132.815 134.55551 134.55551 132.815 0 1 0 0 0 0 1 0 0 0 0 1 0 0 0 0 0 1 0 0 1 0 1 0 3 8 3 9 4 9 0.286 1 0 0 0 0 1200 8
322.622744317 319.202809712 314.48059853 308.48474037 301.282417577 292.981240294 283.729747025 273.716343919 263.166554054 252.338518604 2 2 2 0 0 0 0 1 1 0 0 0 0 0 0 0 1 0 0 0 0 2 3 7 4 2 3 1 0 0 1 1 0 0 1 0 132.815 132.815 0 0 1 0 0 0 0 1 0 0 0 0 1 0 0 0 0 1 0 0 0 1 0 1 0 4 7 4 8 5 8 0.357 0 0 0 0 1 220 6
241.516772047 231.004399803 221.113774796 212.156154699 204.430499416 198.211933968 193.740331235 191.20951821 190.757615882 192.459004779 2 2 2 0 1 0 0 0 0 0 0 0 0 1 1 0 0 0 0 0 0 2 3 6 5 2 3 0 1 0 1 0 1 1 0 125.37 0 0 125.37 0 1 0 0 0 0 1 0 0 0 0 1 0 0 0 0 1 0 0 1 0 0 0 1 5 6 5 7 6 7 0.429 0 1 0 0 0 259 7
196.318365061 202.267172555 210.162942355 219.791402804 230.871659259 243.064274398 255.98205605 269.203211083 282.286401474 294.787132655 2 2 2 1 0 0 0 0 0 0 1 0 0 0 0 0 0 1 0 0 0 2 2 5 6 2 2 2 2 1 0 0 1 0 1 128.37 125.37 125.37 128.37 0 1 0 0 0 0 1 0 0 0 0 1 0 0 0 0 0 1 0 1 0 0 1 0 6 5 6 6 7 6 0.5 1 0 0 0 0 30 6
306.27482042 316.349826145 324.659724448 330.914075312 334.897014764 336.477053744 335.61358129 332.359701467 326.861188144 319.351510927 2 2 2 0 0 1 0 0 1 0 0 0 0 0 0 0 0 0 0 1 0 3 2 4 7 3 2 1 0 0 1 1 0 0 1 0 128.37 128.37 0 0 1 0 0 0 0 1 0 0 0 0 1 0 0 0 0 1 0 0 0 1 0 1 0 7 4 7 5 8 5 0.571 0 0 1 0 0 41 6
310.143061708 299.614886208 288.197390067 276.354636628 264.564975814 253.300834241 243.008550789 234.089155952 226.880965856 221.644793408 2 2 2 0 0 0 0 1 0 0 0 1 0 0 1 0 0 0 0 0 0 3 2 3 8 3 2 0 1 0 1 0 1 1 0 120.926 0 0 120.926 0 1 0 0 0 0 1 0 0 0 0 1 0 0 0 0 1 0 0 1 0 0 0 1 8 3 8 4 9 4 0.643 0 0 0 0 1 220 6
218.552472008 217.679246009 219.000412813 222.392411536 227.638351447 234.437769111 242.420206062 251.162018335 260.205674109 269.080673669 2 2 2 1 0 0 0 0 0 0 0 0 0 1 1 0 0 0 0 0 0 3 1 2 9 3 1 0 2 1 0 0 1 1 0 124.185 120.926 120.926 124.185 0 1 0 0 0 0 1 0 0 0 0 1 0 0 0 0 0 1 0 1 0 0 0 1 9 2 9 3 10 3 0.714 1 0 0 0 0 579 7
277.325143119 284.507114136 290.244508874 294.222901977 296.210228632 296.067744273 293.756711945 289.340489529 282.9819019 274.936002667 2 2 2 1 0 0 0 0 1 0 0 0 0 0 0 0 1 0 0 0 0 4 0 1 10 4 0 1 0 1 0 1 0 0 1 122.444 124.185 124.185 122.444 0 1 0 0 0 0 1 0 0 0 0 0 0 1 0 0 0 1 0 0 1 0 1 0 10 1 10 2 11 2 0.786 1 0 0 0 0 1200 5
265.538545972 255.190690689 244.340637506 233.463045299 223.03717974 213.524809035 205.348875997 198.873941372 194.389312104 192.095643671 2 2 0 0 1 0 0 0 1 0 0 0 0 0 0 1 0 0 0 0 0 5 0 0 11 5 0 0 0 0 1 1 0 0 1 110 122.444 122.444 0 0 0 0 1 0 0 1 0 0 0 1 0 0 0 0 0 1 0 0 0 1 1 0 0 11 0 11 1 12 1 0.857 0 1 0 0 0 675 5
