230.420580038 230.410279955 230.389685837 230.358809805 230.317670109 230.266291208 230.204703877 230.132945335 230.051059408 229.959096704 2 0 2 0 0 1 0 0 0 1 0 0 0 0 0 0 0 0 0 1 0 0 1 22 0 0 1 20 0 0 1 0 1 0 1 0 130 0 0 0 1 0 0 0 1 0 0 0 0 0 1 0 0 0 0 1 0 1 0 0 0 1 0 0 22 0 23 1 6 0.125 0 0 1 0 0 483 5
229.857114819 229.745178561 229.623360191 229.491739692 229.350405044 229.19945252 229.038986997 228.869122273 228.689981397 228.501697007 2 2 2 0 0 0 0 1 0 0 0 1 0 0 0 0 1 0 0 0 0 0 1 21 1 0 1 19 1 0 1 0 1 0 1 0 0 0 0 0 1 0 0 0 0 1 0 0 0 0 1 0 0 0 0 1 0 0 1 0 0 1 0 1 21 1 22 2 5 0.25 0 0 0 0 1 255 5
228.304411669 228.098278221 227.883460119 227.660131777 227.428478907 227.188698847 226.94100088 226.685606548 226.422749938 226.152677967 2 2 2 0 1 0 0 0 0 0 0 0 0 1 0 0 0 1 0 0 0 0 1 20 2 0 1 18 2 0 1 0 1 0 1 0 0 0 0 0 1 0 0 0 0 1 0 0 0 0 1 0 0 0 0 1 0 0 1 0 0 1 0 2 20 2 21 3 4 0.375 0 1 0 0 0 258 11
225.87565063 225.591941237 225.301836626 225.005637339 224.703657776 224.396226319 224.083685413 223.766391618 223.44471562 223.119042206 2 2 2 0 0 1 0 0 0 0 1 0 0 0 0 0 0 0 0 1 0 0 1 19 3 0 1 17 3 0 1 0 1 0 1 0 0 0 0 0 1 0 0 0 0 1 0 0 0 0 1 0 0 0 0 1 0 0 1 0 0 1 0 3 19 3 20 4 3 0.5 0 0 1 0 0 1056 11
222.789770187 222.457312288 222.122094985 221.784558302 221.445155554 221.104353043 220.762629707 220.420476712 220.078396998 219.73690477 2 2 2 0 0 0 0 1 0 0 0 1 0 0 0 0 0 0 0 1 0 0 1 18 4 0 1 16 4 0 1 0 1 0 1 0 0 0 0 0 1 0 0 0 0 1 0 0 0 0 1 0 0 0 0 1 0 0 1 0 0 1 0 4 18 4 19 5 2 0.625 0 0 0 0 1 470 5
219.396524938 219.057792506 218.721251906 218.387456282 218.056966721 217.73035144 217.40818491 217.091046949 216.779521749 216.474196874 2 2 2 0 0 0 0 1 0 0 0 0 0 1 0 0 1 0 0 0 0 0 1 17 5 0 1 15 5 0 1 0 1 0 1 0 0 0 0 0 1 0 0 0 0 1 0 0 0 0 1 0 0 0 0 1 0 0 1 0 0 1 0 5 17 5 18 6 1 0.75 0 0 0 0 1 228 5
216.175662201 215.884508828 215.601327934 215.326709608 215.061241637 214.805508265 214.560088918 214.325556905 214.102478093 213.89140956 2 2 2 0 1 0 0 0 0 0 0 0 0 1 0 0 0 0 0 1 0 0 1 16 6 0 1 14 6 0 1 0 1 0 1 0 0 0 0 0 1 0 0 0 0 1 0 0 0 0 1 0 0 0 0 1 0 0 1 0 0 1 0 6 16 6 17 1 4 0.167 0 1 0 0 0 115 11
213.692898231 213.507479504 213.335675857 213.177995452 213.034930741 212.906957062 212.794531249 212.698090246 212.618049733 212.554802774 2 2 2 0 0 0 0 1 0 0 1 0 0 0 0 0 0 0 0 1 0 0 1 15 7 0 1 13 7 0 1 0 1 0 1 0 0 0 0 0 1 0 0 0 0 1 0 0 0 0 1 0 0 0 0 1 0 0 1 0 0 1 0 7 15 7 16 2 3 0.333 0 0 0 0 1 944 11
212.508718479 212.480140696 212.469386732 212.476746104 212.502479331 212.546816769 212.609957485 212.69206819 212.793282217 212.913698562 2 2 2 0 0 0 0 1 0 0 0 0 0 1 0 0 0 0 0 1 0 0 1 14 8 0 1 12 8 0 1 0 1 0 1 0 0 0 0 0 1 0 0 0 0 1 0 0 0 0 1 0 0 0 0 1 0 0 1 0 0 1 0 8 14 8 15 3 2 0.5 0 0 0 0 1 78 5
213.053380985 213.212357177 213.390617991 213.588116749 213.804768625 214.040450101 214.294998509 214.568211652 214.859847516 215.169624068 2 2 2 0 0 0 0 1 0 0 0 0 0 1 0 0 0 1 0 0 0 0 1 13 9 0 1 11 9 0 1 0 1 0 1 0 0 0 0 0 1 0 0 0 0 1 0 0 0 0 1 0 0 0 0 1 0 0 1 0 0 1 0 9 13 9 14 4 1 0.667 0 0 0 0 1 166 5
215.497219144 215.84227043 216.20437554 216.583092182 216.977938432 217.388393094 217.813896168 218.253849409 218.707616994 219.174526275 2 2 2 0 0 1 0 0 0 0 0 0 0 1 0 0 0 1 0 0 0 0 1 12 10 0 1 10 10 0 1 0 1 0 1 0 0 0 0 0 1 0 0 0 0 1 0 0 0 0 1 0 0 0 0 1 0 0 1 0 0 1 0 10 12 10 13 1 4 0.167 0 0 1 0 0 73 11
219.653868646 220.144900492 220.64684425 221.158889553 221.680194475 222.20988687 222.747065793 223.290803021 223.840144648 224.394112773 2 2 2 0 0 1 0 0 0 0 0 1 0 0 0 0 0 1 0 0 0 0 1 11 11 0 1 9 11 0 1 0 1 0 1 0 0 0 0 0 1 0 0 0 0 1 0 0 0 0 1 0 0 0 0 1 0 0 1 0 0 1 0 11 11 11 12 2 3 0.333 0 0 1 0 0 112 11
224.951707258 225.511907572 226.073674702 226.635953133 227.197672897 227.75775168 228.315096985 228.868608351 229.417179612 229.959701205 2 2 2 0 0 1 0 0 0 0 0 1 0 0 0 0 1 0 0 0 0 0 1 10 12 0 1 8 12 0 1 0 1 0 1 0 0 0 0 0 1 0 0 0 0 1 0 0 0 0 1 0 0 0 0 1 0 0 1 0 0 1 0 12 10 12 11 3 2 0.5 0 0 1 0 0 538 11
230.495062511 231.022154228 231.539870771 232.047112693 232.542789115 233.025820178 233.495139483 233.949696538 234.388459192 234.810416057 2 2 2 0 1 0 0 0 0 0 0 1 0 0 0 0 0 1 0 0 0 0 1 9 13 0 1 7 13 0 1 0 1 0 1 0 0 0 0 0 1 0 0 0 0 1 0 0 0 0 1 0 0 0 0 1 0 0 1 0 0 1 0 13 9 13 10 4 1 0.667 0 1 0 0 0 82 11
235.214578908 235.599985054 235.965699678 236.310818139 236.634468229 236.935812373 237.214049784 237.468418544 237.698197624 237.902708829 2 2 2 0 0 1 0 0 0 0 1 0 0 0 0 0 0 1 0 0 0 0 1 8 14 0 1 6 14 0 1 0 1 0 1 0 0 0 0 0 1 0 0 0 0 1 0 0 0 0 1 0 0 0 0 1 0 0 1 0 0 1 0 14 8 14 9 1 9 0.091 0 0 1 0 0 1114 11
238.081318662 238.233440104 238.358534311 238.456112208 238.525735991 238.56702052 238.579634613 238.563302219 238.517803484 238.442975696 2 2 2 0 0 1 0 0 0 0 0 1 0 0 0 0 0 1 0 0 0 0 1 7 15 0 1 5 15 0 1 0 1 0 1 0 0 0 0 0 1 0 0 0 0 1 0 0 0 0 1 0 0 0 0 1 0 0 1 0 0 1 0 15 7 15 8 2 8 0.182 0 0 1 0 0 7 11
238.338714102 238.204972614 238.041764371 237.849162189 237.627298864 237.376367351 237.096620805 236.788372489 236.45199554 236.087922605 2 2 2 0 0 1 0 0 0 0 0 1 0 0 0 0 0 0 1 0 0 0 1 6 16 0 1 4 16 0 1 0 1 0 1 0 0 0 0 0 1 0 0 0 0 1 0 0 0 0 1 0 0 0 0 1 0 0 1 0 0 1 0 16 6 16 7 3 7 0.273 0 0 1 0 0 203 11
235.696645335 235.278713748 234.834735445 234.365374708 233.87135145 233.353440035 232.812467981 232.249314514 231.664909018 231.060229348 2 2 2 0 0 0 1 0 0 0 0 1 0 0 0 0 1 0 0 0 0 0 1 5 17 0 1 3 17 0 1 0 1 0 1 0 0 0 0 0 1 0 0 0 0 1 0 0 0 0 1 0 0 0 0 1 0 0 1 0 0 1 0 17 5 17 6 4 6 0.364 0 0 0 1 0 1316 11
230.436300032 229.794190357 229.135012341 228.459918599 227.770100111 227.066783886 226.351230535 225.624731761 224.88860776 224.144204553 2 2 2 0 1 0 0 0 0 0 0 0 1 0 0 0 0 0 0 1 0 0 1 4 18 0 1 2 18 0 1 0 1 0 1 0 0 0 0 0 1 0 0 0 0 1 0 0 0 0 1 0 0 0 0 1 0 0 1 0 0 1 0 18 4 18 5 5 5 0.455 0 1 0 0 0 9 11
223.392891241 222.636057202 221.875109226 221.1114686 220.346568152 219.581849249 218.818758771 218.058746061 217.303259854 216.553745198 2 2 2 0 0 0 0 1 0 0 1 0 0 0 0 0 0 0 1 0 0 0 1 3 19 0 1 1 19 0 1 0 1 0 1 0 0 0 0 0 1 0 0 0 0 1 0 0 0 0 1 0 0 0 0 1 0 0 1 0 0 1 0 19 3 19 4 6 4 0.545 0 0 0 0 1 1084 11
215.811640374 215.078373821 214.35536107 213.644001695 212.945676303 212.26174354 211.593537149 210.942363074 210.309496615 209.696179646 2 2 2 0 0 0 1 0 0 0 0 0 0 1 1 0 0 0 0 0 0 0 1 2 20 0 1 0 20 0 1 0 1 1 0 117.449 0 0 117.449 0 1 0 0 0 0 1 0 0 0 0 1 0 0 0 0 1 0 0 1 0 0 0 1 20 2 20 3 7 3 0.636 0 0 0 1 0 2 9
209.103617904 208.532978346 207.985386592 207.461924452 206.963627548 206.491483034 206.046427415 205.629344487 205.241063376 204.882356711 2 2 2 1 0 0 0 0 0 0 0 0 1 0 0 0 0 1 0 0 0 0 0 1 21 0 0 1 21 1 0 0 1 0 1 120.449 117.449 117.449 120.449 0 1 0 0 0 0 1 0 0 0 0 0 0 1 0 0 0 1 0 1 0 0 1 0 21 1 21 2 8 2 0.727 1 0 0 0 0 1880 5
204.553938907 204.256464588 203.99052713 203.756657346 203.555322312 203.38692432 203.251799992 203.150219529 203.082386109 203.048435436 2 2 0 0 0 1 0 0 1 0 0 0 0 0 0 1 0 0 0 0 0 1 0 0 22 1 0 0 0 0 1 1 0 0 1 110 120.449 120.449 0 0 0 0 1 0 0 1 0 0 0 1 0 0 0 0 0 1 0 0 0 1 1 0 0 22 0 22 1 9 1 0.818 0 0 1 0 0 542 5
