62.284 59.107 48.106 47.241 48.363 46.398 45.05 44.531 42.404 44.746 2 0 2 1 0 0 0 0 0 1 0 0 0 0 0 0 0 0 0 1 0 0 2 16 0 0 2 2 0 1 0 0 1 0 1 137.459 134.459 0 137.459 0 1 0 0 0 1 0 0 0 0 0 1 0 0 0 0 0 1 1 0 0 0 1 0 0 16 0 17 1 2 0.25 1 0 0 0 0 1119 14
49.896 43.387 25.978 3.538 -19.563 -38.627 -51.75 -61.863 -64.027 -71.078 2 2 2 0 0 0 0 1 1 0 0 0 0 0 0 0 0 1 0 0 0 0 2 15 1 0 2 1 0 0 1 1 0 0 1 0 137.459 137.459 0 0 1 0 0 0 0 1 0 0 0 0 1 0 0 0 0 1 0 0 0 1 0 1 0 1 15 1 16 2 1 0.5 0 0 0 0 1 33 14
-79.4 -77.785 -76.124 -74.498 -81.35 -88.427 -82.067 -63.688 -35.42 -15.769 2 2 2 0 0 1 0 0 0 0 0 0 0 1 1 0 0 0 0 0 0 0 2 14 2 0 2 0 1 0 1 0 1 1 0 131.216 0 0 131.216 0 1 0 0 0 0 1 0 0 0 0 1 0 0 0 0 1 0 0 1 0 0 0 1 2 14 2 15 1 8 0.1 0 0 1 0 0 62 12
-5.363 10.27 26.179 42.088 59.52 72.554 78.484 78.742 58.036 -15.983 2 2 2 1 0 0 0 0 0 0 0 1 0 0 0 0 0 0 0 1 0 0 1 13 3 0 1 2 2 1 0 0 1 0 1 134.216 131.216 131.216 134.216 0 1 0 0 0 0 1 0 0 0 0 1 0 0 0 0 0 1 0 1 0 0 1 0 3 13 3 14 2 7 0.2 1 0 0 0 0 349 12
-97.783 -137.278 -94.986 14.168 103.04 116.436 100.076 70.446 37.427 13.141 2 2 2 0 0 0 0 1 1 0 0 0 0 0 0 0 1 0 0 0 0 1 1 12 4 1 1 1 0 0 1 1 0 0 1 0 134.216 134.216 0 0 1 0 0 0 0 1 0 0 0 0 1 0 0 0 0 1 0 0 0 1 0 1 0 4 12 4 13 3 6 0.3 0 0 0 0 1 488 8
-2.809 -16.064 -36.068 -54.7 -67.745 -73.174 -76.084 -73.229 -63.929 -48.802 2 2 2 0 1 0 0 0 0 0 0 0 0 1 1 0 0 0 0 0 0 1 1 11 5 1 1 0 1 0 1 0 1 1 0 127.97301 0 0 127.97301 0 1 0 0 0 0 1 0 0 0 0 1 0 0 0 0 1 0 0 1 0 0 0 1 5 11 5 12 4 5 0.4 0 1 0 0 0 1222 8
-25.928 -0.744 21.981 44.491 61.661 65.431 66.179 69.311 70.378 57.536 2 2 2 1 0 0 0 0 0 0 1 0 0 0 0 0 0 1 0 0 0 1 0 10 6 1 0 10 2 1 0 0 1 0 1 130.97301 127.97301 127.97301 130.97301 0 1 0 0 0 0 1 0 0 0 0 1 0 0 0 0 0 1 0 1 0 0 1 0 6 10 6 11 5 4 0.5 1 0 0 0 0 12 1
47.185 45.996 44.132 32.836 13.001 -5.593 -11.54 -9.792 -0.358 10.262 2 2 2 0 0 1 0 0 1 0 0 0 0 0 0 0 0 1 0 0 0 2 0 9 7 2 0 9 0 0 1 1 0 0 1 0 130.97301 130.97301 0 0 1 0 0 0 0 1 0 0 0 0 1 0 0 0 0 1 0 0 0 1 0 1 0 7 9 7 10 6 3 0.6 0 0 1 0 0 13 1
12.954 7.453 -0.446 -8.383 -15.785 -20.306 -33.144 -51.298 -46.663 -28.161 2 2 2 0 0 1 0 0 0 0 0 1 0 0 0 0 0 0 1 0 0 2 0 8 8 2 0 8 1 0 1 0 1 0 1 0 0 0 0 0 1 0 0 0 0 1 0 0 0 0 1 0 0 0 0 1 0 0 1 0 0 1 0 8 8 8 9 7 2 0.7 0 0 1 0 0 72 5
-16.047 3.835 24.829 37.3 33.438 31.347 31.526 31.665 25.132 -7.122 2 2 2 0 0 0 1 0 0 0 0 1 0 0 0 0 1 0 0 0 0 2 0 7 9 2 0 7 2 0 1 0 1 0 1 0 0 0 0 0 1 0 0 0 0 1 0 0 0 0 1 0 0 0 0 1 0 0 1 0 0 1 0 9 7 9 8 8 1 0.8 0 0 0 1 0 31 5
-95.646 -64.422 -30.305 -29.852 -44.505 -58.14 -72.582 -83.366 -85.05 -84.83 2 2 2 0 1 0 0 0 0 0 0 0 1 0 0 0 0 0 1 0 0 2 0 6 10 2 0 6 3 0 1 0 1 0 1 0 0 0 0 0 1 0 0 0 0 1 0 0 0 0 1 0 0 0 0 1 0 0 1 0 0 1 0 10 6 10 7 1 7 0.111 0 1 0 0 0 2499 8
-64.057 -31.664 -19.309 -10.225 -7.884 -5.361 -0.2 6.735 18.867 34.861 2 2 2 0 0 0 1 0 0 0 1 0 0 0 0 0 0 0 0 1 0 2 0 5 11 2 0 5 4 0 1 0 1 0 1 0 0 0 0 0 1 0 0 0 0 1 0 0 0 0 1 0 0 0 0 1 0 0 1 0 0 1 0 11 5 11 6 2 6 0.222 0 0 0 1 0 284 8
46.768 50.21 57.251 77.864 100.762 118.669 126.315 128.168 122.859 106.397 2 2 2 0 0 0 0 1 0 0 0 0 1 0 0 0 1 0 0 0 0 2 0 4 12 2 0 4 5 0 1 0 1 0 1 0 0 0 0 0 1 0 0 0 0 1 0 0 0 0 1 0 0 0 0 1 0 0 1 0 0 1 0 12 4 12 5 3 5 0.333 0 0 0 0 1 93 5
75.732 41.463 15.901 -0.122 -11.141 -28.464 -62.322 -82.517 -89.251 -83.901 2 2 2 0 1 0 0 0 0 0 0 0 0 1 0 0 0 0 1 0 0 2 0 3 13 2 0 3 6 0 1 0 1 0 1 0 0 0 0 0 1 0 0 0 0 1 0 0 0 0 1 0 0 0 0 1 0 0 1 0 0 1 0 13 3 13 4 4 4 0.444 0 1 0 0 0 546 5
-67.972 -55.842 -47.532 -44.208 -42.111 -38.989 -35.112 -31.552 -27.106 -20.288 2 2 2 0 0 0 1 0 0 0 1 0 0 0 0 0 0 1 0 0 0 2 0 2 14 2 0 2 7 0 1 0 1 0 1 0 0 0 0 0 1 0 0 0 0 1 0 0 0 0 1 0 0 0 0 1 0 0 1 0 0 1 0 14 2 14 3 5 3 0.556 0 0 0 1 0 2 9
-12.01 -2.459 6.354 13.813 10.143 -13.282 -25.148 -22.007 3.576 31.428 2 2 2 0 0 1 0 0 0 0 0 0 1 0 0 0 0 0 0 1 0 2 0 1 15 2 0 1 8 0 1 0 1 0 1 0 0 0 0 0 1 0 0 0 0 1 0 0 0 0 0 0 1 0 0 1 0 0 1 0 0 1 0 15 1 15 2 6 2 0.667 0 0 1 0 0 81 5
60.893 72.987 84.511 95.926 68.237 22.536 -24.966 -61.424 -64.112 -72.742 2 2 0 0 0 0 0 1 0 0 0 1 0 0 0 1 0 0 0 0 0 2 0 0 16 2 0 0 9 0 1 0 1 0 1 110 0 0 0 0 0 0 1 0 0 1 0 0 0 1 0 0 0 0 0 1 0 0 1 0 1 0 0 16 0 16 1 7 1 0.778 0 0 0 0 1 662 5
