69.239 69.417 69.772 70.304 71.01 69.259 59.577 48.94 26.167 10.737 2 0 2 0 0 0 0 1 0 1 0 0 0 0 0 0 0 0 0 1 0 0 1 16 0 0 1 1 0 0 1 0 1 0 1 0 130 0 0 0 1 0 0 0 1 0 0 0 0 0 1 0 0 0 0 1 0 1 0 0 0 1 0 0 16 0 17 1 12 0.071 0 0 0 0 1 1269 12
4.263 -3.976 -18.627 -30.392 -41.527 -56.842 -70.106 -75.647 -75.304 -73.775 2 2 2 0 0 0 0 1 0 0 0 0 0 1 1 0 0 0 0 0 0 0 1 15 1 0 1 0 1 0 1 0 1 1 0 132.297 0 0 132.297 0 1 0 0 0 0 1 0 0 0 0 1 0 0 0 0 1 0 0 1 0 0 0 1 1 15 1 16 2 11 0.143 0 0 0 0 1 99 12
-69.438 -48.674 -17.46 -0.95 2.333 1.527 3.075 6.057 9.149 10.836 2 2 2 1 0 0 0 0 0 0 0 0 0 1 0 0 0 0 0 1 0 0 0 14 2 0 0 14 2 1 0 0 1 0 1 135.297 132.297 132.297 135.297 0 1 0 0 0 0 1 0 0 0 0 1 0 0 0 0 0 1 0 1 0 0 1 0 2 14 2 15 3 10 0.214 1 0 0 0 0 126 8
12.696 16.69 20.87 24.309 10.319 -26.645 -46.738 -55.327 -59.2 -61.896 2 2 2 0 0 0 0 1 1 0 0 0 0 0 0 0 0 1 0 0 0 1 0 13 3 1 0 13 0 0 1 1 0 0 1 0 135.297 135.297 0 0 1 0 0 0 0 1 0 0 0 0 1 0 0 0 0 1 0 0 0 1 0 1 0 3 13 3 14 4 9 0.286 0 0 0 0 1 338 8
-57.815 -47.416 -40.052 -40.414 -48.236 -51.117 -49.37 -36.267 -8.483 23.576 2 2 2 0 0 1 0 0 0 0 0 0 0 1 0 0 0 0 0 1 0 1 0 12 4 1 0 12 1 0 1 0 1 0 1 0 0 0 0 0 1 0 0 0 0 1 0 0 0 0 1 0 0 0 0 1 0 0 1 0 0 1 0 4 12 4 13 5 8 0.357 0 0 1 0 0 170 5
41.25 47.771 59.726 66.83 52.012 26.176 4.48 -0.763 2.257 5.413 2 2 2 0 0 0 0 1 0 0 0 1 0 0 0 0 0 0 0 1 0 1 0 11 5 1 0 11 2 0 1 0 1 0 1 0 0 0 0 0 1 0 0 0 0 1 0 0 0 0 1 0 0 0 0 1 0 0 1 0 0 1 0 5 11 5 12 6 7 0.429 0 0 0 0 1 53 5
12.692 33.948 57.309 80.615 106.198 124.934 126.812 119.081 86.677 41.753 2 2 2 0 0 0 0 1 0 0 0 0 0 1 0 0 0 0 1 0 0 1 0 10 6 1 0 10 3 0 1 0 1 0 1 0 0 0 0 0 1 0 0 0 0 1 0 0 0 0 1 0 0 0 0 1 0 0 1 0 0 1 0 6 10 6 11 7 6 0.5 0 0 0 0 1 559 3
2.696 -23.728 -35.205 -39.501 -43.571 -47.518 -49.277 -48.015 -42.179 -33.883 2 2 2 0 0 0 1 0 0 0 0 0 0 1 0 0 0 1 0 0 0 1 0 9 7 1 0 9 4 0 1 0 1 0 1 0 0 0 0 0 1 0 0 0 0 1 0 0 0 0 1 0 0 0 0 1 0 0 1 0 0 1 0 7 9 7 10 8 5 0.571 0 0 0 1 0 859 3
-25.944 -28.43 -41.045 -60.077 -79.605 -84.576 -81.525 -71.168 -54.149 -42.619 2 2 2 0 0 1 0 0 0 0 0 0 1 0 0 0 0 0 0 1 0 1 0 8 8 1 0 8 5 0 1 0 1 0 1 0 0 0 0 0 1 0 0 0 0 1 0 0 0 0 1 0 0 0 0 1 0 0 1 0 0 1 0 8 8 8 9 9 4 0.643 0 0 1 0 0 591 5
-32.825 -12.854 30.941 55.661 56.947 46.995 32.074 23.401 23.513 28.738 2 2 2 0 0 0 0 1 0 0 0 1 0 0 0 0 0 0 0 1 0 1 0 7 9 1 0 7 6 0 1 0 1 0 1 0 0 0 0 0 1 0 0 0 0 1 0 0 0 0 1 0 0 0 0 1 0 0 1 0 0 1 0 9 7 9 8 10 3 0.714 0 0 0 0 1 101 5
35.864 43.295 55.938 56.819 46.122 30.205 14.188 0.513 -5.898 -12.655 2 2 2 0 0 0 0 1 0 0 0 0 0 1 0 0 0 0 1 0 0 1 0 6 10 1 0 6 7 0 1 0 1 0 1 0 0 0 0 0 1 0 0 0 0 1 0 0 0 0 1 0 0 0 0 1 0 0 1 0 0 1 0 10 6 10 7 11 2 0.786 0 0 0 0 1 121 5
-15.45 -19.193 -25.473 -29.229 -30.38 -30.225 -29.015 -27.672 -26.164 -28.405 2 2 2 0 0 0 1 0 0 0 0 0 0 1 0 0 1 0 0 0 0 1 0 5 11 1 0 5 8 0 1 0 1 0 1 0 0 0 0 0 1 0 0 0 0 1 0 0 0 0 1 0 0 0 0 1 0 0 1 0 0 1 0 11 5 11 6 12 1 0.857 0 0 0 1 0 2 4
29.03 30.102 30.376 21.189 2.441 -19.458 -42.407 -48.656 -48.835 -48.006 2 2 2 0 1 0 0 0 0 0 0 0 1 0 0 0 0 1 0 0 0 1 0 4 12 1 0 4 9 0 1 0 1 0 1 0 0 0 0 0 1 0 0 0 0 1 0 0 0 0 1 0 0 0 0 1 0 0 1 0 0 1 0 12 4 12 5 1 5 0.143 0 1 0 0 0 379 5
-48.051 -47.11 -43.426 -43.715 -44.576 -43.266 -37.446 -22.042 5.224 18.054 2 2 2 0 0 1 0 0 0 0 1 0 0 0 0 0 0 0 1 0 0 1 0 3 13 1 0 3 10 0 1 0 1 0 1 0 0 0 0 0 1 0 0 0 0 1 0 0 0 0 1 0 0 0 0 1 0 0 1 0 0 1 0 13 3 13 4 2 4 0.286 0 0 1 0 0 1174 5
31.975 62.335 95.625 103.661 103.041 102.21 100.515 94.261 81.393 70.061 2 2 2 0 0 0 1 0 0 0 0 1 0 0 0 0 0 0 0 1 0 1 0 2 14 1 0 2 11 0 1 0 1 0 1 0 0 0 0 0 1 0 0 0 0 1 0 0 0 0 1 0 0 0 0 1 0 0 1 0 0 1 0 14 2 14 3 3 3 0.429 0 0 0 1 0 2 4
63.456 60.068 55.378 49.605 40.908 27.137 10.843 -10.281 -25.379 -35.523 2 2 2 0 0 0 0 1 0 0 0 0 1 0 0 0 0 1 0 0 0 1 0 1 15 1 0 1 12 0 1 0 1 0 1 0 0 0 0 0 1 0 0 0 0 1 0 0 0 0 0 0 1 0 0 1 0 0 1 0 0 1 0 15 1 15 2 4 2 0.571 0 0 0 0 1 504 5
-36.119 -29.739 -26.596 -51.743 -75.652 -82.065 -82.547 -77.787 -76.471 -62.046 2 2 0 0 0 1 0 0 0 0 0 0 0 1 0 1 0 0 0 0 0 1 0 0 16 1 0 0 13 0 1 0 1 0 1 110 0 0 0 0 0 0 1 0 0 1 0 0 0 1 0 0 0 0 0 1 0 0 1 0 1 0 0 16 0 16 1 5 1 0.714 0 0 1 0 0 1294 5
