356.796565908 355.739467771 353.642324003 350.538896097 346.478975137 341.527381618 335.762666692 329.275543626 322.167084184 314.546719718 2 0 2 1 0 0 0 0 0 1 0 0 0 0 0 0 0 1 0 0 0 0 4 16 0 0 4 5 0 1 0 0 1 0 1 137.459 134.459 0 137.459 0 1 0 0 0 1 0 0 0 0 0 1 0 0 0 0 0 1 1 0 0 0 1 0 0 16 0 17 1 6 0.125 1 0 0 0 0 404 8
306.53009097 298.236793685 289.788069229 281.304490301 272.903691591 264.698193856 256.793367383 249.285577289 242.260548612 235.791983805 2 2 2 0 0 1 0 0 1 0 0 0 0 0 0 0 0 0 0 1 0 0 4 15 1 0 4 4 0 0 1 1 0 0 1 0 137.459 137.459 0 0 1 0 0 0 0 1 0 0 0 0 1 0 0 0 0 1 0 0 0 1 0 1 0 1 15 1 16 2 5 0.25 0 0 1 0 0 2499 5
229.940459239 224.752620674 220.260690693 216.482293809 213.420597696 211.064761754 209.390677353 208.361977592 207.931288569 208.041688961 2 2 2 0 0 0 0 1 0 0 0 1 0 0 0 0 0 1 0 0 0 0 4 14 2 0 4 3 1 0 1 0 1 0 1 0 0 0 0 0 1 0 0 0 0 1 0 0 0 0 1 0 0 0 0 1 0 0 1 0 0 1 0 2 14 2 15 3 4 0.375 0 0 0 0 1 2460 5
208.628340464 209.620248205 210.94210792 212.516195353 214.264253093 216.109330892 217.977537352 219.799663723 221.512644263 223.060822146 2 2 2 0 0 1 0 0 0 0 0 0 0 1 0 0 0 0 1 0 0 0 4 13 3 0 4 2 2 0 1 0 1 0 1 0 0 0 0 0 1 0 0 0 0 1 0 0 0 0 1 0 0 0 0 1 0 0 1 0 0 1 0 3 13 3 14 4 3 0.5 0 0 1 0 0 42 8
224.396995116 225.483220804 226.291367807 226.803404976 227.01142785 226.917427567 226.532813757 225.877708688 224.980035271 223.874426126 2 2 2 0 0 0 1 0 0 0 0 1 0 0 0 0 1 0 0 0 0 0 4 12 4 0 4 1 3 0 1 0 1 0 1 0 0 0 0 0 1 0 0 0 0 1 0 0 0 0 1 0 0 0 0 1 0 0 1 0 0 1 0 4 12 4 13 5 2 0.625 0 0 0 1 0 4 8
222.600984861 221.203933801 219.730184593 218.227869422 216.744870889 215.327387993 214.018574176 212.857280985 211.876937765 211.104593939 2 2 2 0 1 0 0 0 0 0 0 0 1 0 1 0 0 0 0 0 0 0 4 11 5 0 4 0 4 0 1 0 1 1 0 127.97301 0 0 127.97301 0 1 0 0 0 0 1 0 0 0 0 1 0 0 0 0 1 0 0 1 0 0 0 1 5 11 5 12 6 1 0.75 0 1 0 0 0 868 8
210.560145978 210.255766239 210.195545598 210.375356299 210.782935917 211.398187837 212.193688362 213.135385625 214.183470923 215.293399171 2 2 2 1 0 0 0 0 0 0 1 0 0 0 0 0 0 0 1 0 0 0 3 10 6 0 3 5 5 1 0 0 1 0 1 130.97301 127.97301 127.97301 130.97301 0 1 0 0 0 0 1 0 0 0 0 1 0 0 0 0 0 1 0 1 0 0 1 0 6 10 6 11 1 2 0.25 1 0 0 0 0 1413 8
216.417031803 217.503872817 218.502366812 219.361226746 220.030758884 220.464152923 220.618706517 220.456955483 219.947683566 219.066788932 2 2 2 0 0 0 1 0 1 0 0 0 0 0 0 0 0 1 0 0 0 1 3 9 7 1 3 4 0 0 1 1 0 0 1 0 130.97301 130.97301 0 0 1 0 0 0 0 1 0 0 0 0 1 0 0 0 0 1 0 0 0 1 0 1 0 7 9 7 10 2 1 0.5 0 0 0 1 0 4 10
217.797988227 216.133343211 214.073599318 211.628330082 208.815885977 205.663150758 202.205112769 198.484262808 194.549833847 190.456901218 2 2 2 0 0 1 0 0 0 0 0 0 1 0 0 0 1 0 0 0 0 1 3 8 8 1 3 3 1 0 1 0 1 0 1 0 0 0 0 0 1 0 0 0 0 1 0 0 0 0 1 0 0 0 0 1 0 0 1 0 0 1 0 8 8 8 9 1 9 0.091 0 0 1 0 0 27 21
186.265364639 182.038835658 177.843455679 173.746670706 169.815989257 166.117749608 162.715921612 159.670966889 157.038779223 154.869724569 2 2 2 0 1 0 0 0 0 0 0 1 0 0 0 0 0 0 0 1 0 1 3 7 9 1 3 2 2 0 1 0 1 0 1 0 0 0 0 0 1 0 0 0 0 1 0 0 0 0 1 0 0 0 0 1 0 0 1 0 0 1 0 9 7 9 8 2 8 0.182 0 1 0 0 0 27 21
153.207797325 152.089906438 151.545301666 151.595146921 152.252244218 153.520908405 155.39698964 157.868037567 160.913598452 164.505634111 2 2 2 0 0 0 0 1 0 0 1 0 0 0 0 0 0 1 0 0 0 1 3 6 10 1 3 1 3 0 1 0 1 0 1 0 0 0 0 0 1 0 0 0 0 1 0 0 0 0 1 0 0 0 0 1 0 0 1 0 0 1 0 10 6 10 7 3 7 0.273 0 0 0 0 1 736 8
168.609049509 173.182314242 178.178162037 183.544351594 189.224471889 195.15877514 201.2850212 207.539318025 213.856944082 220.173140029 2 2 2 0 0 1 0 0 0 0 0 0 0 1 1 0 0 0 0 0 0 1 3 5 11 1 3 0 4 0 1 0 1 1 0 121.486 0 0 121.486 0 1 0 0 0 0 1 0 0 0 0 1 0 0 0 0 1 0 0 1 0 0 0 1 11 5 11 6 4 6 0.364 0 0 1 0 0 6 5
226.423858681 232.546464124 238.480372741 244.167630876 249.553425787 254.586528354 259.219667756 263.409839809 267.118552026 270.312009505 2 2 2 1 0 0 0 0 0 0 0 1 0 0 1 0 0 0 0 0 0 1 2 4 12 1 2 0 5 1 0 0 1 1 0 124.9455 121.486 121.486 124.9455 0 1 0 0 0 0 1 0 0 0 0 1 0 0 0 0 0 1 0 1 0 0 0 1 12 4 12 5 5 5 0.455 1 0 0 0 0 404 8
272.96124662 275.042210018 276.535798764 277.427867518 277.709198431 277.375447074 276.427067115 274.869217763 272.711657119 269.968623737 2 2 2 1 0 0 0 0 1 0 0 0 0 0 0 0 0 0 1 0 0 2 1 3 13 2 1 1 0 1 0 1 0 0 1 123.405 124.9455 124.9455 123.405 0 1 0 0 0 0 1 0 0 0 0 1 0 0 0 0 0 1 0 0 1 0 1 0 13 3 13 4 6 4 0.545 1 0 0 0 0 1058 8
266.658707723 262.804711818 258.433502067 253.575846895 248.266242809 242.542724428 236.446656256 230.022503477 223.317579089 216.381764976 2 2 2 0 0 0 1 0 1 0 0 0 0 0 1 0 0 0 0 0 0 3 1 2 14 3 1 0 0 0 1 1 0 1 0 118.243 123.405 123.405 118.243 0 1 0 0 0 0 1 0 0 0 0 1 0 0 0 0 1 0 0 0 1 0 0 1 14 2 14 3 7 3 0.636 0 0 0 1 0 2 9
209.267204919 202.027968146 194.719682771 187.399139299 180.123865362 172.951673793 165.94018722 159.1463433 152.625885702 146.432846765 2 2 2 1 0 0 0 0 0 0 0 0 1 0 0 0 0 1 0 0 0 3 0 1 15 3 0 1 1 1 0 0 1 0 1 121.243 118.243 118.243 121.243 0 1 0 0 0 0 1 0 0 0 0 0 0 1 0 0 0 1 0 1 0 0 1 0 15 1 15 2 8 2 0.727 1 0 0 0 0 87 5
140.619028507 135.233489216 130.322043278 125.926782096 122.085623956 118.831900509 116.193987103 114.194983628 112.852451695 112.178213056 2 2 0 0 0 1 0 0 1 0 0 0 0 0 0 1 0 0 0 0 0 4 0 0 16 4 0 0 0 0 1 1 0 0 1 110 121.243 121.243 0 0 0 0 1 0 0 1 0 0 0 1 0 0 0 0 0 1 0 0 0 1 1 0 0 16 0 16 1 9 1 0.818 0 0 1 0 0 1264 5
