296.204953522 296.170314414 296.100507824 295.994483955 295.850685431 295.667067881 295.441127087 295.169932413 294.850166202 294.478168751 2 0 2 0 0 1 0 0 0 1 0 0 0 0 0 0 0 0 0 1 0 0 2 13 0 0 2 6 0 0 1 0 1 0 1 0 130 0 0 0 1 0 0 0 1 0 0 0 0 0 1 0 0 0 0 1 0 1 0 0 0 1 0 0 13 0 14 1 6 0.125 0 0 1 0 0 253 5
294.049988431 293.561436457 293.008145772 292.385633471 291.689366139 290.914827463 290.057587442 289.1133725 288.078135789 286.948126981 2 2 2 0 0 0 0 1 0 0 0 1 0 0 0 0 0 0 0 1 0 0 2 12 1 0 2 5 1 0 1 0 1 0 1 0 0 0 0 0 1 0 0 0 0 1 0 0 0 0 1 0 0 0 0 1 0 0 1 0 0 1 0 1 12 1 13 2 5 0.25 0 0 0 0 1 292 5
285.719960817 284.390683714 282.957837724 281.419521167 279.774445283 278.021986275 276.162232158 274.196023854 272.124990048 269.951575352 2 2 2 0 0 0 0 1 0 0 0 0 0 1 0 0 0 0 1 0 0 0 2 11 2 0 2 4 2 0 1 0 1 0 1 0 0 0 0 0 1 0 0 0 0 1 0 0 0 0 1 0 0 0 0 1 0 0 1 0 0 1 0 2 11 2 12 3 4 0.375 0 0 0 0 1 15 15
267.679061365 265.311580326 262.854121068 260.312527072 257.693486497 255.004514106 252.253925103 249.450800958 246.604947368 243.726844574 2 2 2 0 0 0 1 0 0 0 0 0 0 1 0 0 0 1 0 0 0 0 2 10 3 0 2 3 3 0 1 0 1 0 1 0 0 0 0 0 1 0 0 0 0 1 0 0 0 0 1 0 0 0 0 1 0 0 1 0 0 1 0 3 10 3 11 4 3 0.5 0 0 0 1 0 2 4
240.827590332 237.918835885 235.012715377 232.12176918 229.258861688 226.437094184 223.669713419 220.970016611 218.351253593 215.826526884 2 2 2 0 0 1 0 0 0 0 0 0 1 0 0 0 0 0 1 0 0 0 2 9 4 0 2 2 4 0 1 0 1 0 1 0 0 0 0 0 1 0 0 0 0 1 0 0 0 0 1 0 0 0 0 1 0 0 1 0 0 1 0 4 9 4 10 5 2 0.625 0 0 1 0 0 152 5
213.408690481 211.110248185 208.943252307 206.919203587 205.048953162 203.342607445 201.80943671 200.457788203 199.295004555 198.327348235 2 2 2 0 0 0 1 0 0 0 0 1 0 0 0 0 1 0 0 0 0 0 2 8 5 0 2 1 5 0 1 0 1 0 1 0 0 0 0 0 1 0 0 0 0 1 0 0 0 0 1 0 0 0 0 1 0 0 1 0 0 1 0 5 8 5 9 6 1 0.75 0 0 0 1 0 668 5
197.559932758 196.996661287 196.640173261 196.491799579 196.551526829 196.817970999 197.288360998 197.958532282 198.822930771 199.874627184 2 2 2 0 1 0 0 0 0 0 0 0 1 0 1 0 0 0 0 0 0 0 2 7 6 0 2 0 6 0 1 0 1 1 0 125.323 0 0 125.323 0 1 0 0 0 0 1 0 0 0 0 1 0 0 0 0 1 0 0 1 0 0 0 1 6 7 6 8 1 8 0.1 0 1 0 0 0 193 12
201.105341831 202.505479817 204.064176532 205.769353222 207.607782356 209.565162411 211.626201644 213.774710318 215.993700803 218.265494886 2 2 2 1 0 0 0 0 0 0 1 0 0 0 1 0 0 0 0 0 0 0 1 6 7 0 1 0 7 1 0 0 1 1 0 128.67749 125.323 125.323 128.67749 0 1 0 0 0 0 1 0 0 0 0 1 0 0 0 0 0 1 0 1 0 0 0 1 7 6 7 7 2 7 0.2 1 0 0 0 0 48 12
220.571837581 222.894016649 225.212987012 227.509499182 229.764230797 231.957920308 234.071501868 236.086240415 237.983865962 239.746706092 2 2 2 1 0 0 0 0 1 0 0 0 0 0 0 0 0 0 1 0 0 1 0 5 8 1 0 5 0 1 0 1 0 0 1 127.032 128.67749 128.67749 127.032 0 1 0 0 0 0 1 0 0 0 0 1 0 0 0 0 0 1 0 0 1 0 1 0 8 5 8 6 3 6 0.3 1 0 0 0 0 1279 8
241.357815667 242.801102759 244.06144985 245.124829364 245.97841263 246.610671428 247.011471294 247.172155857 247.085621497 246.746381708 2 2 2 0 0 0 1 0 1 0 0 0 0 0 0 0 0 0 0 1 0 2 0 4 9 2 0 4 0 0 1 1 0 0 1 0 127.032 127.032 0 0 1 0 0 0 0 1 0 0 0 0 1 0 0 0 0 1 0 0 0 1 0 1 0 9 4 9 5 4 5 0.4 0 0 0 1 0 42 29
246.150620625 245.296235231 244.182865854 242.811914656 241.186551877 239.311709727 237.19406386 234.842002503 232.265583368 229.476478596 2 2 2 0 0 0 0 1 0 0 0 0 1 0 0 0 0 0 1 0 0 2 0 3 10 2 0 3 1 0 1 0 1 0 1 0 0 0 0 0 1 0 0 0 0 1 0 0 0 0 1 0 0 0 0 1 0 0 1 0 0 1 0 10 3 10 4 5 4 0.5 0 0 0 0 1 628 8
226.487908041 223.314561319 219.972509109 216.479104286 212.852873545 209.11340024 205.28119923 201.377584597 197.424531146 193.444530644 2 2 2 0 0 0 1 0 0 0 0 0 0 1 0 0 0 1 0 0 0 2 0 2 11 2 0 2 2 0 1 0 1 0 1 0 0 0 0 0 1 0 0 0 0 1 0 0 0 0 1 0 0 0 0 1 0 0 1 0 0 1 0 11 2 11 3 6 3 0.6 0 0 0 1 0 628 8
189.460443809 185.495349083 181.572389262 177.714617054 173.944840675 170.285470577 166.758368394 163.3846992 160.184788129 157.177982385 2 2 2 0 0 1 0 0 0 0 0 0 1 0 0 0 0 1 0 0 0 2 0 1 12 2 0 1 3 0 1 0 1 0 1 0 0 0 0 0 1 0 0 0 0 1 0 0 0 0 0 0 1 0 0 1 0 0 1 0 0 1 0 12 1 12 2 7 2 0.7 0 0 1 0 0 656 8
154.382519638 151.815403761 149.49228878 147.42737191 145.633296416 144.121065024 142.899964501 141.977501948 141.359353276 141.049324225 2 2 0 0 0 1 0 0 0 0 0 1 0 0 0 1 0 0 0 0 0 2 0 0 13 2 0 0 4 0 1 0 1 0 1 110 0 0 0 0 0 0 1 0 0 1 0 0 0 1 0 0 0 0 0 1 0 0 1 0 1 0 0 13 0 13 1 8 1 0.8 0 0 1 0 0 656 8
