11.126 10.392 7.625 6.004 6.475 -4.146 -7.8437 -13.88773 -6.96569 13.87769 2 0 2 0 0 1 0 0 0 1 0 0 0 0 0 0 1 0 0 0 0 0 2 13 0 0 2 1 0 0 1 0 1 0 1 0 1 0 0 0 1 0 0 0 0 0 1 0 0 0 0 1 0 1 0 0 0 1 0 0 13 0 14 1 2 0.25 0 0 1 0 0 41 5 0 6 0 0 11 13 0.0 0.0 2.0 0.0 0.0 2.0 0.0 0.0 0.0 0.0 0.0 0.0 0.0 0.0 1.0 0.0 0.0 0.0 0.0 1.0 0.0 0.0 0.0 0.0 0.0 0.0 0.0 0.0 0.0 0.0 0.0 0.0 0.0 0.0 0.0 0.0 0.0 0.0 0.0 0.0 0.0 0.0 0.0 0.0 0.0 0.0 0.0 0.0 0.0 0.0 0.0 0.0 0.0 0.0 0.0 0.0 0.0 0.0 0.0 0.0 0.0 0.0 0.0 0.0 0.0 0.0
41.89326 47.42339 59.38839 67.08807 48.5959 31.91853 14.26218 -4.98742 -4.04342 -21.07805 2 2 2 0 1 0 0 0 0 0 0 1 0 0 1 0 0 0 0 0 0 0 2 12 1 0 2 0 1 0 1 0 1 1 0 0 1 0 0 0 0 1 0 0 0 0 1 0 0 0 0 1 0 0 1 0 0 0 1 1 12 1 13 2 1 0.5 0 1 0 0 0 260 6 5 3 1 0 18 13 0.0 0.0 2.0 1.0 0.5 2.0 0.0 0.0 0.0 0.0 0.0 0.0 0.0 0.0 0.0 1.0 0.0 0.0 0.0 0.0 0.0 0.0 0.0 0.0 0.0 0.0 0.0 0.0 0.0 0.0 0.0 0.0 0.0 0.0 0.0 0.0 0.0 0.0 0.0 0.0 0.0 0.0 0.0 0.0 0.0 0.0 0.0 0.0 0.0 0.0 0.0 0.0 0.0 0.0 0.0 0.0 0.0 0.0 0.0 0.0 0.0 0.0 0.0 0.0 0.0 0.0
-30.916 -42.494 -58.08633 -57.62089 -48.63754 -37.29932 -43.56845 -40.20553 -43.05592 -38.04961 2 2 2 1 0 0 0 0 0 0 1 0 0 0 0 0 0 1 0 0 0 0 1 11 2 0 1 10 2 1 0 0 1 0 1 0 1 0 0 0 0 1 0 0 0 0 1 0 0 0 0 0 1 0 1 0 0 1 0 2 11 2 12 1 12 0.071 1 0 0 0 0 64 3 6 1 2 0 4 3 1.0 0.5 2.0 0.0 0.0 12.0 0.0 0.0 0.0 0.0 0.0 0.0 0.0 1.0 0.0 0.0 0.0 0.0 0.0 0.0 0.0 0.0 0.0 0.0 0.0 0.0 0.0 0.0 0.0 0.0 0.0 0.0 0.0 0.0 0.0 0.0 0.0 0.0 0.0 0.0 0.0 0.0 0.0 0.0 0.0 0.0 0.0 0.0 0.0 0.0 0.0 0.0 0.0 0.0 0.0 0.0 0.0 0.0 0.0 0.0 0.0 0.0 0.0 0.0 0.0 0.0
-51.53237 -103.28804 -136.68364 -100.01489 -30.22686 -21.63262 -24.14989 -8.3617 13.19703 30.86038 2 2 2 0 0 1 0 0 1 0 0 0 0 0 0 0 1 0 0 0 0 1 1 10 3 1 1 9 0 0 1 1 0 0 1 0 1 0 0 0 0 1 0 0 0 0 1 0 0 0 0 1 0 0 0 1 0 1 0 3 10 3 11 2 11 0.143 0 0 1 0 0 1455 1 3 4 3 0 7 11 1.0 0.5 2.0 1.0 0.0833333333333 12.0 0.0 0.0 0.0 0.0 0.0 0.0 1.0 0.0 0.0 0.0 0.0 0.0 1.0 0.0 0.0 0.0 0.0 0.0 0.0 0.0 0.0 0.0 0.0 0.0 0.0 0.0 0.0 0.0 0.0 1.0 1.0 0.0 0.0 0.0 0.0 0.0 0.0 0.0 0.0 0.0 0.0 0.0 0.0 0.0 0.0 0.0 0.0 0.0 0.0 0.0 0.0 0.0 0.0 0.0 0.0 0.0 0.0 0.0 0.0 0.0
11.92036 23.28032 21.38439 -4.84887 -10.10209 -17.84007 -21.12746 -23.01993 -15.29902 -18.31383 2 2 2 0 1 0 0 0 0 0 0 1 0 0 0 0 0 0 1 0 0 1 1 9 4 1 1 8 1 0 1 0 1 0 1 0 1 0 0 0 0 1 0 0 0 0 1 0 0 0 0 1 0 0 1 0 0 1 0 4 9 4 10 3 10 0.214 0 1 0 0 0 728 1 3 4 3 1 2 21 1.0 0.5 2.0 2.0 0.166666666667 12.0 0.0 0.0 0.0 0.0 0.0 0.0 1.0 0.0 0.0 0.0 0.0 0.0 1.0 0.0 0.0 0.0 0.0 0.0 0.0 0.0 0.0 0.0 0.0 0.0 0.0 0.0 0.0 0.0 0.0 1.0 1.0 0.0 0.0 0.0 0.0 0.0 0.0 0.0 0.0 0.0 0.0 0.0 0.0 0.0 0.0 0.0 0.0 0.0 0.0 0.0 0.0 0.0 0.0 0.0 0.0 0.0 0.0 0.0 0.0 0.0
-14.47754 -3.23771 -2.37103 -4.23048 -6.98674 -7.4857 -11.15446 -10.08042 -1.68687 0.9344 2 2 2 0 0 0 1 0 0 0 1 0 0 0 0 0 0 0 0 1 0 1 1 8 5 1 1 7 2 0 1 0 1 0 1 0 1 0 0 0 0 1 0 0 0 0 1 0 0 0 0 1 0 0 1 0 0 1 0 5 8 5 9 4 9 0.286 0 0 0 1 0 2 4 1 3 4 0 2 8 1.0 0.5 2.0 3.0 0.25 12.0 0.0 0.0 0.0 0.0 0.0 0.0 0.0 0.0 0.0 0.0 0.0 0.0 0.0 0.0 0.0 0.0 0.0 0.0 0.0 0.0 0.0 0.0 0.0 0.0 0.0 0.0 0.0 0.0 0.0 0.0 0.0 1.0 0.0 0.0 0.0 0.0 0.0 0.0 0.0 0.0 0.0 0.0 0.0 0.0 0.0 0.0 0.0 0.0 0.0 0.0 0.0 0.0 0.0 0.0 0.0 0.0 0.0 0.0 0.0 0.0
21.70237 26.87739 -17.07999 -15.60048 20.47399 21.07557 20.80205 17.07636 1.49209 -6.12614 2 2 2 0 0 0 0 1 0 0 0 0 1 0 0 0 1 0 0 0 0 1 1 7 6 1 1 6 3 0 1 0 1 0 1 0 1 0 0 0 0 1 0 0 0 0 1 0 0 0 0 1 0 0 1 0 0 1 0 6 7 6 8 5 8 0.357 0 0 0 0 1 14 3 4 6 5 0 2 1 1.0 0.5 2.0 4.0 0.333333333333 12.0 0.0 0.0 0.0 0.0 0.0 0.0 0.0 1.0 0.0 0.0 0.0 0.0 0.0 0.0 0.0 0.0 0.0 0.0 0.0 0.0 0.0 0.0 0.0 0.0 0.0 0.0 0.0 0.0 0.0 0.0 0.0 0.0 0.0 0.0 0.0 0.0 0.0 0.0 0.0 0.0 0.0 0.0 0.0 0.0 0.0 0.0 0.0 0.0 0.0 0.0 0.0 0.0 0.0 0.0 0.0 0.0 0.0 0.0 0.0 0.0
-3.89753 -3.80169 -1.75933 -9.1782 -8.18637 -8.61669 -3.45509 0.75887 4.13598 0.70898 2 2 2 0 1 0 0 0 0 0 0 0 0 1 0 0 0 1 0 0 0 1 1 6 7 1 1 5 4 0 1 0 1 0 1 0 1 0 0 0 0 1 0 0 0 0 1 0 0 0 0 1 0 0 1 0 0 1 0 7 6 7 7 6 7 0.429 0 1 0 0 0 2496 6 3 7 6 0 16 4 1.0 0.5 2.0 5.0 0.416666666667 12.0 0.0 0.0 0.0 0.0 0.0 0.0 1.0 0.0 0.0 0.0 0.0 0.0 0.0 0.0 0.0 0.0 0.0 0.0 0.0 0.0 0.0 0.0 0.0 0.0 0.0 0.0 0.0 0.0 1.0 0.0 0.0 0.0 0.0 0.0 0.0 0.0 0.0 0.0 0.0 0.0 0.0 0.0 0.0 0.0 0.0 0.0 0.0 0.0 0.0 0.0 0.0 0.0 0.0 0.0 0.0 0.0 0.0 0.0 0.0 0.0
-14.43678 -74.89256 -56.3716 -21.11472 16.81951 17.3443 24.24528 33.2711 65.22542 70.33725 2 2 2 0 0 1 0 0 0 0 1 0 0 0 0 0 0 1 0 0 0 1 1 5 8 1 1 4 5 0 1 0 1 0 1 0 1 0 0 0 0 1 0 0 0 0 1 0 0 0 0 1 0 0 1 0 0 1 0 8 5 8 6 7 6 0.5 0 0 1 0 0 122 7 6 1 7 0 22 24 1.0 0.5 2.0 6.0 0.5 12.0 0.0 1.0 0.0 0.0 0.0 0.0 0.0 0.0 0.0 0.0 0.0 0.0 0.0 0.0 0.0 0.0 1.0 0.0 0.0 0.0 0.0 0.0 0.0 0.0 0.0 0.0 0.0 0.0 0.0 0.0 0.0 0.0 0.0 0.0 0.0 0.0 0.0 0.0 0.0 0.0 0.0 0.0 0.0 0.0 0.0 0.0 0.0 0.0 0.0 0.0 0.0 0.0 0.0 0.0 0.0 0.0 0.0 0.0 0.0 0.0
43.30896 26.61905 15.89128 6.39494 7.21735 17.30761 19.88718 32.64522 37.85138 24.4508 2 2 2 0 0 1 0 0 0 0 0 1 0 0 0 0 1 0 0 0 0 1 1 4 9 1 1 3 6 0 1 0 1 0 1 0 1 0 0 0 0 1 0 0 0 0 1 0 0 0 0 1 0 0 1 0 0 1 0 9 4 9 5 8 5 0.571 0 0 1 0 0 838 1 7 1 8 0 3 7 1.0 0.5 2.0 7.0 0.583333333333 12.0 0.0 0.0 0.0 0.0 0.0 0.0 0.0 0.0 0.0 0.0 0.0 1.0 0.0 0.0 0.0 0.0 0.0 0.0 0.0 0.0 0.0 0.0 0.0 0.0 0.0 0.0 0.0 0.0 0.0 0.0 0.0 0.0 0.0 0.0 0.0 0.0 0.0 0.0 0.0 0.0 0.0 0.0 0.0 0.0 0.0 0.0 0.0 0.0 0.0 0.0 0.0 0.0 0.0 0.0 0.0 0.0 0.0 0.0 0.0 0.0
7.11524 2.71811 5.98884 5.34572 8.84112 1.69657 -4.2643 -2.37358 6.79255 20.02916 2 2 2 0 1 0 0 0 0 0 0 1 0 0 0 0 0 0 0 1 0 1 1 3 10 1 1 2 7 0 1 0 1 0 1 0 1 0 0 0 0 1 0 0 0 0 1 0 0 0 0 1 0 0 1 0 0 1 0 10 3 10 4 9 4 0.643 0 1 0 0 0 423 1 7 1 8 1 23 21 1.0 0.5 2.0 8.0 0.666666666667 12.0 0.0 0.0 0.0 0.0 0.0 0.0 0.0 0.0 0.0 0.0 0.0 1.0 0.0 0.0 0.0 0.0 0.0 0.0 0.0 0.0 0.0 0.0 0.0 0.0 0.0 0.0 0.0 0.0 0.0 0.0 0.0 0.0 0.0 0.0 0.0 0.0 0.0 0.0 0.0 0.0 0.0 0.0 0.0 0.0 0.0 0.0 0.0 0.0 0.0 0.0 0.0 0.0 0.0 0.0 0.0 0.0 0.0 0.0 0.0 0.0
23.85612 13.62295 -2.077 -22.3183 -28.18295 -27.77946 -17.51532 -7.51057 0.77493 5.08865 2 2 2 0 0 0 0 1 0 0 1 0 0 0 0 0 0 1 0 0 0 1 1 2 11 1 1 1 8 0 1 0 1 0 1 0 1 0 0 0 0 1 0 0 0 0 1 0 0 0 0 1 0 0 1 0 0 1 0 11 2 11 3 10 3 0.714 0 0 0 0 1 570 1 1 0 9 0 16 3 1.0 0.5 2.0 9.0 0.75 12.0 1.0 0.0 0.0 0.0 0.0 0.0 0.0 0.0 0.0 0.0 1.0 0.0 0.0 0.0 0.0 0.0 0.0 1.0 0.0 0.0 0.0 0.0 0.0 0.0 0.0 0.0 0.0 0.0 0.0 0.0 0.0 0.0 0.0 0.0 0.0 0.0 0.0 0.0 0.0 0.0 0.0 0.0 0.0 0.0 0.0 0.0 0.0 0.0 0.0 0.0 0.0 0.0 0.0 0.0 0.0 0.0 0.0 0.0 0.0 0.0
10.30649 0.14374 -5.85722 -1.60959 -5.31998 -0.4654 1.85941 6.70808 12.65907 17.74819 2 2 2 0 0 1 0 0 0 0 0 0 0 1 1 0 0 0 0 0 0 1 1 1 12 1 1 0 9 0 1 0 1 1 0 0 1 0 0 0 0 1 0 0 0 0 0 0 0 1 0 1 0 0 1 0 0 0 1 12 1 12 2 11 2 0.786 0 0 1 0 0 112 1 1 0 9 1 18 21 1.0 0.5 2.0 10.0 0.833333333333 12.0 1.0 0.0 0.0 0.0 0.0 0.0 0.0 0.0 0.0 0.0 1.0 0.0 0.0 0.0 0.0 0.0 0.0 1.0 0.0 0.0 0.0 0.0 0.0 0.0 0.0 0.0 0.0 0.0 0.0 0.0 0.0 0.0 0.0 0.0 0.0 0.0 0.0 0.0 0.0 0.0 0.0 0.0 0.0 0.0 0.0 0.0 0.0 0.0 0.0 0.0 0.0 0.0 0.0 0.0 0.0 0.0 0.0 0.0 0.0 0.0
5.30028 5.76928 2.68122 -2.37041 6.47038 9.02784 6.56522 7.02374 10.80096 -4.20337 2 2 0 1 0 0 0 0 0 0 0 1 0 0 0 1 0 0 0 0 0 1 0 0 13 1 0 0 10 1 0 0 1 0 1 0 0 0 0 1 0 1 0 0 0 1 0 0 0 0 0 0 1 0 1 0 1 0 0 13 0 13 1 12 1 0.857 1 0 0 0 0 768 1 1 0 9 2 2 11 1.0 0.5 2.0 11.0 0.916666666667 12.0 1.0 0.0 0.0 0.0 0.0 0.0 0.0 0.0 0.0 0.0 1.0 0.0 0.0 0.0 0.0 0.0 0.0 1.0 0.0 0.0 0.0 0.0 0.0 0.0 0.0 0.0 0.0 0.0 0.0 0.0 0.0 0.0 0.0 0.0 0.0 0.0 0.0 0.0 0.0 0.0 0.0 0.0 0.0 0.0 0.0 0.0 0.0 0.0 0.0 0.0 0.0 0.0 0.0 0.0 0.0 0.0 0.0 0.0 0.0 0.0
