41.278 35.818 24.88 13.195 -2.725 0.464 -3.963 4.219 1.561 10.048 2 0 2 1 0 0 0 0 0 1 0 0 0 0 0 0 0 1 0 0 0 0 3 17 0 0 3 10 0 1 0 0 1 0 1 0 1 0 0 0 1 0 0 0 0 0 1 0 0 0 0 0 1 1 0 0 0 1 0 0 17 0 18 1 18 0.05 1 0 0 0 0 1113 9 0 9 0 0 16 24 0.0 0.0 1.0 0.0 0.0 18.0 0.0 0.0 0.0 0.0 0.0 0.0 0.0 0.0 0.0 0.0 0.0 0.0 0.0 0.0 0.0 0.0 0.0 0.0 0.0 0.0 0.0 0.0 0.0 0.0 0.0 0.0 0.0 1.0 0.0 0.0 0.0 0.0 0.0 0.0 0.0 0.0 0.0 0.0 0.0 0.0 0.0 0.0 0.0 0.0 0.0 0.0 0.0 0.0 0.0 0.0 0.0 0.0 0.0 0.0 0.0 0.0 0.0 0.0 0.0 0.0
2.897 -3.404 -10.302 -13.101 4.727 7.738 8.633 17.557 30.138 26.933 2 2 2 0 0 1 0 0 1 0 0 0 0 0 0 0 0 0 0 1 0 0 3 16 1 0 3 9 0 0 1 1 0 0 1 0 1 0 0 0 0 1 0 0 0 0 1 0 0 0 0 1 0 0 0 1 0 1 0 1 16 1 17 2 17 0.1 0 0 1 0 0 131 9 0 9 0 1 21 24 0.0 0.0 1.0 1.0 0.0555555555556 18.0 0.0 0.0 0.0 0.0 0.0 0.0 0.0 0.0 0.0 0.0 0.0 0.0 0.0 0.0 0.0 0.0 0.0 0.0 0.0 0.0 0.0 0.0 0.0 0.0 0.0 0.0 0.0 1.0 0.0 0.0 0.0 0.0 0.0 0.0 0.0 0.0 0.0 0.0 0.0 0.0 0.0 0.0 0.0 0.0 0.0 0.0 0.0 0.0 0.0 0.0 0.0 0.0 0.0 0.0 0.0 0.0 0.0 0.0 0.0 0.0
24.939 24.229 26.602 21.562 33.376 42.046 46.703 54.112 52.432 47.779 2 2 2 0 0 0 0 1 0 0 0 1 0 0 0 0 0 0 0 1 0 0 3 15 2 0 3 8 1 0 1 0 1 0 1 0 1 0 0 0 0 1 0 0 0 0 1 0 0 0 0 1 0 0 1 0 0 1 0 2 15 2 16 3 16 0.15 0 0 0 0 1 857 9 9 7 1 0 4 24 0.0 0.0 1.0 2.0 0.111111111111 18.0 0.0 0.0 0.0 0.0 0.0 0.0 0.0 0.0 0.0 0.0 0.0 0.0 0.0 0.0 0.0 0.0 0.0 0.0 0.0 0.0 0.0 0.0 0.0 0.0 0.0 0.0 0.0 1.0 0.0 0.0 0.0 0.0 0.0 0.0 0.0 0.0 0.0 0.0 0.0 0.0 0.0 0.0 0.0 0.0 0.0 0.0 0.0 0.0 0.0 0.0 0.0 0.0 0.0 0.0 0.0 0.0 0.0 0.0 0.0 0.0
36.755 30.581 27.461 31.314 28.848 27.287 25.959 27.96 27.477 23.176 2 2 2 0 0 0 0 1 0 0 0 0 0 1 0 0 0 0 0 1 0 0 3 14 3 0 3 7 2 0 1 0 1 0 1 0 1 0 0 0 0 1 0 0 0 0 1 0 0 0 0 1 0 0 1 0 0 1 0 3 14 3 15 4 15 0.2 0 0 0 0 1 289 9 9 7 1 1 23 13 0.0 0.0 1.0 3.0 0.166666666667 18.0 0.0 0.0 0.0 0.0 0.0 0.0 0.0 0.0 0.0 0.0 0.0 0.0 0.0 0.0 0.0 0.0 0.0 0.0 0.0 0.0 0.0 0.0 0.0 0.0 0.0 0.0 0.0 1.0 0.0 0.0 0.0 0.0 0.0 0.0 0.0 0.0 0.0 0.0 0.0 0.0 0.0 0.0 0.0 0.0 0.0 0.0 0.0 0.0 0.0 0.0 0.0 0.0 0.0 0.0 0.0 0.0 0.0 0.0 0.0 0.0
14.791 16.566 6.704 -5.286 -16.017 -34.37 -34.18 -34.037 -17.903 -6.155 2 2 2 0 0 0 0 1 0 0 0 0 0 1 0 0 0 0 1 0 0 0 3 13 4 0 3 6 3 0 1 0 1 0 1 0 1 0 0 0 0 1 0 0 0 0 1 0 0 0 0 1 0 0 1 0 0 1 0 4 13 4 14 5 14 0.25 0 0 0 0 1 852 7 9 4 2 0 15 15 0.0 0.0 1.0 4.0 0.222222222222 18.0 0.0 0.0 0.0 0.0 0.0 0.0 0.0 0.0 0.0 0.0 0.0 0.0 0.0 0.0 0.0 0.0 0.0 0.0 0.0 0.0 0.0 0.0 0.0 0.0 0.0 0.0 0.0 0.0 0.0 0.0 0.0 0.0 0.0 0.0 0.0 0.0 0.0 0.0 0.0 0.0 0.0 0.0 0.0 0.0 0.0 0.0 0.0 0.0 0.0 0.0 0.0 0.0 0.0 0.0 0.0 0.0 0.0 0.0 0.0 0.0
10.513 14.465 12.431 6.854 13.004 14.016 17.828 18.438 20.42 22.067 2 2 2 0 0 0 1 0 0 0 0 0 0 1 0 0 0 1 0 0 0 0 3 12 5 0 3 5 4 0 1 0 1 0 1 0 1 0 0 0 0 1 0 0 0 0 1 0 0 0 0 1 0 0 1 0 0 1 0 5 12 5 13 6 13 0.3 0 0 0 1 0 42 4 7 3 3 0 2 8 0.0 0.0 1.0 5.0 0.277777777778 18.0 0.0 0.0 0.0 0.0 0.0 0.0 0.0 0.0 0.0 0.0 0.0 0.0 0.0 0.0 0.0 0.0 0.0 0.0 0.0 0.0 0.0 0.0 0.0 0.0 0.0 0.0 0.0 0.0 0.0 0.0 0.0 0.0 0.0 0.0 0.0 0.0 0.0 0.0 0.0 0.0 0.0 0.0 0.0 0.0 0.0 0.0 0.0 0.0 0.0 0.0 0.0 0.0 0.0 0.0 0.0 0.0 0.0 0.0 0.0 0.0
22.585 20.918 28.791 33.125 12.304 -20.36 -19.55 -17.844 -2.177 18.089 2 2 2 0 0 1 0 0 0 0 0 0 1 0 0 0 1 0 0 0 0 0 3 11 6 0 3 4 5 0 1 0 1 0 1 0 1 0 0 0 0 1 0 0 0 0 1 0 0 0 0 1 0 0 1 0 0 1 0 6 11 6 12 7 12 0.35 0 0 1 0 0 1539 3 4 3 4 0 11 32 0.0 0.0 1.0 6.0 0.333333333333 18.0 0.0 1.0 1.0 0.0 0.0 0.0 0.0 0.0 0.0 0.0 0.0 0.0 0.0 0.0 0.0 0.0 0.0 0.0 0.0 0.0 0.0 0.0 0.0 0.0 0.0 0.0 1.0 0.0 0.0 0.0 0.0 0.0 0.0 0.0 0.0 0.0 0.0 0.0 0.0 0.0 0.0 0.0 0.0 0.0 0.0 0.0 0.0 0.0 0.0 0.0 0.0 0.0 0.0 0.0 0.0 0.0 0.0 0.0 0.0 0.0
18.59 6.549 -3.966 -17.041 -24.174 -25.265 -16.485 -0.16 -0.49 3.716 2 2 2 0 1 0 0 0 0 0 0 1 0 0 0 0 0 1 0 0 0 0 3 10 7 0 3 3 6 0 1 0 1 0 1 0 1 0 0 0 0 1 0 0 0 0 1 0 0 0 0 1 0 0 1 0 0 1 0 7 10 7 11 8 11 0.4 0 1 0 0 0 1130 3 4 3 4 1 20 5 0.0 0.0 1.0 7.0 0.388888888889 18.0 0.0 1.0 1.0 0.0 0.0 0.0 0.0 0.0 0.0 0.0 0.0 0.0 0.0 0.0 0.0 0.0 0.0 0.0 0.0 0.0 0.0 0.0 0.0 0.0 0.0 0.0 1.0 0.0 0.0 0.0 0.0 0.0 0.0 0.0 0.0 0.0 0.0 0.0 0.0 0.0 0.0 0.0 0.0 0.0 0.0 0.0 0.0 0.0 0.0 0.0 0.0 0.0 0.0 0.0 0.0 0.0 0.0 0.0 0.0 0.0
13.323 19.751 15.298 8.148 2.531 -10.014 -9.58 -12.18 -11.416 14.939 2 2 2 0 0 1 0 0 0 0 1 0 0 0 0 0 0 0 0 1 0 0 3 9 8 0 3 2 7 0 1 0 1 0 1 0 1 0 0 0 0 1 0 0 0 0 1 0 0 0 0 1 0 0 1 0 0 1 0 8 9 8 10 9 10 0.45 0 0 1 0 0 1027 3 3 7 5 0 10 3 0.0 0.0 1.0 8.0 0.444444444444 18.0 0.0 0.0 0.0 0.0 0.0 0.0 0.0 0.0 0.0 0.0 0.0 0.0 0.0 0.0 0.0 0.0 0.0 0.0 0.0 0.0 0.0 0.0 0.0 0.0 0.0 0.0 0.0 1.0 0.0 0.0 0.0 0.0 0.0 0.0 0.0 0.0 0.0 0.0 0.0 0.0 0.0 0.0 0.0 0.0 0.0 0.0 0.0 0.0 0.0 0.0 0.0 0.0 0.0 0.0 0.0 0.0 0.0 0.0 0.0 0.0
25.91 27.561 22.507 18.889 -3.32 -27.829 -59.404 -64.572 -58.86 -13.475 2 2 2 0 0 0 0 1 0 0 0 1 0 0 0 0 1 0 0 0 0 0 3 8 9 0 3 1 8 0 1 0 1 0 1 0 1 0 0 0 0 1 0 0 0 0 1 0 0 0 0 1 0 0 1 0 0 1 0 9 8 9 9 10 9 0.5 0 0 0 0 1 270 3 3 7 5 1 9 5 0.0 0.0 1.0 9.0 0.5 18.0 0.0 0.0 0.0 0.0 0.0 0.0 0.0 0.0 0.0 0.0 0.0 0.0 0.0 0.0 0.0 0.0 0.0 0.0 0.0 0.0 0.0 0.0 0.0 0.0 0.0 0.0 0.0 1.0 0.0 0.0 0.0 0.0 0.0 0.0 0.0 0.0 0.0 0.0 0.0 0.0 0.0 0.0 0.0 0.0 0.0 0.0 0.0 0.0 0.0 0.0 0.0 0.0 0.0 0.0 0.0 0.0 0.0 0.0 0.0 0.0
10.012 20.934 20.225 21.109 25.715 40.593 46.629 27.205 18.219 16.544 2 2 2 0 1 0 0 0 0 0 0 0 0 1 1 0 0 0 0 0 0 0 3 7 10 0 3 0 9 0 1 0 1 1 0 0 1 0 0 0 0 1 0 0 0 0 1 0 0 0 0 1 0 0 1 0 0 0 1 10 7 10 8 11 8 0.55 0 1 0 0 0 90 7 3 7 6 0 6 8 0.0 0.0 1.0 10.0 0.555555555556 18.0 0.0 0.0 0.0 0.0 0.0 0.0 0.0 0.0 0.0 0.0 0.0 0.0 0.0 0.0 0.0 0.0 0.0 0.0 0.0 0.0 0.0 1.0 0.0 0.0 0.0 0.0 0.0 0.0 0.0 0.0 0.0 0.0 0.0 0.0 0.0 0.0 0.0 0.0 0.0 0.0 0.0 0.0 0.0 0.0 0.0 0.0 0.0 0.0 0.0 0.0 0.0 0.0 0.0 0.0 0.0 0.0 0.0 0.0 0.0 0.0
14.42 12.758 4.841 -0.94 4.427 1.175 9.473 5.069 3.775 10.517 2 2 2 1 0 0 0 0 0 0 1 0 0 0 1 0 0 0 0 0 0 0 2 6 11 0 2 0 10 1 0 0 1 1 0 0 1 0 0 0 0 1 0 0 0 0 1 0 0 0 0 0 1 0 1 0 0 0 1 11 6 11 7 12 7 0.6 1 0 0 0 0 472 7 7 13 7 0 13 11 0.0 0.0 1.0 11.0 0.611111111111 18.0 0.0 0.0 0.0 1.0 0.0 0.0 0.0 0.0 0.0 0.0 0.0 0.0 0.0 0.0 0.0 0.0 1.0 0.0 0.0 0.0 1.0 0.0 0.0 0.0 0.0 0.0 1.0 0.0 0.0 0.0 0.0 0.0 0.0 0.0 1.0 0.0 0.0 0.0 0.0 0.0 0.0 0.0 0.0 0.0 0.0 0.0 0.0 0.0 0.0 0.0 0.0 0.0 0.0 0.0 0.0 0.0 0.0 0.0 0.0 0.0
23.565 24.906 23.889 29.873 33.862 32.591 31.633 27.179 24.117 19.59 2 2 2 1 0 0 0 0 1 0 0 0 0 0 0 0 0 1 0 0 0 1 1 5 12 1 1 3 0 1 0 1 0 0 1 0 1 0 0 0 0 1 0 0 0 0 1 0 0 0 0 0 1 0 0 1 0 1 0 12 5 12 6 13 6 0.65 1 0 0 0 0 74 13 7 7 8 0 16 13 0.0 0.0 1.0 12.0 0.666666666667 18.0 0.0 0.0 0.0 0.0 0.0 0.0 0.0 0.0 0.0 0.0 0.0 0.0 0.0 0.0 0.0 0.0 0.0 1.0 0.0 0.0 0.0 0.0 0.0 0.0 0.0 0.0 0.0 0.0 0.0 0.0 0.0 0.0 0.0 0.0 0.0 0.0 0.0 0.0 0.0 0.0 0.0 0.0 0.0 0.0 0.0 0.0 0.0 0.0 0.0 0.0 0.0 0.0 0.0 0.0 0.0 0.0 0.0 0.0 0.0 0.0
-12.005 -12.914 -21.609 -35.191 -39.908 -22.517 -9.936 -7.508 -6.829 -9.11 2 2 2 0 0 1 0 0 1 0 0 0 0 0 0 0 0 0 0 1 0 2 1 4 13 2 1 2 0 0 1 1 0 0 1 0 1 0 0 0 0 1 0 0 0 0 1 0 0 0 0 1 0 0 0 1 0 1 0 13 4 13 5 14 5 0.7 0 0 1 0 0 17 7 13 1 9 0 22 9 0.0 0.0 1.0 13.0 0.722222222222 18.0 0.0 0.0 0.0 0.0 0.0 0.0 0.0 0.0 0.0 0.0 0.0 0.0 0.0 0.0 0.0 0.0 0.0 0.0 0.0 0.0 0.0 0.0 0.0 0.0 0.0 0.0 0.0 0.0 0.0 0.0 0.0 0.0 0.0 0.0 0.0 0.0 0.0 0.0 0.0 1.0 0.0 0.0 0.0 0.0 0.0 0.0 0.0 0.0 0.0 0.0 0.0 0.0 0.0 0.0 0.0 0.0 0.0 0.0 0.0 0.0
-8.633 -10.783 -5.046 2.594 15.26 13.967 2.136 -8.154 -13.955 -11.007 2 2 2 0 0 0 0 1 0 0 0 1 0 0 0 0 0 0 0 1 0 2 1 3 14 2 1 1 1 0 1 0 1 0 1 0 1 0 0 0 0 1 0 0 0 0 1 0 0 0 0 1 0 0 1 0 0 1 0 14 3 14 4 15 4 0.75 0 0 0 0 1 140 1 7 1 10 0 16 11 0.0 0.0 1.0 14.0 0.777777777778 18.0 0.0 0.0 0.0 0.0 0.0 0.0 0.0 0.0 0.0 0.0 0.0 1.0 0.0 0.0 0.0 0.0 0.0 0.0 0.0 0.0 0.0 0.0 0.0 0.0 0.0 0.0 0.0 0.0 0.0 0.0 0.0 0.0 0.0 0.0 0.0 0.0 0.0 0.0 0.0 0.0 0.0 0.0 0.0 0.0 0.0 0.0 0.0 0.0 0.0 0.0 0.0 0.0 0.0 0.0 0.0 0.0 0.0 0.0 0.0 0.0
7.027 2.338 -15.827 -28.624 -37.079 -36.52 -43.848 -46.388 -10.161 14.513 2 2 2 0 0 0 0 1 0 0 0 0 0 1 1 0 0 0 0 0 0 2 1 2 15 2 1 0 2 0 1 0 1 1 0 0 1 0 0 0 0 1 0 0 0 0 1 0 0 0 0 1 0 0 1 0 0 0 1 15 2 15 3 16 3 0.8 0 0 0 0 1 463 1 7 1 10 1 16 13 0.0 0.0 1.0 15.0 0.833333333333 18.0 0.0 0.0 0.0 0.0 0.0 0.0 0.0 0.0 0.0 0.0 0.0 1.0 0.0 0.0 0.0 0.0 0.0 0.0 0.0 0.0 0.0 0.0 0.0 0.0 0.0 0.0 0.0 0.0 0.0 0.0 0.0 0.0 0.0 0.0 0.0 0.0 0.0 0.0 0.0 0.0 0.0 0.0 0.0 0.0 0.0 0.0 0.0 0.0 0.0 0.0 0.0 0.0 0.0 0.0 0.0 0.0 0.0 0.0 0.0 0.0
23.223 20.198 25.397 27.438 24.382 24.37 27.203 31.588 37.964 37.865 2 2 2 1 0 0 0 0 0 0 0 0 0 1 0 0 0 1 0 0 0 2 0 1 16 2 0 1 3 1 0 0 1 0 1 0 1 0 0 0 0 1 0 0 0 0 0 0 0 1 0 0 1 0 1 0 0 1 0 16 1 16 2 17 2 0.85 1 0 0 0 0 36 1 7 1 10 2 5 14 0.0 0.0 1.0 16.0 0.888888888889 18.0 0.0 0.0 0.0 0.0 0.0 0.0 0.0 0.0 0.0 0.0 0.0 1.0 0.0 0.0 0.0 0.0 0.0 0.0 0.0 0.0 0.0 0.0 0.0 0.0 0.0 0.0 0.0 0.0 0.0 0.0 0.0 0.0 0.0 0.0 0.0 0.0 0.0 0.0 0.0 0.0 0.0 0.0 0.0 0.0 0.0 0.0 0.0 0.0 0.0 0.0 0.0 0.0 0.0 0.0 0.0 0.0 0.0 0.0 0.0 0.0
28.337 20.239 12.748 9.354 7.54 -0.651 -32.561 -59.171 -41.998 -58.827 2 2 0 0 0 1 0 0 1 0 0 0 0 0 0 1 0 0 0 0 0 3 0 0 17 3 0 0 0 0 1 1 0 0 1 0 0 0 0 1 0 1 0 0 0 1 0 0 0 0 0 1 0 0 0 1 1 0 0 17 0 17 1 18 1 0.9 0 0 1 0 0 632 1 1 0 11 0 15 21 0.0 0.0 1.0 17.0 0.944444444444 18.0 1.0 0.0 0.0 0.0 0.0 0.0 0.0 0.0 0.0 0.0 1.0 0.0 0.0 0.0 0.0 0.0 0.0 0.0 0.0 0.0 0.0 0.0 0.0 0.0 0.0 0.0 0.0 0.0 0.0 0.0 0.0 0.0 0.0 0.0 0.0 1.0 0.0 0.0 1.0 0.0 0.0 0.0 0.0 0.0 0.0 0.0 0.0 0.0 0.0 0.0 0.0 0.0 0.0 0.0 0.0 0.0 0.0 0.0 0.0 0.0
