-10.728 -9.828 -11.773 -13.44 -14.621 -15.999 -14.777 -11.103 -6.817 -5.738 2 0 2 1 0 0 0 0 0 1 0 0 0 0 0 0 0 0 0 1 0 0 6 20 0 0 6 1 0 1 0 0 1 0 1 137.545 134.545 0 137.545 0 1 0 0 0 1 0 0 0 0 0 1 0 0 0 0 0 1 1 0 0 0 1 0 0 20 0 21 1 5 0.143 1 0 0 0 0 244 14
5.551 33.479 61.314 71.879 68.566 49.592 8.013 -36.392 -67.2 -80.928 2 2 2 0 0 0 0 1 1 0 0 0 0 0 1 0 0 0 0 0 0 0 6 19 1 0 6 0 0 0 1 1 0 1 0 132.72701 137.545 137.545 132.72701 0 1 0 0 0 0 1 0 0 0 0 1 0 0 0 0 1 0 0 0 1 0 0 1 1 19 1 20 2 4 0.286 0 0 0 0 1 457 5
-83.842 -67.129 -41.998 -15.738 10.224 15.7 18.023 20.331 23.026 24.85 2 2 2 1 0 0 0 0 0 0 0 0 0 1 1 0 0 0 0 0 0 0 5 18 2 0 5 0 1 1 0 0 1 1 0 136.27249 132.72701 132.72701 136.27249 0 1 0 0 0 0 1 0 0 0 0 1 0 0 0 0 0 1 0 1 0 0 0 1 2 18 2 19 3 3 0.429 1 0 0 0 0 803 1
27.938 38.548 51.447 60.229 61.858 61.812 64.304 62.596 42.271 27.865 2 2 2 1 0 0 0 0 1 0 0 0 0 0 0 0 1 0 0 0 0 1 4 17 3 1 4 1 0 1 0 1 0 0 1 134.81799 136.27249 136.27249 134.81799 0 1 0 0 0 0 1 0 0 0 0 1 0 0 0 0 0 1 0 0 1 0 1 0 3 17 3 18 4 2 0.571 1 0 0 0 0 74 5
18.21 0.822 -44.409 -86.291 -110.716 -121.221 -132.493 -129.044 -103.126 -93.457 2 2 2 0 1 0 0 0 1 0 0 0 0 0 1 0 0 0 0 0 0 2 4 16 4 2 4 0 0 0 1 1 0 1 0 130 134.81799 134.81799 130 0 1 0 0 0 0 1 0 0 0 0 1 0 0 0 0 1 0 0 0 1 0 0 1 4 16 4 17 5 1 0.714 0 1 0 0 0 604 5
26.625 25.002 22.757 20.416 19.294 21.524 25.373 26.173 25.512 29.679 2 2 2 1 0 0 0 0 0 0 1 0 0 0 1 0 0 0 0 0 0 2 3 15 5 2 3 0 1 1 0 0 1 1 0 133.5455 130 130 133.5455 0 1 0 0 0 0 1 0 0 0 0 1 0 0 0 0 0 1 0 1 0 0 0 1 5 15 5 16 1 7 0.111 1 0 0 0 0 86 1
34.363 36.315 38.236 37.559 33.546 31.119 30.613 31.209 34.406 40.915 2 2 2 1 0 0 0 0 1 0 0 0 0 0 0 0 0 0 0 1 0 3 2 14 6 3 2 3 0 1 0 1 0 0 1 132.091 133.5455 133.5455 132.091 0 1 0 0 0 0 1 0 0 0 0 1 0 0 0 0 0 1 0 0 1 0 1 0 6 14 6 15 2 6 0.222 1 0 0 0 0 389 1
49.491 53.533 59.27 31.339 -10.8 -60.672 -91.161 -99.154 -97.095 -63.423 2 2 2 0 0 0 0 1 1 0 0 0 0 0 0 0 1 0 0 0 0 4 2 13 7 4 2 2 0 0 1 1 0 0 1 0 132.091 132.091 0 0 1 0 0 0 0 1 0 0 0 0 1 0 0 0 0 1 0 0 0 1 0 1 0 7 13 7 14 3 5 0.333 0 0 0 0 1 2389 1
-20.26 -8.515 3.865 15.97 27.566 29.968 -0.164 -24.537 -33.772 -31.742 2 2 2 0 1 0 0 0 0 0 0 0 0 1 0 0 0 1 0 0 0 4 2 12 8 4 2 1 1 0 1 0 1 0 1 0 0 0 0 0 1 0 0 0 0 1 0 0 0 0 1 0 0 0 0 1 0 0 1 0 0 1 0 8 12 8 13 4 4 0.444 0 1 0 0 0 1133 5
-31.373 -21.779 -12.312 -10.663 -12.755 -14.699 -15.382 -13.302 -6.357 1.016 2 2 2 0 0 1 0 0 0 0 1 0 0 0 1 0 0 0 0 0 0 4 2 11 9 4 2 0 2 0 1 0 1 1 0 125.455 0 0 125.455 0 1 0 0 0 0 1 0 0 0 0 1 0 0 0 0 1 0 0 1 0 0 0 1 9 11 9 12 5 3 0.556 0 0 1 0 0 710 5
9.225 24.45 41.695 59.564 69.02 60.966 47.861 35.696 30.205 18.37 2 2 2 1 0 0 0 0 0 0 0 1 0 0 1 0 0 0 0 0 0 4 1 10 10 4 1 0 3 1 0 0 1 1 0 129 125.455 125.455 129 0 1 0 0 0 0 1 0 0 0 0 1 0 0 0 0 0 1 0 1 0 0 0 1 10 10 10 11 6 2 0.667 1 0 0 0 0 58 3
-16.611 -2.747 10.47 -2.555 -12.322 -17.442 -21.592 -27.085 -31.443 -34.405 2 2 2 1 0 0 0 0 1 0 0 0 0 0 0 0 0 0 0 1 0 5 0 9 11 5 0 9 0 1 0 1 0 0 1 127.545 129 129 127.545 0 1 0 0 0 0 1 0 0 0 0 1 0 0 0 0 0 1 0 0 1 0 1 0 11 9 11 10 7 1 0.778 1 0 0 0 0 60 3
23.085 39.18 61.948 66.777 48.993 18.771 -17.388 -62.405 -86.03 -88.674 2 2 2 0 0 0 0 1 1 0 0 0 0 0 0 0 0 1 0 0 0 6 0 8 12 6 0 8 0 0 1 1 0 0 1 0 127.545 127.545 0 0 1 0 0 0 0 1 0 0 0 0 1 0 0 0 0 1 0 0 0 1 0 1 0 12 8 12 9 1 2 0.25 0 0 0 0 1 1095 5
-73.668 -66.026 -62.964 -81.343 -81.698 -77.509 -71.94 -55.052 -28.932 -7.809 2 2 2 0 0 1 0 0 0 0 0 0 0 1 0 0 0 0 0 1 0 6 0 7 13 6 0 7 1 0 1 0 1 0 1 0 0 0 0 0 1 0 0 0 0 1 0 0 0 0 1 0 0 0 0 1 0 0 1 0 0 1 0 13 7 13 8 2 1 0.5 0 0 1 0 0 997 5
102.281 124.439 128.617 131.469 126.29 119.26 101.865 79.134 50.426 8.976 2 2 2 0 0 0 0 1 0 0 0 1 0 0 0 0 0 1 0 0 0 6 0 6 14 6 0 6 2 0 1 0 1 0 1 0 0 0 0 0 1 0 0 0 0 1 0 0 0 0 1 0 0 0 0 1 0 0 1 0 0 1 0 14 6 14 7 1 2 0.25 0 0 0 0 1 8 8
-5.573 -16.201 -27.88 -36.96 -46.485 -52.341 -50.825 -45.683 -17.928 12.791 2 2 1 0 0 1 0 0 0 0 0 0 0 1 0 0 0 1 0 0 0 6 0 5 15 6 0 5 3 0 1 0 1 0 1 0 0 0 0 0 1 0 0 0 0 1 0 0 0 0 1 0 0 0 0 1 0 0 1 0 0 1 0 15 5 15 6 2 1 0.5 0 0 1 0 0 720 8
-30.03 -28.682 -35.913 -41.95 -44.7 -41.351 -28.905 -12.247 9.525 19.865 1 2 2 0 0 1 0 0 0 0 0 1 0 0 0 0 1 0 0 0 0 6 0 4 16 6 0 4 4 0 1 0 1 0 1 0 0 0 0 0 1 0 0 0 0 1 0 0 0 0 1 0 0 0 0 1 0 0 1 0 0 1 0 16 4 16 5 1 2 0.25 0 0 1 0 0 54 19
18.132 13.401 8.793 4.414 0.297 -5.814 -27.965 -52.948 -71.893 -72.316 2 1 2 0 1 0 0 0 0 0 0 1 0 0 0 0 0 0 0 1 0 6 0 3 17 6 0 3 5 0 1 0 1 0 1 0 0 0 0 0 1 0 0 0 0 1 0 0 0 0 1 0 0 0 0 1 0 0 1 0 0 1 0 17 3 17 4 2 1 0.5 0 1 0 0 0 56 12
86.935 89.186 91.382 91.542 70.363 38.319 -7.476 -31.118 -29.491 -15.164 2 2 2 0 0 0 0 1 0 0 1 0 0 0 0 0 0 1 0 0 0 6 0 2 18 6 0 2 6 0 1 0 1 0 1 0 0 0 0 0 1 0 0 0 0 1 0 0 0 0 1 0 0 0 0 1 0 0 1 0 0 1 0 18 2 18 3 1 3 0.2 0 0 0 0 1 1219 12
-2.864 -3.1 -4.078 -5.122 -6.408 -8.091 -12.802 -10.994 5.057 32.896 2 2 2 0 0 1 0 0 0 0 0 0 0 1 0 0 0 1 0 0 0 6 0 1 19 6 0 1 7 0 1 0 1 0 1 0 0 0 0 0 1 0 0 0 0 1 0 0 0 0 0 0 1 0 0 1 0 0 1 0 0 1 0 19 1 19 2 2 2 0.4 0 0 1 0 0 94 14
59.417 58.265 16.897 -30.778 -53.671 -52.54 -45.496 -29.452 -0.914 22.894 2 2 0 0 0 1 0 0 0 0 0 1 0 0 0 1 0 0 0 0 0 6 0 0 20 6 0 0 8 0 1 0 1 0 1 110 0 0 0 0 0 0 1 0 0 1 0 0 0 1 0 0 0 0 0 1 0 0 1 0 1 0 0 20 0 20 1 3 1 0.6 0 0 1 0 0 6 5
