0.15301 -1.12371 -2.20241 3.46928 8.85885 13.65284 9.96294 10.27425 5.18451 0.7753 2 0 2 0 1 0 0 0 0 1 0 0 0 0 0 0 0 1 0 0 0 0 5 16 0 0 5 1 0 0 1 0 1 0 1 0 1 0 0 0 1 0 0 0 0 0 1 0 0 0 0 1 0 1 0 0 0 1 0 0 16 0 17 1 5 0.143 0 1 0 0 0 2688 7 0 1 0 0 18 16 0.0 0.0 3.0 0.0 0.0 5.0 0.0 1.0 0.0 0.0 0.0 0.0 0.0 0.0 0.0 0.0 0.0 0.0 0.0 0.0 0.0 0.0 1.0 0.0 0.0 0.0 0.0 0.0 0.0 0.0 0.0 0.0 0.0 0.0 0.0 0.0 0.0 0.0 0.0 0.0 0.0 0.0 0.0 0.0 0.0 0.0 0.0 0.0 0.0 0.0 0.0 0.0 0.0 0.0 0.0 0.0 0.0 0.0 0.0 0.0 0.0 0.0 0.0 0.0 0.0 0.0
-2.19539 -9.16421 -8.2403 -7.79537 -9.76419 -0.7728 -6.11868 -12.27092 -17.48642 -25.3346 2 2 2 0 0 1 0 0 0 0 1 0 0 0 1 0 0 0 0 0 0 0 5 15 1 0 5 0 1 0 1 0 1 1 0 0 1 0 0 0 0 1 0 0 0 0 1 0 0 0 0 1 0 0 1 0 0 0 1 1 15 1 16 2 4 0.286 0 0 1 0 0 558 7 0 1 0 1 10 27 0.0 0.0 3.0 1.0 0.2 5.0 0.0 1.0 0.0 0.0 0.0 0.0 0.0 0.0 0.0 0.0 0.0 0.0 0.0 0.0 0.0 0.0 1.0 0.0 0.0 0.0 0.0 0.0 0.0 0.0 0.0 0.0 0.0 0.0 0.0 0.0 0.0 0.0 0.0 0.0 0.0 0.0 0.0 0.0 0.0 0.0 0.0 0.0 0.0 0.0 0.0 0.0 0.0 0.0 0.0 0.0 0.0 0.0 0.0 0.0 0.0 0.0 0.0 0.0 0.0 0.0
-37.75719 -44.07072 -31.94455 -8.6474 -0.17213 -1.82656 -2.73343 -5.54498 -5.26671 12.85187 2 2 2 1 0 0 0 0 0 0 0 1 0 0 0 0 0 1 0 0 0 0 4 14 2 0 4 7 2 1 0 0 1 0 1 0 1 0 0 0 0 1 0 0 0 0 1 0 0 0 0 0 1 0 1 0 0 1 0 2 14 2 15 3 3 0.429 1 0 0 0 0 265 1 7 1 1 0 16 5 0.0 0.0 3.0 2.0 0.4 5.0 0.0 0.0 0.0 0.0 0.0 0.0 0.0 0.0 0.0 0.0 0.0 0.0 0.0 0.0 0.0 0.0 0.0 0.0 0.0 0.0 0.0 0.0 0.0 0.0 0.0 0.0 0.0 0.0 0.0 0.0 0.0 0.0 0.0 0.0 0.0 0.0 0.0 0.0 0.0 0.0 0.0 0.0 0.0 0.0 0.0 1.0 0.0 0.0 0.0 0.0 0.0 0.0 0.0 0.0 0.0 0.0 0.0 0.0 0.0 0.0
14.30703 10.81355 14.559 12.944 16.524 18.48452 8.13979 0.63936 -2.6815 4.28731 2 2 2 0 0 1 0 0 1 0 0 0 0 0 0 0 0 1 0 0 0 1 4 13 3 1 4 6 0 0 1 1 0 0 1 0 1 0 0 0 0 1 0 0 0 0 1 0 0 0 0 1 0 0 0 1 0 1 0 3 13 3 14 4 2 0.571 0 0 1 0 0 72 1 7 1 1 1 15 37 0.0 0.0 3.0 3.0 0.6 5.0 0.0 0.0 0.0 0.0 0.0 0.0 0.0 0.0 0.0 0.0 0.0 0.0 0.0 0.0 0.0 0.0 0.0 0.0 0.0 0.0 0.0 0.0 0.0 0.0 0.0 0.0 0.0 0.0 0.0 0.0 0.0 0.0 0.0 0.0 0.0 0.0 0.0 0.0 0.0 0.0 0.0 0.0 0.0 0.0 0.0 1.0 0.0 0.0 0.0 0.0 0.0 0.0 0.0 0.0 0.0 0.0 0.0 0.0 0.0 0.0
10.89879 12.01411 0.52599 3.19657 10.20291 14.71831 11.45902 -3.03487 -2.43289 -11.25676 2 2 2 0 0 1 0 0 0 0 0 1 0 0 0 0 0 1 0 0 0 1 4 12 4 1 4 5 1 0 1 0 1 0 1 0 1 0 0 0 0 1 0 0 0 0 1 0 0 0 0 1 0 0 1 0 0 1 0 4 12 4 13 5 1 0.714 0 0 1 0 0 602 1 7 1 1 2 20 17 0.0 0.0 3.0 4.0 0.8 5.0 0.0 0.0 0.0 0.0 0.0 0.0 0.0 0.0 0.0 0.0 0.0 0.0 0.0 0.0 0.0 0.0 0.0 0.0 0.0 0.0 0.0 0.0 0.0 0.0 0.0 0.0 0.0 0.0 0.0 0.0 0.0 0.0 0.0 0.0 0.0 0.0 0.0 0.0 0.0 0.0 0.0 0.0 0.0 0.0 0.0 1.0 0.0 0.0 0.0 0.0 0.0 0.0 0.0 0.0 0.0 0.0 0.0 0.0 0.0 0.0
-63.76228 -6.85954 9.96659 26.96323 11.4504 0.53024 -11.86373 -13.52918 15.83101 29.72509 2 2 2 0 0 1 0 0 0 0 0 1 0 0 0 0 1 0 0 0 0 1 4 11 5 1 4 4 2 0 1 0 1 0 1 0 1 0 0 0 0 1 0 0 0 0 1 0 0 0 0 1 0 0 1 0 0 1 0 5 11 5 12 1 8 0.1 0 0 1 0 0 707 1 1 5 2 0 23 5 1.0 0.333333333333 3.0 0.0 0.0 8.0 0.0 0.0 0.0 0.0 0.0 0.0 0.0 0.0 0.0 0.0 0.0 0.0 0.0 0.0 0.0 0.0 0.0 0.0 0.0 0.0 0.0 0.0 0.0 0.0 0.0 0.0 0.0 0.0 0.0 1.0 0.0 0.0 0.0 0.0 0.0 0.0 0.0 0.0 0.0 0.0 0.0 0.0 0.0 0.0 1.0 0.0 0.0 0.0 0.0 0.0 0.0 0.0 0.0 0.0 0.0 0.0 0.0 0.0 0.0 0.0
46.3786 54.04618 49.33296 42.3313 34.73988 39.41562 33.5202 13.34721 4.70392 4.55797 2 2 2 0 1 0 0 0 0 0 0 1 0 0 0 0 0 1 0 0 0 1 4 10 6 1 4 3 3 0 1 0 1 0 1 0 1 0 0 0 0 1 0 0 0 0 1 0 0 0 0 1 0 0 1 0 0 1 0 6 10 6 11 2 7 0.2 0 1 0 0 0 1145 1 1 5 2 1 10 24 1.0 0.333333333333 3.0 1.0 0.125 8.0 0.0 0.0 0.0 0.0 0.0 0.0 0.0 0.0 0.0 0.0 0.0 0.0 0.0 0.0 0.0 0.0 0.0 0.0 0.0 0.0 0.0 0.0 0.0 0.0 0.0 0.0 0.0 0.0 0.0 1.0 0.0 0.0 0.0 0.0 0.0 0.0 0.0 0.0 0.0 0.0 0.0 0.0 0.0 0.0 1.0 0.0 0.0 0.0 0.0 0.0 0.0 0.0 0.0 0.0 0.0 0.0 0.0 0.0 0.0 0.0
9.28397 19.42943 19.37957 25.53118 6.21887 -0.61401 1.52887 -5.86137 -11.16246 -9.76977 2 2 2 0 0 1 0 0 0 0 1 0 0 0 0 0 1 0 0 0 0 1 4 9 7 1 4 2 4 0 1 0 1 0 1 0 1 0 0 0 0 1 0 0 0 0 1 0 0 0 0 1 0 0 1 0 0 1 0 7 9 7 10 3 6 0.3 0 0 1 0 0 308 1 1 5 2 2 13 11 1.0 0.333333333333 3.0 2.0 0.25 8.0 0.0 0.0 0.0 0.0 0.0 0.0 0.0 0.0 0.0 0.0 0.0 0.0 0.0 0.0 0.0 0.0 0.0 0.0 0.0 0.0 0.0 0.0 0.0 0.0 0.0 0.0 0.0 0.0 0.0 1.0 0.0 0.0 0.0 0.0 0.0 0.0 0.0 0.0 0.0 0.0 0.0 0.0 0.0 0.0 1.0 0.0 0.0 0.0 0.0 0.0 0.0 0.0 0.0 0.0 0.0 0.0 0.0 0.0 0.0 0.0
-0.14225 -10.03547 -3.36526 15.33102 42.31419 47.92064 52.58577 32.65721 13.47337 2.59933 2 2 2 0 1 0 0 0 0 0 0 1 0 0 0 0 0 0 0 1 0 1 4 8 8 1 4 1 5 0 1 0 1 0 1 0 1 0 0 0 0 1 0 0 0 0 1 0 0 0 0 1 0 0 1 0 0 1 0 8 8 8 9 4 5 0.4 0 1 0 0 0 125 5 1 6 3 0 20 17 1.0 0.333333333333 3.0 3.0 0.375 8.0 0.0 0.0 0.0 0.0 0.0 0.0 0.0 0.0 1.0 0.0 0.0 0.0 0.0 1.0 0.0 0.0 0.0 0.0 0.0 0.0 0.0 0.0 0.0 0.0 0.0 0.0 0.0 0.0 0.0 0.0 0.0 0.0 0.0 0.0 0.0 0.0 0.0 0.0 0.0 0.0 0.0 0.0 0.0 0.0 0.0 0.0 0.0 0.0 0.0 0.0 0.0 0.0 0.0 0.0 0.0 0.0 0.0 0.0 0.0 0.0
-11.3482 -26.65895 -36.3707 -41.48077 -26.37481 -21.24942 -12.68309 -11.61504 -15.61037 -9.35551 2 2 2 0 0 0 0 1 0 0 1 0 0 0 1 0 0 0 0 0 0 1 4 7 9 1 4 0 6 0 1 0 1 1 0 0 1 0 0 0 0 1 0 0 0 0 1 0 0 0 0 1 0 0 1 0 0 0 1 9 7 9 8 5 4 0.5 0 0 0 0 1 155 6 5 1 4 0 22 9 1.0 0.333333333333 3.0 4.0 0.5 8.0 0.0 0.0 0.0 0.0 0.0 0.0 0.0 0.0 0.0 1.0 0.0 0.0 0.0 0.0 0.0 0.0 0.0 0.0 0.0 0.0 0.0 0.0 0.0 0.0 0.0 0.0 0.0 0.0 0.0 0.0 0.0 0.0 0.0 0.0 0.0 0.0 0.0 0.0 0.0 0.0 0.0 0.0 0.0 0.0 0.0 0.0 0.0 0.0 0.0 0.0 0.0 0.0 0.0 0.0 0.0 0.0 0.0 0.0 0.0 0.0
-11.50521 -15.51672 0.68223 26.55887 27.83624 23.21962 32.25203 38.84565 40.91889 37.45954 2 2 2 1 0 0 0 0 0 0 0 0 0 1 1 0 0 0 0 0 0 1 3 6 10 1 3 0 7 1 0 0 1 1 0 0 1 0 0 0 0 1 0 0 0 0 1 0 0 0 0 0 1 0 1 0 0 0 1 10 6 10 7 6 3 0.6 1 0 0 0 0 80 1 6 4 5 0 5 17 1.0 0.333333333333 3.0 5.0 0.625 8.0 0.0 0.0 0.0 0.0 0.0 0.0 0.0 0.0 0.0 0.0 0.0 0.0 1.0 0.0 0.0 0.0 0.0 0.0 0.0 0.0 0.0 0.0 0.0 0.0 0.0 0.0 0.0 0.0 1.0 1.0 1.0 0.0 0.0 0.0 0.0 0.0 0.0 0.0 0.0 0.0 0.0 0.0 0.0 0.0 0.0 0.0 0.0 0.0 0.0 0.0 0.0 0.0 0.0 0.0 0.0 0.0 0.0 0.0 0.0 0.0
25.5429 7.8307 -13.05314 -30.94749 -68.77159 -100.50168 -123.07413 -129.46646 -132.79853 -127.41395 2 2 2 1 0 0 0 0 1 0 0 0 0 0 0 0 0 0 1 0 0 2 2 5 11 2 2 3 0 1 0 1 0 0 1 0 1 0 0 0 0 1 0 0 0 0 1 0 0 0 0 0 1 0 0 1 0 1 0 11 5 11 6 7 2 0.7 1 0 0 0 0 194 1 6 4 5 1 5 34 1.0 0.333333333333 3.0 6.0 0.75 8.0 0.0 0.0 0.0 0.0 0.0 0.0 0.0 0.0 0.0 0.0 0.0 0.0 1.0 0.0 0.0 0.0 0.0 0.0 0.0 0.0 0.0 0.0 0.0 0.0 0.0 0.0 0.0 0.0 1.0 1.0 1.0 0.0 0.0 0.0 0.0 0.0 0.0 0.0 0.0 0.0 0.0 0.0 0.0 0.0 0.0 0.0 0.0 0.0 0.0 0.0 0.0 0.0 0.0 0.0 0.0 0.0 0.0 0.0 0.0 0.0
-115.283 -104.40757 -96.90045 -74.58208 -43.92472 -26.28799 -15.20412 -16.95463 -25.09276 -23.87199 2 2 2 0 0 0 1 0 1 0 0 0 0 0 0 0 0 0 0 1 0 3 2 4 12 3 2 2 0 0 1 1 0 0 1 0 1 0 0 0 0 1 0 0 0 0 1 0 0 0 0 1 0 0 0 1 0 1 0 12 4 12 5 8 1 0.8 0 0 0 1 0 2 4 1 1 6 0 2 8 1.0 0.333333333333 3.0 7.0 0.875 8.0 0.0 0.0 0.0 0.0 0.0 0.0 0.0 0.0 0.0 0.0 0.0 0.0 0.0 0.0 0.0 0.0 0.0 0.0 0.0 0.0 0.0 0.0 0.0 0.0 0.0 0.0 0.0 0.0 0.0 0.0 0.0 1.0 0.0 0.0 0.0 0.0 0.0 0.0 0.0 0.0 0.0 0.0 0.0 0.0 0.0 0.0 0.0 0.0 0.0 0.0 0.0 0.0 0.0 0.0 0.0 0.0 0.0 0.0 0.0 0.0
28.73101 26.51401 13.46983 39.66067 20.23922 5.40497 -6.62806 -13.39582 -27.05955 -28.23299 2 2 2 0 0 0 0 1 0 0 0 0 1 0 0 0 1 0 0 0 0 3 2 3 13 3 2 1 1 0 1 0 1 0 1 0 1 0 0 0 0 1 0 0 0 0 1 0 0 0 0 1 0 0 1 0 0 1 0 13 3 13 4 1 4 0.167 0 0 0 0 1 750 1 4 1 7 0 20 13 2.0 0.666666666667 3.0 0.0 0.0 4.0 0.0 0.0 0.0 0.0 0.0 0.0 0.0 0.0 0.0 0.0 0.0 1.0 0.0 0.0 0.0 0.0 0.0 0.0 0.0 0.0 0.0 0.0 0.0 0.0 0.0 0.0 0.0 0.0 0.0 0.0 0.0 0.0 0.0 0.0 0.0 0.0 0.0 0.0 0.0 0.0 0.0 0.0 0.0 0.0 0.0 0.0 0.0 0.0 0.0 0.0 0.0 0.0 0.0 0.0 0.0 0.0 0.0 0.0 0.0 0.0
-27.75784 -22.58975 -19.33877 -14.61823 -13.3457 -3.78643 2.60788 -2.56083 8.20648 44.6935 2 2 2 0 1 0 0 0 0 0 0 0 0 1 1 0 0 0 0 0 0 3 2 2 14 3 2 0 2 0 1 0 1 1 0 0 1 0 0 0 0 1 0 0 0 0 1 0 0 0 0 1 0 0 1 0 0 0 1 14 2 14 3 2 3 0.333 0 1 0 0 0 692 1 4 1 7 1 11 13 2.0 0.666666666667 3.0 1.0 0.25 4.0 0.0 0.0 0.0 0.0 0.0 0.0 0.0 0.0 0.0 0.0 0.0 1.0 0.0 0.0 0.0 0.0 0.0 0.0 0.0 0.0 0.0 0.0 0.0 0.0 0.0 0.0 0.0 0.0 0.0 0.0 0.0 0.0 0.0 0.0 0.0 0.0 0.0 0.0 0.0 0.0 0.0 0.0 0.0 0.0 0.0 0.0 0.0 0.0 0.0 0.0 0.0 0.0 0.0 0.0 0.0 0.0 0.0 0.0 0.0 0.0
49.96482 58.57392 54.6768 53.24445 47.70401 45.30155 47.05078 48.49547 48.62511 43.54294 2 2 2 1 0 0 0 0 0 0 1 0 0 0 1 0 0 0 0 0 0 3 1 1 15 3 1 0 3 1 0 0 1 1 0 0 1 0 0 0 0 1 0 0 0 0 0 0 0 1 0 0 1 0 1 0 0 0 1 15 1 15 2 3 2 0.5 1 0 0 0 0 641 1 1 0 8 0 4 35 2.0 0.666666666667 3.0 2.0 0.5 4.0 1.0 0.0 0.0 0.0 0.0 0.0 0.0 0.0 0.0 0.0 1.0 0.0 0.0 0.0 0.0 0.0 0.0 1.0 0.0 0.0 0.0 0.0 0.0 0.0 0.0 0.0 0.0 0.0 1.0 0.0 0.0 0.0 0.0 0.0 0.0 0.0 0.0 0.0 0.0 0.0 0.0 0.0 0.0 0.0 0.0 0.0 0.0 0.0 0.0 0.0 0.0 0.0 0.0 0.0 0.0 0.0 0.0 0.0 0.0 0.0
35.90362 24.83649 15.02677 -1.94328 -32.63951 -69.59046 -90.35431 -131.35038 -150.98716 -158.692 2 2 0 1 0 0 0 0 1 0 0 0 0 0 0 1 0 0 0 0 0 4 0 0 16 4 0 0 0 1 0 1 0 0 1 0 0 0 0 1 0 1 0 0 0 1 0 0 0 0 0 0 1 0 0 1 1 0 0 16 0 16 1 4 1 0.667 1 0 0 0 0 1227 1 1 0 8 1 5 13 2.0 0.666666666667 3.0 3.0 0.75 4.0 1.0 0.0 0.0 0.0 0.0 0.0 0.0 0.0 0.0 0.0 1.0 0.0 0.0 0.0 0.0 0.0 0.0 1.0 0.0 0.0 0.0 0.0 0.0 0.0 0.0 0.0 0.0 0.0 1.0 0.0 0.0 0.0 0.0 0.0 0.0 0.0 0.0 0.0 0.0 0.0 0.0 0.0 0.0 0.0 0.0 0.0 0.0 0.0 0.0 0.0 0.0 0.0 0.0 0.0 0.0 0.0 0.0 0.0 0.0 0.0
