32.069 31.885 30.591 15.941 3.189 -1.244 0.31 13.023 22.337 17.25 2 0 2 0 0 1 0 0 0 1 0 0 0 0 0 0 1 0 0 0 0 0 0 12 0 0 0 12 0 0 1 0 1 0 1 0 130 0 0 0 1 0 0 0 1 0 0 0 0 0 1 0 0 0 0 1 0 1 0 0 0 1 0 0 12 0 13 1 13 0.067 0 0 1 0 0 691 23
19.497 19.084 -12.485 -40.3 -58.931 -72.607 -77.855 -71.632 -52.767 -37.829 2 2 2 0 1 0 0 0 0 0 0 1 0 0 0 0 0 0 0 1 0 0 0 11 1 0 0 11 1 0 1 0 1 0 1 0 0 0 0 0 1 0 0 0 0 1 0 0 0 0 1 0 0 0 0 1 0 0 1 0 0 1 0 1 11 1 12 2 12 0.133 0 1 0 0 0 226 23
-32.133 -0.998 45.899 64.86 65.063 60.448 44.846 24.343 4.336 -8.257 2 2 2 0 0 0 0 1 0 0 1 0 0 0 0 0 0 0 0 1 0 0 0 10 2 0 0 10 2 0 1 0 1 0 1 0 0 0 0 0 1 0 0 0 0 1 0 0 0 0 1 0 0 0 0 1 0 0 1 0 0 1 0 2 10 2 11 3 11 0.2 0 0 0 0 1 1098 1
-8.591 4.076 20.848 37.528 46.202 41.842 22.815 -1.411 -23.279 -37.793 2 2 2 0 0 0 0 1 0 0 0 0 0 1 0 0 0 1 0 0 0 0 0 9 3 0 0 9 3 0 1 0 1 0 1 0 0 0 0 0 1 0 0 0 0 1 0 0 0 0 1 0 0 0 0 1 0 0 1 0 0 1 0 3 9 3 10 4 10 0.267 0 0 0 0 1 961 1
-45.381 -52.847 -51.743 -48.735 -49.386 -49.775 -49.131 -39.611 -15.461 2.682 2 2 2 0 0 1 0 0 0 0 0 0 0 1 0 0 0 0 1 0 0 0 0 8 4 0 0 8 4 0 1 0 1 0 1 0 0 0 0 0 1 0 0 0 0 1 0 0 0 0 1 0 0 0 0 1 0 0 1 0 0 1 0 4 8 4 9 5 9 0.333 0 0 1 0 0 406 8
17.119 29.794 33.976 34.584 29.933 21.305 14.564 10.725 10.053 11.487 2 2 2 0 0 0 1 0 0 0 0 1 0 0 0 0 0 1 0 0 0 0 0 7 5 0 0 7 5 0 1 0 1 0 1 0 0 0 0 0 1 0 0 0 0 1 0 0 0 0 1 0 0 0 0 1 0 0 1 0 0 1 0 5 7 5 8 6 8 0.4 0 0 0 1 0 2 8
17.136 23.797 30.618 29.71 1.167 -11.958 12.558 59.061 77.158 57.471 2 2 1 0 0 1 0 0 0 0 0 0 1 0 0 0 0 1 0 0 0 0 0 6 6 0 0 6 6 0 1 0 1 0 1 0 0 0 0 0 1 0 0 0 0 1 0 0 0 0 1 0 0 0 0 1 0 0 1 0 0 1 0 6 6 6 7 7 7 0.467 0 0 1 0 0 98 5
23.174 -8.229 -27.656 -40.092 -42.385 -41.978 -41.877 -38.595 -26.553 -14.83 1 2 2 0 0 1 0 0 0 0 0 1 0 0 0 0 0 0 0 1 0 0 0 5 7 0 0 5 7 0 1 0 1 0 1 0 0 0 0 0 1 0 0 0 0 1 0 0 0 0 1 0 0 0 0 1 0 0 1 0 0 1 0 7 5 7 6 8 6 0.533 0 0 1 0 0 462 5
-10.688 6.318 30.344 39.015 22.569 -3.438 -22.465 -37.634 -41.784 -39.966 2 1 2 0 0 0 0 1 0 0 0 1 0 0 0 0 0 1 0 0 0 0 0 4 8 0 0 4 8 0 1 0 1 0 1 0 0 0 0 0 1 0 0 0 0 1 0 0 0 0 1 0 0 0 0 1 0 0 1 0 0 1 0 8 4 8 5 9 5 0.6 0 0 0 0 1 163 24
-38.083 -38.009 -37.852 -37.433 -37.329 -44.981 -61.517 -58.188 -19.763 11.37 2 2 2 0 0 1 0 0 0 0 0 0 0 1 0 0 0 0 1 0 0 0 0 3 9 0 0 3 9 0 1 0 1 0 1 0 0 0 0 0 1 0 0 0 0 1 0 0 0 0 1 0 0 0 0 1 0 0 1 0 0 1 0 9 3 9 4 10 4 0.667 0 0 1 0 0 83 5
29.271 63.203 97.328 113.422 113.02 101.791 78.407 52.466 21.462 -5.136 2 2 2 0 0 0 1 0 0 0 0 1 0 0 0 0 0 1 0 0 0 0 0 2 10 0 0 2 10 0 1 0 1 0 1 0 0 0 0 0 1 0 0 0 0 1 0 0 0 0 1 0 0 0 0 1 0 0 1 0 0 1 0 10 2 10 3 11 3 0.733 0 0 0 1 0 29 5
-25.91 -26.101 -23.485 -20.863 -18.18 -15.405 -9.444 13.061 45.509 66.148 2 2 2 0 0 1 0 0 0 0 0 0 1 0 0 0 1 0 0 0 0 0 0 1 11 0 0 1 11 0 1 0 1 0 1 0 0 0 0 0 1 0 0 0 0 1 0 0 0 0 0 0 1 0 0 1 0 0 1 0 0 1 0 11 1 11 2 12 2 0.8 0 0 1 0 0 128 19
65.873 43.428 -0.898 -37.102 -57.578 -70.477 -70.989 -74.137 -58.77 27.583 2 2 0 0 1 0 0 0 0 0 0 1 0 0 0 1 0 0 0 0 0 0 0 0 12 0 0 0 12 0 1 0 1 0 1 110 0 0 0 0 0 0 1 0 0 1 0 0 0 1 0 0 0 0 0 1 0 0 1 0 1 0 0 12 0 12 1 13 1 0.867 0 1 0 0 0 2079 8
