14.23201 8.83801 7.43901 10.70601 25.67503 38.03294 45.47716 42.54469 23.32687 -13.86724 2 0 2 0 0 0 0 1 0 1 0 0 0 0 0 0 0 1 0 0 0 0 4 10 0 0 4 4 0 0 1 0 1 0 1 0 1 0 0 0 1 0 0 0 0 0 1 0 0 0 0 1 0 1 0 0 0 1 0 0 10 0 11 1 11 0.077 0 0 0 0 1 1289 1 0 11 0 0 12 35 0.0 0.0 2.0 0.0 0.0 11.0 0.0 0.0 0.0 0.0 0.0 0.0 0.0 0.0 0.0 0.0 0.0 0.0 0.0 0.0 0.0 0.0 0.0 0.0 0.0 1.0 0.0 0.0 0.0 0.0 0.0 0.0 0.0 0.0 0.0 0.0 0.0 0.0 0.0 0.0 0.0 0.0 0.0 0.0 0.0 0.0 0.0 0.0 0.0 0.0 0.0 0.0 0.0 0.0 0.0 0.0 0.0 0.0 0.0 0.0 0.0 0.0 0.0 0.0 0.0 0.0
-35.72716 -28.4644 -25.2982 -18.41656 -10.23068 6.03957 8.17609 3.64907 8.94486 6.28564 2 2 2 0 0 1 0 0 0 0 0 0 0 1 0 0 0 1 0 0 0 0 4 9 1 0 4 3 1 0 1 0 1 0 1 0 1 0 0 0 0 1 0 0 0 0 1 0 0 0 0 1 0 0 1 0 0 1 0 1 9 1 10 2 10 0.154 0 0 1 0 0 1593 1 0 11 0 1 6 29 0.0 0.0 2.0 1.0 0.0909090909091 11.0 0.0 0.0 0.0 0.0 0.0 0.0 0.0 0.0 0.0 0.0 0.0 0.0 0.0 0.0 0.0 0.0 0.0 0.0 0.0 1.0 0.0 0.0 0.0 0.0 0.0 0.0 0.0 0.0 0.0 0.0 0.0 0.0 0.0 0.0 0.0 0.0 0.0 0.0 0.0 0.0 0.0 0.0 0.0 0.0 0.0 0.0 0.0 0.0 0.0 0.0 0.0 0.0 0.0 0.0 0.0 0.0 0.0 0.0 0.0 0.0
2.9533 4.38701 -2.69205 -33.14001 -47.41548 -37.37576 -26.35571 -21.16772 -14.36123 -77.1552 2 2 2 0 0 1 0 0 0 0 0 1 0 0 0 0 0 1 0 0 0 0 4 8 2 0 4 2 2 0 1 0 1 0 1 0 1 0 0 0 0 1 0 0 0 0 1 0 0 0 0 1 0 0 1 0 0 1 0 2 8 2 9 3 9 0.231 0 0 1 0 0 1114 1 0 11 0 2 15 17 0.0 0.0 2.0 2.0 0.181818181818 11.0 0.0 0.0 0.0 0.0 0.0 0.0 0.0 0.0 0.0 0.0 0.0 0.0 0.0 0.0 0.0 0.0 0.0 0.0 0.0 1.0 0.0 0.0 0.0 0.0 0.0 0.0 0.0 0.0 0.0 0.0 0.0 0.0 0.0 0.0 0.0 0.0 0.0 0.0 0.0 0.0 0.0 0.0 0.0 0.0 0.0 0.0 0.0 0.0 0.0 0.0 0.0 0.0 0.0 0.0 0.0 0.0 0.0 0.0 0.0 0.0
-135.51126 -56.25839 -11.51146 -9.88587 -14.4318 -11.88576 -4.92343 -11.25231 -6.45112 -1.24157 2 2 2 0 0 1 0 0 0 0 0 1 0 0 0 0 1 0 0 0 0 0 4 7 3 0 4 1 3 0 1 0 1 0 1 0 1 0 0 0 0 1 0 0 0 0 1 0 0 0 0 1 0 0 1 0 0 1 0 3 7 3 8 4 8 0.308 0 0 1 0 0 24 11 1 1 1 0 23 13 0.0 0.0 2.0 3.0 0.272727272727 11.0 0.0 0.0 0.0 0.0 0.0 0.0 0.0 0.0 0.0 0.0 0.0 0.0 0.0 0.0 0.0 0.0 0.0 0.0 0.0 0.0 0.0 0.0 0.0 0.0 0.0 0.0 0.0 0.0 0.0 0.0 0.0 1.0 0.0 0.0 0.0 0.0 0.0 0.0 0.0 0.0 0.0 0.0 0.0 0.0 0.0 0.0 0.0 0.0 0.0 0.0 0.0 0.0 0.0 0.0 0.0 0.0 0.0 0.0 0.0 0.0
-0.23459 -3.08376 8.67072 19.47767 7.93596 2.50801 4.83886 13.28558 16.99029 17.33863 2 2 2 0 1 0 0 0 0 0 0 1 0 0 1 0 0 0 0 0 0 0 4 6 4 0 4 0 4 0 1 0 1 1 0 0 1 0 0 0 0 1 0 0 0 0 1 0 0 0 0 1 0 0 1 0 0 0 1 4 6 4 7 5 7 0.385 0 1 0 0 0 622 1 11 1 2 0 23 1 0.0 0.0 2.0 4.0 0.363636363636 11.0 0.0 0.0 0.0 0.0 0.0 0.0 0.0 0.0 0.0 0.0 0.0 1.0 0.0 0.0 0.0 0.0 0.0 0.0 0.0 0.0 0.0 0.0 0.0 0.0 0.0 0.0 0.0 0.0 0.0 0.0 0.0 0.0 0.0 0.0 0.0 0.0 0.0 0.0 0.0 0.0 0.0 0.0 0.0 0.0 0.0 0.0 0.0 0.0 0.0 0.0 0.0 0.0 0.0 0.0 0.0 0.0 0.0 0.0 0.0 0.0
7.93444 14.23092 -10.92462 -10.8538 7.50838 10.90704 20.5535 25.32697 25.01831 22.89857 2 2 2 1 0 0 0 0 0 0 1 0 0 0 1 0 0 0 0 0 0 0 3 5 5 0 3 0 5 1 0 0 1 1 0 0 1 0 0 0 0 1 0 0 0 0 1 0 0 0 0 0 1 0 1 0 0 0 1 5 5 5 6 6 6 0.462 1 0 0 0 0 1343 1 11 1 2 1 9 4 0.0 0.0 2.0 5.0 0.454545454545 11.0 0.0 0.0 0.0 0.0 0.0 0.0 0.0 0.0 0.0 0.0 0.0 1.0 0.0 0.0 0.0 0.0 0.0 0.0 0.0 0.0 0.0 0.0 0.0 0.0 0.0 0.0 0.0 0.0 0.0 0.0 0.0 0.0 0.0 0.0 0.0 0.0 0.0 0.0 0.0 0.0 0.0 0.0 0.0 0.0 0.0 0.0 0.0 0.0 0.0 0.0 0.0 0.0 0.0 0.0 0.0 0.0 0.0 0.0 0.0 0.0
37.48674 30.17252 19.46984 15.2377 13.74778 9.86074 6.04035 6.79407 2.37288 5.96085 2 2 2 1 0 0 0 0 1 0 0 0 0 0 1 0 0 0 0 0 0 1 2 4 6 1 2 0 0 1 0 1 0 1 0 0 1 0 0 0 0 1 0 0 0 0 1 0 0 0 0 0 1 0 0 1 0 0 1 6 4 6 5 7 5 0.538 1 0 0 0 0 77 1 1 11 3 0 4 35 0.0 0.0 2.0 6.0 0.545454545455 11.0 0.0 0.0 0.0 0.0 0.0 0.0 0.0 0.0 0.0 0.0 1.0 0.0 0.0 0.0 0.0 0.0 0.0 0.0 0.0 0.0 0.0 0.0 0.0 0.0 0.0 0.0 0.0 0.0 0.0 1.0 1.0 0.0 0.0 0.0 0.0 0.0 0.0 0.0 0.0 0.0 0.0 0.0 0.0 0.0 0.0 0.0 0.0 0.0 0.0 0.0 0.0 0.0 0.0 0.0 0.0 0.0 0.0 0.0 0.0 0.0
-2.68399 -0.4856 -0.7944 -4.58608 -10.70878 -16.60222 -20.5288 -23.4955 -39.27937 -58.78503 2 2 2 1 0 0 0 0 1 0 0 0 0 0 0 0 0 1 0 0 0 2 1 3 7 2 1 1 0 1 0 1 0 0 1 0 1 0 0 0 0 1 0 0 0 0 1 0 0 0 0 0 1 0 0 1 0 1 0 7 3 7 4 8 4 0.615 1 0 0 0 0 324 1 1 11 3 1 12 13 0.0 0.0 2.0 7.0 0.636363636364 11.0 0.0 0.0 0.0 0.0 0.0 0.0 0.0 0.0 0.0 0.0 1.0 0.0 0.0 0.0 0.0 0.0 0.0 0.0 0.0 0.0 0.0 0.0 0.0 0.0 0.0 0.0 0.0 0.0 0.0 1.0 1.0 0.0 0.0 0.0 0.0 0.0 0.0 0.0 0.0 0.0 0.0 0.0 0.0 0.0 0.0 0.0 0.0 0.0 0.0 0.0 0.0 0.0 0.0 0.0 0.0 0.0 0.0 0.0 0.0 0.0
-48.95911 -36.54621 -32.79471 -25.91721 -22.19336 -15.00919 -14.69589 -4.53116 -6.18368 -13.21957 2 2 2 0 0 1 0 0 1 0 0 0 0 0 1 0 0 0 0 0 0 3 1 2 8 3 1 0 0 0 1 1 0 1 0 0 1 0 0 0 0 1 0 0 0 0 1 0 0 0 0 1 0 0 0 1 0 0 1 8 2 8 3 9 3 0.692 0 0 1 0 0 17 11 1 1 4 0 22 9 0.0 0.0 2.0 8.0 0.727272727273 11.0 0.0 0.0 0.0 0.0 0.0 0.0 0.0 0.0 0.0 0.0 0.0 0.0 0.0 0.0 0.0 0.0 0.0 0.0 0.0 0.0 0.0 0.0 0.0 0.0 0.0 0.0 0.0 0.0 0.0 0.0 0.0 1.0 0.0 0.0 0.0 0.0 0.0 0.0 0.0 0.0 0.0 0.0 0.0 0.0 0.0 0.0 0.0 0.0 0.0 0.0 0.0 0.0 0.0 0.0 0.0 0.0 0.0 0.0 0.0 0.0
-5.87017 8.4856 -5.56112 -23.47223 -32.94467 -29.22845 -25.27279 -18.79158 -15.51427 -16.76758 2 2 2 1 0 0 0 0 0 0 0 1 0 0 0 0 0 0 1 0 0 3 0 1 9 3 0 5 1 1 0 0 1 0 1 0 1 0 0 0 0 1 0 0 0 0 0 0 1 0 0 0 1 0 1 0 0 1 0 9 1 9 2 10 2 0.769 1 0 0 0 0 697 1 11 7 5 0 16 3 0.0 0.0 2.0 9.0 0.818181818182 11.0 0.0 0.0 0.0 0.0 0.0 0.0 0.0 0.0 0.0 0.0 0.0 0.0 0.0 0.0 0.0 0.0 0.0 0.0 0.0 0.0 0.0 0.0 0.0 0.0 0.0 0.0 0.0 0.0 0.0 1.0 1.0 0.0 0.0 0.0 0.0 0.0 0.0 0.0 0.0 0.0 0.0 0.0 0.0 0.0 0.0 0.0 0.0 0.0 0.0 0.0 0.0 0.0 0.0 0.0 0.0 0.0 0.0 0.0 0.0 0.0
-49.21615 -41.54242 -37.24035 -26.24541 -28.6196 -10.63333 9.58094 10.87949 22.8798 13.86353 2 2 2 0 0 0 1 0 1 0 0 0 0 0 0 0 1 0 0 0 0 4 0 0 10 4 0 4 0 0 1 1 0 0 1 0 0 0 1 0 0 1 0 0 0 0 1 0 0 0 0 1 0 0 0 1 0 1 0 10 0 10 1 11 1 0.846 0 0 0 1 0 450 1 11 7 5 1 7 2 0.0 0.0 2.0 10.0 0.909090909091 11.0 0.0 0.0 0.0 0.0 0.0 0.0 0.0 0.0 0.0 0.0 0.0 0.0 0.0 0.0 0.0 0.0 0.0 0.0 0.0 0.0 0.0 0.0 0.0 0.0 0.0 0.0 0.0 0.0 0.0 1.0 1.0 0.0 0.0 0.0 0.0 0.0 0.0 0.0 0.0 0.0 0.0 0.0 0.0 0.0 0.0 0.0 0.0 0.0 0.0 0.0 0.0 0.0 0.0 0.0 0.0 0.0 0.0 0.0 0.0 0.0
-3.47833 -8.14945 -4.61315 -25.68509 -40.29127 -43.20751 -44.62842 -41.32358 -29.94698 -37.06557 2 2 2 0 1 0 0 0 0 0 0 0 1 0 0 0 0 1 0 0 0 0 1 6 0 0 1 3 1 0 1 0 1 0 1 0 1 0 0 0 0 0 0 1 0 0 1 0 0 0 0 1 0 0 1 0 0 1 0 0 6 0 7 1 7 0.111 0 1 0 0 0 256 7 1 8 6 0 22 5 1.0 0.5 2.0 0.0 0.0 7.0 0.0 1.0 0.0 0.0 0.0 0.0 0.0 0.0 0.0 0.0 0.0 0.0 0.0 0.0 0.0 0.0 1.0 0.0 1.0 0.0 1.0 0.0 0.0 0.0 0.0 0.0 0.0 0.0 1.0 0.0 0.0 0.0 0.0 0.0 0.0 0.0 0.0 0.0 0.0 0.0 0.0 0.0 0.0 0.0 0.0 0.0 0.0 0.0 0.0 0.0 0.0 0.0 0.0 0.0 0.0 0.0 0.0 0.0 0.0 0.0
-21.92371 -24.0349 -22.12253 -30.03851 -26.89324 -21.6484 -29.25971 -35.31525 -32.59699 -36.47712 2 2 2 0 0 1 0 0 0 0 1 0 0 0 0 0 0 0 1 0 0 0 1 5 1 0 1 2 2 0 1 0 1 0 1 0 1 0 0 0 0 1 0 0 0 0 1 0 0 0 0 1 0 0 1 0 0 1 0 1 5 1 6 2 6 0.222 0 0 1 0 0 529 7 1 8 6 1 20 26 1.0 0.5 2.0 1.0 0.142857142857 7.0 0.0 1.0 0.0 0.0 0.0 0.0 0.0 0.0 0.0 0.0 0.0 0.0 0.0 0.0 0.0 0.0 1.0 0.0 1.0 0.0 1.0 0.0 0.0 0.0 0.0 0.0 0.0 0.0 1.0 0.0 0.0 0.0 0.0 0.0 0.0 0.0 0.0 0.0 0.0 0.0 0.0 0.0 0.0 0.0 0.0 0.0 0.0 0.0 0.0 0.0 0.0 0.0 0.0 0.0 0.0 0.0 0.0 0.0 0.0 0.0
-18.25313 -13.1401 -17.41005 -32.92888 -32.47545 -34.38756 -36.93294 -28.69717 -20.98492 -21.19288 2 2 2 0 0 0 1 0 0 0 0 1 0 0 0 0 0 0 0 1 0 0 1 4 2 0 1 1 3 0 1 0 1 0 1 0 1 0 0 0 0 1 0 0 0 0 1 0 0 0 0 1 0 0 1 0 0 1 0 2 4 2 5 3 5 0.333 0 0 0 1 0 4 8 7 5 7 0 20 8 1.0 0.5 2.0 2.0 0.285714285714 7.0 0.0 0.0 0.0 0.0 0.0 0.0 0.0 0.0 0.0 0.0 0.0 0.0 0.0 0.0 0.0 0.0 0.0 0.0 0.0 0.0 0.0 1.0 0.0 0.0 0.0 0.0 0.0 0.0 0.0 0.0 0.0 0.0 0.0 0.0 0.0 0.0 0.0 0.0 0.0 0.0 0.0 0.0 0.0 0.0 0.0 0.0 0.0 0.0 0.0 0.0 0.0 0.0 0.0 0.0 0.0 0.0 0.0 0.0 0.0 0.0
-19.39856 -11.97236 2.04001 22.99354 25.81857 21.81783 12.91183 -4.12866 -26.7255 -24.97255 2 2 2 0 0 0 0 1 0 0 0 0 1 0 1 0 0 0 0 0 0 0 1 3 3 0 1 0 4 0 1 0 1 1 0 0 1 0 0 0 0 1 0 0 0 0 1 0 0 0 0 1 0 0 1 0 0 0 1 3 3 3 4 4 4 0.444 0 0 0 0 1 14 5 8 1 8 0 2 1 1.0 0.5 2.0 3.0 0.428571428571 7.0 0.0 0.0 0.0 0.0 0.0 0.0 0.0 0.0 0.0 0.0 0.0 0.0 0.0 0.0 0.0 0.0 0.0 0.0 0.0 0.0 0.0 0.0 0.0 0.0 0.0 0.0 0.0 0.0 0.0 0.0 0.0 0.0 0.0 0.0 0.0 0.0 0.0 0.0 0.0 0.0 0.0 0.0 0.0 0.0 0.0 0.0 0.0 0.0 0.0 0.0 0.0 0.0 0.0 0.0 0.0 0.0 0.0 0.0 0.0 0.0
-4.91829 -1.547 -2.502 -13.16 -23.43774 -40.12808 -55.20122 -57.81026 -69.08061 -74.3885 2 2 2 1 0 0 0 0 0 0 0 0 0 1 0 0 0 1 0 0 0 0 0 2 4 0 0 2 5 1 0 0 1 0 1 0 1 0 0 0 0 1 0 0 0 0 1 0 0 0 0 0 1 0 1 0 0 1 0 4 2 4 3 5 3 0.556 1 0 0 0 0 502 5 8 1 8 1 7 13 1.0 0.5 2.0 4.0 0.571428571429 7.0 0.0 0.0 0.0 0.0 0.0 0.0 0.0 0.0 0.0 0.0 0.0 0.0 0.0 0.0 0.0 0.0 0.0 0.0 0.0 0.0 0.0 0.0 0.0 0.0 0.0 0.0 0.0 0.0 0.0 0.0 0.0 0.0 0.0 0.0 0.0 0.0 0.0 0.0 0.0 0.0 0.0 0.0 0.0 0.0 0.0 0.0 0.0 0.0 0.0 0.0 0.0 0.0 0.0 0.0 0.0 0.0 0.0 0.0 0.0 0.0
-61.8934 -48.16926 -27.40509 -13.11982 -1.9767 4.21877 4.05162 -3.22067 -9.91248 -14.60823 2 2 2 0 0 1 0 0 1 0 0 0 0 0 0 0 0 1 0 0 0 1 0 1 5 1 0 1 0 0 1 1 0 0 1 0 1 0 0 0 0 1 0 0 0 0 0 0 0 1 0 1 0 0 0 1 0 1 0 5 1 5 2 6 2 0.667 0 0 1 0 0 34 1 5 0 9 0 13 11 1.0 0.5 2.0 5.0 0.714285714286 7.0 1.0 0.0 0.0 0.0 0.0 0.0 0.0 0.0 0.0 0.0 0.0 0.0 0.0 0.0 0.0 0.0 0.0 1.0 0.0 0.0 0.0 0.0 0.0 0.0 0.0 0.0 0.0 0.0 0.0 0.0 0.0 0.0 0.0 0.0 0.0 0.0 0.0 0.0 0.0 0.0 0.0 0.0 0.0 0.0 0.0 0.0 0.0 0.0 0.0 0.0 0.0 0.0 0.0 0.0 0.0 0.0 0.0 0.0 0.0 0.0
-6.69165 4.90122 19.84595 14.90817 10.14828 10.34278 6.6736 -3.28384 -13.16408 -21.79213 2 2 0 0 0 1 0 0 0 0 0 1 0 0 0 1 0 0 0 0 0 1 0 0 6 1 0 0 1 0 1 0 1 0 1 0 0 0 0 1 0 1 0 0 0 1 0 0 0 0 0 1 0 0 1 0 1 0 0 6 0 6 1 7 1 0.778 0 0 1 0 0 139 1 5 0 9 1 23 30 1.0 0.5 2.0 6.0 0.857142857143 7.0 1.0 0.0 0.0 0.0 0.0 0.0 0.0 0.0 0.0 0.0 0.0 0.0 0.0 0.0 0.0 0.0 0.0 1.0 0.0 0.0 0.0 0.0 0.0 0.0 0.0 0.0 0.0 0.0 0.0 0.0 0.0 0.0 0.0 0.0 0.0 0.0 0.0 0.0 0.0 0.0 0.0 0.0 0.0 0.0 0.0 0.0 0.0 0.0 0.0 0.0 0.0 0.0 0.0 0.0 0.0 0.0 0.0 0.0 0.0 0.0
