-30.393 -29.607 -28.042 -25.718 -22.292 -17.062 -9.737 -2.783 1.225 -2.315 2 0 2 1 0 0 0 0 0 1 0 0 0 0 1 0 0 0 0 0 0 0 7 19 0 0 7 0 0 1 0 0 1 1 0 138.07001 134.535 0 138.07001 0 1 0 0 0 1 0 0 0 0 0 1 0 0 0 0 0 1 1 0 0 0 0 1 0 19 0 20 1 20 0.045 1 0 0 0 0 441 1
0.996 10.356 19.891 28.451 37.382 49.846 60.751 64.733 49.171 27.823 2 2 2 1 0 0 0 0 1 0 0 0 0 0 0 0 0 1 0 0 0 0 6 18 1 0 6 9 0 1 0 1 0 0 1 136.605 138.07001 138.07001 136.605 0 1 0 0 0 0 1 0 0 0 0 1 0 0 0 0 0 1 0 0 1 0 1 0 1 18 1 19 2 19 0.091 1 0 0 0 0 1444 1
11.121 -6.705 -24.897 -40.613 -54.33 -58.887 -54.088 -40.044 -21.097 -4.29 2 2 2 0 0 1 0 0 1 0 0 0 0 0 0 0 0 0 0 1 0 1 6 17 2 1 6 8 0 0 1 1 0 0 1 0 136.605 136.605 0 0 1 0 0 0 0 1 0 0 0 0 1 0 0 0 0 1 0 0 0 1 0 1 0 2 17 2 18 3 18 0.136 0 0 1 0 0 13 5
22.311 62.843 68.15 58.067 39.456 18.503 -1.057 -16.586 -20.762 -23.85 2 2 2 0 0 0 0 1 0 0 0 1 0 0 0 0 1 0 0 0 0 1 6 16 3 1 6 7 1 0 1 0 1 0 1 0 0 0 0 0 1 0 0 0 0 1 0 0 0 0 1 0 0 0 0 1 0 0 1 0 0 1 0 3 16 3 17 4 17 0.182 0 0 0 0 1 150 5
-27.083 -24.933 -20.672 -19.514 -28.295 -47.805 -64.727 -77.672 -77.769 -45.722 2 2 2 0 1 0 0 0 0 0 0 0 0 1 0 0 0 0 0 1 0 1 6 15 4 1 6 6 2 0 1 0 1 0 1 0 0 0 0 0 1 0 0 0 0 1 0 0 0 0 1 0 0 0 0 1 0 0 1 0 0 1 0 4 15 4 16 5 16 0.227 0 1 0 0 0 92 5
6.383 47.6 67.645 71.72 72.456 69.987 58.662 36.113 17.937 3.918 2 2 2 0 0 0 0 1 0 0 1 0 0 0 0 0 0 0 0 1 0 1 6 14 5 1 6 5 3 0 1 0 1 0 1 0 0 0 0 0 1 0 0 0 0 1 0 0 0 0 1 0 0 0 0 1 0 0 1 0 0 1 0 5 14 5 15 6 15 0.273 0 0 0 0 1 147 5
-6.993 -5.639 11.931 32.89 46.041 31.364 4.754 -10.338 -14.44 -20.151 2 2 2 0 0 0 0 1 0 0 0 0 0 1 0 0 1 0 0 0 0 1 6 13 6 1 6 4 4 0 1 0 1 0 1 0 0 0 0 0 1 0 0 0 0 1 0 0 0 0 1 0 0 0 0 1 0 0 1 0 0 1 0 6 13 6 14 7 14 0.318 0 0 0 0 1 477 5
-18.865 -40.287 -105.931 -50.533 4.097 1.985 -8.577 -22.94 -34.932 -40.459 2 2 2 0 1 0 0 0 0 0 0 0 0 1 0 0 0 1 0 0 0 1 6 12 7 1 6 3 5 0 1 0 1 0 1 0 0 0 0 0 1 0 0 0 0 1 0 0 0 0 1 0 0 0 0 1 0 0 1 0 0 1 0 7 12 7 13 8 13 0.364 0 1 0 0 0 2499 1
-41.359 -35.918 -18.042 -16.101 -18.864 -12.931 -6.711 11.932 46.775 72.457 2 2 2 0 0 1 0 0 0 0 1 0 0 0 0 0 0 0 0 1 0 1 6 11 8 1 6 2 6 0 1 0 1 0 1 0 0 0 0 0 1 0 0 0 0 1 0 0 0 0 1 0 0 0 0 1 0 0 1 0 0 1 0 8 11 8 12 9 12 0.409 0 0 1 0 0 524 1
78.711 84.172 89.873 89.721 75.397 48.833 23.065 4.278 -7.491 -21.088 2 2 2 0 0 0 0 1 0 0 0 1 0 0 0 0 0 1 0 0 0 1 6 10 9 1 6 1 7 0 1 0 1 0 1 0 0 0 0 0 1 0 0 0 0 1 0 0 0 0 1 0 0 0 0 1 0 0 1 0 0 1 0 9 10 9 11 10 11 0.455 0 0 0 0 1 328 2
-53.035 -70.368 -66.361 -42.295 -44.939 -51.495 -54.87 -48.238 -40.264 -42.024 2 2 2 0 0 1 0 0 0 0 0 0 0 1 1 0 0 0 0 0 0 1 6 9 10 1 6 0 8 0 1 0 1 1 0 124.302 0 0 124.302 0 1 0 0 0 0 1 0 0 0 0 1 0 0 0 0 1 0 0 1 0 0 0 1 10 9 10 10 11 10 0.5 0 0 1 0 0 1245 1
-23.547 23.648 30.435 22.903 19.174 14.887 8.949 1.337 -0.855 3.852 2 2 2 1 0 0 0 0 0 0 0 1 0 0 1 0 0 0 0 0 0 1 5 8 11 1 5 0 9 1 0 0 1 1 0 127.837 124.302 124.302 127.837 0 1 0 0 0 0 1 0 0 0 0 1 0 0 0 0 0 1 0 1 0 0 0 1 11 8 11 9 12 9 0.545 1 0 0 0 0 725 1
21.814 34.561 36.12 24.48 18.073 21.28 27.331 31.623 29.338 15.376 2 2 2 1 0 0 0 0 1 0 0 0 0 0 0 0 0 0 0 1 0 2 4 7 12 2 4 1 0 1 0 1 0 0 1 126.372 127.837 127.837 126.372 0 1 0 0 0 0 1 0 0 0 0 1 0 0 0 0 0 1 0 0 1 0 1 0 12 7 12 8 13 8 0.591 1 0 0 0 0 64 3
8.425 4.666 1.328 -0.631 -3.163 -22.242 -54.654 -68.312 -76.114 -76.622 2 2 2 0 0 0 0 1 1 0 0 0 0 0 1 0 0 0 0 0 0 3 4 6 13 3 4 0 0 0 1 1 0 1 0 121.512 126.372 126.372 121.512 0 1 0 0 0 0 1 0 0 0 0 1 0 0 0 0 1 0 0 0 1 0 0 1 13 6 13 7 14 7 0.636 0 0 0 0 1 948 3
-56.13 -25.621 -4.034 6.409 17.042 26.074 34.735 42.11 47.085 48.808 2 2 2 1 0 0 0 0 0 0 0 0 0 1 0 0 0 0 0 1 0 3 3 5 14 3 3 2 1 1 0 0 1 0 1 124.512 121.512 121.512 124.512 0 1 0 0 0 0 1 0 0 0 0 1 0 0 0 0 0 1 0 1 0 0 1 0 14 5 14 6 15 6 0.682 1 0 0 0 0 77 5
52.73 57.341 50.136 23.799 -9.557 -40.942 -59.91 -60.634 -58.954 -52.621 2 2 2 0 0 0 0 1 1 0 0 0 0 0 0 0 0 0 0 1 0 4 3 4 15 4 3 1 0 0 1 1 0 0 1 0 124.512 124.512 0 0 1 0 0 0 0 1 0 0 0 0 1 0 0 0 0 1 0 0 0 1 0 1 0 15 4 15 5 16 5 0.727 0 0 0 0 1 191 5
-31.06 -6.635 24.563 55.44 74.713 63.974 21.955 -19.579 -51.483 -61.719 2 2 2 0 0 0 0 1 0 0 0 0 0 1 1 0 0 0 0 0 0 4 3 3 16 4 3 0 1 0 1 0 1 1 0 118.721 0 0 118.721 0 1 0 0 0 0 1 0 0 0 0 1 0 0 0 0 1 0 0 1 0 0 0 1 16 3 16 4 17 4 0.773 0 0 0 0 1 2441 8
-44.075 -5.79 19.003 19.097 14.503 8.585 4.944 5.541 9.129 3.401 2 2 2 1 0 0 0 0 0 0 0 0 0 1 1 0 0 0 0 0 0 4 2 2 17 4 2 0 2 1 0 0 1 1 0 122.256 118.721 118.721 122.256 0 1 0 0 0 0 1 0 0 0 0 1 0 0 0 0 0 1 0 1 0 0 0 1 17 2 17 3 18 3 0.818 1 0 0 0 0 60 8
-12.674 -10.261 -2.325 5.694 9.065 3.994 1.351 3.757 4.988 -3.204 2 2 2 1 0 0 0 0 1 0 0 0 0 0 1 0 0 0 0 0 0 5 1 1 18 5 1 0 0 1 0 1 0 1 0 121.3255 122.256 122.256 121.3255 0 1 0 0 0 0 1 0 0 0 0 0 0 1 0 0 0 1 0 0 1 0 0 1 18 1 18 2 19 2 0.864 1 0 0 0 0 174 8
-14.269 -10.26 -1.353 12.882 3.858 -4.68 -6.922 -6.728 -5.888 17.194 2 2 0 1 0 0 0 0 1 0 0 0 0 0 0 1 0 0 0 0 0 6 0 0 19 6 0 0 0 1 0 1 0 0 1 119.86 121.3255 121.3255 0 0 0 0 1 0 0 1 0 0 0 1 0 0 0 0 0 0 1 0 0 1 1 0 0 19 0 19 1 20 1 0.909 1 0 0 0 0 157 8
