17.928 17.847 12.096 -8.628 -31.009 -46.181 -52.343 -53.332 -49.878 -47.285 2 0 2 0 1 0 0 0 0 1 0 0 0 0 0 0 0 0 1 0 0 0 1 11 0 0 1 7 0 0 1 0 1 0 1 0 130 0 0 0 1 0 0 0 1 0 0 0 0 0 1 0 0 0 0 1 0 1 0 0 0 1 0 0 11 0 12 1 8 0.1 0 1 0 0 0 640 8
-41.249 -26.922 6.834 41.575 70.161 85.608 97.485 100.437 96.367 80.757 2 2 2 0 0 0 1 0 0 0 1 0 0 0 0 0 0 1 0 0 0 0 1 10 1 0 1 6 1 0 1 0 1 0 1 0 0 0 0 0 1 0 0 0 0 1 0 0 0 0 1 0 0 0 0 1 0 0 1 0 0 1 0 1 10 1 11 2 7 0.2 0 0 0 1 0 20 8
59.733 46.39 34.252 22.282 5.246 -37.689 -77.119 -92.412 -98.378 -97.181 2 2 2 0 0 1 0 0 0 0 0 0 1 0 0 0 0 1 0 0 0 0 1 9 2 0 1 5 2 0 1 0 1 0 1 0 0 0 0 0 1 0 0 0 0 1 0 0 0 0 1 0 0 0 0 1 0 0 1 0 0 1 0 2 9 2 10 3 6 0.3 0 0 1 0 0 50 3
-88.715 -79.836 -71.212 -65.782 -61.675 -50.001 -20.999 21.183 60.293 78.704 2 2 2 0 0 1 0 0 0 0 0 1 0 0 0 0 1 0 0 0 0 0 1 8 3 0 1 4 3 0 1 0 1 0 1 0 0 0 0 0 1 0 0 0 0 1 0 0 0 0 1 0 0 0 0 1 0 0 1 0 0 1 0 3 8 3 9 4 5 0.4 0 0 1 0 0 1160 5
78.984 74.665 69.845 62.629 34.145 -7.958 -37.516 -62.685 -69.78 -58.943 2 2 2 0 1 0 0 0 0 0 0 1 0 0 0 0 0 0 0 1 0 0 1 7 4 0 1 3 4 0 1 0 1 0 1 0 0 0 0 0 1 0 0 0 0 1 0 0 0 0 1 0 0 0 0 1 0 0 1 0 0 1 0 4 7 4 8 5 4 0.5 0 1 0 0 0 128 5
-25.837 8.037 41.43 72.037 105.721 124.423 104.925 57.772 8.787 -6.304 2 2 2 0 0 0 0 1 0 0 1 0 0 0 0 0 0 0 1 0 0 0 1 6 5 0 1 2 5 0 1 0 1 0 1 0 0 0 0 0 1 0 0 0 0 1 0 0 0 0 1 0 0 0 0 1 0 0 1 0 0 1 0 5 6 5 7 6 3 0.6 0 0 0 0 1 158 8
-19.338 -19.792 -14.068 -10.926 -16.466 -39.404 -62.891 -70.883 -73.828 -68.961 2 2 2 0 0 0 1 0 0 0 0 0 0 1 0 0 0 0 0 1 0 0 1 5 6 0 1 1 6 0 1 0 1 0 1 0 0 0 0 0 1 0 0 0 0 1 0 0 0 0 1 0 0 0 0 1 0 0 1 0 0 1 0 6 5 6 6 7 2 0.7 0 0 0 1 0 158 8
-44.387 -28.397 0.803 26.373 19.904 -13.987 -40.04 -54.551 -58.47 -59.437 2 2 2 0 0 0 0 1 0 0 0 0 1 0 1 0 0 0 0 0 0 0 1 4 7 0 1 0 7 0 1 0 1 1 0 122.407 0 0 122.407 0 1 0 0 0 0 1 0 0 0 0 1 0 0 0 0 1 0 0 1 0 0 0 1 7 4 7 5 8 1 0.8 0 0 0 0 1 212 2
-48.961 -9.777 31.583 46.275 50.789 56.047 59.007 62.882 68.603 65.0 2 2 2 1 0 0 0 0 0 0 0 0 0 1 0 0 0 0 0 1 0 0 0 3 8 0 0 3 8 1 0 0 1 0 1 125.407 122.407 122.407 125.407 0 1 0 0 0 0 1 0 0 0 0 1 0 0 0 0 0 1 0 1 0 0 1 0 8 3 8 4 1 4 0.167 1 0 0 0 0 147 12
60.658 64.375 68.842 73.449 68.913 22.138 -18.461 -44.556 -59.859 -67.439 2 2 2 0 0 0 0 1 1 0 0 0 0 0 0 0 1 0 0 0 0 1 0 2 9 1 0 2 0 0 1 1 0 0 1 0 125.407 125.407 0 0 1 0 0 0 0 1 0 0 0 0 1 0 0 0 0 1 0 0 0 1 0 1 0 9 2 9 3 2 3 0.333 0 0 0 0 1 1676 12
-61.843 -50.814 -46.589 -45.294 -48.32 -52.335 -52.075 -55.217 -77.304 -49.514 2 2 2 0 1 0 0 0 0 0 0 0 0 1 0 0 0 0 1 0 0 1 0 1 10 1 0 1 1 0 1 0 1 0 1 0 0 0 0 0 1 0 0 0 0 1 0 0 0 0 0 0 1 0 0 1 0 0 1 0 0 1 0 10 1 10 2 3 2 0.5 0 1 0 0 0 978 8
7.379 16.614 18.891 21.142 23.453 26.249 30.025 36.498 55.959 70.604 2 2 0 0 0 0 1 0 0 0 1 0 0 0 0 1 0 0 0 0 0 1 0 0 11 1 0 0 2 0 1 0 1 0 1 110 0 0 0 0 0 0 1 0 0 1 0 0 0 1 0 0 0 0 0 1 0 0 1 0 1 0 0 11 0 11 1 4 1 0.667 0 0 0 1 0 16 10
