-123.087 -123.156 -121.377 -107.875 -30.401 16.194 121.681 186.613 165.781 125.568 2 0 2 0 0 0 0 1 0 1 0 0 0 0 0 0 0 1 0 0 0 0 5 17 0 0 5 3 0 0 1 0 1 0 1 0 130 0 0 0 1 0 0 0 1 0 0 0 0 0 1 0 0 0 0 1 0 1 0 0 0 1 0 0 17 0 18 1 5 0.143 0 0 0 0 1 1048 5
84.027 61.933 50.602 40.889 19.783 5.565 -0.21 -1.744 3.945 18.303 2 2 2 0 0 1 0 0 0 0 0 0 0 1 0 0 1 0 0 0 0 0 5 16 1 0 5 2 1 0 1 0 1 0 1 0 0 0 0 0 1 0 0 0 0 1 0 0 0 0 1 0 0 0 0 1 0 0 1 0 0 1 0 1 16 1 17 2 4 0.286 0 0 1 0 0 395 5
36.919 56.661 61.852 58.823 33.444 -17.74 -54.454 -82.886 -91.402 -92.421 2 2 2 0 1 0 0 0 0 0 0 1 0 0 0 0 0 0 1 0 0 0 5 15 2 0 5 1 2 0 1 0 1 0 1 0 0 0 0 0 1 0 0 0 0 1 0 0 0 0 1 0 0 0 0 1 0 0 1 0 0 1 0 2 15 2 16 3 3 0.429 0 1 0 0 0 256 5
-91.989 -89.385 -82.323 -74.265 -70.407 -68.525 -64.188 -58.105 -54.304 -51.408 2 2 2 0 0 0 1 0 0 0 1 0 0 0 1 0 0 0 0 0 0 0 5 14 3 0 5 0 3 0 1 0 1 1 0 130.38499 0 0 130.38499 0 1 0 0 0 0 1 0 0 0 0 1 0 0 0 0 1 0 0 1 0 0 0 1 3 14 3 15 4 2 0.571 0 0 0 1 0 2 4
-39.26 -18.697 1.277 21.323 41.439 57.212 64.395 73.333 75.762 58.281 2 2 2 1 0 0 0 0 0 0 0 0 1 0 0 0 0 0 0 1 0 0 4 13 4 0 4 2 4 1 0 0 1 0 1 133.38499 130.38499 130.38499 133.38499 0 1 0 0 0 0 1 0 0 0 0 1 0 0 0 0 0 1 0 1 0 0 1 0 4 13 4 14 5 1 0.714 1 0 0 0 0 1092 5
76.896 60.783 24.856 -17.452 -57.326 -79.628 -84.832 -80.868 -75.74 -75.027 2 2 2 0 0 0 0 1 1 0 0 0 0 0 0 0 0 1 0 0 0 1 4 12 5 1 4 1 0 0 1 1 0 0 1 0 133.38499 133.38499 0 0 1 0 0 0 0 1 0 0 0 0 1 0 0 0 0 1 0 0 0 1 0 1 0 5 12 5 13 1 1 0.333 0 0 0 0 1 453 5
18.31 19.015 19.73 15.283 -3.37 -8.699 -7.557 -5.421 7.544 12.367 2 2 2 0 0 1 0 0 0 0 0 0 0 1 1 0 0 0 0 0 0 1 4 11 6 1 4 0 1 0 1 0 1 1 0 127.308 0 0 127.308 0 1 0 0 0 0 1 0 0 0 0 1 0 0 0 0 1 0 0 1 0 0 0 1 6 11 6 12 1 2 0.25 0 0 1 0 0 105 12
7.28 42.268 81.116 95.985 84.505 48.644 10.654 -3.398 8.26 17.506 2 2 2 1 0 0 0 0 0 0 0 1 0 0 0 0 0 1 0 0 0 1 3 10 7 1 3 3 2 1 0 0 1 0 1 130.308 127.308 127.308 130.308 0 1 0 0 0 0 1 0 0 0 0 1 0 0 0 0 0 1 0 1 0 0 1 0 7 10 7 11 2 1 0.5 1 0 0 0 0 331 8
25.967 28.144 30.796 35.119 37.955 37.549 41.625 45.556 47.621 47.886 2 2 2 0 0 1 0 0 1 0 0 0 0 0 0 0 0 0 0 1 0 2 3 9 8 2 3 2 0 0 1 1 0 0 1 0 130.308 130.308 0 0 1 0 0 0 0 1 0 0 0 0 1 0 0 0 0 1 0 0 0 1 0 1 0 8 9 8 10 1 10 0.083 0 0 1 0 0 52 8
47.223 46.426 44.869 39.529 27.32 14.386 1.609 -16.416 -28.705 -32.569 2 2 2 0 0 0 0 1 0 0 0 1 0 0 0 0 1 0 0 0 0 2 3 8 9 2 3 1 1 0 1 0 1 0 1 0 0 0 0 0 1 0 0 0 0 1 0 0 0 0 1 0 0 0 0 1 0 0 1 0 0 1 0 9 8 9 9 2 9 0.167 0 0 0 0 1 3 6
-33.686 -31.764 -40.642 -63.982 -82.575 -88.967 -109.38 -160.058 -161.397 -169.455 2 2 2 0 1 0 0 0 0 0 0 0 0 1 1 0 0 0 0 0 0 2 3 7 10 2 3 0 2 0 1 0 1 1 0 123.205 0 0 123.205 0 1 0 0 0 0 1 0 0 0 0 1 0 0 0 0 1 0 0 1 0 0 0 1 10 7 10 8 3 8 0.25 0 1 0 0 0 88 7
-167.112 -129.339 -83.429 -37.464 8.564 47.223 55.81 45.291 34.068 23.343 2 2 2 1 0 0 0 0 0 0 1 0 0 0 1 0 0 0 0 0 0 2 2 6 11 2 2 0 3 1 0 0 1 1 0 126.692 123.205 123.205 126.692 0 1 0 0 0 0 1 0 0 0 0 1 0 0 0 0 0 1 0 1 0 0 0 1 11 6 11 7 4 7 0.333 1 0 0 0 0 530 5
0.541 2.744 9.657 16.811 33.186 42.205 36.551 33.943 33.909 34.575 2 2 2 1 0 0 0 0 1 0 0 0 0 0 1 0 0 0 0 0 0 3 1 5 12 3 1 0 0 1 0 1 0 1 0 125.6665 126.692 126.692 125.6665 0 1 0 0 0 0 1 0 0 0 0 1 0 0 0 0 0 1 0 0 1 0 0 1 12 5 12 6 5 6 0.417 1 0 0 0 0 449 5
28.976 -1.936 -13.216 3.747 54.55 84.975 95.615 98.694 106.832 113.315 2 2 2 1 0 0 0 0 1 0 0 0 0 0 0 0 0 1 0 0 0 4 0 4 13 4 0 4 0 1 0 1 0 0 1 124.154 125.6665 125.6665 124.154 0 1 0 0 0 0 1 0 0 0 0 1 0 0 0 0 0 1 0 0 1 0 1 0 13 4 13 5 6 5 0.5 1 0 0 0 0 385 5
104.361 83.763 58.631 33.45 8.686 -19.106 -58.397 -77.417 -76.521 -67.963 2 2 2 0 0 1 0 0 1 0 0 0 0 0 0 0 0 0 1 0 0 5 0 3 14 5 0 3 0 0 1 1 0 0 1 0 124.154 124.154 0 0 1 0 0 0 0 1 0 0 0 0 1 0 0 0 0 1 0 0 0 1 0 1 0 14 3 14 4 7 4 0.583 0 0 1 0 0 737 5
-56.213 -48.815 -45.781 -43.194 -41.677 -40.266 -37.803 -34.91 -29.552 -19.245 2 2 2 0 0 0 1 0 0 0 0 1 0 0 0 0 0 0 0 1 0 5 0 2 15 5 0 2 1 0 1 0 1 0 1 0 0 0 0 0 1 0 0 0 0 1 0 0 0 0 1 0 0 0 0 1 0 0 1 0 0 1 0 15 2 15 3 8 3 0.667 0 0 0 1 0 2 9
6.714 38.405 71.697 98.751 101.998 87.704 62.509 9.68 -35.613 -34.751 2 2 2 0 0 0 0 1 0 0 0 0 1 0 0 0 0 0 0 1 0 5 0 1 16 5 0 1 2 0 1 0 1 0 1 0 0 0 0 0 1 0 0 0 0 1 0 0 0 0 0 0 1 0 0 1 0 0 1 0 0 1 0 16 1 16 2 9 2 0.75 0 0 0 0 1 2177 8
-14.214 9.863 24.694 22.381 7.852 0.643 -33.535 -86.677 -102.957 -103.468 2 2 0 0 0 0 0 1 0 0 0 0 0 1 0 1 0 0 0 0 0 5 0 0 17 5 0 0 3 0 1 0 1 0 1 110 0 0 0 0 0 0 1 0 0 1 0 0 0 1 0 0 0 0 0 1 0 0 1 0 1 0 0 17 0 17 1 10 1 0.833 0 0 0 0 1 101 8
