212.1644354 212.257498486 212.443251818 212.720951283 213.089484609 213.547376024 214.092792446 214.723551157 215.437128958 216.230672739 2 0 2 0 1 0 0 0 0 1 0 0 0 0 0 0 0 0 1 0 0 0 4 19 0 0 4 5 0 0 1 0 1 0 1 0 130 0 0 0 1 0 0 0 1 0 0 0 0 0 1 0 0 0 0 1 0 1 0 0 0 1 0 0 19 0 20 1 7 0.111 0 1 0 0 0 22 17
217.101011448 218.044669377 219.057880748 220.1366055 221.276546248 222.473166308 223.721708752 225.017216371 226.354552507 227.72842263 2 2 2 0 0 0 1 0 0 0 1 0 0 0 0 0 0 1 0 0 0 0 4 18 1 0 4 4 1 0 1 0 1 0 1 0 0 0 0 0 1 0 0 0 0 1 0 0 0 0 1 0 0 0 0 1 0 0 1 0 0 1 0 1 18 1 19 2 6 0.222 0 0 0 1 0 23 17
229.133396598 230.563931492 232.01439493 233.479088782 234.952273163 236.428190618 237.901090398 239.36525272 240.815012916 242.244785362 2 2 2 0 0 1 0 0 0 0 0 0 1 0 0 0 0 0 0 1 0 0 4 17 2 0 4 3 2 0 1 0 1 0 1 0 0 0 0 0 1 0 0 0 0 1 0 0 0 0 1 0 0 0 0 1 0 0 1 0 0 1 0 2 17 2 18 3 5 0.333 0 0 1 0 0 1256 8
243.649087102 245.022561044 246.359998659 247.656362062 248.906805401 250.106695455 251.25163135 252.337463322 253.360310438 254.316577199 2 2 2 0 0 0 0 1 0 0 0 1 0 0 0 0 0 0 1 0 0 0 4 16 3 0 4 2 3 0 1 0 1 0 1 0 0 0 0 0 1 0 0 0 0 1 0 0 0 0 1 0 0 0 0 1 0 0 1 0 0 1 0 3 16 3 17 4 4 0.444 0 0 0 0 1 1128 8
255.202968959 256.016506092 256.754536842 257.414748809 257.99517901 258.494222477 258.910639352 259.243560451 259.492491255 259.657314334 2 2 2 0 0 0 1 0 0 0 0 0 0 1 0 0 0 0 0 1 0 0 4 15 4 0 4 1 4 0 1 0 1 0 1 0 0 0 0 0 1 0 0 0 0 1 0 0 0 0 1 0 0 0 0 1 0 0 1 0 0 1 0 4 15 4 16 5 3 0.556 0 0 0 1 0 2 9
259.738290163 259.736056344 259.651625225 259.486379918 259.242068742 258.920798094 258.525023792 258.057540899 257.521472095 256.920254614 2 2 2 0 0 0 0 1 0 0 0 0 1 0 1 0 0 0 0 0 0 0 4 14 5 0 4 0 5 0 1 0 1 1 0 128.953 0 0 128.953 0 1 0 0 0 0 1 0 0 0 0 1 0 0 0 0 1 0 0 1 0 0 0 1 5 14 5 15 6 2 0.667 0 0 0 0 1 399 5
256.257625815 255.537607435 254.764488591 253.942807585 253.077332606 252.173041387 251.235099899 250.268840185 249.279737399 248.273386162 2 2 2 1 0 0 0 0 0 0 0 0 0 1 0 0 0 0 0 1 0 0 3 13 6 0 3 3 6 1 0 0 1 0 1 131.953 128.953 128.953 131.953 0 1 0 0 0 0 1 0 0 0 0 1 0 0 0 0 0 1 0 1 0 0 1 0 6 13 6 14 7 1 0.778 1 0 0 0 0 157 5
247.255476316 246.231768189 245.208067453 244.190199695 243.183984796 242.195211222 241.229610335 240.292830836 239.390413425 238.527765813 2 2 2 0 0 0 0 1 1 0 0 0 0 0 0 0 1 0 0 0 0 1 3 12 7 1 3 2 0 0 1 1 0 0 1 0 131.953 131.953 0 0 1 0 0 0 0 1 0 0 0 0 1 0 0 0 0 1 0 0 0 1 0 1 0 7 12 7 13 1 10 0.083 0 0 0 0 1 5 14
237.710138163 236.942599077 236.230012225 235.577013716 234.987990304 234.467058523 234.018044841 233.644466915 233.349516032 233.136040809 2 2 2 0 1 0 0 0 0 0 0 0 0 1 0 0 0 1 0 0 0 1 3 11 8 1 3 1 1 0 1 0 1 0 1 0 0 0 0 0 1 0 0 0 0 1 0 0 0 0 1 0 0 0 0 1 0 0 1 0 0 1 0 8 11 8 12 2 9 0.167 0 1 0 0 0 526 1
233.006532224 232.963110049 233.007510738 233.141076833 233.364747935 233.679053281 234.084105967 234.579598845 235.164802127 235.838562697 2 2 2 0 0 1 0 0 0 0 1 0 0 0 1 0 0 0 0 0 0 1 3 10 9 1 3 0 2 0 1 0 1 1 0 125.233 0 0 125.233 0 1 0 0 0 0 1 0 0 0 0 1 0 0 0 0 1 0 0 1 0 0 0 1 9 10 9 11 3 8 0.25 0 0 1 0 0 1570 1
236.599305156 237.445034599 238.373341119 239.381406031 240.466009797 241.623541626 242.85001073 244.141059179 245.491976334 246.897714788 2 2 2 1 0 0 0 0 0 0 0 1 0 0 0 0 0 0 0 1 0 1 2 9 10 1 2 3 3 1 0 0 1 0 1 128.233 125.233 125.233 128.233 0 1 0 0 0 0 1 0 0 0 0 1 0 0 0 0 0 1 0 1 0 0 1 0 10 9 10 10 4 7 0.333 1 0 0 0 0 1349 1
248.352907775 249.851887971 251.388707629 252.957159978 254.550801788 256.162977039 257.7868416 259.415388817 261.041475921 262.657851162 2 2 2 0 0 0 0 1 1 0 0 0 0 0 0 0 0 0 0 1 0 2 2 8 11 2 2 2 0 0 1 1 0 0 1 0 128.233 128.233 0 0 1 0 0 0 0 1 0 0 0 0 1 0 0 0 0 1 0 0 0 1 0 1 0 11 8 11 9 5 6 0.417 0 0 0 0 1 1505 5
264.257181551 265.832081117 267.375139568 268.878951244 270.336144247 271.739409646 273.081530634 274.355411529 275.554106503 276.670847924 2 2 2 0 0 0 0 1 0 0 0 0 0 1 0 0 0 0 1 0 0 2 2 7 12 2 2 1 1 0 1 0 1 0 1 0 0 0 0 0 1 0 0 0 0 1 0 0 0 0 1 0 0 0 0 1 0 0 1 0 0 1 0 12 7 12 8 6 5 0.5 0 0 0 0 1 413 5
277.699074209 278.632457069 279.46492804 280.190704198 280.804312951 281.300615813 281.674831059 281.922555174 282.039783006 282.022926541 2 2 2 0 0 0 1 0 0 0 0 0 0 1 1 0 0 0 0 0 0 2 2 6 13 2 2 0 2 0 1 0 1 1 0 121.512 0 0 121.512 0 1 0 0 0 0 1 0 0 0 0 1 0 0 0 0 1 0 0 1 0 0 0 1 13 6 13 7 7 4 0.583 0 0 0 1 0 2 4
281.86883222 281.574796734 281.138581216 280.55842378 279.833050358 278.961683764 277.94405097 276.780388541 275.471446209 274.018488565 2 2 2 1 0 0 0 0 0 0 0 0 1 0 1 0 0 0 0 0 0 2 1 5 14 2 1 0 3 1 0 0 1 1 0 125.0465 121.512 121.512 125.0465 0 1 0 0 0 0 1 0 0 0 0 1 0 0 0 0 0 1 0 1 0 0 0 1 14 5 14 6 8 3 0.667 1 0 0 0 0 104 5
272.42329485 270.688156842 268.815874845 266.809751777 264.673585376 262.411658558 260.028727931 257.530010533 254.921168806 252.208293884 2 2 2 1 0 0 0 0 1 0 0 0 0 0 0 0 0 0 0 1 0 3 0 4 15 3 0 4 0 1 0 1 0 0 1 123.581 125.0465 125.0465 123.581 0 1 0 0 0 0 1 0 0 0 0 1 0 0 0 0 0 1 0 0 1 0 1 0 15 4 15 5 9 2 0.75 1 0 0 0 0 1165 5
249.39788723 246.496840697 243.512415079 240.452217225 237.324175799 234.136515771 230.897731732 227.616560121 224.30195047 220.963035776 2 2 2 0 0 0 0 1 1 0 0 0 0 0 0 0 0 1 0 0 0 4 0 3 16 4 0 3 0 0 1 1 0 0 1 0 123.581 123.581 0 0 1 0 0 0 0 1 0 0 0 0 1 0 0 0 0 1 0 0 0 1 0 1 0 16 3 16 4 10 1 0.833 0 0 0 0 1 167 5
217.609102092 214.249557457 210.89390028 207.551687289 204.232501157 200.945917937 197.701474407 194.508635468 191.376761687 188.315077128 2 2 2 0 0 1 0 0 0 0 0 0 0 1 0 0 0 0 0 1 0 4 0 2 17 4 0 2 1 0 1 0 1 0 1 0 0 0 0 0 1 0 0 0 0 1 0 0 0 0 1 0 0 0 0 1 0 0 1 0 0 1 0 17 2 17 3 1 3 0.2 0 0 1 0 0 746 8
185.332637581 182.438299299 179.640688369 176.948170826 174.368823623 171.910406554 169.580335247 167.385655327 165.333017828 163.428655968 2 2 2 0 0 0 0 1 0 0 0 1 0 0 0 0 0 0 1 0 0 4 0 1 18 4 0 1 2 0 1 0 1 0 1 0 0 0 0 0 1 0 0 0 0 1 0 0 0 0 0 0 1 0 0 1 0 0 1 0 0 1 0 18 1 18 2 2 2 0.4 0 0 0 0 1 373 8
161.678363356 160.087473718 158.660842222 157.402828464 156.317281179 155.40752474 154.676347487 154.125991941 153.758146923 153.573941619 2 2 0 0 0 0 1 0 0 0 0 0 0 1 0 1 0 0 0 0 0 4 0 0 19 4 0 0 3 0 1 0 1 0 1 110 0 0 0 0 0 0 1 0 0 1 0 0 0 1 0 0 0 0 0 1 0 0 1 0 1 0 0 19 0 19 1 3 1 0.6 0 0 0 1 0 4 26
