333.918226793 333.124887241 331.55274449 329.230513737 326.200383694 322.516982593 318.246043564 313.462805534 308.25019295 302.696823492 2 0 2 1 0 0 0 0 0 1 0 0 0 0 0 0 0 0 0 1 0 0 2 16 0 0 2 4 0 1 0 0 1 0 1 137.459 134.459 0 137.459 0 1 0 0 0 1 0 0 0 0 0 1 0 0 0 0 0 1 1 0 0 0 1 0 0 16 0 17 1 2 0.25 1 0 0 0 0 36 5
296.894897534 290.938026132 284.919055802 278.927948214 273.04977115 267.362853792 261.937154564 256.832883684 252.099415249 247.774515458 2 2 2 0 0 0 0 1 1 0 0 0 0 0 0 0 0 0 0 1 0 0 2 15 1 0 2 3 0 0 1 1 0 0 1 0 137.459 137.459 0 0 1 0 0 0 0 1 0 0 0 0 1 0 0 0 0 1 0 0 0 1 0 1 0 1 15 1 16 2 1 0.5 0 0 0 0 1 678 5
243.883904609 240.441161032 237.447965509 234.894675095 232.761206022 231.018196686 229.628413874 228.548358625 227.730022565 227.12274145 2 2 2 0 0 0 0 1 0 0 0 0 0 1 0 0 0 0 0 1 0 0 2 14 2 0 2 2 1 0 1 0 1 0 1 0 0 0 0 0 1 0 0 0 0 1 0 0 0 0 1 0 0 0 0 1 0 0 1 0 0 1 0 2 14 2 15 1 5 0.143 0 0 0 0 1 10 20
226.675090006 226.336761182 226.060373501 225.803152434 225.528435475 225.20695581 224.817865966 224.349470461 223.799644972 223.175928754 2 2 2 0 0 0 0 1 0 0 0 0 0 1 0 0 0 1 0 0 0 0 2 13 3 0 2 1 2 0 1 0 1 0 1 0 0 0 0 0 1 0 0 0 0 1 0 0 0 0 1 0 0 0 0 1 0 0 1 0 0 1 0 3 13 3 14 2 4 0.286 0 0 0 0 1 182 12
222.495286612 221.783546434 221.07452792 220.408887254 219.832710999 219.395900055 219.150390968 219.148267001 219.439815034 220.071586428 2 2 2 0 0 1 0 0 0 0 0 0 0 1 1 0 0 0 0 0 0 0 2 12 4 0 2 0 3 0 1 0 1 1 0 129.054 0 0 129.054 0 1 0 0 0 0 1 0 0 0 0 1 0 0 0 0 1 0 0 1 0 0 0 1 4 12 4 13 3 3 0.429 0 0 1 0 0 6 12
221.08452043 222.512187439 224.379206604 226.699887768 229.47714188 232.701696833 236.351647393 240.392358722 244.776733255 249.445840514 2 2 2 1 0 0 0 0 0 0 0 1 0 0 0 0 0 0 0 1 0 0 1 11 5 0 1 9 4 1 0 0 1 0 1 132.054 129.054 129.054 132.054 0 1 0 0 0 0 1 0 0 0 0 1 0 0 0 0 0 1 0 1 0 0 1 0 5 11 5 12 4 2 0.571 1 0 0 0 0 472 8
254.329899285 259.349591555 264.417678113 269.440876967 274.321957954 278.96200042 283.262755679 287.129052425 290.471181326 293.207194899 2 2 2 0 0 0 0 1 1 0 0 0 0 0 0 0 0 0 0 1 0 1 1 10 6 1 1 8 0 0 1 1 0 0 1 0 132.054 132.054 0 0 1 0 0 0 0 1 0 0 0 0 1 0 0 0 0 1 0 0 0 1 0 1 0 6 10 6 11 5 1 0.714 0 0 0 0 1 1590 8
295.265060265 296.584605697 297.119206748 296.837164158 295.722733467 293.776775137 291.017003778 287.477825454 283.209762859 278.278478965 2 2 2 0 0 0 0 1 0 0 0 0 0 1 0 0 1 0 0 0 0 1 1 9 7 1 1 7 1 0 1 0 1 0 1 0 0 0 0 0 1 0 0 0 0 1 0 0 0 0 1 0 0 0 0 1 0 0 1 0 0 1 0 7 9 7 10 1 10 0.083 0 0 0 0 1 65 17
272.763420392 266.756111868 260.35814248 253.678892718 246.833058361 239.938032819 233.111213554 226.467300411 220.115654194 214.157782455 2 2 2 0 1 0 0 0 0 0 0 0 0 1 0 0 0 0 0 1 0 1 1 8 8 1 1 6 2 0 1 0 1 0 1 0 0 0 0 0 1 0 0 0 0 1 0 0 0 0 1 0 0 0 0 1 0 0 1 0 0 1 0 8 8 8 9 2 9 0.167 0 1 0 0 0 407 17
208.685016382 203.776437859 199.497109384 195.896651819 193.008205908 190.847803659 189.414165016 188.688924258 188.637279408 189.209046995 2 2 2 0 0 0 0 1 0 0 1 0 0 0 0 0 0 0 1 0 0 1 1 7 9 1 1 5 3 0 1 0 1 0 1 0 0 0 0 0 1 0 0 0 0 1 0 0 0 0 1 0 0 0 0 1 0 0 1 0 0 1 0 9 7 9 8 3 8 0.25 0 0 0 0 1 678 5
190.340093987 191.954109025 193.96466632 196.277528112 198.79312553 201.409153259 204.023210673 206.535421163 208.850962223 210.88244153 2 2 2 0 0 0 1 0 0 0 0 0 0 1 0 0 0 1 0 0 0 1 1 6 10 1 1 4 4 0 1 0 1 0 1 0 0 0 0 0 1 0 0 0 0 1 0 0 0 0 1 0 0 0 0 1 0 0 1 0 0 1 0 10 6 10 7 4 7 0.333 0 0 0 1 0 227 5
212.552058576 213.793497344 214.553502886 214.793103217 214.488447515 213.631241897 212.22877479 210.303534799 207.892434772 205.045666054 2 2 2 0 0 1 0 0 0 0 0 0 1 0 0 0 1 0 0 0 0 1 1 5 11 1 1 3 5 0 1 0 1 0 1 0 0 0 0 0 1 0 0 0 0 1 0 0 0 0 1 0 0 0 0 1 0 0 1 0 0 1 0 11 5 11 6 5 6 0.417 0 0 1 0 0 40 15
201.825216619 198.303095422 194.559312823 190.679673058 186.753439294 182.87093474 179.121144448 175.589381894 172.355082112 169.489779219 2 2 2 0 1 0 0 0 0 0 0 1 0 0 0 0 0 0 0 1 0 1 1 4 12 1 1 2 6 0 1 0 1 0 1 0 0 0 0 0 1 0 0 0 0 1 0 0 0 0 1 0 0 0 0 1 0 0 1 0 0 1 0 12 4 12 5 6 5 0.5 0 1 0 0 0 128 19
167.055320649 165.102363559 163.669190782 162.780874686 162.448807547 162.670606868 163.430393757 164.699432239 166.437107611 168.592212803 2 2 2 0 0 0 0 1 0 0 1 0 0 0 0 0 0 0 1 0 0 1 1 3 13 1 1 1 7 0 1 0 1 0 1 0 0 0 0 0 1 0 0 0 0 1 0 0 0 0 1 0 0 0 0 1 0 0 1 0 0 1 0 13 3 13 4 7 4 0.583 0 0 0 0 1 35 8
171.104503502 173.906475782 176.925314196 180.084954113 183.308199389 186.518835518 189.643679075 192.614506608 195.36981008 197.856331305 2 2 2 0 0 0 1 0 0 0 0 0 0 1 1 0 0 0 0 0 0 1 1 2 14 1 1 0 8 0 1 0 1 1 0 118.243 0 0 118.243 0 1 0 0 0 0 1 0 0 0 0 1 0 0 0 0 1 0 0 1 0 0 0 1 14 2 14 3 8 3 0.667 0 0 0 1 0 2 9
200.030334525 201.858584042 203.319002498 204.400994694 205.10543151 205.444298277 205.440021524 205.12449718 204.53785176 203.726975547 2 2 2 1 0 0 0 0 0 0 0 0 1 0 0 0 0 1 0 0 0 1 0 1 15 1 0 1 9 1 0 0 1 0 1 121.243 118.243 118.243 121.243 0 1 0 0 0 0 1 0 0 0 0 0 0 1 0 0 0 1 0 1 0 0 1 0 15 1 15 2 9 2 0.75 1 0 0 0 0 2413 5
202.743873145 201.643881791 200.483811387 199.320062195 198.20677652 197.194079494 196.326461209 195.641348169 195.1679063 194.926110892 2 2 0 0 0 1 0 0 1 0 0 0 0 0 0 1 0 0 0 0 0 2 0 0 16 2 0 0 0 0 1 1 0 0 1 110 121.243 121.243 0 0 0 0 1 0 0 1 0 0 0 1 0 0 0 0 0 1 0 0 0 1 1 0 0 16 0 16 1 10 1 0.833 0 0 1 0 0 1074 5
