-3.067 -0.59508 -5.62842 -6.25641 -3.34297 -1.03207 -4.9615 -12.89146 -26.90921 -27.41902 2 0 2 0 0 1 0 0 0 1 0 0 0 0 0 0 0 0 0 1 0 0 4 17 0 0 4 1 0 0 1 0 1 0 1 0 1 0 0 0 1 0 0 0 0 0 1 0 0 0 0 1 0 1 0 0 0 1 0 0 17 0 18 1 12 0.071 0 0 1 0 0 1009 1 0 7 0 0 21 4 1 4 0 0 0.0 0.0 2.0 0.0 0.0 12.0 0.0 0.0 0.0 0.0 0.0 0.0 0.0 0.0 0.0 0.0 0.0 0.0 0.0 0.0 0.0 0.0 0.0 0.0 0.0 1.0 0.0 0.0 0.0 0.0 0.0 0.0 0.0 0.0 0.0 0.0 0.0 0.0 0.0 0.0 0.0 0.0 0.0 0.0 0.0 0.0 0.0 0.0 0.0 0.0 0.0 0.0 0.0 0.0 0.0 0.0 0.0 0.0 0.0 0.0 0.0 0.0 0.0 0.0 0.0 0.0
-35.57861 -35.48733 -25.67045 -5.06383 2.40802 11.38026 4.21473 9.0047 6.00127 10.6906 2 2 2 0 0 0 0 1 0 0 0 1 0 0 1 0 0 0 0 0 0 0 4 16 1 0 4 0 1 0 1 0 1 1 0 0 1 0 0 0 0 1 0 0 0 0 1 0 0 0 0 1 0 0 1 0 0 0 1 1 16 1 17 2 11 0.143 0 0 0 0 1 411 1 0 7 0 1 20 15 2 1 3 0 0.0 0.0 2.0 1.0 0.0833333333333 12.0 0.0 0.0 0.0 0.0 0.0 0.0 0.0 0.0 0.0 0.0 0.0 0.0 0.0 0.0 0.0 0.0 0.0 0.0 0.0 1.0 0.0 0.0 0.0 0.0 0.0 0.0 0.0 0.0 0.0 0.0 0.0 0.0 0.0 0.0 0.0 0.0 0.0 0.0 0.0 0.0 0.0 0.0 0.0 0.0 0.0 0.0 0.0 0.0 0.0 0.0 0.0 0.0 0.0 0.0 0.0 0.0 0.0 0.0 0.0 0.0
13.2049 10.67105 4.53644 0.92548 6.4628 14.54601 16.99039 17.23408 13.745 18.08032 2 2 2 1 0 0 0 0 0 0 0 0 0 1 0 0 0 1 0 0 0 0 3 15 2 0 3 5 2 1 0 0 1 0 1 0 1 0 0 0 0 1 0 0 0 0 1 0 0 0 0 0 1 0 1 0 0 1 0 2 15 2 16 3 10 0.214 1 0 0 0 0 798 7 1 8 1 0 11 3 1 3 0 0 0.0 0.0 2.0 2.0 0.166666666667 12.0 0.0 0.0 0.0 0.0 0.0 0.0 0.0 0.0 0.0 0.0 0.0 0.0 0.0 0.0 0.0 0.0 0.0 0.0 1.0 0.0 1.0 0.0 0.0 0.0 0.0 0.0 0.0 0.0 0.0 0.0 0.0 0.0 0.0 0.0 0.0 0.0 0.0 0.0 0.0 0.0 0.0 0.0 0.0 0.0 0.0 0.0 0.0 0.0 0.0 0.0 0.0 0.0 0.0 0.0 0.0 0.0 0.0 0.0 0.0 0.0
31.30226 39.57675 47.41611 37.03778 22.82721 8.54772 -13.40024 -35.30878 -47.82497 -48.58514 2 2 2 0 0 1 0 0 1 0 0 0 0 0 0 0 0 0 1 0 0 1 3 14 3 1 3 4 0 0 1 1 0 0 1 0 1 0 0 0 0 1 0 0 0 0 1 0 0 0 0 1 0 0 0 1 0 1 0 3 14 3 15 4 9 0.286 0 0 1 0 0 430 7 1 8 1 1 22 4 1 4 0 0 0.0 0.0 2.0 3.0 0.25 12.0 0.0 0.0 0.0 0.0 0.0 0.0 0.0 0.0 0.0 0.0 0.0 0.0 0.0 0.0 0.0 0.0 0.0 0.0 1.0 0.0 1.0 0.0 0.0 0.0 0.0 0.0 0.0 0.0 0.0 0.0 0.0 0.0 0.0 0.0 0.0 0.0 0.0 0.0 0.0 0.0 0.0 0.0 0.0 0.0 0.0 0.0 0.0 0.0 0.0 0.0 0.0 0.0 0.0 0.0 0.0 0.0 0.0 0.0 0.0 0.0
-25.83284 -2.43623 30.52463 46.18032 41.62599 14.13001 -20.71511 -53.82924 -72.73886 -73.76427 2 2 2 0 0 0 1 0 0 0 0 1 0 0 0 0 0 0 0 1 0 1 3 13 4 1 3 3 1 0 1 0 1 0 1 0 1 0 0 0 0 1 0 0 0 0 1 0 0 0 0 1 0 0 1 0 0 1 0 4 13 4 14 5 8 0.357 0 0 0 1 0 4 8 7 9 2 0 20 8 7 0 0 0 0.0 0.0 2.0 4.0 0.333333333333 12.0 0.0 0.0 0.0 0.0 0.0 0.0 0.0 0.0 0.0 0.0 0.0 0.0 0.0 0.0 0.0 0.0 0.0 0.0 0.0 0.0 0.0 1.0 0.0 0.0 0.0 0.0 0.0 0.0 0.0 0.0 0.0 0.0 0.0 0.0 0.0 0.0 0.0 0.0 0.0 0.0 0.0 0.0 0.0 0.0 0.0 0.0 0.0 0.0 0.0 0.0 0.0 0.0 0.0 0.0 0.0 0.0 0.0 0.0 0.0 0.0
-46.94701 -27.79757 -20.83914 -13.04927 -27.277 -35.07639 -44.41042 -53.226 -46.27069 -32.28093 2 2 2 0 0 0 0 1 0 0 0 0 1 0 0 0 0 1 0 0 0 1 3 12 5 1 3 2 2 0 1 0 1 0 1 0 1 0 0 0 0 1 0 0 0 0 1 0 0 0 0 1 0 0 1 0 0 1 0 5 12 5 13 6 7 0.429 0 0 0 0 1 585 9 8 9 3 0 1 16 2 1 4 0 0.0 0.0 2.0 5.0 0.416666666667 12.0 0.0 0.0 0.0 0.0 0.0 0.0 0.0 0.0 0.0 0.0 0.0 0.0 0.0 0.0 0.0 0.0 0.0 0.0 0.0 0.0 0.0 0.0 0.0 0.0 0.0 0.0 0.0 1.0 0.0 0.0 0.0 0.0 0.0 0.0 0.0 0.0 0.0 0.0 0.0 0.0 0.0 0.0 0.0 0.0 0.0 0.0 0.0 0.0 0.0 0.0 0.0 0.0 0.0 0.0 0.0 0.0 0.0 0.0 0.0 0.0
-6.74128 -4.90341 -0.29879 -0.33667 -2.11833 -2.88107 -3.27201 -22.5084 -51.5733 -73.60148 2 2 2 0 0 1 0 0 0 0 0 0 0 1 0 0 0 1 0 0 0 1 3 11 6 1 3 1 3 0 1 0 1 0 1 0 1 0 0 0 0 1 0 0 0 0 1 0 0 0 0 1 0 0 1 0 0 1 0 6 11 6 12 7 6 0.5 0 0 1 0 0 247 9 9 7 4 0 16 13 2 0 0 0 0.0 0.0 2.0 6.0 0.5 12.0 0.0 0.0 0.0 0.0 0.0 0.0 0.0 0.0 0.0 0.0 0.0 0.0 0.0 0.0 0.0 0.0 0.0 0.0 0.0 0.0 0.0 0.0 0.0 0.0 0.0 0.0 0.0 1.0 0.0 0.0 0.0 0.0 0.0 0.0 0.0 0.0 0.0 0.0 0.0 0.0 0.0 0.0 0.0 0.0 0.0 0.0 0.0 0.0 0.0 0.0 0.0 0.0 0.0 0.0 0.0 0.0 0.0 0.0 0.0 0.0
-79.1984 -77.47702 -71.60027 -62.27456 -46.8455 -34.92276 -28.81409 -33.07607 -39.60308 -43.32387 2 2 2 0 0 1 0 0 0 0 0 1 0 0 1 0 0 0 0 0 0 1 3 10 7 1 3 0 4 0 1 0 1 1 0 0 1 0 0 0 0 1 0 0 0 0 1 0 0 0 0 1 0 0 1 0 0 0 1 7 10 7 11 8 5 0.571 0 0 1 0 0 85 7 9 7 5 0 19 11 7 4 5 0 0.0 0.0 2.0 7.0 0.583333333333 12.0 0.0 0.0 0.0 0.0 0.0 0.0 0.0 0.0 0.0 0.0 0.0 0.0 0.0 0.0 0.0 0.0 0.0 0.0 0.0 0.0 0.0 1.0 0.0 0.0 0.0 0.0 0.0 0.0 0.0 0.0 0.0 0.0 0.0 0.0 0.0 0.0 0.0 0.0 0.0 0.0 0.0 0.0 0.0 0.0 0.0 0.0 0.0 0.0 0.0 0.0 0.0 0.0 0.0 0.0 0.0 0.0 0.0 0.0 0.0 0.0
-42.49172 -37.98114 -18.98714 -3.89711 11.4983 12.25319 9.34029 7.09423 6.52919 2.56383 2 2 2 1 0 0 0 0 0 0 0 1 0 0 1 0 0 0 0 0 0 1 2 9 8 1 2 0 5 1 0 0 1 1 0 0 1 0 0 0 0 1 0 0 0 0 1 0 0 0 0 0 1 0 1 0 0 0 1 8 9 8 10 9 4 0.643 1 0 0 0 0 365 7 7 9 6 0 3 21 2 4 5 0 0.0 0.0 2.0 8.0 0.666666666667 12.0 0.0 0.0 0.0 0.0 0.0 0.0 0.0 0.0 0.0 0.0 0.0 0.0 0.0 0.0 0.0 0.0 0.0 0.0 0.0 0.0 1.0 0.0 0.0 0.0 0.0 0.0 1.0 0.0 0.0 0.0 0.0 0.0 0.0 0.0 1.0 0.0 0.0 0.0 0.0 0.0 0.0 0.0 0.0 0.0 0.0 0.0 0.0 0.0 0.0 0.0 0.0 0.0 0.0 0.0 0.0 0.0 0.0 0.0 0.0 0.0
8.0638 8.23936 6.69969 -0.74042 -0.84054 2.97814 13.08837 12.53126 8.95204 15.98901 2 2 2 1 0 0 0 0 1 0 0 0 0 0 0 0 0 1 0 0 0 2 1 8 9 2 1 3 0 1 0 1 0 0 1 0 1 0 0 0 0 1 0 0 0 0 1 0 0 0 0 0 1 0 0 1 0 1 0 9 8 9 9 10 3 0.714 1 0 0 0 0 58 7 7 9 6 1 3 16 2 1 4 0 0.0 0.0 2.0 9.0 0.75 12.0 0.0 0.0 0.0 0.0 0.0 0.0 0.0 0.0 0.0 0.0 0.0 0.0 0.0 0.0 0.0 0.0 0.0 0.0 0.0 0.0 1.0 0.0 0.0 0.0 0.0 0.0 1.0 0.0 0.0 0.0 0.0 0.0 0.0 0.0 1.0 0.0 0.0 0.0 0.0 0.0 0.0 0.0 0.0 0.0 0.0 0.0 0.0 0.0 0.0 0.0 0.0 0.0 0.0 0.0 0.0 0.0 0.0 0.0 0.0 0.0
33.41217 50.07077 46.81176 38.49445 31.40859 3.51462 -28.8494 -44.80401 -56.0075 -57.06832 2 2 2 0 0 1 0 0 1 0 0 0 0 0 0 0 0 0 0 1 0 3 1 7 10 3 1 2 0 0 1 1 0 0 1 0 1 0 0 0 0 1 0 0 0 0 1 0 0 0 0 1 0 0 0 1 0 1 0 10 7 10 8 11 2 0.786 0 0 1 0 0 275 7 7 9 6 2 23 7 3 6 0 0 0.0 0.0 2.0 10.0 0.833333333333 12.0 0.0 0.0 0.0 0.0 0.0 0.0 0.0 0.0 0.0 0.0 0.0 0.0 0.0 0.0 0.0 0.0 0.0 0.0 0.0 0.0 1.0 0.0 0.0 0.0 0.0 0.0 1.0 0.0 0.0 0.0 0.0 0.0 0.0 0.0 1.0 0.0 0.0 0.0 0.0 0.0 0.0 0.0 0.0 0.0 0.0 0.0 0.0 0.0 0.0 0.0 0.0 0.0 0.0 0.0 0.0 0.0 0.0 0.0 0.0 0.0
-55.87914 -40.14003 -47.32305 -67.37931 -92.00853 -101.09715 -150.47298 -139.67647 -124.1355 -123.6035 2 2 2 0 0 0 0 1 0 0 0 1 0 0 0 0 0 0 0 1 0 3 1 6 11 3 1 1 1 0 1 0 1 0 1 0 1 0 0 0 0 1 0 0 0 0 1 0 0 0 0 1 0 0 1 0 0 1 0 11 6 11 7 12 1 0.857 0 0 0 0 1 355 7 7 9 6 3 18 21 2 4 5 0 0.0 0.0 2.0 11.0 0.916666666667 12.0 0.0 0.0 0.0 0.0 0.0 0.0 0.0 0.0 0.0 0.0 0.0 0.0 0.0 0.0 0.0 0.0 0.0 0.0 0.0 0.0 1.0 0.0 0.0 0.0 0.0 0.0 1.0 0.0 0.0 0.0 0.0 0.0 0.0 0.0 1.0 0.0 0.0 0.0 0.0 0.0 0.0 0.0 0.0 0.0 0.0 0.0 0.0 0.0 0.0 0.0 0.0 0.0 0.0 0.0 0.0 0.0 0.0 0.0 0.0 0.0
21.90952 29.94686 36.98144 56.33648 69.69528 91.11675 105.79898 104.0074 86.38499 52.30765 2 2 2 0 0 0 0 1 0 0 0 0 0 1 1 0 0 0 0 0 0 3 1 5 12 3 1 0 2 0 1 0 1 1 0 0 1 0 0 0 0 1 0 0 0 0 1 0 0 0 0 1 0 0 1 0 0 0 1 12 5 12 6 1 6 0.125 0 0 0 0 1 986 9 7 7 7 0 18 4 1 4 0 0 1.0 0.5 2.0 0.0 0.0 6.0 0.0 0.0 0.0 0.0 0.0 0.0 0.0 0.0 0.0 0.0 0.0 0.0 0.0 0.0 0.0 0.0 0.0 0.0 0.0 0.0 0.0 0.0 0.0 0.0 0.0 0.0 0.0 1.0 0.0 0.0 0.0 0.0 0.0 0.0 0.0 0.0 0.0 0.0 0.0 0.0 0.0 0.0 0.0 0.0 0.0 0.0 0.0 0.0 0.0 0.0 0.0 0.0 0.0 0.0 0.0 0.0 0.0 0.0 0.0 0.0
12.58962 -3.61472 -19.85506 -15.06067 -8.97243 -5.20706 1.20479 -1.86883 -1.8918 3.76733 2 2 2 1 0 0 0 0 0 0 0 0 0 1 0 0 0 1 0 0 0 3 0 4 13 3 0 4 3 1 0 0 1 0 1 0 1 0 0 0 0 1 0 0 0 0 1 0 0 0 0 0 1 0 1 0 0 1 0 13 4 13 5 2 5 0.25 1 0 0 0 0 986 9 7 7 7 1 18 4 1 4 0 0 1.0 0.5 2.0 1.0 0.166666666667 6.0 0.0 0.0 0.0 0.0 0.0 0.0 0.0 0.0 0.0 0.0 0.0 0.0 0.0 0.0 0.0 0.0 0.0 0.0 0.0 0.0 0.0 0.0 0.0 0.0 0.0 0.0 0.0 1.0 0.0 0.0 0.0 0.0 0.0 0.0 0.0 0.0 0.0 0.0 0.0 0.0 0.0 0.0 0.0 0.0 0.0 0.0 0.0 0.0 0.0 0.0 0.0 0.0 0.0 0.0 0.0 0.0 0.0 0.0 0.0 0.0
11.14728 17.25862 16.60324 17.94449 19.79874 20.29838 -13.94304 -35.72192 -30.39953 4.01682 2 2 2 0 0 1 0 0 1 0 0 0 0 0 0 0 0 1 0 0 0 4 0 3 14 4 0 3 0 0 1 1 0 0 1 0 1 0 0 0 0 1 0 0 0 0 1 0 0 0 0 1 0 0 0 1 0 1 0 14 3 14 4 3 4 0.375 0 0 1 0 0 1811 7 9 16 8 0 10 25 6 1 0 0 1.0 0.5 2.0 2.0 0.333333333333 6.0 0.0 0.0 0.0 0.0 0.0 0.0 0.0 0.0 0.0 0.0 0.0 0.0 0.0 0.0 0.0 0.0 0.0 0.0 0.0 0.0 0.0 0.0 0.0 0.0 0.0 0.0 1.0 0.0 0.0 0.0 0.0 0.0 0.0 0.0 0.0 1.0 0.0 0.0 0.0 0.0 0.0 0.0 0.0 0.0 0.0 0.0 0.0 0.0 0.0 0.0 0.0 0.0 0.0 0.0 0.0 0.0 0.0 0.0 0.0 0.0
29.03554 21.06519 11.5572 10.78306 12.73314 10.76476 -3.46975 -16.03117 -31.90824 -47.35249 2 2 1 0 0 1 0 0 0 0 0 1 0 0 0 0 0 1 0 0 0 4 0 2 15 4 0 2 1 0 1 0 1 0 1 0 1 0 0 0 0 1 0 0 0 0 1 0 0 0 0 1 0 0 1 0 0 1 0 15 2 15 3 4 3 0.5 0 0 1 0 0 37 7 9 16 8 1 15 21 2 4 5 0 1.0 0.5 2.0 3.0 0.5 6.0 0.0 0.0 0.0 0.0 0.0 0.0 0.0 0.0 0.0 0.0 0.0 0.0 0.0 0.0 0.0 0.0 0.0 0.0 0.0 0.0 0.0 0.0 0.0 0.0 0.0 0.0 1.0 0.0 0.0 0.0 0.0 0.0 0.0 0.0 0.0 1.0 0.0 0.0 0.0 0.0 0.0 0.0 0.0 0.0 0.0 0.0 0.0 0.0 0.0 0.0 0.0 0.0 0.0 0.0 0.0 0.0 0.0 0.0 0.0 0.0
-43.78677 -42.94997 -38.38933 -32.59305 -25.27058 -15.67189 -18.02637 -31.43509 -35.37646 -39.3105 1 2 2 0 0 1 0 0 0 0 0 1 0 0 0 0 1 0 0 0 0 4 0 1 16 4 0 1 2 0 1 0 1 0 1 0 1 0 0 0 0 1 0 0 0 0 0 0 0 1 0 1 0 0 1 0 0 1 0 16 1 16 2 5 2 0.625 0 0 1 0 0 54 16 7 0 9 0 0 12 7 8 0 0 1.0 0.5 2.0 4.0 0.666666666667 6.0 0.0 0.0 0.0 0.0 0.0 0.0 0.0 0.0 0.0 0.0 0.0 0.0 0.0 0.0 0.0 0.0 0.0 0.0 0.0 0.0 0.0 0.0 0.0 0.0 0.0 0.0 0.0 0.0 0.0 0.0 0.0 0.0 0.0 0.0 0.0 0.0 0.0 0.0 0.0 0.0 0.0 0.0 0.0 0.0 0.0 0.0 0.0 0.0 0.0 0.0 0.0 0.0 0.0 0.0 0.0 0.0 0.0 0.0 0.0 0.0
-41.81161 -33.43297 -25.50753 -18.93888 -13.76367 -12.74856 -11.95896 -9.26762 -17.33417 -24.72265 2 1 0 0 1 0 0 0 0 0 0 1 0 0 0 1 0 0 0 0 0 4 0 0 17 4 0 0 3 0 1 0 1 0 1 0 0 0 0 1 0 1 0 0 0 1 0 0 0 0 0 1 0 0 1 0 1 0 0 17 0 17 1 6 1 0.75 0 1 0 0 0 193 16 7 0 9 1 23 13 2 0 0 0 1.0 0.5 2.0 5.0 0.833333333333 6.0 0.0 0.0 0.0 0.0 0.0 0.0 0.0 0.0 0.0 0.0 0.0 0.0 0.0 0.0 0.0 0.0 0.0 0.0 0.0 0.0 0.0 0.0 0.0 0.0 0.0 0.0 0.0 0.0 0.0 0.0 0.0 0.0 0.0 0.0 0.0 0.0 0.0 0.0 0.0 0.0 0.0 0.0 0.0 0.0 0.0 0.0 0.0 0.0 0.0 0.0 0.0 0.0 0.0 0.0 0.0 0.0 0.0 0.0 0.0 0.0
