257.64125397 257.587530869 257.478694326 257.312037838 257.083683674 256.788791885 256.421823715 255.976847248 255.447871115 254.829190776 2 0 2 0 0 1 0 0 0 1 0 0 0 0 0 0 1 0 0 0 0 0 3 14 0 0 3 4 0 0 1 0 1 0 1 0 130 0 0 0 1 0 0 0 1 0 0 0 0 0 1 0 0 0 0 1 0 1 0 0 0 1 0 0 14 0 15 1 9 0.091 0 0 1 0 0 120 5
254.115731251 253.303370295 252.389226868 251.371901318 250.251655875 249.03052686 247.712363134 246.302788853 244.809092149 243.24004499 2 2 2 0 1 0 0 0 0 0 0 1 0 0 0 0 0 0 0 1 0 0 3 13 1 0 3 3 1 0 1 0 1 0 1 0 0 0 0 0 1 0 0 0 0 1 0 0 0 0 1 0 0 0 0 1 0 0 1 0 0 1 0 1 13 1 14 2 8 0.182 0 1 0 0 0 614 5
241.605662841 239.916915783 238.185405336 236.423023097 234.641608561 232.852623841 231.066862589 229.29420914 227.54346179 225.82223129 2 2 2 0 0 0 0 1 0 0 1 0 0 0 0 0 0 0 0 1 0 0 3 12 2 0 3 2 2 0 1 0 1 0 1 0 0 0 0 0 1 0 0 0 0 1 0 0 0 0 1 0 0 0 0 1 0 0 1 0 0 1 0 2 12 2 13 3 7 0.273 0 0 0 0 1 277 8
224.1369222 222.49280073 220.894148426 219.344496566 217.846931704 216.404458585 215.020402888 213.698833064 212.444978181 211.265617166 2 2 2 0 0 0 0 1 0 0 0 0 0 1 0 0 1 0 0 0 0 0 3 11 3 0 3 1 3 0 1 0 1 0 1 0 0 0 0 0 1 0 0 0 0 1 0 0 0 0 1 0 0 0 0 1 0 0 1 0 0 1 0 3 11 3 12 4 6 0.364 0 0 0 0 1 1175 8
210.169414443 209.167177563 208.272014208 207.499368812 206.866922942 206.394348409 206.102907691 206.014902431 206.152977367 206.539293711 2 2 2 0 1 0 0 0 0 0 0 0 0 1 1 0 0 0 0 0 0 0 3 10 4 0 3 0 4 0 1 0 1 1 0 128.33299 0 0 128.33299 0 1 0 0 0 0 1 0 0 0 0 1 0 0 0 0 1 0 0 1 0 0 0 1 4 10 4 11 5 5 0.455 0 1 0 0 0 119 5
207.194592588 208.137175276 209.38183254 210.938759901 212.812499209 215.000949007 217.494486879 220.275246102 223.316586421 226.582794679 2 2 2 1 0 0 0 0 0 0 1 0 0 0 0 0 1 0 0 0 0 0 2 9 5 0 2 1 5 1 0 0 1 0 1 131.33299 128.33299 128.33299 131.33299 0 1 0 0 0 0 1 0 0 0 0 1 0 0 0 0 0 1 0 1 0 0 1 0 5 9 5 10 6 4 0.545 1 0 0 0 0 60 5
230.029045418 233.60164452 237.238570734 240.870320705 244.421053171 247.810017716 250.9532431 253.765450121 256.162144661 258.06183816 2 2 2 0 1 0 0 0 1 0 0 0 0 0 1 0 0 0 0 0 0 1 2 8 6 1 2 0 0 0 1 1 0 1 0 125.909 131.33299 131.33299 125.909 0 1 0 0 0 0 1 0 0 0 0 1 0 0 0 0 1 0 0 0 1 0 0 1 6 8 6 9 7 3 0.636 0 1 0 0 0 69 5
259.388335829 260.073027519 260.057112755 259.29369 257.749641111 255.407244954 252.265459542 248.34081947 243.667904894 238.299349494 2 2 2 1 0 0 0 0 0 0 1 0 0 0 0 0 0 0 1 0 0 1 1 7 7 1 1 3 1 1 0 0 1 0 1 128.909 125.909 125.909 128.909 0 1 0 0 0 0 1 0 0 0 0 1 0 0 0 0 0 1 0 1 0 0 1 0 7 7 7 8 8 2 0.727 1 0 0 0 0 60 5
232.305367441 225.772793107 218.803641583 211.513212649 204.027775189 196.481882663 189.01538275 181.770195198 174.886940849 168.501511462 2 2 2 0 0 0 1 0 1 0 0 0 0 0 0 0 1 0 0 0 0 2 1 6 8 2 1 2 0 0 1 1 0 0 1 0 128.909 128.909 0 0 1 0 0 0 0 1 0 0 0 0 1 0 0 0 0 1 0 0 0 1 0 1 0 8 6 8 7 9 1 0.818 0 0 0 1 0 464 5
162.741674086 157.723805038 153.549847076 150.304578979 148.053279561 146.839858414 146.68551346 147.587961253 149.521270114 152.436309206 2 2 2 0 1 0 0 0 0 0 0 0 1 0 0 0 0 0 0 1 0 2 1 5 9 2 1 1 1 0 1 0 1 0 1 0 0 0 0 0 1 0 0 0 0 1 0 0 0 0 1 0 0 0 0 1 0 0 1 0 0 1 0 9 5 9 6 1 6 0.125 0 1 0 0 0 66 12
156.261809001 160.906010796 166.258865605 172.194726323 178.575462195 185.253911649 192.077579001 198.89247276 205.546978406 211.895656962 2 2 2 0 0 0 0 1 0 0 1 0 0 0 1 0 0 0 0 0 0 2 1 4 10 2 1 0 2 0 1 0 1 1 0 121.061 0 0 121.061 0 1 0 0 0 0 1 0 0 0 0 1 0 0 0 0 1 0 0 1 0 0 0 1 10 4 10 5 2 5 0.25 0 0 0 0 1 10 20
217.802862288 223.146074962 227.818858637 231.733355651 234.8222522 237.040159021 238.364370907 238.794986912 238.354392195 237.086121628 2 2 2 1 0 0 0 0 0 0 0 0 0 1 0 0 0 1 0 0 0 2 0 3 11 2 0 3 3 1 0 0 1 0 1 124.061 121.061 121.061 124.061 0 1 0 0 0 0 1 0 0 0 0 1 0 0 0 0 0 1 0 1 0 0 1 0 11 3 11 4 3 4 0.375 1 0 0 0 0 36 5
235.053143762 232.33562112 229.028218413 225.237043638 221.076317805 216.664876783 212.122613277 207.566968094 203.109577566 198.853178364 2 2 2 0 0 1 0 0 1 0 0 0 0 0 0 0 0 0 0 1 0 3 0 2 12 3 0 2 0 0 1 1 0 0 1 0 124.061 124.061 0 0 1 0 0 0 0 1 0 0 0 0 1 0 0 0 0 1 0 0 0 1 0 1 0 12 2 12 3 4 3 0.5 0 0 1 0 0 348 5
194.888862115 191.293760545 188.129227622 185.439568902 183.251350428 181.573300754 180.396800453 179.696934603 179.434065641 179.555867378 2 2 2 0 0 0 0 1 0 0 0 1 0 0 0 0 0 0 0 1 0 3 0 1 13 3 0 1 1 0 1 0 1 0 1 0 0 0 0 0 1 0 0 0 0 1 0 0 0 0 0 0 1 0 0 1 0 0 1 0 0 1 0 13 1 13 2 5 2 0.625 0 0 0 0 1 585 5
179.999746346 180.69556441 181.5685673 182.542417438 183.542226632 184.49748473 185.344784325 186.030248847 186.511581645 186.759666681 2 2 0 0 0 0 0 1 0 0 0 0 0 1 0 1 0 0 0 0 0 3 0 0 14 3 0 0 2 0 1 0 1 0 1 110 0 0 0 0 0 0 1 0 0 1 0 0 0 1 0 0 0 0 0 1 0 0 1 0 1 0 0 14 0 14 1 6 1 0.75 0 0 0 0 1 1050 5
