-61.205 -60.645 -59.53 -58.209 -70.331 -75.168 -49.179 -4.559 28.802 46.511 2 0 2 0 0 1 0 0 0 1 0 0 0 0 0 0 0 1 0 0 0 0 8 21 0 0 8 2 0 0 1 0 1 0 1 0 130 0 0 0 1 0 0 0 1 0 0 0 0 0 1 0 0 0 0 1 0 1 0 0 0 1 0 0 21 0 22 1 11 0.077 0 0 1 0 0 210 5
55.197 55.062 42.984 27.191 27.358 39.623 57.438 72.833 80.285 75.426 2 2 2 0 0 1 0 0 0 0 0 1 0 0 0 0 1 0 0 0 0 0 8 20 1 0 8 1 1 0 1 0 1 0 1 0 0 0 0 0 1 0 0 0 0 1 0 0 0 0 1 0 0 0 0 1 0 0 1 0 0 1 0 1 20 1 21 2 10 0.154 0 0 1 0 0 230 5
67.879 60.75 53.24 43.971 20.484 -8.48 -44.53 -62.79 -68.299 -69.737 2 2 2 0 1 0 0 0 0 0 0 1 0 0 1 0 0 0 0 0 0 0 8 19 2 0 8 0 2 0 1 0 1 1 0 132.021 0 0 132.021 0 1 0 0 0 0 1 0 0 0 0 1 0 0 0 0 1 0 0 1 0 0 0 1 2 19 2 20 3 9 0.231 0 1 0 0 0 259 5
-67.977 -62.462 -51.621 -40.668 -27.997 -15.507 -4.276 4.057 2.158 -10.269 2 2 2 1 0 0 0 0 0 0 1 0 0 0 0 0 0 0 0 1 0 0 7 18 3 0 7 4 3 1 0 0 1 0 1 135.021 132.021 132.021 135.021 0 1 0 0 0 0 1 0 0 0 0 1 0 0 0 0 0 1 0 1 0 0 1 0 3 18 3 19 4 8 0.308 1 0 0 0 0 498 5
-22.111 -10.838 13.78 21.2 13.625 -2.778 -17.329 -26.127 -29.888 -31.49 2 2 2 0 0 0 0 1 1 0 0 0 0 0 0 0 0 0 0 1 0 1 7 17 4 1 7 3 0 0 1 1 0 0 1 0 135.021 135.021 0 0 1 0 0 0 0 1 0 0 0 0 1 0 0 0 0 1 0 0 0 1 0 1 0 4 17 4 18 5 7 0.385 0 0 0 0 1 75 5
-26.927 -8.967 12.361 34.081 55.806 69.157 69.362 63.566 50.252 29.282 2 2 2 0 0 0 0 1 0 0 0 0 0 1 0 0 0 0 0 1 0 1 7 16 5 1 7 2 1 0 1 0 1 0 1 0 0 0 0 0 1 0 0 0 0 1 0 0 0 0 1 0 0 0 0 1 0 0 1 0 0 1 0 5 16 5 17 6 6 0.462 0 0 0 0 1 901 5
24.913 28.762 33.302 36.007 31.469 14.312 1.686 -5.881 -17.756 -37.849 2 2 2 0 0 0 0 1 0 0 0 0 0 1 0 0 1 0 0 0 0 1 7 15 6 1 7 1 2 0 1 0 1 0 1 0 0 0 0 0 1 0 0 0 0 1 0 0 0 0 1 0 0 0 0 1 0 0 1 0 0 1 0 6 15 6 16 7 5 0.538 0 0 0 0 1 75 5
-35.905 -21.849 -29.15 -49.147 -75.507 -91.473 -94.271 -92.813 -80.745 -57.998 2 2 2 0 1 0 0 0 0 0 0 0 0 1 1 0 0 0 0 0 0 1 7 14 7 1 7 0 3 0 1 0 1 1 0 127.76601 0 0 127.76601 0 1 0 0 0 0 1 0 0 0 0 1 0 0 0 0 1 0 0 1 0 0 0 1 7 14 7 15 8 4 0.615 0 1 0 0 0 62 5
-29.283 4.195 36.351 48.755 49.805 51.318 49.926 47.654 44.763 38.054 2 2 2 1 0 0 0 0 0 0 1 0 0 0 1 0 0 0 0 0 0 1 6 13 8 1 6 0 4 1 0 0 1 1 0 131.3405 127.76601 127.76601 131.3405 0 1 0 0 0 0 1 0 0 0 0 1 0 0 0 0 0 1 0 1 0 0 0 1 8 13 8 14 9 3 0.692 1 0 0 0 0 265 1
31.538 29.7 29.443 29.607 26.876 20.756 16.544 13.491 11.424 2.294 2 2 2 1 0 0 0 0 1 0 0 0 0 0 1 0 0 0 0 0 0 2 5 12 9 2 5 0 0 1 0 1 0 1 0 130.4895 131.3405 131.3405 130.4895 0 1 0 0 0 0 1 0 0 0 0 1 0 0 0 0 0 1 0 0 1 0 0 1 9 12 9 13 10 2 0.769 1 0 0 0 0 79 1
-10.319 -10.164 -5.225 0.999 -9.321 -11.609 -12.559 -11.679 -11.299 -3.137 2 2 2 1 0 0 0 0 1 0 0 0 0 0 0 0 0 0 0 1 0 3 4 11 10 3 4 1 0 1 0 1 0 0 1 129.064 130.4895 130.4895 129.064 0 1 0 0 0 0 1 0 0 0 0 1 0 0 0 0 0 1 0 0 1 0 1 0 10 11 10 12 11 1 0.846 1 0 0 0 0 698 1
-9.071 -7.613 -16.029 -26.541 -29.48 -31.356 -34.358 -37.98 -39.956 -47.394 2 2 2 0 0 0 0 1 1 0 0 0 0 0 1 0 0 0 0 0 0 4 4 10 11 4 4 0 0 0 1 1 0 1 0 124.362 129.064 129.064 124.362 0 1 0 0 0 0 1 0 0 0 0 1 0 0 0 0 1 0 0 0 1 0 0 1 11 10 11 11 1 7 0.111 0 0 0 0 1 3 12
-50.087 -31.806 0.828 10.619 15.426 21.549 30.271 36.536 40.515 43.3 2 2 2 1 0 0 0 0 0 0 0 0 0 1 0 0 0 0 0 1 0 4 3 9 12 4 3 2 1 1 0 0 1 0 1 127.362 124.362 124.362 127.362 0 1 0 0 0 0 1 0 0 0 0 1 0 0 0 0 0 1 0 1 0 0 1 0 12 9 12 10 2 6 0.222 1 0 0 0 0 224 12
45.264 49.13 52.086 52.404 40.983 24.432 3.809 -10.973 -14.408 -13.787 2 2 2 0 0 0 0 1 1 0 0 0 0 0 0 0 0 0 0 1 0 5 3 8 13 5 3 1 0 0 1 1 0 0 1 0 127.362 127.362 0 0 1 0 0 0 0 1 0 0 0 0 1 0 0 0 0 1 0 0 0 1 0 1 0 13 8 13 9 3 5 0.333 0 0 0 0 1 242 8
-5.154 11.283 19.671 -9.224 -36.566 -48.415 -53.198 -56.558 -55.112 -42.023 2 2 2 0 0 0 0 1 0 0 0 0 0 1 1 0 0 0 0 0 0 5 3 7 14 5 3 0 1 0 1 0 1 1 0 121.809 0 0 121.809 0 1 0 0 0 0 1 0 0 0 0 1 0 0 0 0 1 0 0 1 0 0 0 1 14 7 14 8 4 4 0.444 0 0 0 0 1 442 8
-30.126 -11.645 7.616 26.5 33.512 27.583 20.344 16.24 16.157 7.025 2 2 2 1 0 0 0 0 0 0 0 0 0 1 1 0 0 0 0 0 0 5 2 6 15 5 2 0 2 1 0 0 1 1 0 125.383 121.809 121.809 125.383 0 1 0 0 0 0 1 0 0 0 0 1 0 0 0 0 0 1 0 1 0 0 0 1 15 6 15 7 5 3 0.556 1 0 0 0 0 1179 12
-5.929 -3.737 2.971 24.077 20.036 14.029 15.295 18.521 20.399 16.604 2 2 2 1 0 0 0 0 1 0 0 0 0 0 0 0 0 1 0 0 0 6 1 5 16 6 1 4 0 1 0 1 0 0 1 123.957 125.383 125.383 123.957 0 1 0 0 0 0 1 0 0 0 0 1 0 0 0 0 0 1 0 0 1 0 1 0 16 5 16 6 6 2 0.667 1 0 0 0 0 1179 12
0.314 -22.905 -44.291 -54.571 -73.322 -83.777 -76.682 -49.856 -27.144 -22.078 2 2 2 0 0 1 0 0 1 0 0 0 0 0 0 0 0 0 0 1 0 7 1 4 17 7 1 3 0 0 1 1 0 0 1 0 123.957 123.957 0 0 1 0 0 0 0 1 0 0 0 0 1 0 0 0 0 1 0 0 0 1 0 1 0 17 4 17 5 7 1 0.778 0 0 1 0 0 485 8
61.305 71.957 75.714 79.309 82.707 84.88 69.382 43.768 24.776 4.159 2 2 2 0 0 0 0 1 0 0 0 1 0 0 0 0 0 0 1 0 0 7 1 3 18 7 1 2 1 0 1 0 1 0 1 0 0 0 0 0 1 0 0 0 0 1 0 0 0 0 1 0 0 0 0 1 0 0 1 0 0 1 0 18 3 18 4 1 3 0.2 0 0 0 0 1 117 8
-5.596 -12.361 -20.263 -24.246 -29.134 -31.184 -29.764 -25.652 -19.968 -12.218 2 2 2 0 0 0 1 0 0 0 0 0 0 1 0 0 1 0 0 0 0 7 1 2 19 7 1 1 2 0 1 0 1 0 1 0 0 0 0 0 1 0 0 0 0 1 0 0 0 0 1 0 0 0 0 1 0 0 1 0 0 1 0 19 2 19 3 2 2 0.4 0 0 0 1 0 2 9
-12.079 -13.159 -14.478 -15.951 -17.518 -20.78 -37.993 -56.889 -92.74 -114.716 2 2 2 0 1 0 0 0 0 0 0 0 1 0 1 0 0 0 0 0 0 7 1 1 20 7 1 0 3 0 1 0 1 1 0 116.702 0 0 116.702 0 1 0 0 0 0 1 0 0 0 0 0 0 1 0 0 1 0 0 1 0 0 0 1 20 1 20 2 3 1 0.6 0 1 0 0 0 617 5
-41.976 -6.532 26.912 53.022 56.413 52.301 47.749 50.401 51.07 54.37 2 2 0 1 0 0 0 0 0 0 1 0 0 0 0 1 0 0 0 0 0 7 0 0 21 7 0 0 4 1 0 0 1 0 1 119.702 116.702 116.702 0 0 0 0 1 0 0 1 0 0 0 1 0 0 0 0 0 0 1 0 1 0 1 0 0 21 0 21 1 1 1 0.333 1 0 0 0 0 31 5
