65.794 65.822 65.877 65.928 60.194 53.223 52.286 52.154 44.221 32.31 2 0 2 1 0 0 0 0 0 1 0 0 0 0 0 0 0 0 0 1 0 0 4 20 0 0 4 2 0 1 0 0 1 0 1 137.556 134.556 0 137.556 0 1 0 0 0 1 0 0 0 0 0 1 0 0 0 0 0 1 1 0 0 0 1 0 0 20 0 21 1 7 0.111 1 0 0 0 0 528 8
35.288 41.904 46.834 45.35 30.68 13.66 -9.742 -31.947 -54.867 -73.817 2 2 2 0 0 0 0 1 1 0 0 0 0 0 0 0 0 0 1 0 0 0 4 19 1 0 4 1 0 0 1 1 0 0 1 0 137.556 137.556 0 0 1 0 0 0 0 1 0 0 0 0 1 0 0 0 0 1 0 0 0 1 0 1 0 1 19 1 20 2 6 0.222 0 0 0 0 1 176 8
-85.334 -94.111 -99.279 -103.359 -109.055 -111.535 -112.102 -111.89 -111.513 -102.958 2 2 2 0 0 0 1 0 0 0 0 0 0 1 1 0 0 0 0 0 0 0 4 18 2 0 4 0 1 0 1 0 1 1 0 131.88901 0 0 131.88901 0 1 0 0 0 0 1 0 0 0 0 1 0 0 0 0 1 0 0 1 0 0 0 1 2 18 2 19 3 5 0.333 0 0 0 1 0 4 10
-78.658 -49.786 -8.912 29.746 48.238 53.87 53.271 53.528 58.936 52.555 2 2 2 1 0 0 0 0 0 0 0 0 1 0 1 0 0 0 0 0 0 0 3 17 3 0 3 0 2 1 0 0 1 1 0 135.4445 131.88901 131.88901 135.4445 0 1 0 0 0 0 1 0 0 0 0 1 0 0 0 0 0 1 0 1 0 0 0 1 3 17 3 18 4 4 0.444 1 0 0 0 0 1508 1
45.776 49.107 58.346 67.602 65.018 63.057 64.601 67.065 67.315 53.938 2 2 2 1 0 0 0 0 1 0 0 0 0 0 0 0 0 1 0 0 0 1 2 16 4 1 2 3 0 1 0 1 0 0 1 134 135.4445 135.4445 134 0 1 0 0 0 0 1 0 0 0 0 1 0 0 0 0 0 1 0 0 1 0 1 0 4 16 4 17 5 3 0.556 1 0 0 0 0 389 1
35.277 23.578 -12.461 -59.78 -97.459 -104.256 -85.21 -62.054 -25.837 -6.902 2 2 2 0 0 1 0 0 1 0 0 0 0 0 0 0 1 0 0 0 0 2 2 15 5 2 2 2 0 0 1 1 0 0 1 0 134 134 0 0 1 0 0 0 0 1 0 0 0 0 1 0 0 0 0 1 0 0 0 1 0 1 0 5 15 5 16 6 2 0.667 0 0 1 0 0 279 5
-24.384 -29.631 -33.97 -40.869 -74.33 -114.986 -126.873 -122.969 -123.385 -139.323 2 2 2 0 1 0 0 0 0 0 0 1 0 0 0 0 0 0 0 1 0 2 2 14 6 2 2 1 1 0 1 0 1 0 1 0 0 0 0 0 1 0 0 0 0 1 0 0 0 0 1 0 0 0 0 1 0 0 1 0 0 1 0 6 14 6 15 7 1 0.778 0 1 0 0 0 100 5
81.593 94.752 103.277 103.348 94.25 71.17 42.296 14.121 -5.623 -14.355 2 2 2 0 0 0 0 1 0 0 1 0 0 0 1 0 0 0 0 0 0 2 2 13 7 2 2 0 2 0 1 0 1 1 0 127.444 0 0 127.444 0 1 0 0 0 0 1 0 0 0 0 1 0 0 0 0 1 0 0 1 0 0 0 1 7 13 7 14 1 5 0.143 0 0 0 0 1 1324 1
-18.035 8.682 53.401 73.696 77.683 78.279 78.236 79.395 84.427 84.132 2 2 2 1 0 0 0 0 0 0 0 0 0 1 0 0 0 0 0 1 0 2 1 12 8 2 1 8 3 1 0 0 1 0 1 130.444 127.444 127.444 130.444 0 1 0 0 0 0 1 0 0 0 0 1 0 0 0 0 0 1 0 1 0 0 1 0 8 12 8 13 2 4 0.286 1 0 0 0 0 437 1
79.246 75.48 71.136 66.787 63.076 53.972 18.817 -21.705 -52.919 -61.063 2 2 2 0 0 0 0 1 1 0 0 0 0 0 0 0 0 1 0 0 0 3 1 11 9 3 1 7 0 0 1 1 0 0 1 0 130.444 130.444 0 0 1 0 0 0 0 1 0 0 0 0 1 0 0 0 0 1 0 0 0 1 0 1 0 9 11 9 12 3 3 0.429 0 0 0 0 1 1808 1
-56.215 -47.419 -48.819 -63.579 -75.264 -74.341 -62.03 -40.174 -10.748 11.252 2 2 2 0 0 1 0 0 0 0 0 0 0 1 0 0 0 1 0 0 0 3 1 10 10 3 1 6 1 0 1 0 1 0 1 0 0 0 0 0 1 0 0 0 0 1 0 0 0 0 1 0 0 0 0 1 0 0 1 0 0 1 0 10 10 10 11 4 2 0.571 0 0 1 0 0 279 5
9.777 -0.455 -12.099 -26.691 -59.594 -88.259 -108.112 -142.568 -123.06 -121.729 2 2 2 0 0 1 0 0 0 0 0 1 0 0 0 0 1 0 0 0 0 3 1 9 11 3 1 5 2 0 1 0 1 0 1 0 0 0 0 0 1 0 0 0 0 1 0 0 0 0 1 0 0 0 0 1 0 0 1 0 0 1 0 11 9 11 10 5 1 0.714 0 0 1 0 0 100 5
19.415 19.442 19.473 19.511 16.469 -2.488 -16.562 -21.79 -20.104 -10.677 2 2 2 0 1 0 0 0 0 0 0 1 0 0 0 0 0 0 0 1 0 3 1 8 12 3 1 4 3 0 1 0 1 0 1 0 0 0 0 0 1 0 0 0 0 1 0 0 0 0 1 0 0 0 0 1 0 0 1 0 0 1 0 12 8 12 9 1 7 0.111 0 1 0 0 0 114 5
5.42 25.042 44.454 72.736 97.307 109.229 110.552 102.617 84.314 51.618 2 2 2 0 0 0 0 1 0 0 1 0 0 0 0 0 0 1 0 0 0 3 1 7 13 3 1 3 4 0 1 0 1 0 1 0 0 0 0 0 1 0 0 0 0 1 0 0 0 0 1 0 0 0 0 1 0 0 1 0 0 1 0 13 7 13 8 2 6 0.222 0 0 0 0 1 511 5
32.251 20.459 7.228 -19.473 -48.398 -57.154 -49.318 -23.096 20.509 44.557 2 2 2 0 0 1 0 0 0 0 0 0 0 1 0 0 0 1 0 0 0 3 1 6 14 3 1 2 5 0 1 0 1 0 1 0 0 0 0 0 1 0 0 0 0 1 0 0 0 0 1 0 0 0 0 1 0 0 1 0 0 1 0 14 6 14 7 3 5 0.333 0 0 1 0 0 279 5
39.014 28.033 16.923 5.833 -5.612 -32.202 -44.84 -35.779 -7.539 3.264 2 2 2 0 0 1 0 0 0 0 0 1 0 0 0 0 1 0 0 0 0 3 1 5 15 3 1 1 6 0 1 0 1 0 1 0 0 0 0 0 1 0 0 0 0 1 0 0 0 0 1 0 0 0 0 1 0 0 1 0 0 1 0 15 5 15 6 4 4 0.444 0 0 1 0 0 100 5
2.903 3.04 -11.953 -42.306 -65.021 -74.128 -84.156 -128.358 -137.754 -135.632 2 2 2 0 1 0 0 0 0 0 0 1 0 0 1 0 0 0 0 0 0 3 1 4 16 3 1 0 7 0 1 0 1 1 0 119.444 0 0 119.444 0 1 0 0 0 0 1 0 0 0 0 1 0 0 0 0 1 0 0 1 0 0 0 1 16 4 16 5 5 3 0.556 0 1 0 0 0 27 21
-108.973 -55.559 -1.031 53.498 100.059 109.304 109.376 113.661 120.567 122.297 2 2 2 1 0 0 0 0 0 0 1 0 0 0 0 0 0 0 0 1 0 3 0 3 17 3 0 3 8 1 0 0 1 0 1 122.444 119.444 119.444 122.444 0 1 0 0 0 0 1 0 0 0 0 1 0 0 0 0 0 1 0 1 0 0 1 0 17 3 17 4 6 2 0.667 1 0 0 0 0 30 6
116.159 112.297 106.917 99.049 70.186 31.116 2.332 -16.874 -33.154 -37.56 2 2 2 0 0 0 0 1 1 0 0 0 0 0 0 0 0 1 0 0 0 4 0 2 18 4 0 2 0 0 1 1 0 0 1 0 122.444 122.444 0 0 1 0 0 0 0 1 0 0 0 0 1 0 0 0 0 1 0 0 0 1 0 1 0 18 2 18 3 7 1 0.778 0 0 0 0 1 20 7
-27.82 -28.309 -37.409 -47.194 -50.197 -40.144 -25.367 -19.193 -4.286 12.171 2 2 2 0 0 1 0 0 0 0 0 0 0 1 0 0 1 0 0 0 0 4 0 1 19 4 0 1 1 0 1 0 1 0 1 0 0 0 0 0 1 0 0 0 0 1 0 0 0 0 0 0 1 0 0 1 0 0 1 0 0 1 0 19 1 19 2 1 2 0.25 0 0 1 0 0 279 5
15.367 17.892 21.643 24.476 5.012 -39.032 -51.698 -77.729 -68.9 -26.454 2 2 0 0 1 0 0 0 0 0 0 1 0 0 0 1 0 0 0 0 0 4 0 0 20 4 0 0 2 0 1 0 1 0 1 110 0 0 0 0 0 0 1 0 0 1 0 0 0 1 0 0 0 0 0 1 0 0 1 0 1 0 0 20 0 20 1 2 1 0.5 0 1 0 0 0 100 5
