-35.701 -30.015 -26.072 -21.56 -14.791 -4.943 3.023 12.366 22.337 25.907 2 0 2 1 0 0 0 0 0 1 0 0 0 0 0 0 0 0 1 0 0 0 4 15 0 0 4 5 0 1 0 0 1 0 1 137.429 134.429 0 137.429 0 1 0 0 0 1 0 0 0 0 0 1 0 0 0 0 0 1 1 0 0 0 1 0 0 15 0 16 1 7 0.111 1 0 0 0 0 2499 5
26.034 30.135 34.684 24.589 14.876 1.806 -10.034 -15.44 -11.901 -3.879 2 2 2 0 0 0 1 0 1 0 0 0 0 0 0 0 1 0 0 0 0 0 4 14 1 0 4 4 0 0 1 1 0 0 1 0 137.429 137.429 0 0 1 0 0 0 0 1 0 0 0 0 1 0 0 0 0 1 0 0 0 1 0 1 0 1 14 1 15 2 6 0.222 0 0 0 1 0 1291 5
15.427 24.523 19.75 11.716 -2.002 -15.364 -26.028 -34.931 -35.865 -29.2 2 2 2 0 1 0 0 0 0 0 0 0 1 0 0 0 0 0 1 0 0 0 4 13 2 0 4 3 1 0 1 0 1 0 1 0 0 0 0 0 1 0 0 0 0 1 0 0 0 0 1 0 0 0 0 1 0 0 1 0 0 1 0 2 13 2 14 3 5 0.333 0 1 0 0 0 311 5
-2.239 11.309 18.245 13.443 1.665 -4.055 -9.527 -11.969 -6.294 -31.141 2 2 2 0 0 0 1 0 0 0 1 0 0 0 0 0 0 0 0 1 0 0 4 12 3 0 4 2 2 0 1 0 1 0 1 0 0 0 0 0 1 0 0 0 0 1 0 0 0 0 1 0 0 0 0 1 0 0 1 0 0 1 0 3 12 3 13 4 4 0.444 0 0 0 1 0 18 5
-82.976 -38.155 5.208 71.283 93.316 86.412 67.487 42.798 20.365 -4.718 2 2 2 0 0 0 0 1 0 0 0 0 1 0 0 0 0 1 0 0 0 0 4 11 4 0 4 1 3 0 1 0 1 0 1 0 0 0 0 0 1 0 0 0 0 1 0 0 0 0 1 0 0 0 0 1 0 0 1 0 0 1 0 4 11 4 12 5 3 0.556 0 0 0 0 1 14 3
-18.146 -20.658 -24.844 -43.991 -62.797 -67.094 -58.857 -45.029 -36.34 -20.525 2 2 2 0 0 1 0 0 0 0 0 0 0 1 1 0 0 0 0 0 0 0 4 10 5 0 4 0 4 0 1 0 1 1 0 127.571 0 0 127.571 0 1 0 0 0 0 1 0 0 0 0 1 0 0 0 0 1 0 0 1 0 0 0 1 5 10 5 11 6 2 0.667 0 0 1 0 0 656 5
2.422 28.143 58.492 72.62 61.57 56.532 53.428 46.93 43.201 46.881 2 2 2 1 0 0 0 0 0 0 0 1 0 0 0 0 0 1 0 0 0 0 3 9 6 0 3 1 5 1 0 0 1 0 1 130.571 127.571 127.571 130.571 0 1 0 0 0 0 1 0 0 0 0 1 0 0 0 0 0 1 0 1 0 0 1 0 6 9 6 10 7 1 0.778 1 0 0 0 0 129 5
-40.9 -45.483 -50.113 -58.69 -74.078 -73.256 -64.129 -47.507 -27.754 -25.885 2 2 2 0 0 1 0 0 1 0 0 0 0 0 1 0 0 0 0 0 0 1 3 8 7 1 3 0 0 0 1 1 0 1 0 125.286 130.571 130.571 125.286 0 1 0 0 0 0 1 0 0 0 0 1 0 0 0 0 1 0 0 0 1 0 0 1 7 8 7 9 1 4 0.167 0 0 1 0 0 1586 1
-13.523 21.645 44.72 49.06 54.82 63.873 70.148 72.456 72.544 55.666 2 2 2 1 0 0 0 0 0 0 0 1 0 0 0 0 1 0 0 0 0 1 2 7 8 1 2 1 1 1 0 0 1 0 1 128.286 125.286 125.286 128.286 0 1 0 0 0 0 1 0 0 0 0 1 0 0 0 0 0 1 0 1 0 0 1 0 8 7 8 8 2 3 0.333 1 0 0 0 0 2499 1
33.741 15.281 -2.802 -20.533 -33.988 -63.067 -92.082 -103.338 -111.324 -95.234 2 2 2 0 1 0 0 0 1 0 0 0 0 0 1 0 0 0 0 0 0 2 2 6 9 2 2 0 0 0 1 1 0 1 0 123 128.286 128.286 123 0 1 0 0 0 0 1 0 0 0 0 1 0 0 0 0 1 0 0 0 1 0 0 1 9 6 9 7 3 2 0.5 0 1 0 0 0 118 5
-54.009 -20.335 10.627 36.971 47.048 49.543 51.291 55.596 64.241 74.75 2 2 2 1 0 0 0 0 0 0 1 0 0 0 0 0 1 0 0 0 0 2 1 5 10 2 1 3 1 1 0 0 1 0 1 126 123 123 126 0 1 0 0 0 0 1 0 0 0 0 1 0 0 0 0 0 1 0 1 0 0 1 0 10 5 10 6 4 1 0.667 1 0 0 0 0 832 5
33.286 33.291 28.41 10.822 -10.363 -29.704 -46.655 -58.436 -60.594 -55.294 2 2 2 0 1 0 0 0 1 0 0 0 0 0 0 0 0 0 0 1 0 3 1 4 11 3 1 2 0 0 1 1 0 0 1 0 126 126 0 0 1 0 0 0 0 1 0 0 0 0 1 0 0 0 0 1 0 0 0 1 0 1 0 11 4 11 5 1 5 0.143 0 1 0 0 0 1183 1
-36.285 -20.869 -6.926 7.119 21.205 38.711 47.859 53.217 53.626 49.944 2 2 2 0 0 0 0 1 0 0 1 0 0 0 0 0 1 0 0 0 0 3 1 3 12 3 1 1 1 0 1 0 1 0 1 0 0 0 0 0 1 0 0 0 0 1 0 0 0 0 1 0 0 0 0 1 0 0 1 0 0 1 0 12 3 12 4 2 4 0.286 0 0 0 0 1 8 1
35.468 22.205 10.187 -17.736 -53.201 -82.505 -94.468 -91.161 -76.728 -55.051 2 2 2 0 1 0 0 0 0 0 0 0 0 1 1 0 0 0 0 0 0 3 1 2 13 3 1 0 2 0 1 0 1 1 0 118.429 0 0 118.429 0 1 0 0 0 0 1 0 0 0 0 1 0 0 0 0 1 0 0 1 0 0 0 1 13 2 13 3 3 3 0.429 0 1 0 0 0 110 1
-30.41 -3.181 21.756 39.594 49.773 57.926 65.64 76.833 84.864 81.823 2 2 2 1 0 0 0 0 0 0 1 0 0 0 0 0 0 0 1 0 0 3 0 1 14 3 0 1 3 1 0 0 1 0 1 121.429 118.429 118.429 121.429 0 1 0 0 0 0 1 0 0 0 0 0 0 1 0 0 0 1 0 1 0 0 1 0 14 1 14 2 4 2 0.571 1 0 0 0 0 332 5
63.694 48.781 34.074 14.777 -24.386 -50.118 -60.909 -61.569 -61.855 -84.313 2 2 0 0 0 0 1 0 1 0 0 0 0 0 0 1 0 0 0 0 0 4 0 0 15 4 0 0 0 0 1 1 0 0 1 110 121.429 121.429 0 0 0 0 1 0 0 1 0 0 0 1 0 0 0 0 0 1 0 0 0 1 1 0 0 15 0 15 1 5 1 0.714 0 0 0 1 0 18 5
