236.553908942 236.398798334 236.097339201 235.666748589 235.132093591 234.525407004 233.884550452 233.251859637 232.672613128 232.193371689 2 0 2 0 1 0 0 0 0 1 0 0 0 0 0 0 0 0 1 0 0 0 2 16 0 0 2 6 0 0 1 0 1 0 1 0 130 0 0 0 1 0 0 0 1 0 0 0 0 0 1 0 0 0 0 1 0 1 0 0 0 1 0 0 16 0 17 1 7 0.111 0 1 0 0 0 9 17
231.860239348 231.717100181 231.803885969 232.154929458 232.797455983 233.750262653 235.022629302 236.613499114 238.510959362 240.692044321 2 2 2 0 0 0 1 0 0 0 1 0 0 0 0 0 0 1 0 0 0 0 2 15 1 0 2 5 1 0 1 0 1 0 1 0 0 0 0 0 1 0 0 0 0 1 0 0 0 0 1 0 0 0 0 1 0 0 1 0 0 1 0 1 15 1 16 2 6 0.222 0 0 0 1 0 2 17
243.122873313 245.75912727 248.546857483 251.423610492 254.319843811 257.160598428 259.867386226 262.360243684 264.559897778 266.38998593 2 2 2 0 0 1 0 0 0 0 0 0 1 0 0 0 0 1 0 0 0 0 2 14 2 0 2 4 2 0 1 0 1 0 1 0 0 0 0 0 1 0 0 0 0 1 0 0 0 0 1 0 0 0 0 1 0 0 1 0 0 1 0 2 14 2 15 3 5 0.333 0 0 1 0 0 105 12
267.779269455 268.663779056 268.988831867 268.710861994 267.799010718 266.23642814 264.021245099 261.167182401 257.703773624 253.676187665 2 2 2 0 0 1 0 0 0 0 0 1 0 0 0 0 0 0 0 1 0 0 2 13 3 0 2 3 3 0 1 0 1 0 1 0 0 0 0 0 1 0 0 0 0 1 0 0 0 0 1 0 0 0 0 1 0 0 1 0 0 1 0 3 13 3 14 4 4 0.444 0 0 1 0 0 8 12
249.144647628 244.183453256 238.879624638 233.331195068 227.645190465 221.935341373 216.319581069 210.917389417 205.847046805 201.222865458 2 2 2 0 0 0 0 1 0 0 0 1 0 0 0 0 0 0 1 0 0 0 2 12 4 0 2 2 4 0 1 0 1 0 1 0 0 0 0 0 1 0 0 0 0 1 0 0 0 0 1 0 0 0 0 1 0 0 1 0 0 1 0 4 12 4 13 5 3 0.556 0 0 0 0 1 492 12
197.152466732 193.734172485 191.054576368 189.186356918 188.186388745 188.094201032 188.930824227 190.698056325 193.378169891 196.934070062 2 2 2 0 0 0 1 0 0 0 0 0 0 1 0 0 0 1 0 0 0 0 2 11 5 0 2 1 5 0 1 0 1 0 1 0 0 0 0 0 1 0 0 0 0 1 0 0 0 0 1 0 0 0 0 1 0 0 1 0 0 1 0 5 11 5 12 6 2 0.667 0 0 0 1 0 11 18
201.309902634 206.432100141 212.210842953 218.541902085 225.308820875 232.385384311 239.638317584 246.930149823 254.12217491 261.077438914 2 2 2 0 0 1 0 0 0 0 0 0 1 0 1 0 0 0 0 0 0 0 2 10 6 0 2 0 6 0 1 0 1 1 0 126.892 0 0 126.892 0 1 0 0 0 0 1 0 0 0 0 1 0 0 0 0 1 0 0 1 0 0 0 1 6 10 6 11 7 1 0.778 0 0 1 0 0 7 14
267.663683195 273.756173408 279.240347669 284.014221803 287.99049578 291.098313084 293.284633473 294.515189371 294.775006497 294.068480229 2 2 2 1 0 0 0 0 0 0 0 1 0 0 0 0 0 0 0 1 0 0 1 9 7 0 1 7 7 1 0 0 1 0 1 129.892 126.892 126.892 129.892 0 1 0 0 0 0 1 0 0 0 0 1 0 0 0 0 0 1 0 1 0 0 1 0 7 9 7 10 1 8 0.1 1 0 0 0 0 365 5
292.419010147 289.868206081 286.474689392 282.31252298 277.46931233 272.044027551 266.144602717 259.885373634 253.384418403 246.760866687 2 2 2 0 0 0 0 1 1 0 0 0 0 0 0 0 0 1 0 0 0 1 1 8 8 1 1 6 0 0 1 1 0 0 1 0 129.892 129.892 0 0 1 0 0 0 0 1 0 0 0 0 1 0 0 0 0 1 0 0 0 1 0 1 0 8 8 8 9 2 7 0.2 0 0 0 0 1 401 5
240.132243468 233.611911236 227.30667115 221.314578727 215.723023334 210.607113274 206.028399747 202.033963822 198.655880793 195.911066428 2 2 2 0 0 1 0 0 0 0 0 0 0 1 0 0 0 0 0 1 0 1 1 7 9 1 1 5 1 0 1 0 1 0 1 0 0 0 0 0 1 0 0 0 0 1 0 0 0 0 1 0 0 0 0 1 0 0 1 0 0 1 0 9 7 9 8 3 6 0.3 0 0 1 0 0 541 5
193.801499658 192.314806731 191.425182732 191.094618162 191.274390941 191.906778125 192.9269368 194.264900274 195.847633815 197.601093823 2 2 2 0 0 0 0 1 0 0 0 1 0 0 0 0 0 0 1 0 0 1 1 6 10 1 1 4 2 0 1 0 1 0 1 0 0 0 0 0 1 0 0 0 0 1 0 0 0 0 1 0 0 0 0 1 0 0 1 0 0 1 0 10 6 10 7 4 5 0.4 0 0 0 0 1 15 15
199.452235524 201.330916892 203.171650493 204.915160215 206.50970613 207.91214797 209.088725545 210.01554281 210.678750777 211.07443305 2 2 2 0 0 0 1 0 0 0 0 0 0 1 0 0 0 1 0 0 0 1 1 5 11 1 1 3 3 0 1 0 1 0 1 0 0 0 0 0 1 0 0 0 0 1 0 0 0 0 1 0 0 0 0 1 0 0 1 0 0 1 0 11 5 11 6 5 4 0.5 0 0 0 1 0 2 4
211.208205958 211.09455309 210.755921065 210.221609574 209.526493894 208.709622011 207.812731204 206.878730323 205.950194003 205.067913759 2 2 2 0 0 1 0 0 0 0 0 0 1 0 0 0 0 1 0 0 0 1 1 4 12 1 1 2 4 0 1 0 1 0 1 0 0 0 0 0 1 0 0 0 0 1 0 0 0 0 1 0 0 0 0 1 0 0 1 0 0 1 0 12 4 12 5 6 3 0.6 0 0 1 0 0 1138 5
204.269548327 203.588411856 203.052433741 202.683318153 202.495924866 202.497886008 202.68946603 203.06366476 203.606556116 204.297848025 2 2 2 0 0 1 0 0 0 0 0 1 0 0 0 0 1 0 0 0 0 1 1 3 13 1 1 1 5 0 1 0 1 0 1 0 0 0 0 0 1 0 0 0 0 1 0 0 0 0 1 0 0 0 0 1 0 0 1 0 0 1 0 13 3 13 4 7 2 0.7 0 0 1 0 0 6 5
205.111642631 206.017370098 206.980864391 207.965545514 208.933669864 209.847608738 210.671114583 211.3705354 211.915939642 212.282117084 2 2 2 0 1 0 0 0 0 0 0 1 0 0 1 0 0 0 0 0 0 1 1 2 14 1 1 0 6 0 1 0 1 1 0 118.243 0 0 118.243 0 1 0 0 0 0 1 0 0 0 0 1 0 0 0 0 1 0 0 1 0 0 0 1 14 2 14 3 8 1 0.8 0 1 0 0 0 119 8
212.449425167 212.404455358 212.140499721 211.657804182 210.963601582 210.071924389 209.003203709 207.783667723 206.444558776 205.021193795 2 2 2 1 0 0 0 0 0 0 1 0 0 0 0 0 0 0 1 0 0 1 0 1 15 1 0 1 7 1 0 0 1 0 1 121.243 118.243 118.243 121.243 0 1 0 0 0 0 1 0 0 0 0 0 0 1 0 0 0 1 0 1 0 0 1 0 15 1 15 2 1 2 0.25 1 0 0 0 0 697 8
203.55189743 202.076841077 200.636823735 199.27203232 198.020819596 196.918537238 195.996459834 195.280832745 194.79207296 194.544147356 2 2 0 0 0 0 1 0 1 0 0 0 0 0 0 1 0 0 0 0 0 2 0 0 16 2 0 0 0 0 1 1 0 0 1 110 121.243 121.243 0 0 0 0 1 0 0 1 0 0 0 1 0 0 0 0 0 1 0 0 0 1 1 0 0 16 0 16 1 2 1 0.5 0 0 0 1 0 783 8
