208.56199 220.75399 224.22269 224.8203 228.09194 207.70002 173.69751 138.10221 89.72559 45.60397 2 0 2 0 0 0 0 1 0 1 0 0 0 0 0 0 0 1 0 0 0 0 1 5 0 0 1 1 0 0 1 0 1 0 1 0 1 0 0 0 1 0 0 0 0 0 1 0 0 0 0 1 0 1 0 0 0 1 0 0 5 0 6 1 1 0.333 0 0 0 0 1 208 9 0 3 0 0 17 29 0.0 0.0 6.0 0.0 0.0 1.0 0.0 0.0 0.0 0.0 0.0 0.0 0.0 0.0 0.0 0.0 0.0 0.0 0.0 0.0 0.0 0.0 0.0 0.0 0.0 0.0 0.0 0.0 0.0 0.0 0.0 0.0 0.0 1.0 0.0 0.0 0.0 0.0 0.0 0.0 0.0 0.0 0.0 0.0 0.0 0.0 0.0 0.0 0.0 0.0 0.0 0.0 0.0 0.0 0.0 0.0 0.0 0.0 0.0 0.0 0.0 0.0 0.0 0.0 0.0 0.0
-129.89928 -128.602 -126.431 -126.56567 -151.05628 -178.68291 -156.33144 -120.08723 -78.33344 -31.1198 2 2 2 0 0 1 0 0 0 0 0 0 0 1 1 0 0 0 0 0 0 0 1 4 1 0 1 0 1 0 1 0 1 1 0 0 1 0 0 0 0 1 0 0 0 0 1 0 0 0 0 1 0 0 1 0 0 0 1 1 4 1 5 1 5 0.143 0 0 1 0 0 839 3 9 4 1 0 13 10 1.0 0.166666666667 6.0 0.0 0.0 5.0 0.0 0.0 0.0 0.0 0.0 0.0 0.0 1.0 1.0 0.0 0.0 0.0 0.0 0.0 0.0 0.0 0.0 0.0 0.0 0.0 0.0 0.0 0.0 0.0 0.0 0.0 1.0 0.0 0.0 0.0 0.0 0.0 0.0 0.0 0.0 0.0 0.0 0.0 0.0 0.0 0.0 0.0 0.0 0.0 0.0 0.0 0.0 0.0 0.0 0.0 0.0 0.0 0.0 0.0 0.0 0.0 0.0 0.0 0.0 0.0
4.81865 0.15349 -6.48518 -4.33306 11.63783 15.43025 12.49022 6.78144 3.9467 4.82049 2 2 2 1 0 0 0 0 0 0 0 1 0 0 0 0 0 0 1 0 0 0 0 3 2 0 0 3 2 1 0 0 1 0 1 0 1 0 0 0 0 1 0 0 0 0 1 0 0 0 0 0 1 0 1 0 0 1 0 2 3 2 4 2 4 0.286 1 0 0 0 0 2334 3 9 4 1 1 10 4 1.0 0.166666666667 6.0 1.0 0.2 5.0 0.0 0.0 0.0 0.0 0.0 0.0 0.0 1.0 1.0 0.0 0.0 0.0 0.0 0.0 0.0 0.0 0.0 0.0 0.0 0.0 0.0 0.0 0.0 0.0 0.0 0.0 1.0 0.0 0.0 0.0 0.0 0.0 0.0 0.0 0.0 0.0 0.0 0.0 0.0 0.0 0.0 0.0 0.0 0.0 0.0 0.0 0.0 0.0 0.0 0.0 0.0 0.0 0.0 0.0 0.0 0.0 0.0 0.0 0.0 0.0
-16.28469 -33.30495 -43.53684 -57.80819 -68.20048 -77.02702 -86.30429 -90.99758 -92.65402 -86.9008 2 2 2 0 0 0 1 0 1 0 0 0 0 0 0 0 0 0 0 1 0 1 0 2 3 1 0 2 0 0 1 1 0 0 1 0 1 0 0 0 0 1 0 0 0 0 1 0 0 0 0 1 0 0 0 1 0 1 0 3 2 3 3 3 3 0.429 0 0 0 1 0 2 4 3 1 2 0 2 8 1.0 0.166666666667 6.0 2.0 0.4 5.0 0.0 0.0 0.0 0.0 0.0 0.0 0.0 0.0 0.0 1.0 0.0 0.0 0.0 0.0 0.0 0.0 0.0 0.0 0.0 0.0 0.0 0.0 0.0 0.0 0.0 0.0 0.0 0.0 0.0 0.0 0.0 0.0 0.0 0.0 0.0 0.0 0.0 0.0 0.0 0.0 0.0 0.0 0.0 0.0 0.0 0.0 0.0 0.0 0.0 0.0 0.0 0.0 0.0 0.0 0.0 0.0 0.0 0.0 0.0 0.0
-77.74945 -58.42163 -39.43479 4.81 76.9215 194.10925 178.95248 126.5005 50.33153 1.63895 2 2 2 0 0 0 0 1 0 0 0 0 1 0 0 0 1 0 0 0 0 1 0 1 4 1 0 1 1 0 1 0 1 0 1 0 1 0 0 0 0 1 0 0 0 0 0 0 1 0 0 1 0 0 1 0 0 1 0 4 1 4 2 4 2 0.571 0 0 0 0 1 553 1 4 7 3 0 3 35 1.0 0.166666666667 6.0 3.0 0.6 5.0 0.0 0.0 0.0 0.0 0.0 0.0 1.0 0.0 0.0 0.0 0.0 0.0 0.0 0.0 0.0 0.0 0.0 0.0 0.0 1.0 0.0 0.0 0.0 0.0 0.0 0.0 0.0 0.0 0.0 0.0 0.0 0.0 0.0 0.0 0.0 0.0 0.0 0.0 0.0 0.0 0.0 0.0 0.0 0.0 0.0 0.0 0.0 0.0 0.0 0.0 0.0 0.0 0.0 0.0 0.0 0.0 0.0 0.0 0.0 0.0
-17.28337 -9.77169 -25.79265 -38.52579 -41.04966 -34.90679 -28.12329 -24.22194 -10.68493 -18.83406 2 2 2 0 1 0 0 0 0 0 0 0 0 1 1 0 0 0 0 0 0 1 0 0 5 1 0 0 2 0 1 0 1 1 0 0 0 0 1 0 0 1 0 0 0 0 1 0 0 0 0 1 0 0 1 0 0 0 1 5 0 5 1 5 1 0.714 0 1 0 0 0 229 1 4 7 3 1 4 4 1.0 0.166666666667 6.0 4.0 0.8 5.0 0.0 0.0 0.0 0.0 0.0 0.0 1.0 0.0 0.0 0.0 0.0 0.0 0.0 0.0 0.0 0.0 0.0 0.0 0.0 1.0 0.0 0.0 0.0 0.0 0.0 0.0 0.0 0.0 0.0 0.0 0.0 0.0 0.0 0.0 0.0 0.0 0.0 0.0 0.0 0.0 0.0 0.0 0.0 0.0 0.0 0.0 0.0 0.0 0.0 0.0 0.0 0.0 0.0 0.0 0.0 0.0 0.0 0.0 0.0 0.0
65.88901 58.32701 59.78201 74.01801 86.55229 104.17035 117.31713 137.30355 152.26969 140.25428 2 2 2 1 0 0 0 0 0 0 1 0 0 0 0 0 0 1 0 0 0 0 0 5 0 0 0 7 3 1 0 0 1 0 1 0 1 0 0 0 0 0 0 1 0 0 1 0 0 0 0 0 1 0 1 0 0 1 0 0 5 0 6 1 1 0.333 1 0 0 0 0 1557 7 1 7 4 0 1 13 2.0 0.333333333333 6.0 0.0 0.0 1.0 0.0 1.0 0.0 0.0 0.0 0.0 0.0 0.0 0.0 0.0 0.0 0.0 0.0 0.0 0.0 0.0 1.0 0.0 1.0 0.0 1.0 0.0 0.0 0.0 0.0 0.0 1.0 0.0 0.0 0.0 0.0 0.0 0.0 0.0 0.0 0.0 0.0 0.0 0.0 0.0 0.0 0.0 0.0 0.0 0.0 0.0 0.0 0.0 0.0 0.0 0.0 0.0 0.0 0.0 0.0 0.0 0.0 0.0 0.0 0.0
53.13602 29.17302 -10.55998 -32.94298 -39.43366 -46.30783 -34.42951 -11.37001 13.34887 16.24069 2 2 2 0 0 1 0 0 1 0 0 0 0 0 0 0 0 0 1 0 0 0 0 4 1 0 0 6 0 0 1 1 0 0 1 0 1 0 0 0 0 1 0 0 0 0 1 0 0 0 0 1 0 0 0 1 0 1 0 1 4 1 5 1 5 0.143 0 0 1 0 0 34 7 7 8 5 0 13 11 3.0 0.5 6.0 0.0 0.0 5.0 0.0 0.0 0.0 0.0 0.0 0.0 0.0 0.0 0.0 0.0 0.0 0.0 0.0 0.0 0.0 0.0 0.0 0.0 0.0 0.0 0.0 0.0 0.0 0.0 0.0 0.0 0.0 1.0 0.0 0.0 0.0 0.0 0.0 0.0 0.0 0.0 0.0 0.0 0.0 0.0 0.0 0.0 0.0 0.0 0.0 0.0 0.0 0.0 0.0 0.0 0.0 0.0 0.0 0.0 0.0 0.0 0.0 0.0 0.0 0.0
20.68658 22.65937 9.5119 -7.23512 -29.04513 -42.39593 -46.72964 -56.25424 -61.31101 -62.68845 2 2 2 0 0 0 1 0 0 0 0 1 0 0 0 0 0 0 0 1 0 0 0 3 2 0 0 5 1 0 1 0 1 0 1 0 1 0 0 0 0 1 0 0 0 0 1 0 0 0 0 1 0 0 1 0 0 1 0 2 3 2 4 2 4 0.286 0 0 0 1 0 4 8 7 9 6 0 20 8 3.0 0.5 6.0 1.0 0.2 5.0 0.0 0.0 0.0 0.0 0.0 0.0 0.0 0.0 0.0 0.0 0.0 0.0 0.0 0.0 0.0 0.0 0.0 0.0 0.0 0.0 0.0 1.0 0.0 0.0 0.0 0.0 0.0 0.0 0.0 0.0 0.0 0.0 0.0 0.0 0.0 0.0 0.0 0.0 0.0 0.0 0.0 0.0 0.0 0.0 0.0 0.0 0.0 0.0 0.0 0.0 0.0 0.0 0.0 0.0 0.0 0.0 0.0 0.0 0.0 0.0
-49.46289 -25.19046 5.58965 26.66163 50.25237 65.9802 80.47056 82.52084 81.41446 76.4538 2 2 2 0 0 0 0 1 0 0 0 0 1 0 0 0 0 0 0 1 0 0 0 2 3 0 0 4 2 0 1 0 1 0 1 0 1 0 0 0 0 1 0 0 0 0 1 0 0 0 0 1 0 0 1 0 0 1 0 3 2 3 3 3 3 0.429 0 0 0 0 1 208 9 8 3 7 0 17 29 3.0 0.5 6.0 2.0 0.4 5.0 0.0 0.0 0.0 0.0 0.0 0.0 0.0 0.0 0.0 0.0 0.0 0.0 0.0 0.0 0.0 0.0 0.0 0.0 0.0 0.0 0.0 0.0 0.0 0.0 0.0 0.0 0.0 1.0 0.0 0.0 0.0 0.0 0.0 0.0 0.0 0.0 0.0 0.0 0.0 0.0 0.0 0.0 0.0 0.0 0.0 0.0 0.0 0.0 0.0 0.0 0.0 0.0 0.0 0.0 0.0 0.0 0.0 0.0 0.0 0.0
-34.09317 -23.92455 21.83245 62.86468 109.10341 115.22015 75.58824 -1.69777 -57.71107 -101.67006 2 2 2 0 0 0 0 1 0 0 0 0 0 1 0 0 0 0 0 1 0 0 0 1 4 0 0 3 3 0 1 0 1 0 1 0 1 0 0 0 0 1 0 0 0 0 0 0 1 0 0 1 0 0 1 0 0 1 0 4 1 4 2 4 2 0.571 0 0 0 0 1 1784 3 9 9 8 0 21 29 3.0 0.5 6.0 3.0 0.6 5.0 0.0 0.0 1.0 0.0 0.0 0.0 0.0 1.0 1.0 0.0 0.0 0.0 0.0 0.0 0.0 0.0 0.0 0.0 0.0 0.0 0.0 0.0 0.0 0.0 0.0 0.0 1.0 0.0 0.0 0.0 0.0 0.0 0.0 0.0 0.0 0.0 0.0 0.0 0.0 0.0 0.0 0.0 0.0 0.0 0.0 0.0 0.0 0.0 0.0 0.0 0.0 0.0 0.0 0.0 0.0 0.0 0.0 0.0 0.0 0.0
-129.17195 -121.04176 -93.49407 -72.36315 -65.00358 -65.68193 -72.2452 -86.05535 34.53942 96.90101 2 2 2 0 0 0 0 1 0 0 0 0 0 1 0 0 0 0 0 1 0 0 0 0 5 0 0 2 4 0 1 0 1 0 1 0 0 0 1 0 0 1 0 0 0 0 1 0 0 0 0 1 0 0 1 0 0 1 0 5 0 5 1 5 1 0.714 0 0 0 0 1 178 3 9 9 8 1 20 13 3.0 0.5 6.0 4.0 0.8 5.0 0.0 0.0 1.0 0.0 0.0 0.0 0.0 1.0 1.0 0.0 0.0 0.0 0.0 0.0 0.0 0.0 0.0 0.0 0.0 0.0 0.0 0.0 0.0 0.0 0.0 0.0 1.0 0.0 0.0 0.0 0.0 0.0 0.0 0.0 0.0 0.0 0.0 0.0 0.0 0.0 0.0 0.0 0.0 0.0 0.0 0.0 0.0 0.0 0.0 0.0 0.0 0.0 0.0 0.0 0.0 0.0 0.0 0.0 0.0 0.0
27.15299 37.11699 51.16772 46.56828 26.59116 12.728 -8.3532 -27.29589 -56.5593 -68.60532 2 2 2 0 0 0 0 1 0 0 0 0 0 1 0 0 0 1 0 0 0 0 1 5 0 0 1 1 5 0 1 0 1 0 1 0 1 0 0 0 0 0 0 1 0 0 1 0 0 0 0 1 0 0 1 0 0 1 0 0 5 0 6 1 1 0.333 0 0 0 0 1 208 9 3 3 9 0 17 29 4.0 0.666666666667 6.0 0.0 0.0 1.0 0.0 0.0 0.0 0.0 0.0 0.0 0.0 0.0 0.0 0.0 0.0 0.0 0.0 0.0 0.0 0.0 0.0 0.0 0.0 0.0 0.0 0.0 0.0 0.0 0.0 0.0 0.0 1.0 0.0 0.0 0.0 0.0 0.0 0.0 0.0 0.0 0.0 0.0 0.0 0.0 0.0 0.0 0.0 0.0 0.0 0.0 0.0 0.0 0.0 0.0 0.0 0.0 0.0 0.0 0.0 0.0 0.0 0.0 0.0 0.0
-33.281 -57.148 -79.245 -103.685 -104.56932 -121.75254 -132.65371 -138.21449 -124.91534 -106.35378 2 2 2 0 0 1 0 0 0 0 0 0 0 1 1 0 0 0 0 0 0 0 1 4 1 0 1 0 6 0 1 0 1 1 0 0 1 0 0 0 0 1 0 0 0 0 1 0 0 0 0 1 0 0 1 0 0 0 1 1 4 1 5 1 5 0.143 0 0 1 0 0 839 3 9 4 10 0 13 10 5.0 0.833333333333 6.0 0.0 0.0 5.0 0.0 0.0 0.0 1.0 0.0 0.0 0.0 0.0 0.0 0.0 0.0 0.0 0.0 0.0 0.0 0.0 0.0 0.0 0.0 0.0 0.0 0.0 0.0 0.0 0.0 0.0 1.0 0.0 0.0 0.0 0.0 0.0 0.0 0.0 0.0 0.0 0.0 0.0 0.0 0.0 0.0 0.0 0.0 0.0 0.0 0.0 0.0 0.0 0.0 0.0 0.0 0.0 0.0 0.0 0.0 0.0 0.0 0.0 0.0 0.0
-88.41186 -56.81003 -27.56712 6.14013 39.11825 60.67058 68.62965 77.26631 62.82227 45.21468 2 2 2 1 0 0 0 0 0 0 0 1 0 0 0 0 0 0 1 0 0 0 0 3 2 0 0 3 7 1 0 0 1 0 1 0 1 0 0 0 0 1 0 0 0 0 1 0 0 0 0 0 1 0 1 0 0 1 0 2 3 2 4 2 4 0.286 1 0 0 0 0 2334 3 9 4 10 1 10 4 5.0 0.833333333333 6.0 1.0 0.2 5.0 0.0 0.0 0.0 1.0 0.0 0.0 0.0 0.0 0.0 0.0 0.0 0.0 0.0 0.0 0.0 0.0 0.0 0.0 0.0 0.0 0.0 0.0 0.0 0.0 0.0 0.0 1.0 0.0 0.0 0.0 0.0 0.0 0.0 0.0 0.0 0.0 0.0 0.0 0.0 0.0 0.0 0.0 0.0 0.0 0.0 0.0 0.0 0.0 0.0 0.0 0.0 0.0 0.0 0.0 0.0 0.0 0.0 0.0 0.0 0.0
-7.94094 -38.95293 -72.38856 -94.94003 -113.30727 -126.54104 -137.2938 -122.87691 -99.81128 -76.38516 2 2 2 0 0 0 1 0 1 0 0 0 0 0 0 0 0 0 0 1 0 1 0 2 3 1 0 2 0 0 1 1 0 0 1 0 1 0 0 0 0 1 0 0 0 0 1 0 0 0 0 1 0 0 0 1 0 1 0 3 2 3 3 3 3 0.429 0 0 0 1 0 2 4 3 1 11 0 2 8 5.0 0.833333333333 6.0 2.0 0.4 5.0 0.0 0.0 0.0 0.0 0.0 0.0 0.0 0.0 0.0 1.0 0.0 0.0 0.0 0.0 0.0 0.0 0.0 0.0 0.0 0.0 0.0 0.0 0.0 0.0 0.0 0.0 0.0 0.0 0.0 0.0 0.0 0.0 0.0 0.0 0.0 0.0 0.0 0.0 0.0 0.0 0.0 0.0 0.0 0.0 0.0 0.0 0.0 0.0 0.0 0.0 0.0 0.0 0.0 0.0 0.0 0.0 0.0 0.0 0.0 0.0
-25.99022 13.7425 57.1205 96.8795 144.42749 205.49949 219.45106 183.01129 101.93402 20.29752 2 2 2 0 0 0 0 1 0 0 0 0 1 0 0 0 0 0 1 0 0 1 0 1 4 1 0 1 1 0 1 0 1 0 1 0 1 0 0 0 0 1 0 0 0 0 0 0 0 1 0 1 0 0 1 0 0 1 0 4 1 4 2 4 2 0.571 0 0 0 0 1 338 1 4 0 12 0 6 27 5.0 0.833333333333 6.0 3.0 0.6 5.0 1.0 0.0 0.0 0.0 0.0 0.0 1.0 0.0 0.0 0.0 0.0 0.0 0.0 0.0 0.0 0.0 0.0 1.0 0.0 0.0 0.0 0.0 0.0 0.0 0.0 0.0 0.0 0.0 0.0 0.0 0.0 0.0 0.0 0.0 0.0 0.0 0.0 0.0 0.0 0.0 0.0 0.0 0.0 0.0 0.0 0.0 0.0 0.0 0.0 0.0 0.0 0.0 0.0 0.0 0.0 0.0 0.0 0.0 0.0 0.0
-14.58502 -26.62225 -35.67617 -41.09383 -46.16323 -59.92377 -87.78123 -130.95362 -185.3151 -209.19229 2 2 0 0 0 0 1 0 0 0 0 0 0 1 0 1 0 0 0 0 0 1 0 0 5 1 0 0 2 0 1 0 1 0 1 0 0 0 0 1 0 1 0 0 0 1 0 0 0 0 0 1 0 0 1 0 1 0 0 5 0 5 1 5 1 0.714 0 0 0 1 0 229 1 4 0 12 1 4 4 5.0 0.833333333333 6.0 4.0 0.8 5.0 1.0 0.0 0.0 0.0 0.0 0.0 1.0 0.0 0.0 0.0 0.0 0.0 0.0 0.0 0.0 0.0 0.0 1.0 0.0 0.0 0.0 0.0 0.0 0.0 0.0 0.0 0.0 0.0 0.0 0.0 0.0 0.0 0.0 0.0 0.0 0.0 0.0 0.0 0.0 0.0 0.0 0.0 0.0 0.0 0.0 0.0 0.0 0.0 0.0 0.0 0.0 0.0 0.0 0.0 0.0 0.0 0.0 0.0 0.0 0.0
