41.301 43.165 44.295 70.696 78.113 94.117 95.24 92.916 90.119 72.738 2 0 2 0 0 0 0 1 0 1 0 0 0 0 0 0 0 0 0 1 0 0 4 14 0 0 4 2 0 0 1 0 1 0 1 0 1 0 0 0 1 0 0 0 0 0 1 0 0 0 0 1 0 1 0 0 0 1 0 0 14 0 15 1 15 0.059 0 0 0 0 1 5 11 0 10 0 0 17 2 0.0 0.0 1.0 0.0 0.0 15.0 0.0 0.0 0.0 0.0 0.0 0.0 0.0 0.0 0.0 0.0 0.0 0.0 0.0 0.0 0.0 0.0 0.0 0.0 0.0 0.0 0.0 0.0 0.0 0.0 0.0 0.0 0.0 0.0 0.0 0.0 0.0 1.0 0.0 0.0 0.0 0.0 0.0 0.0 0.0 0.0 0.0 0.0 0.0 0.0 0.0 0.0 0.0 0.0 0.0 0.0 0.0 0.0 0.0 0.0 0.0 0.0 0.0 0.0 0.0 0.0
43.372 28.083 11.017 1.144 -9.531 -8.549 -10.915 -14.088 -5.53 2.599 2 2 2 0 0 0 0 1 0 0 0 0 0 1 0 0 0 0 1 0 0 0 4 13 1 0 4 1 1 0 1 0 1 0 1 0 1 0 0 0 0 1 0 0 0 0 1 0 0 0 0 1 0 0 1 0 0 1 0 1 13 1 14 2 14 0.118 0 0 0 0 1 25 10 11 5 1 0 16 8 0.0 0.0 1.0 1.0 0.0666666666667 15.0 0.0 0.0 0.0 0.0 0.0 0.0 0.0 0.0 0.0 0.0 0.0 0.0 0.0 0.0 0.0 0.0 0.0 0.0 0.0 0.0 0.0 0.0 0.0 0.0 0.0 0.0 0.0 0.0 0.0 0.0 0.0 0.0 0.0 1.0 0.0 0.0 0.0 0.0 0.0 0.0 0.0 0.0 0.0 0.0 0.0 0.0 0.0 0.0 0.0 0.0 0.0 0.0 0.0 0.0 0.0 0.0 0.0 0.0 0.0 0.0
7.953 16.996 15.979 1.978 2.728 4.534 8.687 14.053 14.076 9.418 2 2 2 0 0 0 1 0 0 0 0 0 0 1 1 0 0 0 0 0 0 0 4 12 2 0 4 0 2 0 1 0 1 1 0 0 1 0 0 0 0 1 0 0 0 0 1 0 0 0 0 1 0 0 1 0 0 0 1 2 12 2 13 3 13 0.176 0 0 0 1 0 20 10 11 5 1 1 4 8 0.0 0.0 1.0 2.0 0.133333333333 15.0 0.0 0.0 0.0 0.0 0.0 0.0 0.0 0.0 0.0 0.0 0.0 0.0 0.0 0.0 0.0 0.0 0.0 0.0 0.0 0.0 0.0 0.0 0.0 0.0 0.0 0.0 0.0 0.0 0.0 0.0 0.0 0.0 0.0 1.0 0.0 0.0 0.0 0.0 0.0 0.0 0.0 0.0 0.0 0.0 0.0 0.0 0.0 0.0 0.0 0.0 0.0 0.0 0.0 0.0 0.0 0.0 0.0 0.0 0.0 0.0
1.248 -7.839 -1.284 10.771 18.32 17.189 12.353 13.301 9.646 10.034 2 2 2 1 0 0 0 0 0 0 0 0 1 0 1 0 0 0 0 0 0 0 3 11 3 0 3 0 3 1 0 0 1 1 0 0 1 0 0 0 0 1 0 0 0 0 1 0 0 0 0 0 1 0 1 0 0 0 1 3 11 3 12 4 12 0.235 1 0 0 0 0 322 5 10 1 2 0 1 1 0.0 0.0 1.0 3.0 0.2 15.0 0.0 0.0 0.0 0.0 0.0 0.0 0.0 0.0 0.0 0.0 0.0 0.0 0.0 0.0 0.0 0.0 0.0 0.0 0.0 0.0 0.0 0.0 0.0 0.0 0.0 0.0 0.0 0.0 0.0 0.0 0.0 0.0 0.0 0.0 0.0 0.0 0.0 0.0 0.0 0.0 0.0 0.0 0.0 0.0 0.0 0.0 0.0 0.0 0.0 0.0 0.0 0.0 0.0 0.0 0.0 0.0 0.0 0.0 0.0 0.0
13.697 10.495 0.717 -4.722 -16.377 -15.901 -6.327 -8.107 -6.926 -17.988 2 2 2 1 0 0 0 0 1 0 0 0 0 0 0 0 0 0 0 1 0 1 2 10 4 1 2 1 0 1 0 1 0 0 1 0 1 0 0 0 0 1 0 0 0 0 1 0 0 0 0 0 1 0 0 1 0 1 0 4 10 4 11 5 11 0.294 1 0 0 0 0 157 1 5 3 3 0 13 8 0.0 0.0 1.0 4.0 0.266666666667 15.0 0.0 0.0 0.0 0.0 0.0 0.0 0.0 0.0 0.0 0.0 0.0 1.0 0.0 0.0 0.0 0.0 0.0 0.0 0.0 0.0 0.0 0.0 0.0 0.0 0.0 0.0 0.0 0.0 0.0 0.0 0.0 0.0 0.0 0.0 0.0 0.0 0.0 0.0 0.0 0.0 0.0 0.0 0.0 0.0 0.0 0.0 0.0 0.0 0.0 0.0 0.0 0.0 0.0 0.0 0.0 0.0 0.0 0.0 0.0 0.0
-69.82 -47.221 -28.127 -32.663 -28.832 -14.957 2.154 18.083 21.565 25.846 2 2 2 0 0 0 0 1 1 0 0 0 0 0 1 0 0 0 0 0 0 2 2 9 5 2 2 0 0 0 1 1 0 1 0 0 1 0 0 0 0 1 0 0 0 0 1 0 0 0 0 1 0 0 0 1 0 0 1 5 9 5 10 6 10 0.353 0 0 0 0 1 150 1 5 3 3 1 2 3 0.0 0.0 1.0 5.0 0.333333333333 15.0 0.0 0.0 0.0 0.0 0.0 0.0 0.0 0.0 0.0 0.0 0.0 1.0 0.0 0.0 0.0 0.0 0.0 0.0 0.0 0.0 0.0 0.0 0.0 0.0 0.0 0.0 0.0 0.0 0.0 0.0 0.0 0.0 0.0 0.0 0.0 0.0 0.0 0.0 0.0 0.0 0.0 0.0 0.0 0.0 0.0 0.0 0.0 0.0 0.0 0.0 0.0 0.0 0.0 0.0 0.0 0.0 0.0 0.0 0.0 0.0
3.834 -9.442 -6.735 0.829 14.056 15.014 20.23 23.433 18.069 14.043 2 2 2 1 0 0 0 0 0 0 0 0 0 1 0 0 0 1 0 0 0 2 1 8 6 2 1 3 1 1 0 0 1 0 1 0 1 0 0 0 0 1 0 0 0 0 1 0 0 0 0 0 1 0 1 0 0 1 0 6 8 6 9 7 9 0.412 1 0 0 0 0 64 3 1 1 4 0 4 3 0.0 0.0 1.0 6.0 0.4 15.0 0.0 0.0 0.0 0.0 0.0 0.0 0.0 1.0 0.0 0.0 0.0 0.0 0.0 0.0 0.0 0.0 0.0 0.0 0.0 0.0 0.0 0.0 0.0 0.0 0.0 0.0 0.0 0.0 0.0 0.0 0.0 0.0 0.0 0.0 0.0 0.0 0.0 0.0 0.0 0.0 0.0 0.0 0.0 0.0 0.0 0.0 0.0 0.0 0.0 0.0 0.0 0.0 0.0 0.0 0.0 0.0 0.0 0.0 0.0 0.0
7.895 10.027 7.036 10.033 15.95 18.402 18.692 10.904 -0.483 -0.921 2 2 2 0 0 1 0 0 1 0 0 0 0 0 0 0 1 0 0 0 0 3 1 7 7 3 1 2 0 0 1 1 0 0 1 0 1 0 0 0 0 1 0 0 0 0 1 0 0 0 0 1 0 0 0 1 0 1 0 7 7 7 8 8 8 0.471 0 0 1 0 0 56 1 3 4 5 0 11 29 0.0 0.0 1.0 7.0 0.466666666667 15.0 0.0 0.0 0.0 0.0 0.0 0.0 1.0 0.0 0.0 0.0 1.0 0.0 0.0 0.0 0.0 0.0 0.0 0.0 0.0 0.0 0.0 0.0 0.0 0.0 0.0 0.0 0.0 0.0 0.0 1.0 1.0 0.0 1.0 0.0 0.0 0.0 0.0 0.0 0.0 0.0 0.0 0.0 0.0 0.0 0.0 0.0 0.0 0.0 0.0 0.0 0.0 0.0 0.0 0.0 0.0 0.0 0.0 0.0 0.0 0.0
-2.699 9.849 14.045 10.113 -3.188 -8.508 -6.878 15.291 18.005 17.406 2 2 2 0 1 0 0 0 0 0 0 1 0 0 0 0 0 0 1 0 0 3 1 6 8 3 1 1 1 0 1 0 1 0 1 0 1 0 0 0 0 1 0 0 0 0 1 0 0 0 0 1 0 0 1 0 0 1 0 8 6 8 7 9 7 0.529 0 1 0 0 0 305 1 3 4 5 1 16 34 0.0 0.0 1.0 8.0 0.533333333333 15.0 0.0 0.0 0.0 0.0 0.0 0.0 1.0 0.0 0.0 0.0 1.0 0.0 0.0 0.0 0.0 0.0 0.0 0.0 0.0 0.0 0.0 0.0 0.0 0.0 0.0 0.0 0.0 0.0 0.0 1.0 1.0 0.0 1.0 0.0 0.0 0.0 0.0 0.0 0.0 0.0 0.0 0.0 0.0 0.0 0.0 0.0 0.0 0.0 0.0 0.0 0.0 0.0 0.0 0.0 0.0 0.0 0.0 0.0 0.0 0.0
12.398 1.384 -4.799 -11.784 -11.01 -9.808 -6.95 -1.546 -2.498 -4.586 2 2 2 0 0 0 1 0 0 0 1 0 0 0 1 0 0 0 0 0 0 3 1 5 9 3 1 0 2 0 1 0 1 1 0 0 1 0 0 0 0 1 0 0 0 0 1 0 0 0 0 1 0 0 1 0 0 0 1 9 5 9 6 10 6 0.588 0 0 0 1 0 2 4 1 1 6 0 2 8 0.0 0.0 1.0 9.0 0.6 15.0 0.0 0.0 0.0 0.0 0.0 0.0 0.0 0.0 0.0 0.0 0.0 0.0 0.0 0.0 0.0 0.0 0.0 0.0 0.0 0.0 0.0 0.0 0.0 0.0 0.0 0.0 0.0 0.0 0.0 0.0 0.0 1.0 0.0 0.0 0.0 0.0 0.0 0.0 0.0 0.0 0.0 0.0 0.0 0.0 0.0 0.0 0.0 0.0 0.0 0.0 0.0 0.0 0.0 0.0 0.0 0.0 0.0 0.0 0.0 0.0
11.664 6.475 2.929 -5.033 -3.919 -4.634 -1.581 0.328 6.866 10.853 2 2 2 1 0 0 0 0 0 0 0 0 1 0 0 0 0 0 0 1 0 3 0 4 10 3 0 4 3 1 0 0 1 0 1 0 1 0 0 0 0 1 0 0 0 0 1 0 0 0 0 0 1 0 1 0 0 1 0 10 4 10 5 11 5 0.647 1 0 0 0 0 630 1 4 12 7 0 5 18 0.0 0.0 1.0 10.0 0.666666666667 15.0 0.0 0.0 0.0 0.0 0.0 0.0 0.0 0.0 0.0 0.0 0.0 0.0 0.0 0.0 0.0 0.0 0.0 0.0 0.0 0.0 0.0 0.0 0.0 0.0 0.0 0.0 0.0 0.0 1.0 1.0 1.0 0.0 0.0 0.0 0.0 0.0 0.0 0.0 0.0 0.0 0.0 0.0 0.0 0.0 0.0 0.0 0.0 0.0 0.0 0.0 0.0 0.0 0.0 0.0 0.0 0.0 0.0 0.0 0.0 0.0
13.181 9.269 -1.4 1.324 -0.047 -0.337 -12.41 -12.7 -13.321 -1.778 2 2 2 0 0 0 0 1 1 0 0 0 0 0 0 0 0 0 0 1 0 4 0 3 11 4 0 3 0 0 1 1 0 0 1 0 1 0 0 0 0 1 0 0 0 0 1 0 0 0 0 1 0 0 0 1 0 1 0 11 3 11 4 12 4 0.706 0 0 0 0 1 150 1 4 12 7 1 2 3 0.0 0.0 1.0 11.0 0.733333333333 15.0 0.0 0.0 0.0 0.0 0.0 0.0 0.0 0.0 0.0 0.0 0.0 0.0 0.0 0.0 0.0 0.0 0.0 0.0 0.0 0.0 0.0 0.0 0.0 0.0 0.0 0.0 0.0 0.0 1.0 1.0 1.0 0.0 0.0 0.0 0.0 0.0 0.0 0.0 0.0 0.0 0.0 0.0 0.0 0.0 0.0 0.0 0.0 0.0 0.0 0.0 0.0 0.0 0.0 0.0 0.0 0.0 0.0 0.0 0.0 0.0
9.455 3.884 0.666 -6.745 -14.762 -27.325 -22.683 -12.427 -2.564 4.736 2 2 2 0 0 0 0 1 0 0 0 0 0 1 0 0 0 1 0 0 0 4 0 2 12 4 0 2 1 0 1 0 1 0 1 0 1 0 0 0 0 1 0 0 0 0 1 0 0 0 0 1 0 0 1 0 0 1 0 12 2 12 3 13 3 0.765 0 0 0 0 1 15 12 1 7 8 0 11 5 0.0 0.0 1.0 12.0 0.8 15.0 0.0 0.0 0.0 0.0 0.0 0.0 0.0 0.0 0.0 0.0 0.0 0.0 0.0 0.0 0.0 0.0 0.0 0.0 0.0 0.0 0.0 0.0 0.0 0.0 0.0 0.0 0.0 0.0 0.0 0.0 0.0 1.0 0.0 0.0 0.0 0.0 0.0 0.0 0.0 0.0 0.0 0.0 0.0 0.0 0.0 0.0 0.0 0.0 0.0 0.0 0.0 0.0 0.0 0.0 0.0 0.0 0.0 0.0 0.0 0.0
11.478 15.668 8.434 6.998 2.08 3.049 3.35 0.055 -8.982 20.986 2 2 2 0 0 1 0 0 0 0 0 0 0 1 0 0 1 0 0 0 0 4 0 1 13 4 0 1 2 0 1 0 1 0 1 0 1 0 0 0 0 1 0 0 0 0 0 0 0 1 0 1 0 0 1 0 0 1 0 13 1 13 2 14 2 0.824 0 0 1 0 0 37 7 12 0 9 0 15 21 0.0 0.0 1.0 13.0 0.866666666667 15.0 1.0 1.0 0.0 0.0 0.0 0.0 0.0 0.0 0.0 0.0 0.0 0.0 0.0 0.0 0.0 0.0 0.0 0.0 0.0 0.0 0.0 0.0 0.0 0.0 0.0 0.0 0.0 0.0 1.0 0.0 0.0 0.0 0.0 0.0 0.0 0.0 0.0 0.0 0.0 0.0 0.0 0.0 0.0 0.0 0.0 0.0 0.0 0.0 0.0 0.0 0.0 0.0 0.0 0.0 0.0 0.0 0.0 0.0 0.0 0.0
33.987 26.932 13.125 7.561 10.719 21.331 25.808 29.747 8.656 -3.915 2 2 0 0 1 0 0 0 0 0 0 1 0 0 0 1 0 0 0 0 0 4 0 0 14 4 0 0 3 0 1 0 1 0 1 0 0 0 0 1 0 1 0 0 0 1 0 0 0 0 0 1 0 0 1 0 1 0 0 14 0 14 1 15 1 0.882 0 1 0 0 0 1672 7 12 0 9 1 11 13 0.0 0.0 1.0 14.0 0.933333333333 15.0 1.0 1.0 0.0 0.0 0.0 0.0 0.0 0.0 0.0 0.0 0.0 0.0 0.0 0.0 0.0 0.0 0.0 0.0 0.0 0.0 0.0 0.0 0.0 0.0 0.0 0.0 0.0 0.0 1.0 0.0 0.0 0.0 0.0 0.0 0.0 0.0 0.0 0.0 0.0 0.0 0.0 0.0 0.0 0.0 0.0 0.0 0.0 0.0 0.0 0.0 0.0 0.0 0.0 0.0 0.0 0.0 0.0 0.0 0.0 0.0
