22.44 22.424 21.274 7.028 -22.321 -30.717 -21.812 -0.062 20.548 21.65 2 0 2 0 0 1 0 0 0 1 0 0 0 0 0 0 1 0 0 0 0 0 2 12 0 0 2 5 0 0 1 0 1 0 1 0 130 0 0 0 1 0 0 0 1 0 0 0 0 0 1 0 0 0 0 1 0 1 0 0 0 1 0 0 12 0 13 1 8 0.1 0 0 1 0 0 271 8
15.862 16.892 -16.675 -49.164 -65.664 -72.58 -78.261 -78.729 -69.937 -41.453 2 2 2 0 1 0 0 0 0 0 0 1 0 0 0 0 0 0 0 1 0 0 2 11 1 0 2 4 1 0 1 0 1 0 1 0 0 0 0 0 1 0 0 0 0 1 0 0 0 0 1 0 0 0 0 1 0 0 1 0 0 1 0 1 11 1 12 2 7 0.2 0 1 0 0 0 258 8
-22.204 26.355 92.418 128.009 125.26 106.467 70.455 27.645 2.387 -2.608 2 2 2 0 0 0 0 1 0 0 1 0 0 0 0 0 0 0 0 1 0 0 2 10 2 0 2 3 2 0 1 0 1 0 1 0 0 0 0 0 1 0 0 0 0 1 0 0 0 0 1 0 0 0 0 1 0 0 1 0 0 1 0 2 10 2 11 3 6 0.3 0 0 0 0 1 432 5
-7.11 8.566 32.136 53.656 56.312 30.224 -3.712 -29.587 -37.99 -34.443 2 2 2 0 0 0 0 1 0 0 0 0 0 1 0 0 1 0 0 0 0 0 2 9 3 0 2 2 3 0 1 0 1 0 1 0 0 0 0 0 1 0 0 0 0 1 0 0 0 0 1 0 0 0 0 1 0 0 1 0 0 1 0 3 9 3 10 4 5 0.4 0 0 0 0 1 1272 5
-31.844 -22.185 -9.877 -11.903 -26.776 -48.808 -61.565 -82.049 -87.696 -72.5 2 2 2 0 1 0 0 0 0 0 0 0 0 1 0 0 0 0 0 1 0 0 2 8 4 0 2 1 4 0 1 0 1 0 1 0 0 0 0 0 1 0 0 0 0 1 0 0 0 0 1 0 0 0 0 1 0 0 1 0 0 1 0 4 8 4 9 5 4 0.5 0 1 0 0 0 847 5
-44.707 -23.764 -1.409 20.852 46.312 53.816 28.297 -5.96 -27.619 -32.259 2 2 2 0 0 0 0 1 0 0 1 0 0 0 1 0 0 0 0 0 0 0 2 7 5 0 2 0 5 0 1 0 1 1 0 126.034 0 0 126.034 0 1 0 0 0 0 1 0 0 0 0 1 0 0 0 0 1 0 0 1 0 0 0 1 5 7 5 8 6 3 0.6 0 0 0 0 1 693 5
-35.798 -12.732 21.312 54.47 73.266 75.103 73.994 73.719 76.366 77.843 2 2 2 1 0 0 0 0 0 0 0 0 0 1 0 0 0 0 0 1 0 0 1 6 6 0 1 2 6 1 0 0 1 0 1 129.034 126.034 126.034 129.034 0 1 0 0 0 0 1 0 0 0 0 1 0 0 0 0 0 1 0 1 0 0 1 0 6 6 6 7 7 2 0.7 1 0 0 0 0 267 5
64.517 50.62 36.779 -0.059 -30.753 -61.018 -78.194 -89.335 -133.204 -150.238 2 2 2 0 0 0 0 1 1 0 0 0 0 0 0 0 0 0 0 1 0 1 1 5 7 1 1 1 0 0 1 1 0 0 1 0 129.034 129.034 0 0 1 0 0 0 0 1 0 0 0 0 1 0 0 0 0 1 0 0 0 1 0 1 0 7 5 7 6 8 1 0.8 0 0 0 0 1 812 5
-21.585 14.358 34.675 41.801 38.004 15.538 -14.095 -35.168 -42.936 -46.414 2 2 2 0 0 0 0 1 0 0 0 0 0 1 1 0 0 0 0 0 0 1 1 4 8 1 1 0 1 0 1 0 1 1 0 121.897 0 0 121.897 0 1 0 0 0 0 1 0 0 0 0 1 0 0 0 0 1 0 0 1 0 0 0 1 8 4 8 5 1 5 0.143 0 0 0 0 1 317 5
-47.845 -33.11 -11.404 9.817 37.32 42.11 44.05 49.777 57.197 56.651 2 2 2 1 0 0 0 0 0 0 0 0 0 1 0 0 0 0 0 1 0 1 0 3 9 1 0 3 2 1 0 0 1 0 1 124.897 121.897 121.897 124.897 0 1 0 0 0 0 1 0 0 0 0 1 0 0 0 0 0 1 0 1 0 0 1 0 9 3 9 4 2 4 0.286 1 0 0 0 0 129 5
51.168 49.799 48.095 46.614 43.098 20.023 -20.143 -72.43 -91.937 -90.055 2 2 2 0 0 0 0 1 1 0 0 0 0 0 0 0 0 0 0 1 0 2 0 2 10 2 0 2 0 0 1 1 0 0 1 0 124.897 124.897 0 0 1 0 0 0 0 1 0 0 0 0 1 0 0 0 0 1 0 0 0 1 0 1 0 10 2 10 3 3 3 0.429 0 0 0 0 1 583 5
-65.423 -41.862 -16.736 8.355 26.878 29.831 14.603 -23.326 -55.821 -70.589 2 2 2 0 0 0 0 1 0 0 0 0 0 1 0 0 0 0 0 1 0 2 0 1 11 2 0 1 1 0 1 0 1 0 1 0 0 0 0 0 1 0 0 0 0 1 0 0 0 0 0 0 1 0 0 1 0 0 1 0 0 1 0 11 1 11 2 4 2 0.571 0 0 0 0 1 583 5
-64.506 -24.798 2.746 13.564 0.421 -25.249 5.718 118.65 85.648 40.932 2 2 0 0 0 0 0 1 0 0 0 0 0 1 0 1 0 0 0 0 0 2 0 0 12 2 0 0 2 0 1 0 1 0 1 110 0 0 0 0 0 0 1 0 0 1 0 0 0 1 0 0 0 0 0 1 0 0 1 0 1 0 0 12 0 12 1 5 1 0.714 0 0 0 0 1 481 5
