8.01504 5.37704 9.56104 3.12204 14.2262 23.74854 29.43647 42.73269 45.35086 46.00639 2 0 2 0 0 0 0 1 0 1 0 0 0 0 0 0 0 1 0 0 0 0 1 10 0 0 1 5 0 0 1 0 1 0 1 0 1 0 0 0 1 0 0 0 0 0 1 0 0 0 0 1 0 1 0 0 0 1 0 0 10 0 11 1 3 0.2 0 0 0 0 1 15 7 0 9 0 0 11 5 0.0 0.0 2.0 0.0 0.0 3.0 0.0 0.0 0.0 0.0 0.0 0.0 0.0 0.0 0.0 0.0 0.0 0.0 0.0 0.0 0.0 0.0 0.0 0.0 0.0 1.0 0.0 0.0 0.0 0.0 0.0 0.0 0.0 0.0 0.0 0.0 0.0 0.0 0.0 0.0 0.0 0.0 0.0 0.0 0.0 0.0 0.0 0.0 0.0 0.0 0.0 0.0 0.0 0.0 0.0 0.0 0.0 0.0 0.0 0.0 0.0 0.0 0.0 0.0 0.0 0.0
34.16772 14.13429 -7.28004 -31.56781 -35.22602 -36.51864 -41.3444 -45.65985 -47.61335 -56.17326 2 2 2 0 0 1 0 0 0 0 0 0 0 1 0 0 1 0 0 0 0 0 1 9 1 0 1 4 1 0 1 0 1 0 1 0 1 0 0 0 0 1 0 0 0 0 1 0 0 0 0 1 0 0 1 0 0 1 0 1 9 1 10 2 2 0.4 0 0 1 0 0 256 7 0 9 0 1 22 5 0.0 0.0 2.0 1.0 0.333333333333 3.0 0.0 0.0 0.0 0.0 0.0 0.0 0.0 0.0 0.0 0.0 0.0 0.0 0.0 0.0 0.0 0.0 0.0 0.0 0.0 1.0 0.0 0.0 0.0 0.0 0.0 0.0 0.0 0.0 0.0 0.0 0.0 0.0 0.0 0.0 0.0 0.0 0.0 0.0 0.0 0.0 0.0 0.0 0.0 0.0 0.0 0.0 0.0 0.0 0.0 0.0 0.0 0.0 0.0 0.0 0.0 0.0 0.0 0.0 0.0 0.0
-62.86963 -53.68412 -31.30452 -8.21313 6.60269 9.30333 4.34918 2.74079 9.62373 16.05068 2 2 2 0 1 0 0 0 0 0 0 1 0 0 0 0 0 1 0 0 0 0 1 8 2 0 1 3 2 0 1 0 1 0 1 0 1 0 0 0 0 1 0 0 0 0 1 0 0 0 0 1 0 0 1 0 0 1 0 2 8 2 9 3 1 0.6 0 1 0 0 0 193 9 7 7 1 0 23 13 0.0 0.0 2.0 2.0 0.666666666667 3.0 0.0 0.0 0.0 0.0 0.0 0.0 0.0 0.0 0.0 0.0 0.0 0.0 0.0 0.0 0.0 0.0 0.0 0.0 0.0 0.0 0.0 0.0 0.0 0.0 0.0 0.0 0.0 1.0 0.0 0.0 0.0 0.0 0.0 0.0 0.0 0.0 0.0 0.0 0.0 0.0 0.0 0.0 0.0 0.0 0.0 0.0 0.0 0.0 0.0 0.0 0.0 0.0 0.0 0.0 0.0 0.0 0.0 0.0 0.0 0.0
13.41603 10.966 13.365 12.873 13.78372 -4.01457 -5.95271 0.91267 -3.51643 -9.58866 2 2 2 0 0 1 0 0 0 0 1 0 0 0 0 0 0 1 0 0 0 0 1 7 3 0 1 2 3 0 1 0 1 0 1 0 1 0 0 0 0 1 0 0 0 0 1 0 0 0 0 1 0 0 1 0 0 1 0 3 7 3 8 1 8 0.1 0 0 1 0 0 34 7 9 3 2 0 13 11 1.0 0.5 2.0 0.0 0.0 8.0 0.0 1.0 0.0 0.0 0.0 0.0 0.0 0.0 0.0 0.0 0.0 0.0 0.0 0.0 0.0 0.0 1.0 0.0 1.0 0.0 0.0 0.0 0.0 0.0 0.0 0.0 1.0 0.0 0.0 0.0 0.0 0.0 0.0 0.0 0.0 0.0 0.0 0.0 0.0 0.0 0.0 0.0 0.0 0.0 0.0 0.0 0.0 0.0 0.0 0.0 0.0 0.0 0.0 0.0 0.0 0.0 0.0 0.0 0.0 0.0
-17.83537 -16.93358 -12.61649 -13.93666 -5.45772 1.88215 -0.60561 -7.44735 -19.56171 -24.78619 2 2 2 0 0 1 0 0 0 0 0 1 0 0 0 0 1 0 0 0 0 0 1 6 4 0 1 1 4 0 1 0 1 0 1 0 1 0 0 0 0 1 0 0 0 0 1 0 0 0 0 1 0 0 1 0 0 1 0 4 6 4 7 2 7 0.2 0 0 1 0 0 17 7 9 3 2 1 22 9 1.0 0.5 2.0 1.0 0.125 8.0 0.0 1.0 0.0 0.0 0.0 0.0 0.0 0.0 0.0 0.0 0.0 0.0 0.0 0.0 0.0 0.0 1.0 0.0 1.0 0.0 0.0 0.0 0.0 0.0 0.0 0.0 1.0 0.0 0.0 0.0 0.0 0.0 0.0 0.0 0.0 0.0 0.0 0.0 0.0 0.0 0.0 0.0 0.0 0.0 0.0 0.0 0.0 0.0 0.0 0.0 0.0 0.0 0.0 0.0 0.0 0.0 0.0 0.0 0.0 0.0
-32.64909 -31.5797 -25.70323 -15.20062 -2.58304 17.9592 26.4574 1.55374 -22.29325 -2.76667 2 2 2 0 1 0 0 0 0 0 0 1 0 0 1 0 0 0 0 0 0 0 1 5 5 0 1 0 5 0 1 0 1 1 0 0 1 0 0 0 0 1 0 0 0 0 1 0 0 0 0 1 0 0 1 0 0 0 1 5 5 5 6 3 6 0.3 0 1 0 0 0 751 3 7 1 3 0 7 24 1.0 0.5 2.0 2.0 0.25 8.0 0.0 0.0 0.0 0.0 0.0 0.0 0.0 1.0 0.0 0.0 0.0 0.0 0.0 0.0 0.0 0.0 0.0 0.0 0.0 0.0 0.0 0.0 0.0 0.0 0.0 0.0 0.0 0.0 0.0 0.0 0.0 0.0 0.0 0.0 0.0 0.0 0.0 0.0 0.0 0.0 0.0 0.0 0.0 0.0 0.0 0.0 0.0 0.0 0.0 0.0 0.0 0.0 0.0 0.0 0.0 0.0 0.0 0.0 0.0 0.0
-3.48582 7.23964 2.91001 3.63839 0.61327 10.28969 20.36974 28.93072 30.77711 30.24206 2 2 2 1 0 0 0 0 0 0 1 0 0 0 0 0 0 1 0 0 0 0 0 4 6 0 0 4 6 1 0 0 1 0 1 0 1 0 0 0 0 1 0 0 0 0 1 0 0 0 0 0 1 0 1 0 0 1 0 6 4 6 5 4 5 0.4 1 0 0 0 0 174 3 7 1 3 1 3 35 1.0 0.5 2.0 3.0 0.375 8.0 0.0 0.0 0.0 0.0 0.0 0.0 0.0 1.0 0.0 0.0 0.0 0.0 0.0 0.0 0.0 0.0 0.0 0.0 0.0 0.0 0.0 0.0 0.0 0.0 0.0 0.0 0.0 0.0 0.0 0.0 0.0 0.0 0.0 0.0 0.0 0.0 0.0 0.0 0.0 0.0 0.0 0.0 0.0 0.0 0.0 0.0 0.0 0.0 0.0 0.0 0.0 0.0 0.0 0.0 0.0 0.0 0.0 0.0 0.0 0.0
42.74057 43.52525 52.51241 54.56116 42.15509 28.35489 9.86279 -6.04004 -23.77958 -29.32802 2 2 2 0 0 1 0 0 1 0 0 0 0 0 0 0 0 0 1 0 0 1 0 3 7 1 0 3 0 0 1 1 0 0 1 0 1 0 0 0 0 1 0 0 0 0 1 0 0 0 0 1 0 0 0 1 0 1 0 7 3 7 4 5 4 0.5 0 0 1 0 0 6 1 3 4 4 0 21 10 1.0 0.5 2.0 4.0 0.5 8.0 0.0 0.0 0.0 0.0 0.0 0.0 1.0 0.0 0.0 0.0 0.0 0.0 0.0 0.0 0.0 0.0 0.0 0.0 0.0 0.0 0.0 0.0 0.0 0.0 0.0 0.0 0.0 0.0 0.0 1.0 1.0 0.0 0.0 0.0 0.0 0.0 0.0 0.0 0.0 0.0 0.0 0.0 0.0 0.0 0.0 0.0 0.0 0.0 0.0 0.0 0.0 0.0 0.0 0.0 0.0 0.0 0.0 0.0 0.0 0.0
-41.23536 -51.00491 -54.69979 -58.02313 -50.38722 -45.83038 -41.522 -37.627 -31.889 -27.96194 2 2 2 0 0 0 1 0 0 0 0 1 0 0 0 0 0 0 0 1 0 1 0 2 8 1 0 2 1 0 1 0 1 0 1 0 1 0 0 0 0 1 0 0 0 0 1 0 0 0 0 1 0 0 1 0 0 1 0 8 2 8 3 6 3 0.6 0 0 0 1 0 2 4 1 1 5 0 2 8 1.0 0.5 2.0 5.0 0.625 8.0 0.0 0.0 0.0 0.0 0.0 0.0 0.0 0.0 0.0 0.0 0.0 0.0 0.0 0.0 0.0 0.0 0.0 0.0 0.0 0.0 0.0 0.0 0.0 0.0 0.0 0.0 0.0 0.0 0.0 0.0 0.0 1.0 0.0 0.0 0.0 0.0 0.0 0.0 0.0 0.0 0.0 0.0 0.0 0.0 0.0 0.0 0.0 0.0 0.0 0.0 0.0 0.0 0.0 0.0 0.0 0.0 0.0 0.0 0.0 0.0
-22.21412 -21.6701 -28.8132 -44.07821 -44.60429 -54.83956 -47.85612 -34.85799 -38.61095 -29.15997 2 2 2 0 0 0 0 1 0 0 0 0 1 0 0 0 0 0 0 1 0 1 0 1 9 1 0 1 2 0 1 0 1 0 1 0 1 0 0 0 0 1 0 0 0 0 0 0 0 1 0 1 0 0 1 0 0 1 0 9 1 9 2 7 2 0.7 0 0 0 0 1 318 1 4 0 6 0 20 8 1.0 0.5 2.0 6.0 0.75 8.0 1.0 0.0 0.0 0.0 0.0 0.0 0.0 0.0 0.0 0.0 0.0 0.0 0.0 0.0 0.0 0.0 0.0 1.0 0.0 0.0 0.0 0.0 0.0 0.0 0.0 0.0 0.0 0.0 1.0 0.0 0.0 0.0 0.0 0.0 0.0 0.0 0.0 0.0 0.0 0.0 0.0 0.0 0.0 0.0 0.0 0.0 0.0 0.0 0.0 0.0 0.0 0.0 0.0 0.0 0.0 0.0 0.0 0.0 0.0 0.0
-26.51279 -24.872 -18.71068 -17.09337 -3.27258 13.34143 13.71613 -20.95928 -45.00951 -49.81596 2 2 0 0 0 0 0 1 0 0 0 0 0 1 0 1 0 0 0 0 0 1 0 0 10 1 0 0 3 0 1 0 1 0 1 0 0 0 0 1 0 1 0 0 0 1 0 0 0 0 0 1 0 0 1 0 1 0 0 10 0 10 1 8 1 0.8 0 0 0 0 1 2514 1 4 0 6 1 8 24 1.0 0.5 2.0 7.0 0.875 8.0 1.0 0.0 0.0 0.0 0.0 0.0 0.0 0.0 0.0 0.0 0.0 0.0 0.0 0.0 0.0 0.0 0.0 1.0 0.0 0.0 0.0 0.0 0.0 0.0 0.0 0.0 0.0 0.0 1.0 0.0 0.0 0.0 0.0 0.0 0.0 0.0 0.0 0.0 0.0 0.0 0.0 0.0 0.0 0.0 0.0 0.0 0.0 0.0 0.0 0.0 0.0 0.0 0.0 0.0 0.0 0.0 0.0 0.0 0.0 0.0
