53.122 52.333 50.854 49.343 44.447 35.517 22.888 11.634 4.638 -8.668 2 0 2 0 0 0 0 1 0 1 0 0 0 0 0 0 0 0 0 1 0 0 2 13 0 0 2 7 0 0 1 0 1 0 1 0 130 0 0 0 1 0 0 0 1 0 0 0 0 0 1 0 0 0 0 1 0 1 0 0 0 1 0 0 13 0 14 1 2 0.25 0 0 0 0 1 76 3
-13.4 -7.252 0.669 11.154 18.949 11.522 -7.066 -26.065 -37.045 -59.344 2 2 2 0 0 0 0 1 0 0 0 0 0 1 0 0 0 1 0 0 0 0 2 12 1 0 2 6 1 0 1 0 1 0 1 0 0 0 0 0 1 0 0 0 0 1 0 0 0 0 1 0 0 0 0 1 0 0 1 0 0 1 0 1 12 1 13 2 1 0.5 0 0 0 0 1 39 3
-56.979 -52.102 -47.536 -42.927 -48.974 -68.571 -64.763 -39.772 -10.474 2.34 2 2 2 0 0 1 0 0 0 0 0 0 0 1 0 0 0 1 0 0 0 0 2 11 2 0 2 5 2 0 1 0 1 0 1 0 0 0 0 0 1 0 0 0 0 1 0 0 0 0 1 0 0 0 0 1 0 0 1 0 0 1 0 2 11 2 12 1 5 0.143 0 0 1 0 0 34 5
6.644 8.242 -3.95 -17.48 -25.567 -24.584 -18.597 -13.655 -8.099 -1.069 2 2 2 0 0 1 0 0 0 0 0 1 0 0 0 0 0 1 0 0 0 0 2 10 3 0 2 4 3 0 1 0 1 0 1 0 0 0 0 0 1 0 0 0 0 1 0 0 0 0 1 0 0 0 0 1 0 0 1 0 0 1 0 3 10 3 11 2 4 0.286 0 0 1 0 0 139 5
4.889 5.147 3.733 6.518 11.645 20.146 40.891 71.564 95.677 103.145 2 2 2 0 0 1 0 0 0 0 0 1 0 0 0 0 1 0 0 0 0 0 2 9 4 0 2 3 4 0 1 0 1 0 1 0 0 0 0 0 1 0 0 0 0 1 0 0 0 0 1 0 0 0 0 1 0 0 1 0 0 1 0 4 9 4 10 3 3 0.429 0 0 1 0 0 211 5
102.09 101.244 92.041 69.947 39.649 10.436 -15.176 -25.131 -26.563 -28.791 2 2 2 0 1 0 0 0 0 0 0 1 0 0 0 0 0 1 0 0 0 0 2 8 5 0 2 2 5 0 1 0 1 0 1 0 0 0 0 0 1 0 0 0 0 1 0 0 0 0 1 0 0 0 0 1 0 0 1 0 0 1 0 5 8 5 9 4 2 0.571 0 1 0 0 0 168 5
-39.945 -42.467 -47.634 -55.231 -55.493 -50.134 -40.245 -28.216 -12.606 -6.139 2 2 2 0 0 1 0 0 0 0 1 0 0 0 0 0 1 0 0 0 0 0 2 7 6 0 2 1 6 0 1 0 1 0 1 0 0 0 0 0 1 0 0 0 0 1 0 0 0 0 1 0 0 0 0 1 0 0 1 0 0 1 0 6 7 6 8 5 1 0.714 0 0 1 0 0 6 5
-0.451 -6.038 -15.375 -25.757 -35.987 -44.157 -48.562 -51.611 -53.535 -51.722 2 2 2 0 1 0 0 0 0 0 0 1 0 0 1 0 0 0 0 0 0 0 2 6 7 0 2 0 7 0 1 0 1 1 0 124.032 0 0 124.032 0 1 0 0 0 0 1 0 0 0 0 1 0 0 0 0 1 0 0 1 0 0 0 1 7 6 7 7 1 7 0.111 0 1 0 0 0 24 14
-43.781 -20.774 5.335 31.583 57.622 73.223 78.822 84.38 87.62 79.888 2 2 2 1 0 0 0 0 0 0 1 0 0 0 0 0 0 0 0 1 0 0 1 5 8 0 1 2 8 1 0 0 1 0 1 127.032 124.032 124.032 127.032 0 1 0 0 0 0 1 0 0 0 0 1 0 0 0 0 0 1 0 1 0 0 1 0 8 5 8 6 2 6 0.222 1 0 0 0 0 87 3
71.714 70.602 69.763 69.128 59.518 13.735 -25.709 -45.672 -57.382 -59.677 2 2 2 0 0 0 0 1 1 0 0 0 0 0 0 0 0 0 0 1 0 1 1 4 9 1 1 1 0 0 1 1 0 0 1 0 127.032 127.032 0 0 1 0 0 0 0 1 0 0 0 0 1 0 0 0 0 1 0 0 0 1 0 1 0 9 4 9 5 3 5 0.333 0 0 0 0 1 356 5
-55.308 -47.048 -38.901 -38.152 -49.064 -68.531 -88.406 -117.245 -145.798 -93.381 2 2 2 0 0 0 0 1 0 0 0 0 0 1 1 0 0 0 0 0 0 1 1 3 10 1 1 0 1 0 1 0 1 1 0 120.161 0 0 120.161 0 1 0 0 0 0 1 0 0 0 0 1 0 0 0 0 1 0 0 1 0 0 0 1 10 3 10 4 4 4 0.444 0 0 0 0 1 672 5
-30.521 -6.802 17.239 41.343 67.245 87.199 96.461 107.313 115.052 110.075 2 2 2 1 0 0 0 0 0 0 0 0 0 1 0 0 1 0 0 0 0 1 0 2 11 1 0 2 2 1 0 0 1 0 1 123.161 120.161 120.161 123.161 0 1 0 0 0 0 1 0 0 0 0 1 0 0 0 0 0 1 0 1 0 0 1 0 11 2 11 3 5 3 0.556 1 0 0 0 0 87 3
89.735 71.003 54.365 37.677 22.206 1.133 -46.377 -66.033 -63.533 -41.817 2 2 2 0 1 0 0 0 1 0 0 0 0 0 0 0 0 0 0 1 0 2 0 1 12 2 0 1 0 0 1 1 0 0 1 0 123.161 123.161 0 0 1 0 0 0 0 1 0 0 0 0 0 0 1 0 0 1 0 0 0 1 0 1 0 12 1 12 2 6 2 0.667 0 1 0 0 0 969 5
-32.305 -11.399 30.172 23.415 3.789 -20.934 -43.529 -42.513 -40.058 -39.854 2 2 0 0 0 0 0 1 0 0 1 0 0 0 0 1 0 0 0 0 0 2 0 0 13 2 0 0 1 0 1 0 1 0 1 110 0 0 0 0 0 0 1 0 0 1 0 0 0 1 0 0 0 0 0 1 0 0 1 0 1 0 0 13 0 13 1 7 1 0.778 0 0 0 0 1 309 5
