6.86365 7.9893 5.63932 7.26349 13.07424 24.24392 26.34852 26.05543 25.27799 19.71429 2 0 2 0 1 0 0 0 0 1 0 0 0 0 1 0 0 0 0 0 0 0 4 14 0 0 4 0 0 0 1 0 1 1 0 0 1 0 0 0 1 0 0 0 0 0 1 0 0 0 0 1 0 1 0 0 0 0 1 0 14 0 15 1 8 0.1 0 1 0 0 0 393 10 0 6 0 0 18 9 7 2 0 0 0.0 0.0 3.0 0.0 0.0 8.0 0.0 0.0 0.0 0.0 0.0 0.0 0.0 0.0 1.0 0.0 0.0 0.0 0.0 0.0 0.0 0.0 0.0 0.0 0.0 0.0 0.0 0.0 0.0 0.0 0.0 0.0 0.0 0.0 0.0 0.0 0.0 0.0 0.0 1.0 0.0 0.0 0.0 0.0 0.0 0.0 0.0 0.0 0.0 0.0 0.0 0.0 0.0 0.0 0.0 0.0 0.0 0.0 0.0 0.0 0.0 0.0 0.0 0.0 0.0 0.0
7.037 -10.65962 -21.21933 -18.36667 -11.45846 5.79872 27.45356 36.41344 37.75055 50.76852 2 2 2 1 0 0 0 0 0 0 1 0 0 0 0 0 1 0 0 0 0 0 3 13 1 0 3 2 1 1 0 0 1 0 1 0 1 0 0 0 0 1 0 0 0 0 1 0 0 0 0 0 1 0 1 0 0 1 0 1 13 1 14 2 7 0.2 1 0 0 0 0 58 6 10 1 1 0 3 16 2 1 4 0 0.0 0.0 3.0 1.0 0.125 8.0 0.0 0.0 0.0 0.0 0.0 0.0 0.0 0.0 0.0 1.0 0.0 0.0 0.0 0.0 0.0 0.0 0.0 0.0 0.0 0.0 0.0 0.0 0.0 0.0 0.0 0.0 0.0 0.0 0.0 0.0 0.0 0.0 0.0 0.0 0.0 0.0 0.0 0.0 0.0 0.0 0.0 0.0 0.0 0.0 0.0 0.0 0.0 0.0 0.0 0.0 0.0 0.0 0.0 0.0 0.0 0.0 0.0 0.0 0.0 0.0
63.20461 67.10942 65.08339 68.62623 82.33118 81.75652 61.70021 40.10468 10.55054 -1.52782 2 2 2 0 1 0 0 0 1 0 0 0 0 0 0 0 0 0 1 0 0 1 3 12 2 1 3 1 0 0 1 1 0 0 1 0 1 0 0 0 0 1 0 0 0 0 1 0 0 0 0 1 0 0 0 1 0 1 0 2 12 2 13 3 6 0.3 0 1 0 0 0 676 1 6 9 2 0 22 4 1 4 0 0 0.0 0.0 3.0 2.0 0.25 8.0 0.0 0.0 0.0 0.0 0.0 0.0 0.0 0.0 0.0 0.0 0.0 0.0 0.0 0.0 0.0 0.0 0.0 0.0 0.0 0.0 0.0 0.0 0.0 0.0 0.0 0.0 0.0 0.0 0.0 0.0 0.0 0.0 1.0 0.0 0.0 0.0 0.0 0.0 0.0 0.0 0.0 0.0 0.0 0.0 0.0 0.0 0.0 0.0 0.0 0.0 0.0 0.0 0.0 0.0 0.0 0.0 0.0 0.0 0.0 0.0
1.95444 19.44803 38.03808 51.97206 28.17697 15.09554 21.49452 15.37147 9.69584 3.09849 2 2 2 0 0 0 1 0 0 0 1 0 0 0 1 0 0 0 0 0 0 1 3 11 3 1 3 0 1 0 1 0 1 1 0 0 1 0 0 0 0 1 0 0 0 0 1 0 0 0 0 1 0 0 1 0 0 0 1 3 11 3 12 4 5 0.4 0 0 0 1 0 15 1 6 9 2 1 11 5 1 4 5 0 0.0 0.0 3.0 3.0 0.375 8.0 0.0 0.0 0.0 0.0 0.0 0.0 0.0 0.0 0.0 0.0 0.0 0.0 0.0 0.0 0.0 0.0 0.0 0.0 0.0 0.0 0.0 0.0 0.0 0.0 0.0 0.0 0.0 0.0 0.0 0.0 0.0 0.0 1.0 0.0 0.0 0.0 0.0 0.0 0.0 0.0 0.0 0.0 0.0 0.0 0.0 0.0 0.0 0.0 0.0 0.0 0.0 0.0 0.0 0.0 0.0 0.0 0.0 0.0 0.0 0.0
-22.58209 -43.37161 -54.25249 -47.77481 -46.15774 -47.94369 -48.07512 -48.95642 -55.90999 -56.62919 2 2 2 1 0 0 0 0 0 0 0 0 1 0 0 0 0 0 0 1 0 1 2 10 4 1 2 3 2 1 0 0 1 0 1 0 1 0 0 0 0 1 0 0 0 0 1 0 0 0 0 0 1 0 1 0 0 1 0 4 10 4 11 5 4 0.5 1 0 0 0 0 86 9 1 7 3 0 2 7 3 6 0 0 0.0 0.0 3.0 4.0 0.5 8.0 0.0 0.0 0.0 0.0 0.0 0.0 0.0 0.0 0.0 0.0 0.0 0.0 0.0 0.0 0.0 0.0 0.0 0.0 0.0 0.0 0.0 0.0 0.0 0.0 0.0 0.0 0.0 1.0 0.0 0.0 0.0 0.0 0.0 0.0 0.0 0.0 0.0 0.0 0.0 0.0 0.0 0.0 0.0 0.0 0.0 0.0 0.0 0.0 0.0 0.0 0.0 0.0 0.0 0.0 0.0 0.0 0.0 0.0 0.0 0.0
-79.73026 -69.41224 -61.07958 -60.61512 -53.48834 -38.92472 -26.50866 -11.72155 -5.33718 -16.43931 2 2 2 0 0 0 0 1 1 0 0 0 0 0 0 0 0 0 0 1 0 2 2 9 5 2 2 2 0 0 1 1 0 0 1 0 1 0 0 0 0 1 0 0 0 0 1 0 0 0 0 1 0 0 0 1 0 1 0 5 9 5 10 6 3 0.6 0 0 0 0 1 47 7 9 5 4 0 23 3 1 3 0 0 0.0 0.0 3.0 5.0 0.625 8.0 0.0 0.0 0.0 0.0 0.0 0.0 0.0 0.0 0.0 0.0 0.0 0.0 0.0 0.0 0.0 0.0 0.0 0.0 0.0 0.0 0.0 0.0 0.0 0.0 0.0 0.0 1.0 0.0 0.0 0.0 1.0 0.0 0.0 0.0 1.0 0.0 0.0 0.0 0.0 0.0 0.0 0.0 0.0 0.0 0.0 0.0 0.0 1.0 0.0 0.0 0.0 0.0 0.0 0.0 0.0 0.0 0.0 0.0 0.0 0.0
-35.10435 -11.3043 7.58758 16.32897 21.29507 28.33033 33.34185 36.64024 32.92592 22.72817 2 2 2 0 0 0 0 1 0 0 0 0 0 1 0 0 1 0 0 0 0 2 2 8 6 2 2 1 1 0 1 0 1 0 1 0 1 0 0 0 0 1 0 0 0 0 1 0 0 0 0 1 0 0 1 0 0 1 0 6 8 6 9 7 2 0.7 0 0 0 0 1 3 5 7 3 5 0 23 13 2 0 0 0 0.0 0.0 3.0 6.0 0.75 8.0 0.0 0.0 0.0 0.0 0.0 0.0 0.0 0.0 1.0 0.0 0.0 0.0 0.0 1.0 0.0 0.0 0.0 0.0 0.0 0.0 0.0 0.0 0.0 0.0 0.0 0.0 0.0 0.0 0.0 0.0 0.0 0.0 0.0 0.0 0.0 0.0 0.0 0.0 0.0 0.0 0.0 0.0 0.0 0.0 0.0 0.0 0.0 0.0 0.0 0.0 0.0 0.0 0.0 0.0 0.0 0.0 0.0 0.0 0.0 0.0
5.75635 5.66089 4.45686 8.81466 13.43418 20.52265 14.83494 -1.24317 -1.46792 -5.36433 2 2 2 0 1 0 0 0 0 0 0 0 0 1 1 0 0 0 0 0 0 2 2 7 7 2 2 0 2 0 1 0 1 1 0 0 1 0 0 0 0 1 0 0 0 0 1 0 0 0 0 1 0 0 1 0 0 0 1 7 7 7 8 8 1 0.8 0 1 0 0 0 50 3 5 6 6 0 15 15 2 1 3 0 0.0 0.0 3.0 7.0 0.875 8.0 0.0 0.0 0.0 0.0 0.0 0.0 0.0 1.0 0.0 0.0 0.0 0.0 0.0 0.0 0.0 0.0 0.0 0.0 0.0 0.0 0.0 0.0 0.0 0.0 0.0 0.0 0.0 0.0 0.0 0.0 0.0 0.0 0.0 0.0 0.0 0.0 0.0 0.0 0.0 0.0 0.0 0.0 0.0 0.0 0.0 0.0 0.0 0.0 0.0 0.0 0.0 0.0 0.0 0.0 0.0 0.0 0.0 0.0 0.0 0.0
52.29528 31.305 -1.37307 -21.99874 -42.18667 -55.21848 -60.29683 -68.87072 -67.0767 -57.16891 2 2 2 1 0 0 0 0 0 0 1 0 0 0 0 0 0 1 0 0 0 2 1 6 8 2 1 4 3 1 0 0 1 0 1 0 1 0 0 0 0 1 0 0 0 0 1 0 0 0 0 0 1 0 1 0 0 1 0 8 6 8 7 1 7 0.111 1 0 0 0 0 1099 6 3 1 7 0 1 9 7 2 0 0 1.0 0.333333333333 3.0 0.0 0.0 7.0 0.0 0.0 0.0 0.0 0.0 0.0 1.0 0.0 0.0 1.0 0.0 0.0 0.0 0.0 0.0 0.0 0.0 0.0 0.0 0.0 0.0 0.0 0.0 0.0 0.0 0.0 0.0 0.0 0.0 0.0 0.0 0.0 0.0 0.0 0.0 0.0 0.0 0.0 0.0 0.0 0.0 0.0 0.0 0.0 0.0 0.0 0.0 0.0 0.0 0.0 0.0 0.0 0.0 0.0 0.0 0.0 0.0 0.0 0.0 0.0
-53.98985 -42.72205 -28.3057 -1.79636 11.84824 17.5124 14.92466 20.23254 36.62146 50.48394 2 2 2 0 0 1 0 0 1 0 0 0 0 0 0 0 0 1 0 0 0 3 1 5 9 3 1 3 0 0 1 1 0 0 1 0 1 0 0 0 0 1 0 0 0 0 1 0 0 0 0 1 0 0 0 1 0 1 0 9 5 9 6 2 6 0.222 0 0 1 0 0 1993 1 6 7 8 0 18 3 1 3 0 0 1.0 0.333333333333 3.0 1.0 0.142857142857 7.0 0.0 0.0 0.0 0.0 0.0 0.0 0.0 0.0 0.0 0.0 0.0 0.0 1.0 0.0 0.0 0.0 0.0 0.0 0.0 1.0 0.0 0.0 0.0 0.0 0.0 0.0 0.0 0.0 0.0 0.0 0.0 0.0 0.0 0.0 0.0 0.0 0.0 0.0 0.0 0.0 0.0 0.0 0.0 0.0 0.0 0.0 0.0 0.0 0.0 0.0 0.0 0.0 0.0 0.0 0.0 0.0 0.0 0.0 0.0 0.0
50.08624 50.04801 48.24234 55.67466 63.36435 67.14125 54.99401 61.26813 61.67155 54.73646 2 2 2 0 0 1 0 0 0 0 0 1 0 0 0 0 1 0 0 0 0 3 1 4 10 3 1 2 1 0 1 0 1 0 1 0 1 0 0 0 0 1 0 0 0 0 1 0 0 0 0 1 0 0 1 0 0 1 0 10 4 10 5 3 5 0.333 0 0 1 0 0 215 1 6 7 8 1 3 2 1 2 0 0 1.0 0.333333333333 3.0 2.0 0.285714285714 7.0 0.0 0.0 0.0 0.0 0.0 0.0 0.0 0.0 0.0 0.0 0.0 0.0 1.0 0.0 0.0 0.0 0.0 0.0 0.0 1.0 0.0 0.0 0.0 0.0 0.0 0.0 0.0 0.0 0.0 0.0 0.0 0.0 0.0 0.0 0.0 0.0 0.0 0.0 0.0 0.0 0.0 0.0 0.0 0.0 0.0 0.0 0.0 0.0 0.0 0.0 0.0 0.0 0.0 0.0 0.0 0.0 0.0 0.0 0.0 0.0
44.42303 35.24384 20.50646 22.90182 22.90089 24.2165 30.11657 50.47474 78.62413 87.785 2 2 2 0 1 0 0 0 0 0 0 1 0 0 0 0 1 0 0 0 0 3 1 3 11 3 1 1 2 0 1 0 1 0 1 0 1 0 0 0 0 1 0 0 0 0 1 0 0 0 0 1 0 0 1 0 0 1 0 11 3 11 4 4 4 0.444 0 1 0 0 0 825 1 6 7 8 2 5 19 2 6 0 0 1.0 0.333333333333 3.0 3.0 0.428571428571 7.0 0.0 0.0 0.0 0.0 0.0 0.0 0.0 0.0 0.0 0.0 0.0 0.0 1.0 0.0 0.0 0.0 0.0 0.0 0.0 1.0 0.0 0.0 0.0 0.0 0.0 0.0 0.0 0.0 0.0 0.0 0.0 0.0 0.0 0.0 0.0 0.0 0.0 0.0 0.0 0.0 0.0 0.0 0.0 0.0 0.0 0.0 0.0 0.0 0.0 0.0 0.0 0.0 0.0 0.0 0.0 0.0 0.0 0.0 0.0 0.0
44.47132 38.7477 33.26983 34.04051 31.07993 22.91311 3.31249 -22.42979 -31.21537 11.03658 2 2 2 0 1 0 0 0 0 0 1 0 0 0 1 0 0 0 0 0 0 3 1 2 12 3 1 0 3 0 1 0 1 1 0 0 1 0 0 0 0 1 0 0 0 0 1 0 0 0 0 1 0 0 1 0 0 0 1 12 2 12 3 5 3 0.556 0 1 0 0 0 1159 7 1 12 9 0 19 30 6 1 4 0 1.0 0.333333333333 3.0 4.0 0.571428571429 7.0 0.0 0.0 0.0 0.0 0.0 0.0 0.0 0.0 0.0 0.0 0.0 0.0 0.0 0.0 0.0 0.0 0.0 0.0 1.0 0.0 0.0 0.0 0.0 0.0 0.0 0.0 0.0 0.0 0.0 0.0 0.0 0.0 0.0 0.0 0.0 1.0 0.0 0.0 0.0 0.0 0.0 0.0 0.0 0.0 0.0 0.0 0.0 0.0 0.0 0.0 0.0 0.0 0.0 0.0 0.0 0.0 0.0 0.0 0.0 0.0
18.71677 15.63738 4.27412 4.6505 -0.33212 1.67762 12.93733 10.33698 4.88256 7.73625 2 2 2 1 0 0 0 0 0 0 1 0 0 0 0 0 0 0 0 1 0 3 0 1 13 3 0 7 4 1 0 0 1 0 1 0 1 0 0 0 0 1 0 0 0 0 0 0 1 0 0 0 1 0 1 0 0 1 0 13 1 13 2 6 2 0.667 1 0 0 0 0 319 7 1 12 9 1 11 10 7 4 0 0 1.0 0.333333333333 3.0 5.0 0.714285714286 7.0 0.0 0.0 0.0 0.0 0.0 0.0 0.0 0.0 0.0 0.0 0.0 0.0 0.0 0.0 0.0 0.0 0.0 0.0 1.0 0.0 0.0 0.0 0.0 0.0 0.0 0.0 0.0 0.0 0.0 0.0 0.0 0.0 0.0 0.0 0.0 1.0 0.0 0.0 0.0 0.0 0.0 0.0 0.0 0.0 0.0 0.0 0.0 0.0 0.0 0.0 0.0 0.0 0.0 0.0 0.0 0.0 0.0 0.0 0.0 0.0
36.73398 42.21125 32.52919 22.44504 20.6641 14.37034 -16.99204 -45.57583 -64.36468 -57.63199 2 2 2 0 0 0 0 1 1 0 0 0 0 0 0 0 0 1 0 0 0 4 0 0 14 4 0 6 0 0 1 1 0 0 1 0 0 0 1 0 0 1 0 0 0 0 1 0 0 0 0 1 0 0 0 1 0 1 0 14 0 14 1 7 1 0.778 0 0 0 0 1 63 12 7 9 10 0 10 7 3 6 0 0 1.0 0.333333333333 3.0 6.0 0.857142857143 7.0 0.0 0.0 0.0 0.0 0.0 0.0 0.0 0.0 0.0 0.0 0.0 0.0 0.0 0.0 0.0 0.0 0.0 0.0 0.0 0.0 0.0 0.0 0.0 0.0 0.0 0.0 0.0 0.0 0.0 0.0 0.0 1.0 0.0 0.0 0.0 0.0 0.0 0.0 0.0 0.0 0.0 0.0 0.0 0.0 0.0 0.0 0.0 0.0 0.0 0.0 0.0 0.0 0.0 0.0 0.0 0.0 0.0 0.0 0.0 0.0
45.115 45.40601 42.22301 35.69786 24.55897 18.17029 26.52784 27.30967 16.8427 5.59837 2 2 2 0 0 1 0 0 0 0 0 0 0 1 0 0 0 1 0 0 0 0 0 5 0 0 0 5 1 0 1 0 1 0 1 0 1 0 0 0 0 0 0 1 0 0 1 0 0 0 0 1 0 0 1 0 0 1 0 0 5 0 6 1 6 0.125 0 0 1 0 0 428 9 12 7 11 0 14 2 1 2 0 0 2.0 0.666666666667 3.0 0.0 0.0 6.0 0.0 0.0 0.0 0.0 0.0 0.0 0.0 0.0 0.0 0.0 0.0 0.0 0.0 0.0 0.0 0.0 0.0 0.0 0.0 0.0 0.0 0.0 0.0 0.0 0.0 0.0 0.0 1.0 0.0 0.0 0.0 0.0 0.0 0.0 0.0 0.0 0.0 0.0 0.0 0.0 0.0 0.0 0.0 0.0 0.0 0.0 0.0 0.0 0.0 0.0 0.0 0.0 0.0 0.0 0.0 0.0 0.0 0.0 0.0 0.0
7.42916 7.0949 -0.13717 -7.79834 -10.8105 -2.19935 -0.15426 -3.17509 -16.00677 -25.1195 2 2 2 0 0 1 0 0 0 0 0 1 0 0 0 0 0 0 0 1 0 0 0 4 1 0 0 4 2 0 1 0 1 0 1 0 1 0 0 0 0 1 0 0 0 0 1 0 0 0 0 1 0 0 1 0 0 1 0 1 4 1 5 2 5 0.25 0 0 1 0 0 85 7 9 7 12 0 19 11 7 4 5 0 2.0 0.666666666667 3.0 1.0 0.166666666667 6.0 0.0 0.0 0.0 0.0 0.0 0.0 0.0 0.0 0.0 0.0 0.0 0.0 0.0 0.0 0.0 0.0 0.0 0.0 0.0 0.0 0.0 1.0 0.0 0.0 0.0 0.0 0.0 0.0 0.0 0.0 0.0 0.0 0.0 0.0 0.0 0.0 0.0 0.0 0.0 0.0 0.0 0.0 0.0 0.0 0.0 0.0 0.0 0.0 0.0 0.0 0.0 0.0 0.0 0.0 0.0 0.0 0.0 0.0 0.0 0.0
-29.14779 -29.63991 -31.37508 -19.20578 3.30374 37.17873 63.17551 74.78575 67.04745 42.92497 2 2 2 0 0 0 0 1 0 0 0 1 0 0 0 0 0 0 1 0 0 0 0 3 2 0 0 3 3 0 1 0 1 0 1 0 1 0 0 0 0 1 0 0 0 0 1 0 0 0 0 1 0 0 1 0 0 1 0 2 3 2 4 3 4 0.375 0 0 0 0 1 1506 7 7 8 13 0 11 29 6 2 0 0 2.0 0.666666666667 3.0 2.0 0.333333333333 6.0 0.0 1.0 0.0 0.0 0.0 0.0 0.0 0.0 0.0 0.0 0.0 0.0 0.0 0.0 0.0 0.0 0.0 0.0 0.0 0.0 1.0 0.0 0.0 0.0 0.0 0.0 1.0 0.0 0.0 0.0 0.0 0.0 0.0 0.0 0.0 0.0 0.0 0.0 0.0 0.0 0.0 0.0 0.0 0.0 0.0 0.0 1.0 0.0 0.0 0.0 0.0 0.0 0.0 0.0 0.0 0.0 0.0 0.0 0.0 0.0
26.90099 30.13598 33.76961 32.624 27.94368 17.32082 18.66904 22.20494 26.94563 24.5714 2 2 2 0 0 0 1 0 0 0 0 0 0 1 0 0 0 1 0 0 0 0 0 2 3 0 0 2 4 0 1 0 1 0 1 0 1 0 0 0 0 1 0 0 0 0 1 0 0 0 0 1 0 0 1 0 0 1 0 3 2 3 3 4 3 0.5 0 0 0 1 0 42 7 7 8 13 1 2 8 7 0 0 0 2.0 0.666666666667 3.0 3.0 0.5 6.0 0.0 1.0 0.0 0.0 0.0 0.0 0.0 0.0 0.0 0.0 0.0 0.0 0.0 0.0 0.0 0.0 0.0 0.0 0.0 0.0 1.0 0.0 0.0 0.0 0.0 0.0 1.0 0.0 0.0 0.0 0.0 0.0 0.0 0.0 0.0 0.0 0.0 0.0 0.0 0.0 0.0 0.0 0.0 0.0 0.0 0.0 1.0 0.0 0.0 0.0 0.0 0.0 0.0 0.0 0.0 0.0 0.0 0.0 0.0 0.0
12.98356 13.2177 6.57516 12.26171 5.4393 -3.20699 -13.09433 -19.65308 -28.84571 -23.91965 2 2 2 0 0 1 0 0 0 0 0 0 1 0 0 0 0 0 0 1 0 0 0 1 4 0 0 1 5 0 1 0 1 0 1 0 1 0 0 0 0 1 0 0 0 0 0 0 0 1 0 1 0 0 1 0 0 1 0 4 1 4 2 5 2 0.625 0 0 1 0 0 16 8 7 7 14 0 16 3 1 3 0 0 2.0 0.666666666667 3.0 4.0 0.666666666667 6.0 0.0 0.0 0.0 0.0 0.0 0.0 0.0 0.0 0.0 0.0 0.0 0.0 0.0 0.0 0.0 0.0 0.0 0.0 0.0 0.0 0.0 1.0 0.0 0.0 0.0 0.0 0.0 0.0 0.0 0.0 0.0 0.0 0.0 0.0 0.0 0.0 0.0 0.0 0.0 0.0 0.0 0.0 0.0 0.0 0.0 0.0 0.0 0.0 0.0 0.0 0.0 0.0 0.0 0.0 0.0 0.0 0.0 0.0 0.0 0.0
-20.39065 -5.92822 3.76463 15.61915 -2.34555 -13.55282 -14.22199 -29.04078 -42.82141 -47.1671 2 2 0 0 0 0 0 1 0 0 0 1 0 0 0 1 0 0 0 0 0 0 0 0 5 0 0 0 6 0 1 0 1 0 1 0 0 0 0 1 0 1 0 0 0 1 0 0 0 0 0 1 0 0 1 0 1 0 0 5 0 5 1 6 1 0.75 0 0 0 0 1 738 7 8 0 15 0 5 15 2 1 3 0 2.0 0.666666666667 3.0 5.0 0.833333333333 6.0 1.0 0.0 0.0 0.0 0.0 0.0 0.0 0.0 0.0 0.0 0.0 0.0 0.0 0.0 0.0 0.0 0.0 0.0 0.0 0.0 0.0 0.0 0.0 0.0 0.0 0.0 0.0 0.0 0.0 0.0 0.0 0.0 0.0 0.0 0.0 0.0 0.0 0.0 0.0 0.0 0.0 0.0 0.0 0.0 0.0 0.0 0.0 0.0 0.0 0.0 0.0 0.0 0.0 0.0 0.0 0.0 0.0 0.0 0.0 0.0
