-10.107 -8.769 -8.798 -6.444 0.338 12.139 27.928 36.335 36.077 23.719 1 0 2 0 0 1 0 0 0 1 0 0 0 0 0 0 0 1 0 0 0 0 2 11 0 0 2 3 0 0 1 0 1 0 1 0 130 0 0 0 1 0 0 0 1 0 0 0 0 0 1 0 0 0 0 1 0 1 0 0 0 1 0 0 11 0 12 1 12 0.071 0 0 1 0 0 54 12
5.5 -5.843 -16.91 -27.353 -35.422 -40.153 -37.955 -30.33 -28.246 -26.185 2 1 2 0 0 1 0 0 0 0 0 1 0 0 0 0 0 0 0 1 0 0 2 10 1 0 2 2 1 0 1 0 1 0 1 0 0 0 0 0 1 0 0 0 0 1 0 0 0 0 1 0 0 0 0 1 0 0 1 0 0 1 0 1 10 1 11 2 11 0.143 0 0 1 0 0 8 12
-14.112 16.284 41.763 44.777 36.826 26.204 17.861 14.354 13.657 15.587 2 2 2 0 0 0 0 1 0 0 0 1 0 0 0 0 1 0 0 0 0 0 2 9 2 0 2 1 2 0 1 0 1 0 1 0 0 0 0 0 1 0 0 0 0 1 0 0 0 0 1 0 0 0 0 1 0 0 1 0 0 1 0 2 9 2 10 3 10 0.214 0 0 0 0 1 400 14
17.34 19.441 20.634 13.579 -1.488 -15.95 -35.021 -48.51 -52.093 -54.008 2 2 2 0 1 0 0 0 0 0 0 0 0 1 1 0 0 0 0 0 0 0 2 8 3 0 2 0 3 0 1 0 1 1 0 128.84599 0 0 128.84599 0 1 0 0 0 0 1 0 0 0 0 1 0 0 0 0 1 0 0 1 0 0 0 1 3 8 3 9 4 9 0.286 0 1 0 0 0 115 1
-57.892 -50.28 -29.445 -5.418 19.853 29.555 34.959 40.302 46.11 51.482 2 2 2 1 0 0 0 0 0 0 1 0 0 0 0 0 0 0 0 1 0 0 1 7 4 0 1 4 4 1 0 0 1 0 1 131.84599 128.84599 128.84599 131.84599 0 1 0 0 0 0 1 0 0 0 0 1 0 0 0 0 0 1 0 1 0 0 1 0 4 7 4 8 5 8 0.357 1 0 0 0 0 385 1
50.146 47.75 45.766 36.619 20.796 5.244 -21.393 -45.479 -60.807 -67.012 2 2 2 0 0 0 0 1 1 0 0 0 0 0 0 0 0 0 0 1 0 1 1 6 5 1 1 3 0 0 1 1 0 0 1 0 131.84599 131.84599 0 0 1 0 0 0 0 1 0 0 0 0 1 0 0 0 0 1 0 0 0 1 0 1 0 5 6 5 7 6 7 0.429 0 0 0 0 1 89 12
-59.35 -43.947 -30.376 -28.597 -25.99 -23.96 -21.969 -18.335 26.759 77.689 2 2 2 0 0 0 0 1 0 0 0 0 0 1 0 0 1 0 0 0 0 1 1 5 6 1 1 2 1 0 1 0 1 0 1 0 0 0 0 0 1 0 0 0 0 1 0 0 0 0 1 0 0 0 0 1 0 0 1 0 0 1 0 6 5 6 6 7 6 0.5 0 0 0 0 1 233 12
56.154 50.938 53.164 55.581 56.503 53.184 28.119 -12.309 -41.122 -58.83 2 2 2 0 1 0 0 0 0 0 0 0 0 1 0 0 0 0 1 0 0 1 1 4 7 1 1 1 2 0 1 0 1 0 1 0 0 0 0 0 1 0 0 0 0 1 0 0 0 0 1 0 0 0 0 1 0 0 1 0 0 1 0 7 4 7 5 8 5 0.571 0 1 0 0 0 603 8
-58.626 -43.268 -19.775 -3.63 -13.657 -25.51 -30.724 -34.553 -31.314 -23.811 2 2 2 0 0 0 1 0 0 0 1 0 0 0 1 0 0 0 0 0 0 1 1 3 8 1 1 0 3 0 1 0 1 1 0 121.154 0 0 121.154 0 1 0 0 0 0 1 0 0 0 0 1 0 0 0 0 1 0 0 1 0 0 0 1 8 3 8 4 9 4 0.643 0 0 0 1 0 519 8
-15.019 5.074 25.538 37.526 39.858 41.734 47.172 52.348 55.526 52.07 2 2 2 1 0 0 0 0 0 0 0 0 1 0 0 0 0 1 0 0 0 1 0 2 9 1 0 2 4 1 0 0 1 0 1 124.154 121.154 121.154 124.154 0 1 0 0 0 0 1 0 0 0 0 1 0 0 0 0 0 1 0 1 0 0 1 0 9 2 9 3 10 3 0.714 1 0 0 0 0 1277 8
36.406 17.24 -3.298 -23.259 -40.721 -71.325 -93.738 -94.235 -84.659 -53.28 2 2 2 0 0 1 0 0 1 0 0 0 0 0 0 0 0 0 1 0 0 2 0 1 10 2 0 1 0 0 1 1 0 0 1 0 124.154 124.154 0 0 1 0 0 0 0 1 0 0 0 0 0 0 1 0 0 1 0 0 0 1 0 1 0 10 1 10 2 11 2 0.786 0 0 1 0 0 1570 5
-3.02 32.263 57.121 71.24 65.704 38.942 7.425 -6.554 -1.001 -29.022 2 2 0 0 0 0 1 0 0 0 0 1 0 0 0 1 0 0 0 0 0 2 0 0 11 2 0 0 1 0 1 0 1 0 1 110 0 0 0 0 0 0 1 0 0 1 0 0 0 1 0 0 0 0 0 1 0 0 1 0 1 0 0 11 0 11 1 12 1 0.857 0 0 0 1 0 18 5
