41.165 39.31184 16.00344 23.26297 21.20141 21.7209 26.02051 23.79867 22.4879 9.40575 2 0 2 0 1 0 0 0 0 1 0 0 0 0 1 0 0 0 0 0 0 0 3 8 0 0 3 0 0 0 1 0 1 1 0 0 1 0 0 0 1 0 0 0 0 0 1 0 0 0 0 1 0 1 0 0 0 0 1 0 8 0 9 1 4 0.167 0 1 0 0 0 66 9 0 9 0 0 23 8 0.0 0.0 3.0 0.0 0.0 4.0 0.0 0.0 0.0 0.0 0.0 0.0 0.0 0.0 0.0 0.0 0.0 0.0 0.0 0.0 0.0 0.0 0.0 0.0 0.0 0.0 0.0 0.0 0.0 0.0 0.0 0.0 0.0 1.0 0.0 0.0 0.0 0.0 0.0 0.0 0.0 0.0 0.0 0.0 0.0 0.0 0.0 0.0 0.0 0.0 0.0 0.0 0.0 0.0 0.0 0.0 0.0 0.0 0.0 0.0 0.0 0.0 0.0 0.0 0.0 0.0
-8.10398 12.99239 23.39678 12.87201 11.82511 19.19193 26.00465 25.55472 14.7032 14.72056 2 2 2 1 0 0 0 0 0 0 1 0 0 0 0 0 1 0 0 0 0 0 2 7 1 0 2 5 1 1 0 0 1 0 1 0 1 0 0 0 0 1 0 0 0 0 1 0 0 0 0 0 1 0 1 0 0 1 0 1 7 1 8 2 3 0.333 1 0 0 0 0 86 9 9 7 1 0 2 7 0.0 0.0 3.0 1.0 0.25 4.0 0.0 0.0 0.0 0.0 0.0 0.0 0.0 0.0 0.0 0.0 0.0 0.0 0.0 0.0 0.0 0.0 0.0 0.0 0.0 0.0 0.0 0.0 0.0 0.0 0.0 0.0 0.0 1.0 0.0 0.0 0.0 0.0 0.0 0.0 0.0 0.0 0.0 0.0 0.0 0.0 0.0 0.0 0.0 0.0 0.0 0.0 0.0 0.0 0.0 0.0 0.0 0.0 0.0 0.0 0.0 0.0 0.0 0.0 0.0 0.0
32.09681 34.12218 35.24381 35.47615 28.75548 33.88374 34.10576 19.42266 10.4972 9.8558 2 2 2 0 1 0 0 0 1 0 0 0 0 0 0 0 0 0 0 1 0 1 2 6 2 1 2 4 0 0 1 1 0 0 1 0 1 0 0 0 0 1 0 0 0 0 1 0 0 0 0 1 0 0 0 1 0 1 0 2 6 2 7 3 2 0.5 0 1 0 0 0 2402 7 9 3 2 0 6 8 0.0 0.0 3.0 2.0 0.5 4.0 0.0 1.0 0.0 0.0 0.0 0.0 0.0 0.0 0.0 0.0 0.0 0.0 0.0 0.0 0.0 0.0 0.0 0.0 0.0 0.0 0.0 0.0 0.0 0.0 0.0 0.0 1.0 0.0 0.0 0.0 0.0 0.0 0.0 0.0 1.0 0.0 0.0 0.0 0.0 0.0 0.0 0.0 0.0 0.0 0.0 0.0 0.0 0.0 0.0 0.0 0.0 0.0 0.0 0.0 0.0 0.0 0.0 0.0 0.0 0.0
-0.02392 9.83228 -5.58579 -25.61997 -33.50563 -42.97165 -30.15072 -16.22858 -20.29685 -22.5789 2 2 1 0 0 0 0 1 0 0 1 0 0 0 0 0 0 1 0 0 0 1 2 5 3 1 2 3 1 0 1 0 1 0 1 0 1 0 0 0 0 1 0 0 0 0 1 0 0 0 0 1 0 0 1 0 0 1 0 3 5 3 6 4 1 0.667 0 0 0 0 1 453 7 9 3 2 1 22 5 0.0 0.0 3.0 3.0 0.75 4.0 0.0 1.0 0.0 0.0 0.0 0.0 0.0 0.0 0.0 0.0 0.0 0.0 0.0 0.0 0.0 0.0 0.0 0.0 0.0 0.0 0.0 0.0 0.0 0.0 0.0 0.0 1.0 0.0 0.0 0.0 0.0 0.0 0.0 0.0 1.0 0.0 0.0 0.0 0.0 0.0 0.0 0.0 0.0 0.0 0.0 0.0 0.0 0.0 0.0 0.0 0.0 0.0 0.0 0.0 0.0 0.0 0.0 0.0 0.0 0.0
-79.21533 -25.5851 -9.34132 -10.92285 -4.76984 -3.32838 -2.23223 3.01162 17.48053 18.22829 1 2 2 0 0 1 0 0 0 0 0 0 0 1 0 0 1 0 0 0 0 1 2 4 4 1 2 2 2 0 1 0 1 0 1 0 1 0 0 0 0 1 0 0 0 0 1 0 0 0 0 1 0 0 1 0 0 1 0 4 4 4 5 1 5 0.143 0 0 1 0 0 1597 3 7 4 3 0 0 2 1.0 0.333333333333 3.0 0.0 0.0 5.0 0.0 0.0 0.0 0.0 0.0 0.0 0.0 1.0 1.0 0.0 0.0 0.0 0.0 0.0 0.0 0.0 0.0 0.0 0.0 0.0 0.0 0.0 0.0 0.0 0.0 0.0 0.0 0.0 0.0 0.0 0.0 0.0 0.0 0.0 0.0 0.0 0.0 0.0 0.0 0.0 0.0 0.0 0.0 0.0 0.0 0.0 0.0 0.0 0.0 0.0 0.0 0.0 0.0 0.0 0.0 0.0 0.0 0.0 0.0 0.0
20.71787 16.13842 14.83986 15.65121 26.71338 42.22761 33.55965 19.25018 9.27655 9.68948 2 1 2 0 1 0 0 0 0 0 0 1 0 0 0 0 0 0 1 0 0 1 2 3 5 1 2 1 3 0 1 0 1 0 1 0 1 0 0 0 0 1 0 0 0 0 1 0 0 0 0 1 0 0 1 0 0 1 0 5 3 5 4 2 4 0.286 0 1 0 0 0 50 3 7 4 3 1 15 15 1.0 0.333333333333 3.0 1.0 0.2 5.0 0.0 0.0 0.0 0.0 0.0 0.0 0.0 1.0 1.0 0.0 0.0 0.0 0.0 0.0 0.0 0.0 0.0 0.0 0.0 0.0 0.0 0.0 0.0 0.0 0.0 0.0 0.0 0.0 0.0 0.0 0.0 0.0 0.0 0.0 0.0 0.0 0.0 0.0 0.0 0.0 0.0 0.0 0.0 0.0 0.0 0.0 0.0 0.0 0.0 0.0 0.0 0.0 0.0 0.0 0.0 0.0 0.0 0.0 0.0 0.0
16.49792 19.93309 12.58819 2.4068 -4.30168 -4.2995 -1.91897 9.17804 5.02928 7.03018 2 2 2 0 0 0 1 0 0 0 1 0 0 0 1 0 0 0 0 0 0 1 2 2 6 1 2 0 4 0 1 0 1 1 0 0 1 0 0 0 0 1 0 0 0 0 1 0 0 0 0 1 0 0 1 0 0 0 1 6 2 6 3 3 3 0.429 0 0 0 1 0 2 4 3 1 4 0 2 8 1.0 0.333333333333 3.0 2.0 0.4 5.0 0.0 0.0 0.0 0.0 0.0 0.0 0.0 0.0 0.0 1.0 0.0 0.0 0.0 0.0 0.0 0.0 0.0 0.0 0.0 0.0 0.0 0.0 0.0 0.0 0.0 0.0 0.0 0.0 0.0 0.0 0.0 0.0 0.0 0.0 0.0 0.0 0.0 0.0 0.0 0.0 0.0 0.0 0.0 0.0 0.0 0.0 0.0 0.0 0.0 0.0 0.0 0.0 0.0 0.0 0.0 0.0 0.0 0.0 0.0 0.0
8.83592 9.44307 7.97288 9.4553 16.30362 5.54828 -0.23047 -0.2921 -3.66086 -0.95567 2 2 2 1 0 0 0 0 0 0 0 0 1 0 1 0 0 0 0 0 0 1 1 1 7 1 1 0 5 1 0 0 1 1 0 0 1 0 0 0 0 1 0 0 0 0 0 0 1 0 0 0 1 0 1 0 0 0 1 7 1 7 2 4 2 0.571 1 0 0 0 0 319 1 4 7 5 0 11 10 1.0 0.333333333333 3.0 3.0 0.6 5.0 0.0 0.0 0.0 0.0 0.0 0.0 1.0 0.0 0.0 0.0 0.0 0.0 0.0 0.0 0.0 0.0 0.0 0.0 0.0 1.0 0.0 0.0 0.0 0.0 0.0 0.0 0.0 0.0 0.0 0.0 0.0 0.0 0.0 0.0 0.0 0.0 0.0 0.0 0.0 0.0 0.0 0.0 0.0 0.0 0.0 0.0 0.0 0.0 0.0 0.0 0.0 0.0 0.0 0.0 0.0 0.0 0.0 0.0 0.0 0.0
3.08604 -6.87257 -11.13033 -16.76503 -8.23004 -2.70347 -4.69399 2.51412 1.9915 12.51794 2 2 2 1 0 0 0 0 1 0 0 0 0 0 0 0 0 1 0 0 0 2 0 0 8 2 0 5 0 1 0 1 0 0 1 0 0 0 1 0 0 1 0 0 0 0 1 0 0 0 0 0 1 0 0 1 0 1 0 8 0 8 1 5 1 0.714 1 0 0 0 0 2464 1 4 7 5 1 8 24 1.0 0.333333333333 3.0 4.0 0.8 5.0 0.0 0.0 0.0 0.0 0.0 0.0 1.0 0.0 0.0 0.0 0.0 0.0 0.0 0.0 0.0 0.0 0.0 0.0 0.0 1.0 0.0 0.0 0.0 0.0 0.0 0.0 0.0 0.0 0.0 0.0 0.0 0.0 0.0 0.0 0.0 0.0 0.0 0.0 0.0 0.0 0.0 0.0 0.0 0.0 0.0 0.0 0.0 0.0 0.0 0.0 0.0 0.0 0.0 0.0 0.0 0.0 0.0 0.0 0.0 0.0
17.76615 7.56339 10.91288 2.17555 3.61416 0.93535 -16.27778 -26.81505 -26.06027 -20.7951 2 2 2 0 0 1 0 0 1 0 0 0 0 0 0 0 1 0 0 0 0 0 2 12 0 0 2 4 0 0 1 1 0 0 1 0 1 0 0 0 0 0 0 1 0 0 1 0 0 0 0 1 0 0 0 1 0 1 0 0 12 0 13 1 13 0.067 0 0 1 0 0 85 7 1 7 6 0 19 11 2.0 0.666666666667 3.0 0.0 0.0 13.0 0.0 0.0 0.0 0.0 0.0 0.0 0.0 0.0 0.0 0.0 0.0 0.0 0.0 0.0 0.0 0.0 0.0 0.0 0.0 0.0 0.0 1.0 0.0 0.0 0.0 0.0 0.0 0.0 0.0 0.0 0.0 0.0 0.0 0.0 0.0 0.0 0.0 0.0 0.0 0.0 0.0 0.0 0.0 0.0 0.0 0.0 0.0 0.0 0.0 0.0 0.0 0.0 0.0 0.0 0.0 0.0 0.0 0.0 0.0 0.0
-17.98308 -12.60429 -20.23885 -33.95658 -22.19185 -7.74101 7.62494 16.39718 17.10086 8.26701 2 2 2 0 1 0 0 0 0 0 0 1 0 0 0 0 0 0 0 1 0 0 2 11 1 0 2 3 1 0 1 0 1 0 1 0 1 0 0 0 0 1 0 0 0 0 1 0 0 0 0 1 0 0 1 0 0 1 0 1 11 1 12 2 12 0.133 0 1 0 0 0 9 7 7 9 7 0 23 7 2.0 0.666666666667 3.0 1.0 0.0769230769231 13.0 0.0 0.0 0.0 0.0 0.0 0.0 0.0 0.0 0.0 0.0 0.0 0.0 0.0 0.0 0.0 0.0 1.0 0.0 1.0 0.0 1.0 0.0 0.0 0.0 0.0 0.0 0.0 0.0 0.0 0.0 0.0 0.0 0.0 0.0 0.0 1.0 0.0 0.0 0.0 0.0 0.0 0.0 0.0 0.0 0.0 0.0 0.0 0.0 0.0 0.0 0.0 0.0 0.0 0.0 0.0 0.0 0.0 0.0 0.0 0.0
-10.54202 -4.58562 21.404 43.63192 54.65526 55.9458 40.12094 15.0881 -5.49982 -7.43655 2 2 2 0 0 0 0 1 0 0 1 0 0 0 0 0 0 0 0 1 0 0 2 10 2 0 2 2 2 0 1 0 1 0 1 0 1 0 0 0 0 1 0 0 0 0 1 0 0 0 0 1 0 0 1 0 0 1 0 2 10 2 11 3 11 0.2 0 0 0 0 1 241 9 7 3 8 0 4 11 2.0 0.666666666667 3.0 2.0 0.153846153846 13.0 0.0 0.0 0.0 0.0 0.0 0.0 0.0 0.0 0.0 0.0 0.0 0.0 0.0 0.0 0.0 0.0 0.0 0.0 0.0 0.0 0.0 0.0 0.0 0.0 0.0 0.0 0.0 1.0 0.0 0.0 0.0 0.0 0.0 0.0 0.0 0.0 0.0 0.0 0.0 0.0 0.0 0.0 0.0 0.0 0.0 0.0 0.0 0.0 0.0 0.0 0.0 0.0 0.0 0.0 0.0 0.0 0.0 0.0 0.0 0.0
-6.04774 -24.90681 -6.9482 -7.03244 -11.06794 -17.06974 -34.04136 -37.31327 -34.59771 -28.57956 2 2 2 0 0 0 0 1 0 0 0 0 0 1 0 0 0 0 0 1 0 0 2 9 3 0 2 1 3 0 1 0 1 0 1 0 1 0 0 0 0 1 0 0 0 0 1 0 0 0 0 1 0 0 1 0 0 1 0 3 9 3 10 4 10 0.267 0 0 0 0 1 14 3 9 3 9 0 2 1 2.0 0.666666666667 3.0 3.0 0.230769230769 13.0 0.0 0.0 0.0 0.0 0.0 0.0 0.0 1.0 0.0 0.0 0.0 0.0 0.0 0.0 0.0 0.0 0.0 0.0 0.0 0.0 0.0 0.0 0.0 0.0 0.0 0.0 1.0 0.0 0.0 0.0 0.0 0.0 0.0 0.0 0.0 0.0 0.0 0.0 0.0 0.0 0.0 0.0 0.0 0.0 0.0 0.0 0.0 0.0 0.0 0.0 0.0 0.0 0.0 0.0 0.0 0.0 0.0 0.0 0.0 0.0
-15.54605 -14.86489 3.87282 17.49081 27.06508 14.10498 -5.83693 -10.11839 -16.74601 -15.96982 2 2 2 0 0 0 0 1 0 0 0 0 0 1 1 0 0 0 0 0 0 0 2 8 4 0 2 0 4 0 1 0 1 1 0 0 1 0 0 0 0 1 0 0 0 0 1 0 0 0 0 1 0 0 1 0 0 0 1 4 8 4 9 5 9 0.333 0 0 0 0 1 241 3 3 1 10 0 4 11 2.0 0.666666666667 3.0 4.0 0.307692307692 13.0 0.0 0.0 0.0 0.0 0.0 0.0 0.0 1.0 0.0 0.0 0.0 0.0 0.0 0.0 0.0 0.0 0.0 0.0 0.0 0.0 0.0 0.0 0.0 0.0 0.0 0.0 0.0 0.0 0.0 0.0 0.0 0.0 0.0 0.0 0.0 0.0 0.0 0.0 0.0 0.0 0.0 0.0 0.0 0.0 0.0 0.0 0.0 0.0 0.0 0.0 0.0 0.0 0.0 0.0 0.0 0.0 0.0 0.0 0.0 0.0
-5.44045 6.29406 -4.07534 -17.39522 -22.59586 -25.45584 -24.92418 -21.86634 -26.56699 -25.68945 2 2 2 1 0 0 0 0 0 0 0 0 0 1 0 0 0 1 0 0 0 0 1 7 5 0 1 5 5 1 0 0 1 0 1 0 1 0 0 0 0 1 0 0 0 0 1 0 0 0 0 0 1 0 1 0 0 1 0 5 7 5 8 6 8 0.4 1 0 0 0 0 64 3 3 1 10 1 4 3 2.0 0.666666666667 3.0 5.0 0.384615384615 13.0 0.0 0.0 0.0 0.0 0.0 0.0 0.0 1.0 0.0 0.0 0.0 0.0 0.0 0.0 0.0 0.0 0.0 0.0 0.0 0.0 0.0 0.0 0.0 0.0 0.0 0.0 0.0 0.0 0.0 0.0 0.0 0.0 0.0 0.0 0.0 0.0 0.0 0.0 0.0 0.0 0.0 0.0 0.0 0.0 0.0 0.0 0.0 0.0 0.0 0.0 0.0 0.0 0.0 0.0 0.0 0.0 0.0 0.0 0.0 0.0
-12.36018 1.86436 10.14581 18.17525 32.74779 31.16132 34.73171 59.64298 85.76296 103.39387 2 2 2 0 0 1 0 0 1 0 0 0 0 0 0 0 0 1 0 0 0 1 1 6 6 1 1 4 0 0 1 1 0 0 1 0 1 0 0 0 0 1 0 0 0 0 1 0 0 0 0 1 0 0 0 1 0 1 0 6 6 6 7 7 7 0.467 0 0 1 0 0 2112 1 3 3 11 0 7 11 2.0 0.666666666667 3.0 6.0 0.461538461538 13.0 0.0 0.0 0.0 0.0 0.0 0.0 1.0 0.0 0.0 0.0 0.0 1.0 0.0 0.0 0.0 0.0 0.0 0.0 0.0 0.0 0.0 0.0 0.0 0.0 0.0 0.0 0.0 0.0 0.0 0.0 0.0 0.0 0.0 0.0 0.0 0.0 0.0 0.0 0.0 0.0 0.0 0.0 0.0 0.0 0.0 0.0 0.0 0.0 0.0 0.0 0.0 0.0 0.0 0.0 0.0 0.0 0.0 0.0 0.0 0.0
84.25629 61.66273 40.04678 26.28352 5.21093 0.15664 17.28455 30.03602 34.87415 29.78765 2 2 2 0 0 1 0 0 0 0 0 1 0 0 0 0 0 1 0 0 0 1 1 5 7 1 1 3 1 0 1 0 1 0 1 0 1 0 0 0 0 1 0 0 0 0 1 0 0 0 0 1 0 0 1 0 0 1 0 7 5 7 6 8 6 0.533 0 0 1 0 0 2112 1 3 3 11 1 7 11 2.0 0.666666666667 3.0 7.0 0.538461538462 13.0 0.0 0.0 0.0 0.0 0.0 0.0 1.0 0.0 0.0 0.0 0.0 1.0 0.0 0.0 0.0 0.0 0.0 0.0 0.0 0.0 0.0 0.0 0.0 0.0 0.0 0.0 0.0 0.0 0.0 0.0 0.0 0.0 0.0 0.0 0.0 0.0 0.0 0.0 0.0 0.0 0.0 0.0 0.0 0.0 0.0 0.0 0.0 0.0 0.0 0.0 0.0 0.0 0.0 0.0 0.0 0.0 0.0 0.0 0.0 0.0
2.30353 -5.35509 -5.69829 -17.71415 -22.78368 -13.08072 -3.78841 14.64781 38.29303 45.66518 2 2 2 0 0 1 0 0 0 0 0 1 0 0 0 0 0 1 0 0 0 1 1 4 8 1 1 2 2 0 1 0 1 0 1 0 1 0 0 0 0 1 0 0 0 0 1 0 0 0 0 1 0 0 1 0 0 1 0 8 4 8 5 9 5 0.6 0 0 1 0 0 2033 3 1 4 12 0 1 6 2.0 0.666666666667 3.0 8.0 0.615384615385 13.0 0.0 0.0 0.0 0.0 0.0 0.0 0.0 1.0 1.0 0.0 0.0 0.0 0.0 0.0 0.0 0.0 0.0 0.0 0.0 0.0 0.0 0.0 0.0 0.0 0.0 0.0 0.0 0.0 0.0 0.0 0.0 0.0 0.0 0.0 0.0 0.0 0.0 0.0 0.0 0.0 0.0 0.0 0.0 0.0 0.0 0.0 0.0 0.0 0.0 0.0 0.0 0.0 0.0 0.0 0.0 0.0 0.0 0.0 0.0 0.0
32.56168 26.62899 27.93551 24.2212 3.93802 3.53598 12.00457 24.95126 44.78437 44.60813 2 2 2 0 0 1 0 0 0 0 0 1 0 0 0 0 0 0 1 0 0 1 1 3 9 1 1 1 3 0 1 0 1 0 1 0 1 0 0 0 0 1 0 0 0 0 1 0 0 0 0 1 0 0 1 0 0 1 0 9 3 9 4 10 4 0.667 0 0 1 0 0 2033 3 1 4 12 1 1 6 2.0 0.666666666667 3.0 9.0 0.692307692308 13.0 0.0 0.0 0.0 0.0 0.0 0.0 0.0 1.0 1.0 0.0 0.0 0.0 0.0 0.0 0.0 0.0 0.0 0.0 0.0 0.0 0.0 0.0 0.0 0.0 0.0 0.0 0.0 0.0 0.0 0.0 0.0 0.0 0.0 0.0 0.0 0.0 0.0 0.0 0.0 0.0 0.0 0.0 0.0 0.0 0.0 0.0 0.0 0.0 0.0 0.0 0.0 0.0 0.0 0.0 0.0 0.0 0.0 0.0 0.0 0.0
35.12667 20.93566 16.10129 19.83982 13.44461 9.68923 -4.01802 -20.77044 -22.01687 -21.70406 2 2 2 0 0 0 1 0 0 0 0 1 0 0 1 0 0 0 0 0 0 1 1 2 10 1 1 0 4 0 1 0 1 1 0 0 1 0 0 0 0 1 0 0 0 0 1 0 0 0 0 1 0 0 1 0 0 0 1 10 2 10 3 11 3 0.733 0 0 0 1 0 2 4 3 1 13 0 2 8 2.0 0.666666666667 3.0 10.0 0.769230769231 13.0 0.0 0.0 0.0 0.0 0.0 0.0 0.0 0.0 0.0 1.0 0.0 0.0 0.0 0.0 0.0 0.0 0.0 0.0 0.0 0.0 0.0 0.0 0.0 0.0 0.0 0.0 0.0 0.0 0.0 0.0 0.0 0.0 0.0 0.0 0.0 0.0 0.0 0.0 0.0 0.0 0.0 0.0 0.0 0.0 0.0 0.0 0.0 0.0 0.0 0.0 0.0 0.0 0.0 0.0 0.0 0.0 0.0 0.0 0.0 0.0
-15.20833 -12.29088 -4.85281 -0.81508 1.84352 10.95302 7.60323 -1.93988 2.52761 -8.90401 2 2 2 1 0 0 0 0 0 0 0 0 1 0 0 0 1 0 0 0 0 1 0 1 11 1 0 1 5 1 0 0 1 0 1 0 1 0 0 0 0 1 0 0 0 0 0 0 0 1 0 0 1 0 1 0 0 1 0 11 1 11 2 12 2 0.8 1 0 0 0 0 31 1 4 0 14 0 11 11 2.0 0.666666666667 3.0 11.0 0.846153846154 13.0 1.0 0.0 0.0 0.0 0.0 0.0 1.0 0.0 0.0 0.0 1.0 0.0 0.0 0.0 0.0 0.0 0.0 1.0 0.0 0.0 0.0 0.0 0.0 0.0 0.0 0.0 0.0 0.0 0.0 0.0 0.0 0.0 0.0 0.0 0.0 0.0 0.0 0.0 0.0 0.0 0.0 0.0 0.0 0.0 0.0 0.0 0.0 0.0 0.0 0.0 0.0 0.0 0.0 0.0 0.0 0.0 0.0 0.0 0.0 0.0
-10.23802 -2.5336 7.3064 25.45306 23.86179 26.98029 29.27079 24.65432 17.48201 3.00601 2 2 0 0 1 0 0 0 1 0 0 0 0 0 0 1 0 0 0 0 0 2 0 0 12 2 0 0 0 0 1 1 0 0 1 0 0 0 0 1 0 1 0 0 0 1 0 0 0 0 0 1 0 0 0 1 1 0 0 12 0 12 1 13 1 0.867 0 1 0 0 0 62 1 4 0 14 1 16 5 2.0 0.666666666667 3.0 12.0 0.923076923077 13.0 1.0 0.0 0.0 0.0 0.0 0.0 1.0 0.0 0.0 0.0 1.0 0.0 0.0 0.0 0.0 0.0 0.0 1.0 0.0 0.0 0.0 0.0 0.0 0.0 0.0 0.0 0.0 0.0 0.0 0.0 0.0 0.0 0.0 0.0 0.0 0.0 0.0 0.0 0.0 0.0 0.0 0.0 0.0 0.0 0.0 0.0 0.0 0.0 0.0 0.0 0.0 0.0 0.0 0.0 0.0 0.0 0.0 0.0 0.0 0.0
