224.700971081 224.693187652 224.677615739 224.654245675 224.623064053 224.584055033 224.537202055 224.482489966 224.419907514 224.349450204 2 0 2 0 0 1 0 0 0 1 0 0 0 0 0 0 1 0 0 0 0 0 1 16 0 0 1 10 0 0 1 0 1 0 1 0 130 0 0 0 1 0 0 0 1 0 0 0 0 0 1 0 0 0 0 1 0 1 0 0 0 1 0 0 16 0 17 1 17 0.053 0 0 1 0 0 131 12
224.271123493 224.18494627 224.090954618 223.989205799 223.87978244 223.762796866 223.638395548 223.506763613 223.368129374 223.222768841 2 2 2 0 1 0 0 0 0 0 0 1 0 0 0 0 0 0 1 0 0 0 1 15 1 0 1 9 1 0 1 0 1 0 1 0 0 0 0 0 1 0 0 0 0 1 0 0 0 0 1 0 0 0 0 1 0 0 1 0 0 1 0 1 15 1 16 2 16 0.105 0 1 0 0 0 9 13
223.071010145 222.913237847 222.749897072 222.581497429 222.408616655 222.23190395 222.052082958 221.869954339 221.686397897 221.502374229 2 2 2 0 0 0 1 0 0 0 1 0 0 0 0 0 0 0 0 1 0 0 1 14 2 0 1 8 2 0 1 0 1 0 1 0 0 0 0 0 1 0 0 0 0 1 0 0 0 0 1 0 0 0 0 1 0 0 1 0 0 1 0 2 14 2 15 3 15 0.158 0 0 0 1 0 2 13
221.31892585 221.137177768 220.95833747 220.783694302 220.614618203 220.452557798 220.299037811 220.1556558 220.024078198 219.906035675 2 2 2 0 0 0 0 1 0 0 0 0 1 0 0 0 1 0 0 0 0 0 1 13 3 0 1 7 3 0 1 0 1 0 1 0 0 0 0 0 1 0 0 0 0 1 0 0 0 0 1 0 0 0 0 1 0 0 1 0 0 1 0 3 13 3 14 4 14 0.211 0 0 0 0 1 312 5
219.8033178 219.717767026 219.651272008 219.605760265 219.583190217 219.585542606 219.614811355 219.672993881 219.762080915 219.884045856 2 2 2 0 1 0 0 0 0 0 0 0 0 1 0 0 1 0 0 0 0 0 1 12 4 0 1 6 4 0 1 0 1 0 1 0 0 0 0 0 1 0 0 0 0 1 0 0 0 0 1 0 0 0 0 1 0 0 1 0 0 1 0 4 12 4 13 5 13 0.263 0 1 0 0 0 151 5
220.040833735 220.234349808 220.466447858 220.738918256 221.053475839 221.411747678 221.815260794 222.2654299 222.763545227 223.310760524 2 2 2 0 1 0 0 0 0 0 1 0 0 0 0 0 0 0 0 1 0 0 1 11 5 0 1 5 5 0 1 0 1 0 1 0 0 0 0 0 1 0 0 0 0 1 0 0 0 0 1 0 0 0 0 1 0 0 1 0 0 1 0 5 11 5 12 6 12 0.316 0 1 0 0 0 142 5
223.908081282 224.556353279 225.256251493 226.008269486 226.812709303 227.669671968 228.579048658 229.540512595 230.553511749 231.61726239 2 2 2 0 0 0 0 1 0 0 1 0 0 0 0 0 0 1 0 0 0 0 1 10 6 0 1 4 6 0 1 0 1 0 1 0 0 0 0 0 1 0 0 0 0 1 0 0 0 0 1 0 0 0 0 1 0 0 1 0 0 1 0 6 10 6 11 7 11 0.368 0 0 0 0 1 78 5
232.730743566 233.892692547 235.101601295 236.355714004 237.653025743 238.99128226 240.367980947 241.780373022 243.225466929 244.700032972 2 2 2 0 0 1 0 0 0 0 0 0 0 1 0 0 0 0 0 1 0 0 1 9 7 0 1 3 7 0 1 0 1 0 1 0 0 0 0 0 1 0 0 0 0 1 0 0 0 0 1 0 0 0 0 1 0 0 1 0 0 1 0 7 9 7 10 8 10 0.421 0 0 1 0 0 2499 5
246.200609202 247.723508543 249.264827161 250.820454064 252.386081916 253.957219026 255.529202512 257.097212563 258.656287793 260.201341608 2 2 2 0 0 0 0 1 0 0 0 1 0 0 0 0 0 0 0 1 0 0 1 8 8 0 1 2 8 0 1 0 1 0 1 0 0 0 0 0 1 0 0 0 0 1 0 0 0 0 1 0 0 0 0 1 0 0 1 0 0 1 0 8 8 8 9 9 9 0.474 0 0 0 0 1 228 5
261.727179544 263.228517516 264.700000901 266.136224389 267.531752523 268.881140843 270.178957554 271.419805617 272.598345175 273.709316218 2 2 2 0 0 0 0 1 0 0 0 0 0 1 0 0 0 0 0 1 0 0 1 7 9 0 1 1 9 0 1 0 1 0 1 0 0 0 0 0 1 0 0 0 0 1 0 0 0 0 1 0 0 0 0 1 0 0 1 0 0 1 0 9 7 9 8 10 8 0.526 0 0 0 0 1 2499 8
274.747561384 275.708048793 276.585894809 277.376386634 278.075004611 278.677444149 279.179637151 279.577772843 279.868317901 280.048035782 2 2 2 0 0 0 0 1 0 0 0 0 0 1 1 0 0 0 0 0 0 0 1 6 10 0 1 0 10 0 1 0 1 1 0 122.568 0 0 122.568 0 1 0 0 0 0 1 0 0 0 0 1 0 0 0 0 1 0 0 1 0 0 0 1 10 6 10 7 11 7 0.579 0 0 0 0 1 228 8
280.114005143 280.063637268 279.894692402 279.605294905 279.19394714 278.65954202 278.001374134 277.219149389 276.3129931 275.283456477 2 2 2 1 0 0 0 0 0 0 0 0 0 1 0 0 0 0 0 1 0 0 0 5 11 0 0 5 11 1 0 0 1 0 1 125.568 122.568 122.568 125.568 0 1 0 0 0 0 1 0 0 0 0 1 0 0 0 0 0 1 0 1 0 0 1 0 11 5 11 6 12 6 0.632 1 0 0 0 0 55 8
274.131521456 272.858603836 271.466554684 269.957659983 268.334638498 266.600637862 264.759228862 262.814397943 260.770537935 258.63243703 2 2 2 0 0 0 0 1 1 0 0 0 0 0 0 0 0 1 0 0 0 1 0 4 12 1 0 4 0 0 1 1 0 0 1 0 125.568 125.568 0 0 1 0 0 0 0 1 0 0 0 0 1 0 0 0 0 1 0 0 0 1 0 1 0 12 4 12 5 13 5 0.684 0 0 0 0 1 1252 8
256.405266033 254.09456393 251.706221815 249.246465226 246.721834962 244.139166434 241.505567641 238.828395839 236.115233001 233.373860161 2 2 2 0 0 1 0 0 0 0 0 0 0 1 0 0 1 0 0 0 0 1 0 3 13 1 0 3 1 0 1 0 1 0 1 0 0 0 0 0 1 0 0 0 0 1 0 0 0 0 1 0 0 0 0 1 0 0 1 0 0 1 0 13 3 13 4 14 4 0.737 0 0 1 0 0 7 2
230.612230736 227.838442939 225.060711394 222.287338057 219.526682573 216.787132184 214.077071317 211.404850967 208.778758021 206.206984637 2 2 2 0 1 0 0 0 0 0 0 1 0 0 0 0 0 0 0 1 0 1 0 2 14 1 0 2 2 0 1 0 1 0 1 0 0 0 0 0 1 0 0 0 0 1 0 0 0 0 1 0 0 0 0 1 0 0 1 0 0 1 0 14 2 14 3 15 3 0.789 0 1 0 0 0 734 1
203.697597809 201.258509256 198.897445751 196.621920026 194.439202369 192.356293047 190.379895661 188.516391551 186.771815373 185.151831936 2 2 2 0 0 0 0 1 0 0 1 0 0 0 0 0 1 0 0 0 0 1 0 1 15 1 0 1 3 0 1 0 1 0 1 0 0 0 0 0 1 0 0 0 0 1 0 0 0 0 0 0 1 0 0 1 0 0 1 0 0 1 0 15 1 15 2 16 2 0.842 0 0 0 0 1 146 1
183.661714411 182.306324011 181.090091212 180.016998617 179.090565531 178.313834306 177.689358528 177.219193093 176.904886214 176.747473394 2 2 0 0 1 0 0 0 0 0 0 0 0 1 0 1 0 0 0 0 0 1 0 0 16 1 0 0 4 0 1 0 1 0 1 110 0 0 0 0 0 0 1 0 0 1 0 0 0 1 0 0 0 0 0 1 0 0 1 0 1 0 0 16 0 16 1 17 1 0.895 0 1 0 0 0 27 1
