368.503442015 368.159796842 367.473879708 366.448434353 365.087569638 363.396751304 361.382790796 359.053830946 356.41932832 353.490031996 2 0 2 1 0 0 0 0 0 1 0 0 0 0 1 0 0 0 0 0 0 0 4 11 0 0 4 0 0 1 0 0 1 1 0 137.51849 134.259 0 137.51849 0 1 0 0 0 1 0 0 0 0 0 1 0 0 0 0 0 1 1 0 0 0 0 1 0 11 0 12 1 12 0.071 1 0 0 0 0 798 5
350.277958476 346.796362479 343.059703278 339.083606299 334.884819656 330.481165329 325.891484705 321.135578216 316.234138858 311.208679406 2 2 2 1 0 0 0 0 1 0 0 0 0 0 1 0 0 0 0 0 0 0 3 10 1 0 3 0 0 1 0 1 0 1 0 136.037 137.51849 137.51849 136.037 0 1 0 0 0 0 1 0 0 0 0 1 0 0 0 0 0 1 0 0 1 0 0 1 1 10 1 11 2 11 0.143 1 0 0 0 0 806 5
306.081453184 300.875368321 295.613895471 290.320969052 285.02088213 279.738175154 274.497518834 269.32359153 264.240951609 259.273905326 2 2 2 1 0 0 0 0 1 0 0 0 0 0 0 0 0 0 0 1 0 1 2 9 2 1 2 3 0 1 0 1 0 0 1 134.29601 136.037 136.037 134.29601 0 1 0 0 0 0 1 0 0 0 0 1 0 0 0 0 0 1 0 0 1 0 1 0 2 9 2 10 3 10 0.214 1 0 0 0 0 302 5
254.446370852 249.781739168 245.302732623 241.031262035 236.98828327 233.193654321 229.665993949 226.422543009 223.479029605 220.849539278 2 2 2 0 0 0 0 1 1 0 0 0 0 0 0 0 0 0 1 0 0 2 2 8 3 2 2 2 0 0 1 1 0 0 1 0 134.29601 134.29601 0 0 1 0 0 0 0 1 0 0 0 0 1 0 0 0 0 1 0 0 0 1 0 1 0 3 8 3 9 4 9 0.286 0 0 0 0 1 549 5
218.546391411 216.580023069 214.958881479 213.689326319 212.775542981 212.219467907 212.020727038 212.176588365 212.681929454 213.529220764 2 2 2 0 0 0 1 0 0 0 0 0 0 1 0 0 0 1 0 0 0 2 2 7 4 2 2 1 1 0 1 0 1 0 1 0 0 0 0 0 1 0 0 0 0 1 0 0 0 0 1 0 0 0 0 1 0 0 1 0 0 1 0 4 7 4 8 5 8 0.357 0 0 0 1 0 574 5
214.708525424 216.207516049 218.011509039 220.103516663 222.464317083 225.072542346 227.90478418 230.935717307 234.138239797 237.483629848 2 2 2 0 0 1 0 0 0 0 0 0 1 0 1 0 0 0 0 0 0 2 2 6 5 2 2 0 2 0 1 0 1 1 0 125.37 0 0 125.37 0 1 0 0 0 0 1 0 0 0 0 1 0 0 0 0 1 0 0 1 0 0 0 1 5 6 5 7 6 7 0.429 0 0 1 0 0 181 1
240.941718192 244.48107521 248.069211623 251.67279156 255.257856582 258.790059183 262.234904113 265.557995802 268.725290048 271.703348057 2 2 2 1 0 0 0 0 0 0 0 1 0 0 1 0 0 0 0 0 0 2 1 5 6 2 1 0 3 1 0 0 1 1 0 128.6295 125.37 125.37 128.6295 0 1 0 0 0 0 1 0 0 0 0 1 0 0 0 0 0 1 0 1 0 0 0 1 6 5 6 6 7 6 0.5 1 0 0 0 0 2281 1
274.459590865 276.962552118 279.182127163 281.089816388 282.658960748 283.864967466 284.685523896 285.100797658 285.093621173 284.649658877 2 2 2 1 0 0 0 0 1 0 0 0 0 0 0 0 0 0 0 1 0 3 0 4 7 3 0 4 0 1 0 1 0 0 1 126.889 128.6295 128.6295 126.889 0 1 0 0 0 0 1 0 0 0 0 1 0 0 0 0 0 1 0 0 1 0 1 0 7 4 7 5 8 5 0.571 1 0 0 0 0 2202 1
283.757555483 282.40906379 280.599150707 278.32608031 275.591472908 272.400339326 268.761089766 264.685516836 260.188752536 255.289199227 2 2 2 0 0 0 0 1 1 0 0 0 0 0 0 0 0 0 0 1 0 4 0 3 8 4 0 3 0 0 1 1 0 0 1 0 126.889 126.889 0 0 1 0 0 0 0 1 0 0 0 0 1 0 0 0 0 1 0 0 0 1 0 1 0 8 3 8 4 9 4 0.643 0 0 0 0 1 425 8
250.008434804 244.371092517 238.404716135 232.139591299 225.608554198 218.846778827 211.891544341 204.78198416 197.558818665 190.264073484 2 2 2 0 0 0 0 1 0 0 0 0 0 1 0 0 0 0 0 1 0 4 0 2 9 4 0 2 1 0 1 0 1 0 1 0 0 0 0 0 1 0 0 0 0 1 0 0 0 0 1 0 0 0 0 1 0 0 1 0 0 1 0 9 2 9 3 10 3 0.714 0 0 0 0 1 609 8
182.940785489 175.632698752 168.383952826 161.238765764 154.241114388 147.434414328 140.861202394 134.562823819 128.5791269 122.948167515 2 2 2 0 0 0 0 1 0 0 0 0 0 1 0 0 1 0 0 0 0 4 0 1 10 4 0 1 2 0 1 0 1 0 1 0 0 0 0 0 1 0 0 0 0 1 0 0 0 0 0 0 1 0 0 1 0 0 1 0 0 1 0 10 1 10 2 11 2 0.786 0 0 0 0 1 189 5
117.705925898 112.886038007 108.519543669 104.634653578 101.256537047 98.4071322894 96.1049807748 94.3650870414 93.1988051238 92.613752538 2 2 0 0 1 0 0 0 0 0 0 0 0 1 0 1 0 0 0 0 0 4 0 0 11 4 0 0 3 0 1 0 1 0 1 110 0 0 0 0 0 0 1 0 0 1 0 0 0 1 0 0 0 0 0 1 0 0 1 0 1 0 0 11 0 11 1 12 1 0.857 0 1 0 0 0 69 5
