139.999 140.042 140.127 136.424 128.258 115.547 90.313 59.876 38.01 3.98 2 0 2 0 0 0 0 1 0 1 0 0 0 0 0 0 1 0 0 0 0 0 2 20 0 0 2 1 0 0 1 0 1 0 1 0 130 0 0 0 1 0 0 0 1 0 0 0 0 0 1 0 0 0 0 1 0 1 0 0 0 1 0 0 20 0 21 1 8 0.1 0 0 0 0 1 103 5
-38.151 -40.84 -35.869 -31.177 -31.375 -53.595 -73.635 -76.285 -77.126 -76.782 2 2 2 0 1 0 0 0 0 0 0 0 0 1 1 0 0 0 0 0 0 0 2 19 1 0 2 0 1 0 1 0 1 1 0 132.674 0 0 132.674 0 1 0 0 0 0 1 0 0 0 0 1 0 0 0 0 1 0 0 1 0 0 0 1 1 19 1 20 2 7 0.2 0 1 0 0 0 162 5
-61.929 -43.296 -28.062 -12.851 1.827 10.956 17.708 22.832 25.667 23.22 2 2 2 1 0 0 0 0 0 0 1 0 0 0 0 0 0 1 0 0 0 0 1 18 2 0 1 11 2 1 0 0 1 0 1 135.674 132.674 132.674 135.674 0 1 0 0 0 0 1 0 0 0 0 1 0 0 0 0 0 1 0 1 0 0 1 0 2 18 2 19 3 6 0.3 1 0 0 0 0 48 5
10.822 -6.583 -22.785 -43.113 -62.745 -64.256 -54.708 -41.332 -32.698 -30.483 2 2 2 0 0 1 0 0 1 0 0 0 0 0 0 0 1 0 0 0 0 1 1 17 3 1 1 10 0 0 1 1 0 0 1 0 135.674 135.674 0 0 1 0 0 0 0 1 0 0 0 0 1 0 0 0 0 1 0 0 0 1 0 1 0 3 17 3 18 4 5 0.4 0 0 1 0 0 483 5
-28.771 -26.239 -37.743 -59.757 -81.491 -92.747 -139.0 -166.41 -147.505 -35.311 2 2 2 0 1 0 0 0 0 0 0 1 0 0 0 0 0 1 0 0 0 1 1 16 4 1 1 9 1 0 1 0 1 0 1 0 0 0 0 0 1 0 0 0 0 1 0 0 0 0 1 0 0 0 0 1 0 0 1 0 0 1 0 4 16 4 17 5 4 0.5 0 1 0 0 0 69 5
-18.516 -15.214 -11.397 -9.458 -19.719 -24.613 -20.871 -6.942 11.493 26.299 2 2 2 0 0 1 0 0 0 0 1 0 0 0 0 0 0 0 0 1 0 1 1 15 5 1 1 8 2 0 1 0 1 0 1 0 0 0 0 0 1 0 0 0 0 1 0 0 0 0 1 0 0 0 0 1 0 0 1 0 0 1 0 5 15 5 16 6 3 0.6 0 0 1 0 0 1674 14
29.207 51.31 97.031 133.087 139.538 138.146 122.683 90.667 58.397 25.956 2 2 2 0 0 0 0 1 0 0 0 1 0 0 0 0 1 0 0 0 0 1 1 14 6 1 1 7 3 0 1 0 1 0 1 0 0 0 0 0 1 0 0 0 0 1 0 0 0 0 1 0 0 0 0 1 0 0 1 0 0 1 0 6 14 6 15 7 2 0.7 0 0 0 0 1 103 8
-6.698 -10.091 -6.16 -2.258 -1.905 -21.214 -45.134 -47.912 -44.165 -51.322 2 2 2 0 1 0 0 0 0 0 0 0 0 1 0 0 0 0 0 1 0 1 1 13 7 1 1 6 4 0 1 0 1 0 1 0 0 0 0 0 1 0 0 0 0 1 0 0 0 0 1 0 0 0 0 1 0 0 1 0 0 1 0 7 13 7 14 8 1 0.8 0 1 0 0 0 162 8
119.934 129.684 129.775 129.841 126.492 102.166 64.061 22.714 -16.836 -43.185 2 2 1 0 0 0 0 1 0 0 1 0 0 0 0 0 0 1 0 0 0 1 1 12 8 1 1 5 5 0 1 0 1 0 1 0 0 0 0 0 1 0 0 0 0 1 0 0 0 0 1 0 0 0 0 1 0 0 1 0 0 1 0 8 12 8 13 1 2 0.25 0 0 0 0 1 576 5
-51.178 -56.655 -58.556 -57.841 -53.731 -45.559 -26.716 -7.523 4.718 10.448 1 2 2 0 0 1 0 0 0 0 0 0 0 1 0 0 0 1 0 0 0 1 1 11 9 1 1 4 6 0 1 0 1 0 1 0 0 0 0 0 1 0 0 0 0 1 0 0 0 0 1 0 0 0 0 1 0 0 1 0 0 1 0 9 11 9 12 2 1 0.5 0 0 1 0 0 462 5
17.978 17.852 17.209 10.316 -0.187 -12.517 -20.114 -21.087 -19.496 -8.795 2 1 2 0 0 1 0 0 0 0 0 1 0 0 0 0 1 0 0 0 0 1 1 10 10 1 1 3 7 0 1 0 1 0 1 0 0 0 0 0 1 0 0 0 0 1 0 0 0 0 1 0 0 0 0 1 0 0 1 0 0 1 0 10 10 10 11 1 11 0.077 0 0 1 0 0 226 5
15.171 33.216 37.88 36.396 18.433 -16.625 -47.811 -67.04 -86.848 -90.685 2 2 2 0 1 0 0 0 0 0 0 1 0 0 0 0 0 0 0 1 0 1 1 9 11 1 1 2 8 0 1 0 1 0 1 0 0 0 0 0 1 0 0 0 0 1 0 0 0 0 1 0 0 0 0 1 0 0 1 0 0 1 0 11 9 11 10 2 10 0.154 0 1 0 0 0 110 5
-75.052 -53.868 -36.089 -18.422 -3.037 0.205 -1.099 -7.497 -16.428 -23.984 2 2 2 0 0 0 0 1 0 0 1 0 0 0 0 0 0 1 0 0 0 1 1 8 12 1 1 1 9 0 1 0 1 0 1 0 0 0 0 0 1 0 0 0 0 1 0 0 0 0 1 0 0 0 0 1 0 0 1 0 0 1 0 12 8 12 9 3 9 0.231 0 0 0 0 1 75 5
-29.501 -40.14 -52.096 -60.941 -65.474 -65.214 -65.037 -62.019 -45.105 -14.189 2 2 2 0 0 1 0 0 0 0 0 0 0 1 1 0 0 0 0 0 0 1 1 7 13 1 1 0 10 0 1 0 1 1 0 121.977 0 0 121.977 0 1 0 0 0 0 1 0 0 0 0 1 0 0 0 0 1 0 0 1 0 0 0 1 13 7 13 8 4 8 0.308 0 0 1 0 0 192 5
-4.5 -3.484 -2.258 27.459 82.577 87.394 86.002 87.675 91.331 92.771 2 2 2 1 0 0 0 0 0 0 0 1 0 0 0 0 0 0 0 1 0 1 0 6 14 1 0 6 11 1 0 0 1 0 1 124.977 121.977 121.977 124.977 0 1 0 0 0 0 1 0 0 0 0 1 0 0 0 0 0 1 0 1 0 0 1 0 14 6 14 7 5 7 0.385 1 0 0 0 0 29 8
94.857 106.614 119.37 116.703 87.004 53.179 12.853 -20.298 -42.155 -54.326 2 2 2 0 0 0 0 1 1 0 0 0 0 0 0 0 0 0 1 0 0 2 0 5 15 2 0 5 0 0 1 1 0 0 1 0 124.977 124.977 0 0 1 0 0 0 0 1 0 0 0 0 1 0 0 0 0 1 0 0 0 1 0 1 0 15 5 15 6 6 6 0.462 0 0 0 0 1 270 8
-55.629 -53.227 -52.893 -56.052 -57.49 -62.258 -75.426 -82.433 -70.085 -24.114 2 2 2 0 0 0 1 0 0 0 0 0 0 1 0 0 0 0 0 1 0 2 0 4 16 2 0 4 1 0 1 0 1 0 1 0 0 0 0 0 1 0 0 0 0 1 0 0 0 0 1 0 0 0 0 1 0 0 1 0 0 1 0 16 4 16 5 7 5 0.538 0 0 0 1 0 2 9
30.068 58.408 82.521 106.632 122.736 99.847 45.635 -11.936 -43.6 -37.48 2 2 1 0 0 0 0 1 0 0 0 0 1 0 0 0 0 1 0 0 0 2 0 3 17 2 0 3 2 0 1 0 1 0 1 0 0 0 0 0 1 0 0 0 0 1 0 0 0 0 1 0 0 0 0 1 0 0 1 0 0 1 0 17 3 17 4 8 4 0.615 0 0 0 0 1 576 5
-26.402 -24.385 -23.019 -21.429 -19.322 -14.978 -10.824 -1.951 6.375 14.382 1 2 2 0 0 1 0 0 0 0 0 0 0 1 0 0 0 0 0 1 0 2 0 2 18 2 0 2 3 0 1 0 1 0 1 0 0 0 0 0 1 0 0 0 0 1 0 0 0 0 1 0 0 0 0 1 0 0 1 0 0 1 0 18 2 18 3 9 3 0.692 0 0 1 0 0 462 5
30.185 58.308 83.486 82.682 60.926 37.835 13.819 -14.233 -29.213 -35.289 2 1 2 0 0 0 0 1 0 0 0 1 0 0 0 0 0 1 0 0 0 2 0 1 19 2 0 1 4 0 1 0 1 0 1 0 0 0 0 0 1 0 0 0 0 1 0 0 0 0 0 0 1 0 0 1 0 0 1 0 0 1 0 19 1 19 2 10 2 0.769 0 0 0 0 1 432 5
-38.882 -41.604 -47.886 -64.006 -59.832 -48.692 -33.405 -19.032 -6.221 -0.884 2 2 0 0 0 1 0 0 0 0 0 0 0 1 0 1 0 0 0 0 0 2 0 0 20 2 0 0 5 0 1 0 1 0 1 110 0 0 0 0 0 0 1 0 0 1 0 0 0 1 0 0 0 0 0 1 0 0 1 0 1 0 0 20 0 20 1 11 1 0.846 0 0 1 0 0 112 5
