352.781458051 352.506998001 351.95901663 351.139387757 350.050913021 348.697311016 347.083202872 345.214094347 343.096354495 340.737191001 2 0 2 0 0 0 0 1 0 1 0 0 0 0 0 0 0 0 0 1 0 0 3 18 0 0 3 1 0 0 1 0 1 0 1 0 130 0 0 0 1 0 0 0 1 0 0 0 0 0 1 0 0 0 0 1 0 1 0 0 0 1 0 0 18 0 19 1 19 0.048 0 0 0 0 1 1008 12
338.144622283 335.327446482 332.295207452 329.058157902 325.627219838 322.013942459 318.230457685 314.289433504 310.204025309 305.987825447 2 2 2 0 0 0 0 1 0 0 0 0 0 1 1 0 0 0 0 0 0 0 3 17 1 0 3 0 1 0 1 0 1 1 0 132.561 0 0 132.561 0 1 0 0 0 0 1 0 0 0 0 1 0 0 0 0 1 0 0 1 0 0 0 1 1 17 1 18 2 18 0.095 0 0 0 0 1 121 12
301.654811167 297.219291184 292.695851078 288.099297751 283.444603161 278.74684756 274.021162475 269.282673654 264.546444203 259.827418156 2 2 2 1 0 0 0 0 0 0 0 0 0 1 0 0 1 0 0 0 0 0 2 16 2 0 2 7 2 1 0 0 1 0 1 135.561 132.561 132.561 135.561 0 1 0 0 0 0 1 0 0 0 0 1 0 0 0 0 0 1 0 1 0 0 1 0 2 16 2 17 3 17 0.143 1 0 0 0 0 690 8
255.140364691 250.499823223 245.920049586 241.414963533 236.998097742 232.682548549 228.480928587 224.405321532 220.467239115 216.677580588 2 2 2 0 1 0 0 0 1 0 0 0 0 0 0 0 0 0 1 0 0 1 2 15 3 1 2 6 0 0 1 1 0 0 1 0 135.561 135.561 0 0 1 0 0 0 0 1 0 0 0 0 1 0 0 0 0 1 0 0 0 1 0 1 0 3 15 3 16 4 16 0.19 0 1 0 0 0 937 8
213.04659478 209.583844906 206.298176248 203.197686845 200.289701284 197.580747703 195.076538077 192.78195186 190.70102304 188.836930642 2 2 2 0 0 0 1 0 0 0 1 0 0 0 0 0 1 0 0 0 0 1 2 14 4 1 2 5 1 0 1 0 1 0 1 0 0 0 0 0 1 0 0 0 0 1 0 0 0 0 1 0 0 0 0 1 0 0 1 0 0 1 0 4 14 4 15 5 15 0.238 0 0 0 1 0 2 9
187.191992702 185.76766373 184.56453566 183.58234225 182.819966932 182.275454028 181.946023303 181.82808776 181.917274602 182.208449248 2 2 2 0 1 0 0 0 0 0 0 0 1 0 0 0 0 1 0 0 0 1 2 13 5 1 2 4 2 0 1 0 1 0 1 0 0 0 0 0 1 0 0 0 0 1 0 0 0 0 1 0 0 0 0 1 0 0 1 0 0 1 0 5 13 5 14 6 14 0.286 0 1 0 0 0 229 5
182.695742301 183.372579341 184.231713396 185.265259962 186.464734393 187.821091513 189.324767265 190.965722214 192.733486714 194.617207545 2 2 2 0 0 1 0 0 0 0 1 0 0 0 0 0 1 0 0 0 0 1 2 12 6 1 2 3 3 0 1 0 1 0 1 0 0 0 0 0 1 0 0 0 0 1 0 0 0 0 1 0 0 0 0 1 0 0 1 0 0 1 0 6 12 6 13 7 13 0.333 0 0 1 0 0 738 5
196.605695811 198.687475901 200.850835295 203.083875003 205.374560423 207.710772405 210.0803583 212.471182776 214.8711782 217.268394361 2 2 2 0 1 0 0 0 0 0 0 1 0 0 0 0 0 0 0 1 0 1 2 11 7 1 2 2 4 0 1 0 1 0 1 0 0 0 0 0 1 0 0 0 0 1 0 0 0 0 1 0 0 0 0 1 0 0 1 0 0 1 0 7 11 7 12 8 12 0.381 0 1 0 0 0 172 14
219.651047338 222.007567305 224.326645074 226.597277196 228.80880942 230.950978354 233.013951137 234.988362989 236.865352469 238.636594316 2 2 2 0 0 0 0 1 0 0 1 0 0 0 0 0 0 1 0 0 0 1 2 10 8 1 2 1 5 0 1 0 1 0 1 0 0 0 0 0 1 0 0 0 0 1 0 0 0 0 1 0 0 0 0 1 0 0 1 0 0 1 0 8 10 8 11 9 11 0.429 0 0 0 0 1 163 24
240.294329744 241.831394073 243.241241594 244.517967576 245.656327344 246.651752351 247.500363204 248.198979598 248.745127134 249.137041022 2 2 2 0 0 1 0 0 0 0 0 0 0 1 1 0 0 0 0 0 0 1 2 9 9 1 2 0 6 0 1 0 1 1 0 124.756 0 0 124.756 0 1 0 0 0 0 1 0 0 0 0 1 0 0 0 0 1 0 0 1 0 0 0 1 9 9 9 10 10 10 0.476 0 0 1 0 0 6 5
249.373666646 249.454657043 249.380367288 249.15184586 248.770823023 248.239696307 247.561513158 246.739950858 245.779293818 244.684408361 2 2 2 1 0 0 0 0 0 0 0 1 0 0 0 0 1 0 0 0 0 1 1 8 10 1 1 6 7 1 0 0 1 0 1 127.756 124.756 124.756 127.756 0 1 0 0 0 0 1 0 0 0 0 1 0 0 0 0 0 1 0 1 0 0 1 0 10 8 10 9 11 9 0.524 1 0 0 0 0 690 8
243.460715121 242.114159189 240.651178168 239.078668273 237.403948649 235.634724076 233.779046234 231.84527371 229.842030939 227.778166261 2 2 2 0 1 0 0 0 1 0 0 0 0 0 0 0 0 0 1 0 0 2 1 7 11 2 1 5 0 0 1 1 0 0 1 0 127.756 127.756 0 0 1 0 0 0 0 1 0 0 0 0 1 0 0 0 0 1 0 0 0 1 0 1 0 11 7 11 8 12 8 0.571 0 1 0 0 0 937 8
225.662709293 223.504827812 221.313784339 219.098892634 216.869474287 214.634815609 212.404125004 210.186491037 207.990841356 205.825902667 2 2 2 0 0 0 1 0 0 0 1 0 0 0 0 0 1 0 0 0 0 2 1 6 12 2 1 4 1 0 1 0 1 0 1 0 0 0 0 0 1 0 0 0 0 1 0 0 0 0 1 0 0 0 0 1 0 0 1 0 0 1 0 12 6 12 7 13 7 0.619 0 0 0 1 0 2 9
203.700161937 201.621828993 199.598800673 197.6386267 195.748477413 193.935113496 192.20485784 190.563569645 189.01662088 187.568875189 2 2 2 0 1 0 0 0 0 0 0 0 1 0 0 0 0 1 0 0 0 2 1 5 13 2 1 3 2 0 1 0 1 0 1 0 0 0 0 0 1 0 0 0 0 1 0 0 0 0 1 0 0 0 0 1 0 0 1 0 0 1 0 13 5 13 6 14 6 0.667 0 1 0 0 0 229 5
186.224669336 184.987797253 183.861496765 182.848439016 181.950720667 181.169858857 180.506788953 179.961865083 179.53486344 179.224988325 2 2 2 0 0 1 0 0 0 0 1 0 0 0 0 0 0 0 0 1 0 2 1 4 14 2 1 2 3 0 1 0 1 0 1 0 0 0 0 0 1 0 0 0 0 1 0 0 0 0 1 0 0 0 0 1 0 0 1 0 0 1 0 14 4 14 5 15 5 0.714 0 0 1 0 0 738 5
179.030880883 178.950630498 178.981788757 179.121385928 179.365949853 179.711527157 180.153706667 180.687644926 181.308093662 182.009429086 2 2 2 0 0 0 0 1 0 0 0 1 0 0 0 0 1 0 0 0 0 2 1 3 15 2 1 1 4 0 1 0 1 0 1 0 0 0 0 0 1 0 0 0 0 1 0 0 0 0 1 0 0 0 0 1 0 0 1 0 0 1 0 15 3 15 4 16 4 0.762 0 0 0 0 1 241 12
182.785682865 183.630574626 184.537545824 185.49979481 186.510312938 187.561921516 188.647309442 189.759071337 190.889745988 192.031854916 2 2 2 0 1 0 0 0 0 0 0 0 0 1 1 0 0 0 0 0 0 2 1 2 16 2 1 0 5 0 1 0 1 1 0 117.927 0 0 117.927 0 1 0 0 0 0 1 0 0 0 0 1 0 0 0 0 1 0 0 1 0 0 0 1 16 2 16 3 17 3 0.81 0 1 0 0 0 9 16
193.177940897 194.320606236 195.452550618 196.56660836 197.655784882 198.713292222 199.732583435 200.707385701 201.631731996 202.499991169 2 2 2 1 0 0 0 0 0 0 1 0 0 0 0 0 0 0 0 1 0 2 0 1 17 2 0 1 6 1 0 0 1 0 1 120.927 117.927 117.927 120.927 0 1 0 0 0 0 1 0 0 0 0 0 0 1 0 0 0 1 0 1 0 0 1 0 17 1 17 2 18 2 0.857 1 0 0 0 0 647 5
203.306896291 204.047571132 204.717554646 205.312823353 205.829811501 206.26542893 206.617076532 206.882659259 207.060596591 207.149830441 2 2 0 0 0 0 0 1 1 0 0 0 0 0 0 1 0 0 0 0 0 3 0 0 18 3 0 0 0 0 1 1 0 0 1 110 120.927 120.927 0 0 0 0 1 0 0 1 0 0 0 1 0 0 0 0 0 1 0 0 0 1 1 0 0 18 0 18 1 19 1 0.905 0 0 0 0 1 121 5
