17.882 16.551 8.339 8.577 8.573 13.267 3.323 -2.922 -1.895 -2.087 2 0 2 0 1 0 0 0 0 1 0 0 0 0 0 0 0 1 0 0 0 0 0 8 0 0 0 9 0 0 1 0 1 0 1 0 1 0 0 0 1 0 0 0 0 0 1 0 0 0 0 1 0 1 0 0 0 1 0 0 8 0 9 1 9 0.091 0 1 0 0 0 115 1 0 1 0 0 18 9 0.0 0.0 2.0 0.0 0.0 9.0 0.0 0.0 0.0 0.0 0.0 0.0 0.0 0.0 0.0 0.0 0.0 0.0 0.0 0.0 0.0 0.0 0.0 0.0 0.0 0.0 0.0 0.0 0.0 0.0 0.0 0.0 0.0 0.0 0.0 1.0 0.0 0.0 0.0 0.0 0.0 0.0 0.0 0.0 0.0 0.0 0.0 0.0 0.0 0.0 0.0 0.0 0.0 0.0 0.0 0.0 0.0 0.0 0.0 0.0 0.0 0.0 0.0 0.0 0.0 0.0
0.19 -0.23 11.088 13.705 15.764 18.107 16.793 20.613 31.145 42.614 2 2 2 0 0 1 0 0 0 0 1 0 0 0 0 0 0 0 0 1 0 0 0 7 1 0 0 8 1 0 1 0 1 0 1 0 1 0 0 0 0 1 0 0 0 0 1 0 0 0 0 1 0 0 1 0 0 1 0 1 7 1 8 2 8 0.182 0 0 1 0 0 13 1 0 1 0 1 4 26 0.0 0.0 2.0 1.0 0.111111111111 9.0 0.0 0.0 0.0 0.0 0.0 0.0 0.0 0.0 0.0 0.0 0.0 0.0 0.0 0.0 0.0 0.0 0.0 0.0 0.0 0.0 0.0 0.0 0.0 0.0 0.0 0.0 0.0 0.0 0.0 1.0 0.0 0.0 0.0 0.0 0.0 0.0 0.0 0.0 0.0 0.0 0.0 0.0 0.0 0.0 0.0 0.0 0.0 0.0 0.0 0.0 0.0 0.0 0.0 0.0 0.0 0.0 0.0 0.0 0.0 0.0
40.919 32.146 10.044 -6.395 -6.381 -9.051 -10.15 -9.03 -10.705 -13.085 2 2 2 0 0 0 0 1 0 0 0 1 0 0 0 0 1 0 0 0 0 0 0 6 2 0 0 7 2 0 1 0 1 0 1 0 1 0 0 0 0 1 0 0 0 0 1 0 0 0 0 1 0 0 1 0 0 1 0 2 6 2 7 3 7 0.273 0 0 0 0 1 14 1 1 1 1 0 2 1 0.0 0.0 2.0 2.0 0.222222222222 9.0 0.0 0.0 0.0 0.0 0.0 0.0 0.0 0.0 0.0 0.0 0.0 0.0 0.0 0.0 0.0 0.0 0.0 0.0 0.0 0.0 0.0 0.0 0.0 0.0 0.0 0.0 0.0 0.0 1.0 0.0 0.0 0.0 0.0 0.0 0.0 0.0 0.0 0.0 0.0 0.0 0.0 0.0 0.0 1.0 0.0 0.0 0.0 0.0 0.0 0.0 0.0 0.0 0.0 0.0 0.0 0.0 0.0 0.0 0.0 0.0
-17.374 -7.373 2.146 9.32 12.333 2.472 4.954 13.456 16.501 23.722 2 2 2 0 1 0 0 0 0 0 0 0 0 1 0 0 0 0 0 1 0 0 0 5 3 0 0 6 3 0 1 0 1 0 1 0 1 0 0 0 0 1 0 0 0 0 1 0 0 0 0 1 0 0 1 0 0 1 0 3 5 3 6 4 6 0.364 0 1 0 0 0 141 1 1 1 1 1 11 13 0.0 0.0 2.0 3.0 0.333333333333 9.0 0.0 0.0 0.0 0.0 0.0 0.0 0.0 0.0 0.0 0.0 0.0 0.0 0.0 0.0 0.0 0.0 0.0 0.0 0.0 0.0 0.0 0.0 0.0 0.0 0.0 0.0 0.0 0.0 1.0 0.0 0.0 0.0 0.0 0.0 0.0 0.0 0.0 0.0 0.0 0.0 0.0 0.0 0.0 1.0 0.0 0.0 0.0 0.0 0.0 0.0 0.0 0.0 0.0 0.0 0.0 0.0 0.0 0.0 0.0 0.0
35.996 24.821 11.537 2.973 4.39 16.304 11.232 21.267 37.791 34.829 2 2 2 0 0 0 0 1 0 0 1 0 0 0 0 0 0 1 0 0 0 0 0 4 4 0 0 5 4 0 1 0 1 0 1 0 1 0 0 0 0 1 0 0 0 0 1 0 0 0 0 1 0 0 1 0 0 1 0 4 4 4 5 5 5 0.455 0 0 0 0 1 292 1 1 1 2 0 1 24 0.0 0.0 2.0 4.0 0.444444444444 9.0 0.0 0.0 0.0 0.0 0.0 0.0 0.0 0.0 0.0 0.0 0.0 0.0 0.0 0.0 0.0 0.0 0.0 0.0 0.0 1.0 0.0 0.0 0.0 0.0 0.0 0.0 0.0 0.0 0.0 0.0 0.0 0.0 0.0 0.0 0.0 0.0 0.0 0.0 0.0 0.0 0.0 0.0 1.0 0.0 0.0 0.0 0.0 0.0 0.0 0.0 0.0 0.0 0.0 0.0 0.0 0.0 0.0 0.0 0.0 0.0
31.36 27.155 26.178 26.53 30.654 28.634 32.13 36.449 27.225 7.521 2 2 2 0 0 1 0 0 0 0 0 0 0 1 0 0 0 0 0 1 0 0 0 3 5 0 0 4 5 0 1 0 1 0 1 0 1 0 0 0 0 1 0 0 0 0 1 0 0 0 0 1 0 0 1 0 0 1 0 5 3 5 4 6 4 0.545 0 0 1 0 0 1851 1 1 1 2 1 20 2 0.0 0.0 2.0 5.0 0.555555555556 9.0 0.0 0.0 0.0 0.0 0.0 0.0 0.0 0.0 0.0 0.0 0.0 0.0 0.0 0.0 0.0 0.0 0.0 0.0 0.0 1.0 0.0 0.0 0.0 0.0 0.0 0.0 0.0 0.0 0.0 0.0 0.0 0.0 0.0 0.0 0.0 0.0 0.0 0.0 0.0 0.0 0.0 0.0 1.0 0.0 0.0 0.0 0.0 0.0 0.0 0.0 0.0 0.0 0.0 0.0 0.0 0.0 0.0 0.0 0.0 0.0
2.313 -4.622 -1.266 -9.122 -12.502 -4.855 16.966 37.519 53.889 54.172 2 2 2 0 0 0 0 1 0 0 0 1 0 0 0 0 0 1 0 0 0 0 0 2 6 0 0 3 6 0 1 0 1 0 1 0 1 0 0 0 0 1 0 0 0 0 1 0 0 0 0 1 0 0 1 0 0 1 0 6 2 6 3 7 3 0.636 0 0 0 0 1 277 1 1 1 2 2 6 8 0.0 0.0 2.0 6.0 0.666666666667 9.0 0.0 0.0 0.0 0.0 0.0 0.0 0.0 0.0 0.0 0.0 0.0 0.0 0.0 0.0 0.0 0.0 0.0 0.0 0.0 1.0 0.0 0.0 0.0 0.0 0.0 0.0 0.0 0.0 0.0 0.0 0.0 0.0 0.0 0.0 0.0 0.0 0.0 0.0 0.0 0.0 0.0 0.0 1.0 0.0 0.0 0.0 0.0 0.0 0.0 0.0 0.0 0.0 0.0 0.0 0.0 0.0 0.0 0.0 0.0 0.0
55.301 28.034 18.149 5.499 0.681 2.963 10.634 28.65 33.002 28.973 2 2 1 0 0 1 0 0 0 0 0 0 0 1 0 0 1 0 0 0 0 0 0 1 7 0 0 2 7 0 1 0 1 0 1 0 1 0 0 0 0 1 0 0 0 0 0 0 1 0 0 1 0 0 1 0 0 1 0 7 1 7 2 8 2 0.727 0 0 1 0 0 1022 1 1 1 2 3 22 9 0.0 0.0 2.0 7.0 0.777777777778 9.0 0.0 0.0 0.0 0.0 0.0 0.0 0.0 0.0 0.0 0.0 0.0 0.0 0.0 0.0 0.0 0.0 0.0 0.0 0.0 1.0 0.0 0.0 0.0 0.0 0.0 0.0 0.0 0.0 0.0 0.0 0.0 0.0 0.0 0.0 0.0 0.0 0.0 0.0 0.0 0.0 0.0 0.0 1.0 0.0 0.0 0.0 0.0 0.0 0.0 0.0 0.0 0.0 0.0 0.0 0.0 0.0 0.0 0.0 0.0 0.0
33.403 24.807 0.432 -17.543 -18.714 -1.602 -11.511 2.394 31.663 49.63 1 2 2 0 1 0 0 0 0 0 0 1 0 0 0 0 0 1 0 0 0 0 0 0 8 0 0 1 8 0 1 0 1 0 1 0 0 0 1 0 0 1 0 0 0 0 1 0 0 0 0 1 0 0 1 0 0 1 0 8 0 8 1 9 1 0.818 0 1 0 0 0 134 1 1 1 2 4 0 12 0.0 0.0 2.0 8.0 0.888888888889 9.0 0.0 0.0 0.0 0.0 0.0 0.0 0.0 0.0 0.0 0.0 0.0 0.0 0.0 0.0 0.0 0.0 0.0 0.0 0.0 1.0 0.0 0.0 0.0 0.0 0.0 0.0 0.0 0.0 0.0 0.0 0.0 0.0 0.0 0.0 0.0 0.0 0.0 0.0 0.0 0.0 0.0 0.0 1.0 0.0 0.0 0.0 0.0 0.0 0.0 0.0 0.0 0.0 0.0 0.0 0.0 0.0 0.0 0.0 0.0 0.0
7.499 3.854 18.019 14.086 18.835 13.388 18.223 17.137 14.725 -4.348 2 1 2 0 0 1 0 0 0 0 1 0 0 0 1 0 0 0 0 0 0 0 3 10 0 0 3 0 9 0 1 0 1 1 0 0 1 0 0 0 0 0 0 1 0 0 1 0 0 0 0 1 0 0 1 0 0 0 1 0 10 0 11 1 11 0.077 0 0 1 0 0 1849 1 1 7 3 0 17 26 1.0 0.5 2.0 0.0 0.0 11.0 0.0 0.0 0.0 0.0 0.0 0.0 0.0 0.0 0.0 0.0 0.0 0.0 0.0 0.0 0.0 0.0 0.0 0.0 0.0 0.0 0.0 0.0 0.0 0.0 0.0 0.0 0.0 0.0 0.0 1.0 0.0 0.0 0.0 0.0 0.0 0.0 0.0 0.0 0.0 0.0 0.0 0.0 0.0 0.0 0.0 0.0 0.0 0.0 0.0 0.0 0.0 0.0 0.0 0.0 0.0 0.0 0.0 0.0 0.0 0.0
4.254 -9.446 -8.595 -3.532 3.718 10.993 11.517 9.02 8.141 3.198 2 2 2 1 0 0 0 0 0 0 0 1 0 0 1 0 0 0 0 0 0 0 2 9 1 0 2 0 10 1 0 0 1 1 0 0 1 0 0 0 0 1 0 0 0 0 1 0 0 0 0 0 1 0 1 0 0 0 1 1 9 1 10 2 10 0.154 1 0 0 0 0 58 1 1 7 3 1 3 16 1.0 0.5 2.0 1.0 0.0909090909091 11.0 0.0 0.0 0.0 0.0 0.0 0.0 0.0 0.0 0.0 0.0 0.0 0.0 0.0 0.0 0.0 0.0 0.0 0.0 0.0 0.0 0.0 0.0 0.0 0.0 0.0 0.0 0.0 0.0 0.0 1.0 0.0 0.0 0.0 0.0 0.0 0.0 0.0 0.0 0.0 0.0 0.0 0.0 0.0 0.0 0.0 0.0 0.0 0.0 0.0 0.0 0.0 0.0 0.0 0.0 0.0 0.0 0.0 0.0 0.0 0.0
21.002 22.574 14.776 16.2 19.452 17.448 19.422 11.868 16.209 13.849 2 2 2 1 0 0 0 0 1 0 0 0 0 0 0 0 0 0 0 1 0 1 1 8 2 1 1 6 0 1 0 1 0 0 1 0 1 0 0 0 0 1 0 0 0 0 1 0 0 0 0 0 1 0 0 1 0 1 0 2 8 2 9 3 9 0.231 1 0 0 0 0 359 7 1 8 4 0 23 37 1.0 0.5 2.0 2.0 0.181818181818 11.0 0.0 1.0 0.0 0.0 0.0 0.0 0.0 0.0 0.0 0.0 0.0 0.0 0.0 0.0 0.0 0.0 1.0 0.0 1.0 0.0 1.0 0.0 0.0 0.0 0.0 0.0 0.0 0.0 1.0 0.0 0.0 0.0 0.0 0.0 0.0 0.0 0.0 0.0 0.0 0.0 0.0 0.0 0.0 0.0 0.0 0.0 0.0 0.0 0.0 0.0 0.0 0.0 0.0 0.0 0.0 0.0 0.0 0.0 0.0 0.0
7.411 -2.403 -9.049 -9.106 12.55 27.693 36.327 36.497 37.784 31.13 2 2 2 0 0 0 0 1 1 0 0 0 0 0 0 0 0 0 1 0 0 2 1 7 3 2 1 5 0 0 1 1 0 0 1 0 1 0 0 0 0 1 0 0 0 0 1 0 0 0 0 1 0 0 0 1 0 1 0 3 7 3 8 4 8 0.308 0 0 0 0 1 321 7 1 8 4 1 5 16 1.0 0.5 2.0 3.0 0.272727272727 11.0 0.0 1.0 0.0 0.0 0.0 0.0 0.0 0.0 0.0 0.0 0.0 0.0 0.0 0.0 0.0 0.0 1.0 0.0 1.0 0.0 1.0 0.0 0.0 0.0 0.0 0.0 0.0 0.0 1.0 0.0 0.0 0.0 0.0 0.0 0.0 0.0 0.0 0.0 0.0 0.0 0.0 0.0 0.0 0.0 0.0 0.0 0.0 0.0 0.0 0.0 0.0 0.0 0.0 0.0 0.0 0.0 0.0 0.0 0.0 0.0
19.106 9.758 4.808 -0.262 -4.824 -8.848 -7.949 -5.255 -10.684 -61.458 2 2 2 0 0 0 1 0 0 0 0 0 0 1 0 0 0 0 0 1 0 2 1 6 4 2 1 4 1 0 1 0 1 0 1 0 1 0 0 0 0 1 0 0 0 0 1 0 0 0 0 1 0 0 1 0 0 1 0 4 6 4 7 5 7 0.385 0 0 0 1 0 4 8 7 1 5 0 20 8 1.0 0.5 2.0 4.0 0.363636363636 11.0 0.0 0.0 0.0 0.0 0.0 0.0 0.0 0.0 0.0 0.0 0.0 0.0 0.0 0.0 0.0 0.0 0.0 0.0 0.0 0.0 0.0 1.0 0.0 0.0 0.0 0.0 0.0 0.0 0.0 0.0 0.0 0.0 0.0 0.0 0.0 0.0 0.0 0.0 0.0 0.0 0.0 0.0 0.0 0.0 0.0 0.0 0.0 0.0 0.0 0.0 0.0 0.0 0.0 0.0 0.0 0.0 0.0 0.0 0.0 0.0
-117.983 -101.967 -47.926 2.924 25.545 19.19 4.746 4.87 15.85 29.922 2 2 2 0 0 0 0 1 0 0 0 0 1 0 0 0 0 0 0 1 0 2 1 5 5 2 1 3 2 0 1 0 1 0 1 0 1 0 0 0 0 1 0 0 0 0 1 0 0 0 0 1 0 0 1 0 0 1 0 5 5 5 6 6 6 0.462 0 0 0 0 1 317 1 8 1 6 0 23 20 1.0 0.5 2.0 5.0 0.454545454545 11.0 0.0 0.0 0.0 0.0 0.0 0.0 0.0 0.0 0.0 0.0 0.0 0.0 0.0 0.0 0.0 0.0 0.0 0.0 0.0 0.0 0.0 0.0 0.0 0.0 0.0 0.0 0.0 0.0 0.0 1.0 0.0 0.0 0.0 0.0 0.0 0.0 0.0 0.0 0.0 0.0 0.0 0.0 0.0 0.0 0.0 0.0 0.0 0.0 0.0 0.0 0.0 0.0 0.0 0.0 0.0 0.0 0.0 0.0 0.0 0.0
53.455 49.935 53.864 61.408 70.02 81.311 85.087 91.616 84.489 77.283 2 2 2 0 0 0 0 1 0 0 0 0 0 1 0 0 0 0 0 1 0 2 1 4 6 2 1 2 3 0 1 0 1 0 1 0 1 0 0 0 0 1 0 0 0 0 1 0 0 0 0 1 0 0 1 0 0 1 0 6 4 6 5 7 5 0.538 0 0 0 0 1 159 1 8 1 6 1 2 24 1.0 0.5 2.0 6.0 0.545454545455 11.0 0.0 0.0 0.0 0.0 0.0 0.0 0.0 0.0 0.0 0.0 0.0 0.0 0.0 0.0 0.0 0.0 0.0 0.0 0.0 0.0 0.0 0.0 0.0 0.0 0.0 0.0 0.0 0.0 0.0 1.0 0.0 0.0 0.0 0.0 0.0 0.0 0.0 0.0 0.0 0.0 0.0 0.0 0.0 0.0 0.0 0.0 0.0 0.0 0.0 0.0 0.0 0.0 0.0 0.0 0.0 0.0 0.0 0.0 0.0 0.0
50.808 41.923 26.161 33.919 30.964 20.18 17.118 6.385 -5.68 -15.177 2 2 2 0 0 0 0 1 0 0 0 0 0 1 0 0 1 0 0 0 0 2 1 3 7 2 1 1 4 0 1 0 1 0 1 0 1 0 0 0 0 1 0 0 0 0 1 0 0 0 0 1 0 0 1 0 0 1 0 7 3 7 4 8 4 0.615 0 0 0 0 1 71 1 1 1 7 0 22 2 1.0 0.5 2.0 7.0 0.636363636364 11.0 0.0 0.0 0.0 0.0 0.0 0.0 0.0 0.0 0.0 0.0 0.0 0.0 0.0 0.0 0.0 0.0 0.0 0.0 0.0 0.0 0.0 0.0 0.0 0.0 0.0 0.0 0.0 0.0 1.0 0.0 0.0 0.0 0.0 0.0 0.0 0.0 0.0 0.0 0.0 0.0 0.0 0.0 0.0 1.0 0.0 0.0 0.0 0.0 0.0 0.0 0.0 0.0 0.0 0.0 0.0 0.0 0.0 0.0 0.0 0.0
-5.25 -4.417 7.642 6.866 -5.779 -6.46 -46.229 -45.889 -20.11 28.939 2 2 2 0 1 0 0 0 0 0 0 0 0 1 1 0 0 0 0 0 0 2 1 2 8 2 1 0 5 0 1 0 1 1 0 0 1 0 0 0 0 1 0 0 0 0 1 0 0 0 0 1 0 0 1 0 0 0 1 8 2 8 3 9 3 0.692 0 1 0 0 0 62 1 1 1 7 1 16 5 1.0 0.5 2.0 8.0 0.727272727273 11.0 0.0 0.0 0.0 0.0 0.0 0.0 0.0 0.0 0.0 0.0 0.0 0.0 0.0 0.0 0.0 0.0 0.0 0.0 0.0 0.0 0.0 0.0 0.0 0.0 0.0 0.0 0.0 0.0 1.0 0.0 0.0 0.0 0.0 0.0 0.0 0.0 0.0 0.0 0.0 0.0 0.0 0.0 0.0 1.0 0.0 0.0 0.0 0.0 0.0 0.0 0.0 0.0 0.0 0.0 0.0 0.0 0.0 0.0 0.0 0.0
33.474 23.76 19.331 14.154 26.416 28.236 34.104 30.07 29.188 20.476 2 2 2 1 0 0 0 0 0 0 1 0 0 0 0 0 0 1 0 0 0 2 0 1 9 2 0 1 6 1 0 0 1 0 1 0 1 0 0 0 0 1 0 0 0 0 0 0 0 1 0 0 1 0 1 0 0 1 0 9 1 9 2 10 2 0.769 1 0 0 0 0 2166 1 1 0 8 0 15 20 1.0 0.5 2.0 9.0 0.818181818182 11.0 1.0 0.0 0.0 0.0 0.0 0.0 0.0 0.0 0.0 0.0 0.0 0.0 0.0 0.0 0.0 0.0 0.0 1.0 0.0 0.0 0.0 0.0 0.0 0.0 0.0 0.0 0.0 0.0 0.0 0.0 0.0 0.0 0.0 0.0 0.0 0.0 0.0 0.0 0.0 0.0 0.0 0.0 1.0 0.0 0.0 0.0 0.0 0.0 0.0 0.0 0.0 0.0 0.0 0.0 0.0 0.0 0.0 0.0 0.0 0.0
2.22 -10.498 -23.393 -33.022 -10.082 29.963 39.915 37.025 37.142 35.142 2 2 0 0 0 1 0 0 1 0 0 0 0 0 0 1 0 0 0 0 0 3 0 0 10 3 0 0 0 0 1 1 0 0 1 0 0 0 0 1 0 1 0 0 0 1 0 0 0 0 0 1 0 0 0 1 1 0 0 10 0 10 1 11 1 0.846 0 0 1 0 0 269 1 1 0 8 1 4 8 1.0 0.5 2.0 10.0 0.909090909091 11.0 1.0 0.0 0.0 0.0 0.0 0.0 0.0 0.0 0.0 0.0 0.0 0.0 0.0 0.0 0.0 0.0 0.0 1.0 0.0 0.0 0.0 0.0 0.0 0.0 0.0 0.0 0.0 0.0 0.0 0.0 0.0 0.0 0.0 0.0 0.0 0.0 0.0 0.0 0.0 0.0 0.0 0.0 1.0 0.0 0.0 0.0 0.0 0.0 0.0 0.0 0.0 0.0 0.0 0.0 0.0 0.0 0.0 0.0 0.0 0.0
