147.384 147.402 142.274 131.656 119.798 98.653 78.065 56.638 30.923 -1.259 2 0 2 0 0 0 0 1 0 1 0 0 0 0 0 0 0 1 0 0 0 0 4 22 0 0 4 2 0 0 1 0 1 0 1 0 130 0 0 0 1 0 0 0 1 0 0 0 0 0 1 0 0 0 0 1 0 1 0 0 0 1 0 0 22 0 23 1 10 0.083 0 0 0 0 1 292 1
-23.703 -34.396 -44.904 -55.397 -65.865 -72.659 -75.642 -72.582 -59.617 -47.718 2 2 2 0 0 1 0 0 0 0 0 0 0 1 0 0 0 0 0 1 0 0 4 21 1 0 4 1 1 0 1 0 1 0 1 0 0 0 0 0 1 0 0 0 0 1 0 0 0 0 1 0 0 0 0 1 0 0 1 0 0 1 0 1 21 1 22 2 9 0.167 0 0 1 0 0 396 1
-31.647 7.068 32.411 31.043 21.675 3.204 -22.26 -49.436 -60.24 -60.525 2 2 2 0 0 0 0 1 0 0 0 1 0 0 1 0 0 0 0 0 0 0 4 20 2 0 4 0 2 0 1 0 1 1 0 132.14301 0 0 132.14301 0 1 0 0 0 0 1 0 0 0 0 1 0 0 0 0 1 0 0 1 0 0 0 1 2 20 2 21 3 8 0.25 0 0 0 0 1 99 22
-53.766 -37.223 -16.791 -0.109 -1.804 -7.681 -7.782 -3.817 -1.096 1.643 2 2 2 1 0 0 0 0 0 0 0 0 0 1 0 0 0 0 0 1 0 0 3 19 3 0 3 4 3 1 0 0 1 0 1 135.14301 132.14301 132.14301 135.14301 0 1 0 0 0 0 1 0 0 0 0 1 0 0 0 0 0 1 0 1 0 0 1 0 3 19 3 20 4 7 0.333 1 0 0 0 0 58 22
12.038 24.413 -6.521 -39.436 -55.608 -63.948 -65.908 -70.458 -68.857 -65.752 2 2 2 0 0 0 0 1 1 0 0 0 0 0 0 0 0 1 0 0 0 1 3 18 4 1 3 3 0 0 1 1 0 0 1 0 135.14301 135.14301 0 0 1 0 0 0 0 1 0 0 0 0 1 0 0 0 0 1 0 0 0 1 0 1 0 4 18 4 19 5 6 0.417 0 0 0 0 1 5 14
-63.692 -59.387 -56.805 -55.81 -56.261 -56.219 -52.483 -35.064 -15.18 -8.875 2 2 2 0 0 1 0 0 0 0 0 0 0 1 0 0 0 0 0 1 0 1 3 17 5 1 3 2 1 0 1 0 1 0 1 0 0 0 0 0 1 0 0 0 0 1 0 0 0 0 1 0 0 0 0 1 0 0 1 0 0 1 0 5 17 5 18 6 5 0.5 0 0 1 0 0 42 1
-3.806 10.359 24.467 38.559 57.893 71.176 70.36 60.192 44.218 30.721 2 2 2 0 0 0 0 1 0 0 0 1 0 0 0 0 0 0 0 1 0 1 3 16 6 1 3 1 2 0 1 0 1 0 1 0 0 0 0 0 1 0 0 0 0 1 0 0 0 0 1 0 0 0 0 1 0 0 1 0 0 1 0 6 16 6 17 7 4 0.583 0 0 0 0 1 277 1
29.453 42.367 58.982 69.056 62.776 41.195 19.133 -0.057 -18.341 -29.174 2 2 2 0 0 0 0 1 0 0 0 0 0 1 1 0 0 0 0 0 0 1 3 15 7 1 3 0 3 0 1 0 1 1 0 128.061 0 0 128.061 0 1 0 0 0 0 1 0 0 0 0 1 0 0 0 0 1 0 0 1 0 0 0 1 7 15 7 16 8 3 0.667 0 0 0 0 1 694 1
-32.686 -26.068 -12.868 0.671 11.914 15.558 15.934 15.018 6.978 -3.263 2 2 2 1 0 0 0 0 0 0 0 0 0 1 1 0 0 0 0 0 0 1 2 14 8 1 2 0 4 1 0 0 1 1 0 131.653 128.061 128.061 131.653 0 1 0 0 0 0 1 0 0 0 0 1 0 0 0 0 0 1 0 1 0 0 0 1 8 14 8 15 9 2 0.75 1 0 0 0 0 184 1
-1.355 11.458 19.187 10.717 7.074 5.561 3.728 4.043 7.025 1.81 2 2 2 1 0 0 0 0 1 0 0 0 0 0 0 0 0 0 0 1 0 2 1 13 9 2 1 4 0 1 0 1 0 0 1 130.245 131.653 131.653 130.245 0 1 0 0 0 0 1 0 0 0 0 1 0 0 0 0 0 1 0 0 1 0 1 0 9 13 9 14 10 1 0.833 1 0 0 0 0 368 1
109.365 109.185 109.018 108.865 109.697 114.889 107.233 71.999 33.715 7.084 2 2 2 0 0 0 0 1 1 0 0 0 0 0 0 0 0 1 0 0 0 3 1 12 10 3 1 3 0 0 1 1 0 0 1 0 130.245 130.245 0 0 1 0 0 0 0 1 0 0 0 0 1 0 0 0 0 1 0 0 0 1 0 1 0 10 12 10 13 1 12 0.071 0 0 0 0 1 277 1
-20.759 -44.79 -68.331 -80.022 -82.6 -80.049 -69.61 -50.863 -29.341 -23.03 2 2 2 0 0 1 0 0 0 0 0 0 0 1 0 0 0 1 0 0 0 3 1 11 11 3 1 2 1 0 1 0 1 0 1 0 0 0 0 0 1 0 0 0 0 1 0 0 0 0 1 0 0 0 0 1 0 0 1 0 0 1 0 11 11 11 12 2 11 0.143 0 0 1 0 0 591 1
-25.931 -31.916 -38.041 -44.138 -50.207 -55.105 -55.845 -53.005 -48.309 -51.527 2 2 2 0 0 1 0 0 0 0 0 1 0 0 0 0 0 1 0 0 0 3 1 10 12 3 1 1 2 0 1 0 1 0 1 0 0 0 0 0 1 0 0 0 0 1 0 0 0 0 1 0 0 0 0 1 0 0 1 0 0 1 0 12 10 12 11 3 10 0.214 0 0 1 0 0 716 1
-59.34 -56.898 -55.79 -65.174 -70.425 -73.62 -75.149 -69.026 -50.924 -34.074 2 2 2 0 0 1 0 0 0 0 0 1 0 0 1 0 0 0 0 0 0 3 1 9 13 3 1 0 3 0 1 0 1 1 0 123.16299 0 0 123.16299 0 1 0 0 0 0 1 0 0 0 0 1 0 0 0 0 1 0 0 1 0 0 0 1 13 9 13 10 4 9 0.286 0 0 1 0 0 281 1
-21.983 -0.315 23.248 46.836 70.448 95.802 111.49 113.645 101.21 79.478 2 2 2 1 0 0 0 0 0 0 0 1 0 0 0 0 0 1 0 0 0 3 0 8 14 3 0 8 4 1 0 0 1 0 1 126.163 123.16299 123.16299 126.163 0 1 0 0 0 0 1 0 0 0 0 1 0 0 0 0 0 1 0 1 0 0 1 0 14 8 14 9 5 8 0.357 1 0 0 0 0 996 3
56.417 44.106 28.647 4.188 -14.465 -20.326 -20.023 -19.034 -16.682 -11.746 2 2 2 0 0 1 0 0 1 0 0 0 0 0 0 0 0 1 0 0 0 4 0 7 15 4 0 7 0 0 1 1 0 0 1 0 126.163 126.163 0 0 1 0 0 0 0 1 0 0 0 0 1 0 0 0 0 1 0 0 0 1 0 1 0 15 7 15 8 6 7 0.429 0 0 1 0 0 6 3
-4.66 -2.917 -8.822 -23.797 -40.213 -43.316 -29.014 7.739 63.834 99.907 2 2 2 0 0 1 0 0 0 0 0 1 0 0 0 0 1 0 0 0 0 4 0 6 16 4 0 6 1 0 1 0 1 0 1 0 0 0 0 0 1 0 0 0 0 1 0 0 0 0 1 0 0 0 0 1 0 0 1 0 0 1 0 16 6 16 7 7 6 0.5 0 0 1 0 0 170 5
95.127 72.844 50.012 31.091 9.365 -21.995 -64.172 -70.936 -70.17 -45.709 2 2 2 0 1 0 0 0 0 0 0 1 0 0 0 0 0 0 0 1 0 4 0 5 17 4 0 5 2 0 1 0 1 0 1 0 0 0 0 0 1 0 0 0 0 1 0 0 0 0 1 0 0 0 0 1 0 0 1 0 0 1 0 17 5 17 6 8 5 0.571 0 1 0 0 0 100 5
-16.085 4.147 24.013 28.999 16.719 -0.99 -12.607 -15.983 -12.565 -7.613 2 2 2 0 0 0 0 1 0 0 1 0 0 0 0 0 0 0 0 1 0 4 0 4 18 4 0 4 3 0 1 0 1 0 1 0 0 0 0 0 1 0 0 0 0 1 0 0 0 0 1 0 0 0 0 1 0 0 1 0 0 1 0 18 4 18 5 9 4 0.643 0 0 0 0 1 33 14
-2.193 7.215 23.142 40.062 59.208 73.891 76.717 67.852 39.462 5.86 2 2 2 0 0 0 0 1 0 0 0 0 0 1 0 0 0 1 0 0 0 4 0 3 19 4 0 3 4 0 1 0 1 0 1 0 0 0 0 0 1 0 0 0 0 1 0 0 0 0 1 0 0 0 0 1 0 0 1 0 0 1 0 19 3 19 4 10 3 0.714 0 0 0 0 1 189 5
-1.44 -4.699 -8.895 -15.541 -30.818 -38.633 -40.547 -39.617 -32.532 -21.533 2 2 2 0 0 1 0 0 0 0 0 0 0 1 0 0 1 0 0 0 0 4 0 2 20 4 0 2 5 0 1 0 1 0 1 0 0 0 0 0 1 0 0 0 0 1 0 0 0 0 1 0 0 0 0 1 0 0 1 0 0 1 0 20 2 20 3 11 2 0.786 0 0 1 0 0 69 5
-4.022 9.259 18.81 19.829 7.54 -18.187 -44.082 -46.852 -46.501 -46.18 2 2 2 0 1 0 0 0 0 0 0 1 0 0 0 0 0 0 0 1 0 4 0 1 21 4 0 1 6 0 1 0 1 0 1 0 0 0 0 0 1 0 0 0 0 1 0 0 0 0 0 0 1 0 0 1 0 0 1 0 0 1 0 21 1 21 2 12 1 0.857 0 1 0 0 0 142 8
14.323 14.587 14.822 15.028 15.205 14.958 5.566 -16.643 -23.185 -13.69 2 2 0 0 0 0 0 1 0 0 1 0 0 0 0 1 0 0 0 0 0 4 0 0 22 4 0 0 7 0 1 0 1 0 1 110 0 0 0 0 0 0 1 0 0 1 0 0 0 1 0 0 0 0 0 1 0 0 1 0 1 0 0 22 0 22 1 1 1 0.333 0 0 0 0 1 586 8
