-28.83168 -24.22517 -34.39905 -33.69052 -34.30575 -32.53749 -26.73126 -33.0151 -28.8049 -29.79512 2 0 2 0 0 0 0 1 0 1 0 0 0 0 0 0 0 0 0 1 0 0 3 19 0 0 3 1 0 0 1 0 1 0 1 0 1 0 0 0 1 0 0 0 0 0 1 0 0 0 0 1 0 1 0 0 0 1 0 0 19 0 20 1 20 0.045 0 0 0 0 1 33 11 0 7 0 0 2 29 0.0 0.0 2.0 0.0 0.0 20.0 0.0 1.0 0.0 0.0 0.0 0.0 0.0 0.0 0.0 0.0 0.0 0.0 0.0 0.0 0.0 0.0 0.0 0.0 0.0 0.0 0.0 0.0 0.0 0.0 0.0 0.0 0.0 0.0 0.0 0.0 0.0 0.0 0.0 0.0 0.0 0.0 1.0 0.0 0.0 0.0 0.0 0.0 0.0 0.0 0.0 0.0 0.0 0.0 0.0 0.0 0.0 0.0 0.0 0.0 0.0 0.0 0.0 0.0 0.0 0.0
-53.61147 -31.44035 -2.5963 13.82484 9.47777 6.41786 -4.9427 -13.8245 -31.5657 -35.94897 2 2 2 0 0 0 0 1 0 0 0 0 0 1 1 0 0 0 0 0 0 0 3 18 1 0 3 0 1 0 1 0 1 1 0 0 1 0 0 0 0 1 0 0 0 0 1 0 0 0 0 1 0 0 1 0 0 0 1 1 18 1 19 2 19 0.091 0 0 0 0 1 301 7 11 7 1 0 1 3 0.0 0.0 2.0 1.0 0.05 20.0 0.0 0.0 0.0 0.0 0.0 0.0 0.0 0.0 0.0 0.0 0.0 0.0 0.0 0.0 0.0 0.0 0.0 0.0 0.0 0.0 0.0 0.0 0.0 0.0 0.0 0.0 0.0 0.0 0.0 0.0 0.0 0.0 0.0 0.0 1.0 0.0 0.0 1.0 0.0 0.0 0.0 0.0 0.0 0.0 0.0 0.0 0.0 0.0 0.0 0.0 0.0 0.0 0.0 0.0 0.0 0.0 0.0 0.0 0.0 0.0
-43.28127 -29.08967 -8.06505 -4.40649 -10.10195 -7.10546 -7.26271 -6.00259 -10.41708 -6.19507 2 2 2 1 0 0 0 0 0 0 0 0 0 1 0 0 0 0 0 1 0 0 2 17 2 0 2 1 2 1 0 0 1 0 1 0 1 0 0 0 0 1 0 0 0 0 1 0 0 0 0 0 1 0 1 0 0 1 0 2 17 2 18 3 18 0.136 1 0 0 0 0 310 7 11 7 1 1 16 32 0.0 0.0 2.0 2.0 0.1 20.0 0.0 0.0 0.0 0.0 0.0 0.0 0.0 0.0 0.0 0.0 0.0 0.0 0.0 0.0 0.0 0.0 0.0 0.0 0.0 0.0 0.0 0.0 0.0 0.0 0.0 0.0 0.0 0.0 0.0 0.0 0.0 0.0 0.0 0.0 1.0 0.0 0.0 1.0 0.0 0.0 0.0 0.0 0.0 0.0 0.0 0.0 0.0 0.0 0.0 0.0 0.0 0.0 0.0 0.0 0.0 0.0 0.0 0.0 0.0 0.0
-20.04428 -12.19662 22.76415 22.06413 27.32755 20.34271 9.95035 1.13595 -2.44772 1.91103 2 2 2 0 0 0 0 1 1 0 0 0 0 0 1 0 0 0 0 0 0 1 2 16 3 1 2 0 0 0 1 1 0 1 0 0 1 0 0 0 0 1 0 0 0 0 1 0 0 0 0 1 0 0 0 1 0 0 1 3 16 3 17 4 17 0.182 0 0 0 0 1 301 7 7 1 2 0 1 3 0.0 0.0 2.0 3.0 0.15 20.0 0.0 0.0 1.0 0.0 0.0 0.0 0.0 0.0 0.0 0.0 0.0 0.0 0.0 0.0 0.0 0.0 1.0 0.0 0.0 0.0 0.0 0.0 0.0 0.0 0.0 0.0 0.0 0.0 0.0 0.0 0.0 0.0 0.0 0.0 0.0 1.0 0.0 0.0 0.0 0.0 0.0 0.0 0.0 0.0 0.0 0.0 0.0 0.0 0.0 0.0 0.0 0.0 0.0 0.0 0.0 0.0 0.0 0.0 0.0 0.0
-4.3898 -2.44029 0.17823 4.71116 8.83765 4.15069 4.79877 16.86157 12.51758 17.15495 2 2 2 1 0 0 0 0 0 0 0 0 0 1 0 0 0 0 0 1 0 1 1 15 4 1 1 4 1 1 0 0 1 0 1 0 1 0 0 0 0 1 0 0 0 0 1 0 0 0 0 0 1 0 1 0 0 1 0 4 15 4 16 5 16 0.227 1 0 0 0 0 528 7 7 1 2 1 15 19 0.0 0.0 2.0 4.0 0.2 20.0 0.0 0.0 1.0 0.0 0.0 0.0 0.0 0.0 0.0 0.0 0.0 0.0 0.0 0.0 0.0 0.0 1.0 0.0 0.0 0.0 0.0 0.0 0.0 0.0 0.0 0.0 0.0 0.0 0.0 0.0 0.0 0.0 0.0 0.0 0.0 1.0 0.0 0.0 0.0 0.0 0.0 0.0 0.0 0.0 0.0 0.0 0.0 0.0 0.0 0.0 0.0 0.0 0.0 0.0 0.0 0.0 0.0 0.0 0.0 0.0
22.17221 34.04492 29.20308 19.41146 18.68417 -0.48235 -21.74092 -37.46143 -22.2205 -11.48231 2 2 2 0 0 0 0 1 1 0 0 0 0 0 0 0 0 0 0 1 0 2 1 14 5 2 1 3 0 0 1 1 0 0 1 0 1 0 0 0 0 1 0 0 0 0 1 0 0 0 0 1 0 0 0 1 0 1 0 5 14 5 15 6 15 0.273 0 0 0 0 1 207 1 7 7 3 0 2 16 0.0 0.0 2.0 5.0 0.25 20.0 0.0 0.0 0.0 0.0 0.0 0.0 0.0 0.0 0.0 0.0 0.0 0.0 0.0 0.0 0.0 0.0 0.0 1.0 0.0 0.0 0.0 0.0 0.0 0.0 0.0 0.0 0.0 0.0 0.0 0.0 0.0 0.0 0.0 0.0 0.0 0.0 0.0 0.0 0.0 0.0 0.0 0.0 0.0 0.0 0.0 0.0 0.0 0.0 0.0 0.0 0.0 0.0 0.0 0.0 0.0 0.0 0.0 0.0 0.0 0.0
-4.52432 9.14418 20.85836 33.02164 29.51126 14.65299 10.01554 7.00751 6.4873 0.29431 2 2 2 0 0 0 0 1 0 0 0 0 0 1 0 0 0 1 0 0 0 2 1 13 6 2 1 2 1 0 1 0 1 0 1 0 1 0 0 0 0 1 0 0 0 0 1 0 0 0 0 1 0 0 1 0 0 1 0 6 13 6 14 7 14 0.318 0 0 0 0 1 296 1 7 7 3 1 9 9 0.0 0.0 2.0 6.0 0.3 20.0 0.0 0.0 0.0 0.0 0.0 0.0 0.0 0.0 0.0 0.0 0.0 0.0 0.0 0.0 0.0 0.0 0.0 1.0 0.0 0.0 0.0 0.0 0.0 0.0 0.0 0.0 0.0 0.0 0.0 0.0 0.0 0.0 0.0 0.0 0.0 0.0 0.0 0.0 0.0 0.0 0.0 0.0 0.0 0.0 0.0 0.0 0.0 0.0 0.0 0.0 0.0 0.0 0.0 0.0 0.0 0.0 0.0 0.0 0.0 0.0
-14.4582 -13.91269 -11.85653 -12.83439 -7.71816 5.3321 3.89412 -5.11192 -5.45965 8.3348 2 2 2 0 0 1 0 0 0 0 0 0 0 1 0 0 0 1 0 0 0 2 1 12 7 2 1 1 2 0 1 0 1 0 1 0 1 0 0 0 0 1 0 0 0 0 1 0 0 0 0 1 0 0 1 0 0 1 0 7 12 7 13 8 13 0.364 0 0 1 0 0 388 7 1 1 4 0 13 1 0.0 0.0 2.0 7.0 0.35 20.0 0.0 0.0 0.0 1.0 0.0 0.0 0.0 0.0 0.0 0.0 0.0 0.0 0.0 0.0 0.0 0.0 0.0 0.0 0.0 0.0 0.0 0.0 0.0 0.0 0.0 0.0 0.0 0.0 0.0 0.0 0.0 0.0 0.0 0.0 1.0 0.0 0.0 0.0 0.0 0.0 0.0 0.0 0.0 0.0 0.0 0.0 0.0 0.0 0.0 0.0 0.0 0.0 0.0 0.0 0.0 0.0 0.0 0.0 0.0 0.0
1.5986 1.27894 2.40969 -6.6418 -38.24998 -45.13946 -31.97073 -28.1297 -17.18783 -8.90656 2 2 2 0 0 1 0 0 0 0 0 1 0 0 1 0 0 0 0 0 0 2 1 11 8 2 1 0 3 0 1 0 1 1 0 0 1 0 0 0 0 1 0 0 0 0 1 0 0 0 0 1 0 0 1 0 0 0 1 8 11 8 12 9 12 0.409 0 0 1 0 0 1443 7 1 1 4 1 15 34 0.0 0.0 2.0 8.0 0.4 20.0 0.0 0.0 0.0 1.0 0.0 0.0 0.0 0.0 0.0 0.0 0.0 0.0 0.0 0.0 0.0 0.0 0.0 0.0 0.0 0.0 0.0 0.0 0.0 0.0 0.0 0.0 0.0 0.0 0.0 0.0 0.0 0.0 0.0 0.0 1.0 0.0 0.0 0.0 0.0 0.0 0.0 0.0 0.0 0.0 0.0 0.0 0.0 0.0 0.0 0.0 0.0 0.0 0.0 0.0 0.0 0.0 0.0 0.0 0.0 0.0
2.1336 8.59565 4.47362 12.31749 20.3299 25.51713 23.77995 19.27817 22.20016 24.98286 2 2 2 1 0 0 0 0 0 0 0 1 0 0 0 0 0 1 0 0 0 2 0 10 9 2 0 14 4 1 0 0 1 0 1 0 1 0 0 0 0 1 0 0 0 0 1 0 0 0 0 0 1 0 1 0 0 1 0 9 10 9 11 10 11 0.455 1 0 0 0 0 2815 1 7 7 5 0 17 13 0.0 0.0 2.0 9.0 0.45 20.0 0.0 0.0 0.0 0.0 0.0 0.0 0.0 0.0 0.0 0.0 0.0 0.0 0.0 0.0 0.0 0.0 0.0 0.0 0.0 1.0 0.0 0.0 0.0 0.0 0.0 0.0 0.0 0.0 0.0 0.0 0.0 0.0 0.0 0.0 0.0 0.0 0.0 0.0 0.0 0.0 0.0 0.0 0.0 0.0 0.0 0.0 0.0 0.0 0.0 0.0 0.0 0.0 0.0 0.0 0.0 0.0 0.0 0.0 0.0 0.0
25.10718 14.30608 -5.81372 -19.06658 -20.5961 -10.12087 -4.98904 0.38289 25.84703 33.71325 2 2 2 0 0 1 0 0 1 0 0 0 0 0 0 0 1 0 0 0 0 3 0 9 10 3 0 13 0 0 1 1 0 0 1 0 1 0 0 0 0 1 0 0 0 0 1 0 0 0 0 1 0 0 0 1 0 1 0 10 9 10 10 11 10 0.5 0 0 1 0 0 1443 1 7 7 5 1 15 34 0.0 0.0 2.0 10.0 0.5 20.0 0.0 0.0 0.0 0.0 0.0 0.0 0.0 0.0 0.0 0.0 0.0 0.0 0.0 0.0 0.0 0.0 0.0 0.0 0.0 1.0 0.0 0.0 0.0 0.0 0.0 0.0 0.0 0.0 0.0 0.0 0.0 0.0 0.0 0.0 0.0 0.0 0.0 0.0 0.0 0.0 0.0 0.0 0.0 0.0 0.0 0.0 0.0 0.0 0.0 0.0 0.0 0.0 0.0 0.0 0.0 0.0 0.0 0.0 0.0 0.0
23.26588 17.97221 16.20676 16.85869 10.94373 1.53594 -14.47608 -63.2565 -77.73682 -59.28312 2 2 2 0 1 0 0 0 0 0 0 1 0 0 0 0 0 0 0 1 0 3 0 8 11 3 0 12 1 0 1 0 1 0 1 0 1 0 0 0 0 1 0 0 0 0 1 0 0 0 0 1 0 0 1 0 0 1 0 11 8 11 9 12 9 0.545 0 1 0 0 0 392 7 1 1 6 0 5 24 0.0 0.0 2.0 11.0 0.55 20.0 0.0 0.0 1.0 0.0 0.0 0.0 0.0 0.0 0.0 0.0 0.0 0.0 0.0 0.0 0.0 0.0 1.0 0.0 1.0 0.0 0.0 0.0 0.0 0.0 0.0 0.0 0.0 0.0 0.0 0.0 0.0 0.0 0.0 0.0 0.0 1.0 0.0 0.0 0.0 0.0 0.0 0.0 0.0 0.0 0.0 0.0 0.0 0.0 0.0 0.0 0.0 0.0 0.0 0.0 0.0 0.0 0.0 0.0 0.0 0.0
-25.09146 8.22588 30.52273 21.30971 12.5056 -6.10331 -28.39865 -36.93445 -28.87699 -19.52 2 2 2 0 0 0 0 1 0 0 1 0 0 0 0 0 0 1 0 0 0 3 0 7 12 3 0 11 2 0 1 0 1 0 1 0 1 0 0 0 0 1 0 0 0 0 1 0 0 0 0 1 0 0 1 0 0 1 0 12 7 12 8 13 8 0.591 0 0 0 0 1 301 7 1 1 6 1 1 3 0.0 0.0 2.0 12.0 0.6 20.0 0.0 0.0 1.0 0.0 0.0 0.0 0.0 0.0 0.0 0.0 0.0 0.0 0.0 0.0 0.0 0.0 1.0 0.0 1.0 0.0 0.0 0.0 0.0 0.0 0.0 0.0 0.0 0.0 0.0 0.0 0.0 0.0 0.0 0.0 0.0 1.0 0.0 0.0 0.0 0.0 0.0 0.0 0.0 0.0 0.0 0.0 0.0 0.0 0.0 0.0 0.0 0.0 0.0 0.0 0.0 0.0 0.0 0.0 0.0 0.0
-15.48741 -8.38855 2.86596 6.83403 12.33647 1.0929 -3.10879 -6.41384 -1.97875 11.87484 2 2 2 0 0 1 0 0 0 0 0 0 0 1 0 0 0 0 0 1 0 3 0 6 13 3 0 10 3 0 1 0 1 0 1 0 1 0 0 0 0 1 0 0 0 0 1 0 0 0 0 1 0 0 1 0 0 1 0 13 6 13 7 14 7 0.636 0 0 1 0 0 838 1 7 14 7 0 3 7 0.0 0.0 2.0 13.0 0.65 20.0 0.0 0.0 0.0 0.0 0.0 0.0 0.0 0.0 0.0 0.0 0.0 1.0 0.0 0.0 0.0 0.0 0.0 0.0 0.0 0.0 0.0 0.0 0.0 0.0 0.0 0.0 0.0 0.0 0.0 0.0 0.0 0.0 0.0 0.0 0.0 0.0 0.0 0.0 0.0 0.0 1.0 0.0 0.0 0.0 0.0 0.0 0.0 0.0 0.0 0.0 0.0 0.0 0.0 0.0 0.0 0.0 0.0 0.0 0.0 0.0
-6.15733 -6.245 -5.8275 -2.20699 -3.77567 12.20308 20.05109 26.1511 42.13093 44.53426 2 2 2 0 0 0 0 1 0 0 0 1 0 0 0 0 1 0 0 0 0 3 0 5 14 3 0 9 4 0 1 0 1 0 1 0 1 0 0 0 0 1 0 0 0 0 1 0 0 0 0 1 0 0 1 0 0 1 0 14 5 14 6 15 6 0.682 0 0 0 0 1 609 1 7 14 7 1 12 24 0.0 0.0 2.0 14.0 0.7 20.0 0.0 0.0 0.0 0.0 0.0 0.0 0.0 0.0 0.0 0.0 0.0 1.0 0.0 0.0 0.0 0.0 0.0 0.0 0.0 0.0 0.0 0.0 0.0 0.0 0.0 0.0 0.0 0.0 0.0 0.0 0.0 0.0 0.0 0.0 0.0 0.0 0.0 0.0 0.0 0.0 1.0 0.0 0.0 0.0 0.0 0.0 0.0 0.0 0.0 0.0 0.0 0.0 0.0 0.0 0.0 0.0 0.0 0.0 0.0 0.0
51.21735 45.81289 37.13942 28.20443 26.84827 23.81234 18.60333 11.50781 4.91574 -4.83864 2 2 2 0 1 0 0 0 0 0 0 0 0 1 0 0 0 0 0 1 0 3 0 4 15 3 0 8 5 0 1 0 1 0 1 0 1 0 0 0 0 1 0 0 0 0 1 0 0 0 0 1 0 0 1 0 0 1 0 15 4 15 5 16 5 0.727 0 1 0 0 0 27 14 1 1 8 0 2 11 0.0 0.0 2.0 15.0 0.75 20.0 0.0 0.0 0.0 0.0 0.0 0.0 0.0 0.0 0.0 0.0 0.0 0.0 0.0 0.0 0.0 0.0 0.0 0.0 0.0 0.0 0.0 0.0 0.0 0.0 0.0 0.0 0.0 0.0 0.0 0.0 0.0 0.0 0.0 0.0 0.0 0.0 0.0 0.0 0.0 0.0 0.0 1.0 0.0 0.0 0.0 0.0 0.0 0.0 0.0 0.0 0.0 0.0 0.0 0.0 0.0 0.0 0.0 0.0 0.0 0.0
11.31515 10.03134 21.77475 19.1834 21.20013 18.59594 14.95538 8.00678 -2.89587 -0.65132 2 2 2 0 0 0 0 1 0 0 1 0 0 0 0 0 0 0 0 1 0 3 0 3 16 3 0 7 6 0 1 0 1 0 1 0 1 0 0 0 0 1 0 0 0 0 1 0 0 0 0 1 0 0 1 0 0 1 0 16 3 16 4 17 4 0.773 0 0 0 0 1 53 1 14 1 9 0 23 8 0.0 0.0 2.0 16.0 0.8 20.0 0.0 0.0 0.0 0.0 0.0 0.0 0.0 0.0 0.0 0.0 0.0 1.0 0.0 0.0 0.0 0.0 0.0 0.0 0.0 0.0 0.0 0.0 0.0 0.0 0.0 0.0 0.0 0.0 0.0 0.0 0.0 0.0 0.0 0.0 0.0 0.0 0.0 0.0 0.0 0.0 0.0 0.0 0.0 0.0 0.0 0.0 0.0 0.0 0.0 0.0 0.0 0.0 0.0 0.0 0.0 0.0 0.0 0.0 0.0 0.0
7.89832 -8.068 -28.30438 -45.28309 -52.12953 -52.60357 -44.87838 -30.17153 -29.71159 -24.80444 2 2 2 0 0 0 0 1 0 0 0 0 0 1 0 0 0 1 0 0 0 3 0 2 17 3 0 6 7 0 1 0 1 0 1 0 1 0 0 0 0 1 0 0 0 0 1 0 0 0 0 1 0 0 1 0 0 1 0 17 2 17 3 18 3 0.818 0 0 0 0 1 197 1 14 1 9 1 22 24 0.0 0.0 2.0 17.0 0.85 20.0 0.0 0.0 0.0 0.0 0.0 0.0 0.0 0.0 0.0 0.0 0.0 1.0 0.0 0.0 0.0 0.0 0.0 0.0 0.0 0.0 0.0 0.0 0.0 0.0 0.0 0.0 0.0 0.0 0.0 0.0 0.0 0.0 0.0 0.0 0.0 0.0 0.0 0.0 0.0 0.0 0.0 0.0 0.0 0.0 0.0 0.0 0.0 0.0 0.0 0.0 0.0 0.0 0.0 0.0 0.0 0.0 0.0 0.0 0.0 0.0
-31.2511 -29.32867 -24.10804 -22.33158 -15.64136 -20.69853 -11.72663 -14.49228 -20.63429 -20.36187 2 2 2 0 0 1 0 0 0 0 0 0 0 1 0 0 0 1 0 0 0 3 0 1 18 3 0 5 8 0 1 0 1 0 1 0 1 0 0 0 0 1 0 0 0 0 0 0 1 0 0 1 0 0 1 0 0 1 0 18 1 18 2 19 2 0.864 0 0 1 0 0 304 1 1 7 10 0 20 19 0.0 0.0 2.0 18.0 0.9 20.0 0.0 0.0 0.0 0.0 0.0 0.0 0.0 0.0 0.0 0.0 1.0 0.0 0.0 0.0 0.0 0.0 0.0 1.0 0.0 0.0 0.0 0.0 0.0 0.0 0.0 0.0 0.0 0.0 0.0 0.0 0.0 0.0 0.0 0.0 0.0 0.0 0.0 0.0 0.0 0.0 0.0 0.0 0.0 0.0 0.0 0.0 0.0 0.0 0.0 0.0 0.0 0.0 0.0 0.0 0.0 0.0 0.0 0.0 0.0 0.0
-21.17276 -24.33756 -17.33351 -8.41293 -23.68867 -30.01845 -11.28425 -0.5113 -5.65091 -20.19674 2 2 2 0 0 1 0 0 0 0 0 1 0 0 0 0 0 0 0 1 0 3 0 0 19 3 0 4 9 0 1 0 1 0 1 0 0 0 1 0 0 1 0 0 0 0 1 0 0 0 0 1 0 0 1 0 0 1 0 19 0 19 1 20 1 0.909 0 0 1 0 0 479 1 1 7 10 1 13 11 0.0 0.0 2.0 19.0 0.95 20.0 0.0 0.0 0.0 0.0 0.0 0.0 0.0 0.0 0.0 0.0 1.0 0.0 0.0 0.0 0.0 0.0 0.0 1.0 0.0 0.0 0.0 0.0 0.0 0.0 0.0 0.0 0.0 0.0 0.0 0.0 0.0 0.0 0.0 0.0 0.0 0.0 0.0 0.0 0.0 0.0 0.0 0.0 0.0 0.0 0.0 0.0 0.0 0.0 0.0 0.0 0.0 0.0 0.0 0.0 0.0 0.0 0.0 0.0 0.0 0.0
10.91599 2.05499 -4.21246 -4.26634 -10.06497 -0.05132 10.93898 15.16789 12.55508 11.58616 2 2 2 0 0 0 0 1 0 0 0 1 0 0 0 0 0 1 0 0 0 0 0 3 0 0 0 3 10 0 1 0 1 0 1 0 1 0 0 0 0 0 0 1 0 0 1 0 0 0 0 1 0 0 1 0 0 1 0 0 3 0 4 1 4 0.167 0 0 0 0 1 103 7 1 1 11 0 5 20 1.0 0.5 2.0 0.0 0.0 4.0 0.0 0.0 0.0 1.0 0.0 0.0 0.0 0.0 0.0 0.0 0.0 0.0 0.0 0.0 0.0 0.0 1.0 0.0 0.0 0.0 0.0 0.0 0.0 0.0 0.0 0.0 0.0 0.0 0.0 0.0 0.0 0.0 0.0 0.0 0.0 0.0 0.0 0.0 0.0 0.0 0.0 0.0 0.0 0.0 0.0 0.0 0.0 0.0 0.0 0.0 0.0 0.0 0.0 0.0 0.0 0.0 0.0 0.0 0.0 0.0
7.75427 2.39839 1.0222 -6.53082 -4.3939 -4.33848 0.39804 8.45273 4.59506 -0.06033 2 2 2 0 0 1 0 0 0 0 0 0 0 1 0 0 0 1 0 0 0 0 0 2 1 0 0 2 11 0 1 0 1 0 1 0 1 0 0 0 0 1 0 0 0 0 1 0 0 0 0 1 0 0 1 0 0 1 0 1 2 1 3 2 3 0.333 0 0 1 0 0 37 7 1 1 11 1 15 21 1.0 0.5 2.0 1.0 0.25 4.0 0.0 0.0 0.0 1.0 0.0 0.0 0.0 0.0 0.0 0.0 0.0 0.0 0.0 0.0 0.0 0.0 1.0 0.0 0.0 0.0 0.0 0.0 0.0 0.0 0.0 0.0 0.0 0.0 0.0 0.0 0.0 0.0 0.0 0.0 0.0 0.0 0.0 0.0 0.0 0.0 0.0 0.0 0.0 0.0 0.0 0.0 0.0 0.0 0.0 0.0 0.0 0.0 0.0 0.0 0.0 0.0 0.0 0.0 0.0 0.0
2.09663 -3.79983 -2.24149 -5.83214 -0.03434 -10.29538 -5.24359 9.56323 25.1476 35.20619 2 2 2 0 0 1 0 0 0 0 0 1 0 0 0 0 1 0 0 0 0 0 0 1 2 0 0 1 12 0 1 0 1 0 1 0 1 0 0 0 0 1 0 0 0 0 0 0 0 1 0 1 0 0 1 0 0 1 0 2 1 2 2 3 2 0.5 0 0 1 0 0 95 1 7 0 12 0 13 35 1.0 0.5 2.0 2.0 0.5 4.0 1.0 0.0 0.0 0.0 0.0 0.0 0.0 0.0 0.0 0.0 0.0 0.0 0.0 0.0 0.0 0.0 0.0 1.0 0.0 0.0 0.0 0.0 0.0 0.0 0.0 0.0 0.0 0.0 0.0 0.0 0.0 0.0 0.0 0.0 0.0 0.0 0.0 0.0 0.0 0.0 0.0 0.0 0.0 0.0 0.0 0.0 0.0 0.0 0.0 0.0 0.0 0.0 0.0 0.0 0.0 0.0 0.0 0.0 0.0 0.0
34.75128 19.1592 8.4101 13.74236 2.46317 -8.95056 -5.33836 -3.01983 -1.59827 2.13823 2 2 0 0 1 0 0 0 0 0 0 1 0 0 0 1 0 0 0 0 0 0 0 0 3 0 0 0 13 0 1 0 1 0 1 0 0 0 0 1 0 1 0 0 0 1 0 0 0 0 0 1 0 0 1 0 1 0 0 3 0 3 1 4 1 0.667 0 1 0 0 0 259 1 7 0 12 1 17 24 1.0 0.5 2.0 3.0 0.75 4.0 1.0 0.0 0.0 0.0 0.0 0.0 0.0 0.0 0.0 0.0 0.0 0.0 0.0 0.0 0.0 0.0 0.0 1.0 0.0 0.0 0.0 0.0 0.0 0.0 0.0 0.0 0.0 0.0 0.0 0.0 0.0 0.0 0.0 0.0 0.0 0.0 0.0 0.0 0.0 0.0 0.0 0.0 0.0 0.0 0.0 0.0 0.0 0.0 0.0 0.0 0.0 0.0 0.0 0.0 0.0 0.0 0.0 0.0 0.0 0.0
