204.135364836 204.31675228 204.696006435 205.304464026 206.185192007 207.388580039 208.966971666 210.968725918 213.432147876 216.379744255 2 0 2 0 1 0 0 0 0 1 0 0 0 0 0 0 0 1 0 0 0 0 2 10 0 0 2 6 0 0 1 0 1 0 1 0 130 0 0 0 1 0 0 0 1 0 0 0 0 0 1 0 0 0 0 1 0 1 0 0 0 1 0 0 10 0 11 1 11 0.077 0 1 0 0 0 22 17
219.813247117 223.709805802 228.019676862 232.665648277 237.544323533 242.529270075 247.475913018 252.227936611 256.624850465 260.51029191 2 2 2 0 0 1 0 0 0 0 1 0 0 0 0 0 0 1 0 0 0 0 2 9 1 0 2 5 1 0 1 0 1 0 1 0 0 0 0 0 1 0 0 0 0 1 0 0 0 0 1 0 0 0 0 1 0 0 1 0 0 1 0 1 9 1 10 2 10 0.154 0 0 1 0 0 873 12
263.74057564 266.192971251 267.773190679 268.421601251 268.117744442 266.882831884 264.780003511 261.912261222 258.418127526 254.465214149 2 2 2 0 0 1 0 0 0 0 0 1 0 0 0 0 0 1 0 0 0 0 2 8 2 0 2 4 2 0 1 0 1 0 1 0 0 0 0 0 1 0 0 0 0 1 0 0 0 0 1 0 0 0 0 1 0 0 1 0 0 1 0 2 8 2 9 3 9 0.231 0 0 1 0 0 154 12
250.242012337 245.948326923 241.784863346 237.94253537 234.592087471 231.874617991 229.89354738 228.708502363 228.331485822 228.725579221 2 2 2 0 0 1 0 0 0 0 0 1 0 0 0 0 1 0 0 0 0 0 2 7 3 0 2 3 3 0 1 0 1 0 1 0 0 0 0 0 1 0 0 0 0 1 0 0 0 0 1 0 0 0 0 1 0 0 1 0 0 1 0 3 7 3 8 4 8 0.308 0 0 1 0 0 421 14
229.806286587 231.445484214 233.477796676 235.709085583 237.926620399 239.910407103 241.445085835 242.33177627 242.399251067 241.513852982 2 2 2 0 1 0 0 0 0 0 0 1 0 0 0 0 0 0 0 1 0 0 2 6 4 0 2 2 4 0 1 0 1 0 1 0 0 0 0 0 1 0 0 0 0 1 0 0 0 0 1 0 0 0 0 1 0 0 1 0 0 1 0 4 6 4 7 5 7 0.385 0 1 0 0 0 50 5
239.587637879 236.584319934 232.52271134 227.477480086 221.577188528 214.999714708 207.965290187 200.727505397 193.562730237 186.758468979 2 2 2 0 0 0 0 1 0 0 1 0 0 0 0 0 1 0 0 0 0 0 2 5 5 0 2 1 5 0 1 0 1 0 1 0 0 0 0 0 1 0 0 0 0 1 0 0 0 0 1 0 0 0 0 1 0 0 1 0 0 1 0 5 5 5 6 6 6 0.462 0 0 0 0 1 286 5
180.601211305 175.364353932 171.296749954 168.612397591 167.481709877 168.024716578 170.306444864 174.334612273 180.05965063 187.37696915 2 2 2 0 1 0 0 0 0 0 0 0 0 1 1 0 0 0 0 0 0 0 2 4 6 0 2 0 6 0 1 0 1 1 0 123 0 0 123 0 1 0 0 0 0 1 0 0 0 0 1 0 0 0 0 1 0 0 1 0 0 0 1 6 4 6 5 7 5 0.538 0 1 0 0 0 45 15
196.131264685 206.12260189 217.113919745 228.839576013 241.014518912 253.343675406 265.531166578 277.288999934 288.34494261 298.449344235 2 2 2 1 0 0 0 0 0 0 1 0 0 0 1 0 0 0 0 0 0 0 1 3 7 0 1 0 7 1 0 0 1 1 0 126.2 123 123 126.2 0 1 0 0 0 0 1 0 0 0 0 1 0 0 0 0 0 1 0 1 0 0 0 1 7 3 7 4 8 4 0.615 1 0 0 0 0 1195 8
307.380749034 314.950209037 321.004279759 325.426742443 328.139149905 329.100333875 328.305039228 325.781864351 321.590687682 315.819749786 2 2 2 1 0 0 0 0 1 0 0 0 0 0 0 0 0 1 0 0 0 1 0 2 8 1 0 2 0 1 0 1 0 0 1 124.4 126.2 126.2 124.4 0 1 0 0 0 0 1 0 0 0 0 1 0 0 0 0 0 1 0 0 1 0 1 0 8 2 8 3 9 3 0.692 1 0 0 0 0 1624 8
308.582540148 300.014611047 290.270410018 279.520190703 267.947031837 255.743968193 243.111217311 230.253472848 217.377230093 204.688111163 2 2 2 0 0 1 0 0 1 0 0 0 0 0 0 0 1 0 0 0 0 2 0 1 9 2 0 1 0 0 1 1 0 0 1 0 124.4 124.4 0 0 1 0 0 0 0 1 0 0 0 0 0 0 1 0 0 1 0 0 0 1 0 1 0 9 1 9 2 10 2 0.769 0 0 1 0 0 260 8
192.388165993 180.673138963 169.729708247 159.732723533 150.842485899 143.202129144 136.935173351 132.14332756 128.904618526 127.271916415 2 2 0 0 1 0 0 0 0 0 0 1 0 0 0 1 0 0 0 0 0 2 0 0 10 2 0 0 1 0 1 0 1 0 1 110 0 0 0 0 0 0 1 0 0 1 0 0 0 1 0 0 0 0 0 1 0 0 1 0 1 0 0 10 0 10 1 11 1 0.846 0 1 0 0 0 885 5
