34.67182 59.70904 65.2024 68.0764 64.5744 55.63067 54.56629 62.52431 69.53857 68.26099 2 0 2 0 0 0 0 1 0 1 0 0 0 0 0 0 0 0 0 1 0 0 0 12 0 0 0 12 0 0 1 0 1 0 1 0 1 0 0 0 1 0 0 0 0 0 1 0 0 0 0 1 0 1 0 0 0 1 0 0 12 0 13 1 13 0.067 0 0 0 0 1 148 1 0 1 0 0 22 10 0.0 0.0 1.0 0.0 0.0 13.0 0.0 0.0 0.0 0.0 0.0 0.0 0.0 0.0 0.0 0.0 0.0 1.0 0.0 0.0 0.0 0.0 0.0 0.0 0.0 0.0 0.0 0.0 0.0 0.0 0.0 0.0 0.0 0.0 0.0 0.0 0.0 0.0 0.0 0.0 0.0 0.0 0.0 0.0 0.0 0.0 0.0 0.0 0.0 0.0 0.0 0.0 0.0 0.0 0.0 0.0 0.0 0.0 0.0 0.0 0.0 0.0 0.0 0.0 0.0 0.0
68.62135 82.52223 107.44742 131.72899 146.09659 152.70631 151.74034 140.43327 127.66648 118.03222 2 2 2 0 0 0 0 1 0 0 0 0 0 1 0 0 0 0 0 1 0 0 0 11 1 0 0 11 1 0 1 0 1 0 1 0 1 0 0 0 0 1 0 0 0 0 1 0 0 0 0 1 0 0 1 0 0 1 0 1 11 1 12 2 12 0.133 0 0 0 0 1 786 1 0 1 0 1 5 30 0.0 0.0 1.0 1.0 0.0769230769231 13.0 0.0 0.0 0.0 0.0 0.0 0.0 0.0 0.0 0.0 0.0 0.0 1.0 0.0 0.0 0.0 0.0 0.0 0.0 0.0 0.0 0.0 0.0 0.0 0.0 0.0 0.0 0.0 0.0 0.0 0.0 0.0 0.0 0.0 0.0 0.0 0.0 0.0 0.0 0.0 0.0 0.0 0.0 0.0 0.0 0.0 0.0 0.0 0.0 0.0 0.0 0.0 0.0 0.0 0.0 0.0 0.0 0.0 0.0 0.0 0.0
71.80369 44.23153 47.94554 50.80196 49.14605 41.99919 33.25258 36.55194 44.02835 45.73469 2 2 2 0 0 0 0 1 0 0 0 0 0 1 0 0 0 1 0 0 0 0 0 10 2 0 0 10 2 0 1 0 1 0 1 0 1 0 0 0 0 1 0 0 0 0 1 0 0 0 0 1 0 0 1 0 0 1 0 2 10 2 11 3 11 0.2 0 0 0 0 1 271 1 1 1 1 0 2 15 0.0 0.0 1.0 2.0 0.153846153846 13.0 0.0 0.0 0.0 0.0 0.0 0.0 0.0 0.0 0.0 0.0 0.0 1.0 0.0 0.0 0.0 0.0 0.0 0.0 0.0 0.0 0.0 0.0 0.0 0.0 0.0 0.0 0.0 0.0 0.0 0.0 0.0 0.0 0.0 0.0 0.0 0.0 0.0 0.0 0.0 0.0 0.0 0.0 0.0 0.0 0.0 0.0 0.0 0.0 0.0 0.0 0.0 0.0 0.0 0.0 0.0 0.0 0.0 0.0 0.0 0.0
40.88292 20.10897 -0.27761 -22.96406 -35.45674 -77.36069 -83.79152 -77.49737 -76.74132 -56.85687 2 2 2 0 0 1 0 0 0 0 0 0 0 1 0 0 0 1 0 0 0 0 0 9 3 0 0 9 3 0 1 0 1 0 1 0 1 0 0 0 0 1 0 0 0 0 1 0 0 0 0 1 0 0 1 0 0 1 0 3 9 3 10 4 10 0.267 0 0 1 0 0 388 1 1 1 1 1 13 1 0.0 0.0 1.0 3.0 0.230769230769 13.0 0.0 0.0 0.0 0.0 0.0 0.0 0.0 0.0 0.0 0.0 0.0 1.0 0.0 0.0 0.0 0.0 0.0 0.0 0.0 0.0 0.0 0.0 0.0 0.0 0.0 0.0 0.0 0.0 0.0 0.0 0.0 0.0 0.0 0.0 0.0 0.0 0.0 0.0 0.0 0.0 0.0 0.0 0.0 0.0 0.0 0.0 0.0 0.0 0.0 0.0 0.0 0.0 0.0 0.0 0.0 0.0 0.0 0.0 0.0 0.0
-115.45565 -122.17551 -121.03688 -113.85758 -115.86207 -116.3079 -81.76593 -33.05992 13.32177 44.10416 2 2 2 0 0 1 0 0 0 0 0 1 0 0 0 0 1 0 0 0 0 0 0 8 4 0 0 8 4 0 1 0 1 0 1 0 1 0 0 0 0 1 0 0 0 0 1 0 0 0 0 1 0 0 1 0 0 1 0 4 8 4 9 5 9 0.333 0 0 1 0 0 236 1 1 1 2 0 17 7 0.0 0.0 1.0 4.0 0.307692307692 13.0 0.0 0.0 0.0 0.0 0.0 0.0 0.0 0.0 0.0 0.0 1.0 1.0 0.0 0.0 0.0 0.0 0.0 0.0 0.0 0.0 0.0 0.0 0.0 0.0 0.0 0.0 0.0 0.0 0.0 0.0 0.0 0.0 0.0 0.0 0.0 0.0 0.0 0.0 0.0 0.0 0.0 0.0 0.0 0.0 0.0 0.0 0.0 0.0 0.0 0.0 0.0 0.0 0.0 0.0 0.0 0.0 0.0 0.0 0.0 0.0
54.55234 44.00788 36.30052 18.72017 -9.40082 -64.74471 -80.05417 -112.12278 -124.99362 -131.58006 2 2 2 0 1 0 0 0 0 0 0 1 0 0 0 0 0 0 0 1 0 0 0 7 5 0 0 7 5 0 1 0 1 0 1 0 1 0 0 0 0 1 0 0 0 0 1 0 0 0 0 1 0 0 1 0 0 1 0 5 7 5 8 6 8 0.4 0 1 0 0 0 415 1 1 1 2 1 9 5 0.0 0.0 1.0 5.0 0.384615384615 13.0 0.0 0.0 0.0 0.0 0.0 0.0 0.0 0.0 0.0 0.0 1.0 1.0 0.0 0.0 0.0 0.0 0.0 0.0 0.0 0.0 0.0 0.0 0.0 0.0 0.0 0.0 0.0 0.0 0.0 0.0 0.0 0.0 0.0 0.0 0.0 0.0 0.0 0.0 0.0 0.0 0.0 0.0 0.0 0.0 0.0 0.0 0.0 0.0 0.0 0.0 0.0 0.0 0.0 0.0 0.0 0.0 0.0 0.0 0.0 0.0
-114.40898 -91.67553 -61.63779 -47.66434 -26.6052 -17.81885 -20.98986 -39.73129 -62.1509 -74.21798 2 2 2 0 0 0 0 1 0 0 1 0 0 0 0 0 0 1 0 0 0 0 0 6 6 0 0 6 6 0 1 0 1 0 1 0 1 0 0 0 0 1 0 0 0 0 1 0 0 0 0 1 0 0 1 0 0 1 0 6 6 6 7 7 7 0.467 0 0 0 0 1 271 1 1 2 3 0 2 15 0.0 0.0 1.0 6.0 0.461538461538 13.0 0.0 0.0 0.0 1.0 0.0 0.0 0.0 0.0 0.0 0.0 0.0 0.0 0.0 0.0 0.0 0.0 0.0 0.0 0.0 0.0 0.0 0.0 0.0 0.0 0.0 0.0 0.0 0.0 0.0 0.0 0.0 0.0 0.0 0.0 0.0 0.0 0.0 0.0 0.0 0.0 0.0 0.0 0.0 0.0 0.0 0.0 0.0 0.0 0.0 0.0 0.0 0.0 0.0 0.0 0.0 0.0 0.0 0.0 0.0 0.0
-77.33121 -80.75073 -77.82047 -72.56241 -60.03719 -61.76433 -64.84617 -70.91421 -86.00443 -83.34311 2 2 2 0 0 1 0 0 0 0 0 0 0 1 0 0 0 1 0 0 0 0 0 5 7 0 0 5 7 0 1 0 1 0 1 0 1 0 0 0 0 1 0 0 0 0 1 0 0 0 0 1 0 0 1 0 0 1 0 7 5 7 6 8 6 0.533 0 0 1 0 0 388 1 1 2 3 1 13 1 0.0 0.0 1.0 7.0 0.538461538462 13.0 0.0 0.0 0.0 1.0 0.0 0.0 0.0 0.0 0.0 0.0 0.0 0.0 0.0 0.0 0.0 0.0 0.0 0.0 0.0 0.0 0.0 0.0 0.0 0.0 0.0 0.0 0.0 0.0 0.0 0.0 0.0 0.0 0.0 0.0 0.0 0.0 0.0 0.0 0.0 0.0 0.0 0.0 0.0 0.0 0.0 0.0 0.0 0.0 0.0 0.0 0.0 0.0 0.0 0.0 0.0 0.0 0.0 0.0 0.0 0.0
-51.45454 -49.10453 -50.19238 -30.5871 -9.03245 6.89441 14.40153 25.58054 33.45739 46.19166 2 2 2 0 0 1 0 0 0 0 0 1 0 0 0 0 0 0 0 1 0 0 0 4 8 0 0 4 8 0 1 0 1 0 1 0 1 0 0 0 0 1 0 0 0 0 1 0 0 0 0 1 0 0 1 0 0 1 0 8 4 8 5 9 5 0.6 0 0 1 0 0 7 2 1 1 4 0 10 8 0.0 0.0 1.0 8.0 0.615384615385 13.0 0.0 0.0 0.0 0.0 0.0 1.0 0.0 0.0 0.0 0.0 0.0 0.0 0.0 0.0 0.0 0.0 0.0 0.0 0.0 0.0 0.0 0.0 0.0 0.0 0.0 0.0 0.0 0.0 0.0 0.0 0.0 0.0 0.0 0.0 0.0 0.0 0.0 0.0 0.0 0.0 0.0 0.0 0.0 0.0 0.0 0.0 0.0 0.0 0.0 0.0 0.0 0.0 0.0 0.0 0.0 0.0 0.0 0.0 0.0 0.0
40.64317 48.92565 62.06127 82.96162 100.55988 110.13633 121.57261 106.53247 72.01631 24.60754 2 2 2 0 0 0 0 1 0 0 0 1 0 0 0 0 0 1 0 0 0 0 0 3 9 0 0 3 9 0 1 0 1 0 1 0 1 0 0 0 0 1 0 0 0 0 1 0 0 0 0 1 0 0 1 0 0 1 0 9 3 9 4 10 4 0.667 0 0 0 0 1 1276 1 2 1 5 0 17 26 0.0 0.0 1.0 9.0 0.692307692308 13.0 0.0 0.0 0.0 0.0 0.0 0.0 0.0 0.0 0.0 0.0 0.0 1.0 0.0 0.0 0.0 0.0 0.0 0.0 0.0 0.0 0.0 0.0 0.0 0.0 0.0 0.0 0.0 0.0 0.0 0.0 0.0 0.0 0.0 0.0 0.0 0.0 0.0 0.0 0.0 0.0 0.0 0.0 0.0 0.0 0.0 0.0 0.0 0.0 0.0 0.0 0.0 0.0 0.0 0.0 0.0 0.0 0.0 0.0 0.0 0.0
1.75969 -15.2182 -33.63467 -35.81315 -30.74364 -25.68702 -12.10515 3.26491 28.31118 52.37938 2 2 2 0 0 1 0 0 0 0 0 0 0 1 0 0 0 0 0 1 0 0 0 2 10 0 0 2 10 0 1 0 1 0 1 0 1 0 0 0 0 1 0 0 0 0 1 0 0 0 0 1 0 0 1 0 0 1 0 10 2 10 3 11 3 0.733 0 0 1 0 0 633 1 2 1 5 1 3 4 0.0 0.0 1.0 10.0 0.769230769231 13.0 0.0 0.0 0.0 0.0 0.0 0.0 0.0 0.0 0.0 0.0 0.0 1.0 0.0 0.0 0.0 0.0 0.0 0.0 0.0 0.0 0.0 0.0 0.0 0.0 0.0 0.0 0.0 0.0 0.0 0.0 0.0 0.0 0.0 0.0 0.0 0.0 0.0 0.0 0.0 0.0 0.0 0.0 0.0 0.0 0.0 0.0 0.0 0.0 0.0 0.0 0.0 0.0 0.0 0.0 0.0 0.0 0.0 0.0 0.0 0.0
46.11578 38.38099 32.8369 9.05146 -15.6081 -50.43445 -69.22608 -74.08858 -80.58483 -69.83734 2 2 2 0 0 0 0 1 0 0 0 1 0 0 0 0 0 1 0 0 0 0 0 1 11 0 0 1 11 0 1 0 1 0 1 0 1 0 0 0 0 1 0 0 0 0 0 0 0 1 0 1 0 0 1 0 0 1 0 11 1 11 2 12 2 0.8 0 0 0 0 1 271 1 1 0 6 0 2 15 0.0 0.0 1.0 11.0 0.846153846154 13.0 1.0 1.0 1.0 0.0 1.0 0.0 0.0 0.0 0.0 0.0 1.0 0.0 0.0 0.0 0.0 0.0 0.0 0.0 0.0 0.0 0.0 0.0 0.0 0.0 0.0 0.0 0.0 0.0 0.0 0.0 0.0 0.0 0.0 0.0 0.0 0.0 0.0 0.0 0.0 0.0 0.0 0.0 0.0 0.0 0.0 0.0 0.0 0.0 0.0 0.0 0.0 0.0 0.0 0.0 0.0 0.0 0.0 0.0 0.0 0.0
-61.78539 -66.23421 -68.554 -66.74236 -60.45507 -80.32909 -74.4374 -68.06801 -57.48406 -23.21515 2 2 0 0 0 1 0 0 0 0 0 0 0 1 0 1 0 0 0 0 0 0 0 0 12 0 0 0 12 0 1 0 1 0 1 0 0 0 0 1 0 1 0 0 0 1 0 0 0 0 0 1 0 0 1 0 1 0 0 12 0 12 1 13 1 0.867 0 0 1 0 0 388 1 1 0 6 1 13 1 0.0 0.0 1.0 12.0 0.923076923077 13.0 1.0 1.0 1.0 0.0 1.0 0.0 0.0 0.0 0.0 0.0 1.0 0.0 0.0 0.0 0.0 0.0 0.0 0.0 0.0 0.0 0.0 0.0 0.0 0.0 0.0 0.0 0.0 0.0 0.0 0.0 0.0 0.0 0.0 0.0 0.0 0.0 0.0 0.0 0.0 0.0 0.0 0.0 0.0 0.0 0.0 0.0 0.0 0.0 0.0 0.0 0.0 0.0 0.0 0.0 0.0 0.0 0.0 0.0 0.0 0.0
