21.759 19.489 14.957 7.963 -0.801 -8.629 -15.716 -21.87 -27.613 -31.891 2 0 2 1 0 0 0 0 0 1 0 0 0 0 0 0 0 0 0 1 0 0 2 10 0 0 2 5 0 1 0 0 1 0 1 137.2 134.2 0 137.2 0 1 0 0 0 1 0 0 0 0 0 1 0 0 0 0 0 1 1 0 0 0 1 0 0 10 0 11 1 5 0.143 1 0 0 0 0 99 14
-25.489 -10.833 3.725 10.69 14.956 20.62 25.219 26.772 26.392 19.951 2 2 2 0 0 0 0 1 1 0 0 0 0 0 0 0 1 0 0 0 0 0 2 9 1 0 2 4 0 0 1 1 0 0 1 0 137.2 137.2 0 0 1 0 0 0 0 1 0 0 0 0 1 0 0 0 0 1 0 0 0 1 0 1 0 1 9 1 10 2 4 0.286 0 0 0 0 1 309 5
6.305 -2.338 -10.311 -7.8 -8.304 -24.885 -33.179 -29.824 -24.568 -15.489 2 2 2 0 1 0 0 0 0 0 0 0 0 1 0 0 0 0 1 0 0 0 2 8 2 0 2 3 1 0 1 0 1 0 1 0 0 0 0 0 1 0 0 0 0 1 0 0 0 0 1 0 0 0 0 1 0 0 1 0 0 1 0 2 8 2 9 3 3 0.429 0 1 0 0 0 538 5
-0.801 10.915 15.985 14.275 12.32 10.133 7.823 15.591 27.611 28.922 2 2 2 0 0 0 1 0 0 0 1 0 0 0 0 0 1 0 0 0 0 0 2 7 3 0 2 2 2 0 1 0 1 0 1 0 0 0 0 0 1 0 0 0 0 1 0 0 0 0 1 0 0 0 0 1 0 0 1 0 0 1 0 3 7 3 8 4 2 0.571 0 0 0 1 0 23 5
15.255 11.919 11.943 2.526 -17.787 -33.121 -44.072 -53.456 -51.635 -47.409 2 2 2 0 1 0 0 0 0 0 0 0 1 0 0 0 0 1 0 0 0 0 2 6 4 0 2 1 3 0 1 0 1 0 1 0 0 0 0 0 1 0 0 0 0 1 0 0 0 0 1 0 0 0 0 1 0 0 1 0 0 1 0 4 6 4 7 5 1 0.714 0 1 0 0 0 91 25
19.288 24.546 28.641 31.163 30.398 14.925 2.305 5.51 14.476 17.835 2 2 2 0 0 1 0 0 0 0 1 0 0 0 1 0 0 0 0 0 0 0 2 5 5 0 2 0 4 0 1 0 1 1 0 124.60001 0 0 124.60001 0 1 0 0 0 0 1 0 0 0 0 1 0 0 0 0 1 0 0 1 0 0 0 1 5 5 5 6 1 6 0.125 0 0 1 0 0 398 1
12.848 9.44 7.475 5.251 2.194 -9.178 -21.679 -30.709 -37.833 -44.164 2 2 2 1 0 0 0 0 0 0 0 1 0 0 0 0 0 0 0 1 0 0 1 4 6 0 1 2 5 1 0 0 1 0 1 127.6 124.60001 124.60001 127.6 0 1 0 0 0 0 1 0 0 0 0 1 0 0 0 0 0 1 0 1 0 0 1 0 6 4 6 5 2 5 0.25 1 0 0 0 0 872 1
-41.572 -23.517 -0.577 23.71 37.493 38.024 28.418 10.281 -1.627 2.161 2 2 2 0 0 0 0 1 1 0 0 0 0 0 0 0 0 0 0 1 0 1 1 3 7 1 1 1 0 0 1 1 0 0 1 0 127.6 127.6 0 0 1 0 0 0 0 1 0 0 0 0 1 0 0 0 0 1 0 0 0 1 0 1 0 7 3 7 4 3 4 0.375 0 0 0 0 1 442 8
10.767 20.312 27.256 27.794 17.734 1.076 -15.639 -30.627 -42.009 -47.224 2 2 2 0 0 0 0 1 0 0 0 0 0 1 1 0 0 0 0 0 0 1 1 2 8 1 1 0 1 0 1 0 1 1 0 119.8 0 0 119.8 0 1 0 0 0 0 1 0 0 0 0 1 0 0 0 0 1 0 0 1 0 0 0 1 8 2 8 3 4 3 0.5 0 0 0 0 1 28 8
-48.003 -35.703 -17.091 -1.544 6.035 9.324 12.451 19.854 27.345 36.905 2 2 2 1 0 0 0 0 0 0 0 0 0 1 0 0 0 0 0 1 0 1 0 1 9 1 0 1 2 1 0 0 1 0 1 122.8 119.8 119.8 122.8 0 1 0 0 0 0 1 0 0 0 0 0 0 1 0 0 0 1 0 1 0 0 1 0 9 1 9 2 5 2 0.625 1 0 0 0 0 484 5
57.341 61.243 43.221 15.841 -22.629 -51.027 -47.248 -31.529 -13.042 -2.902 2 2 0 0 0 0 0 1 1 0 0 0 0 0 0 1 0 0 0 0 0 2 0 0 10 2 0 0 0 0 1 1 0 0 1 110 122.8 122.8 0 0 0 0 1 0 0 1 0 0 0 1 0 0 0 0 0 1 0 0 0 1 1 0 0 10 0 10 1 6 1 0.75 0 0 0 0 1 286 5
