213.448166073 214.220111362 215.751003949 218.015074027 220.97422831 224.578712585 228.767976742 233.471726921 238.611146108 244.100261497 2 0 2 0 0 0 0 1 0 1 0 0 0 0 0 0 0 1 0 0 0 0 4 16 0 0 4 1 0 0 1 0 1 0 1 0 130 0 0 0 1 0 0 0 1 0 0 0 0 0 1 0 0 0 0 1 0 1 0 0 0 1 0 0 16 0 17 1 6 0.125 0 0 0 0 1 300 12
249.847434297 255.756945481 261.730649208 267.669664445 273.476074555 279.054604481 284.314245497 289.1697984 293.543307472 297.365359478 2 2 2 0 0 1 0 0 0 0 0 0 0 1 1 0 0 0 0 0 0 0 4 15 1 0 4 0 1 0 1 0 1 1 0 132.222 0 0 132.222 0 1 0 0 0 0 1 0 0 0 0 1 0 0 0 0 1 0 0 1 0 0 0 1 1 15 1 16 2 5 0.25 0 0 1 0 0 431 5
300.576224365 303.126817217 304.979464252 306.108459206 306.500400335 306.154302287 305.081481292 303.305216342 300.860193266 297.791742663 2 2 2 1 0 0 0 0 0 0 0 1 0 0 0 0 1 0 0 0 0 0 3 14 2 0 3 3 2 1 0 0 1 0 1 135.222 132.222 132.222 135.222 0 1 0 0 0 0 1 0 0 0 0 1 0 0 0 0 0 1 0 1 0 0 1 0 2 14 2 15 3 4 0.375 1 0 0 0 0 340 5
294.154886645 290.013212934 285.43759825 280.504805821 275.295984338 269.895097631 264.38731575 258.857398954 253.388106294 248.058660069 2 2 2 0 1 0 0 0 1 0 0 0 0 0 0 0 0 0 0 1 0 1 3 13 3 1 3 2 0 0 1 1 0 0 1 0 135.222 135.222 0 0 1 0 0 0 0 1 0 0 0 0 1 0 0 0 0 1 0 0 0 1 0 1 0 3 13 3 14 4 3 0.5 0 1 0 0 0 128 19
242.943296377 238.109930332 233.61896227 229.522248478 225.862256709 222.671423015 219.971722351 217.774461039 216.080294621 214.879469926 2 2 2 0 0 0 0 1 0 0 1 0 0 0 0 0 1 0 0 0 0 1 3 12 4 1 3 1 1 0 1 0 1 0 1 0 0 0 0 0 1 0 0 0 0 1 0 0 0 0 1 0 0 0 0 1 0 0 1 0 0 1 0 4 12 4 13 5 2 0.625 0 0 0 0 1 189 8
214.152285545 213.869760262 213.994494605 214.481706543 215.280418588 216.33477025 217.585427027 218.9710549 220.429827801 221.900934646 2 2 2 0 1 0 0 0 0 0 0 0 0 1 1 0 0 0 0 0 0 1 3 11 5 1 3 0 2 0 1 0 1 1 0 127.778 0 0 127.778 0 1 0 0 0 0 1 0 0 0 0 1 0 0 0 0 1 0 0 1 0 0 0 1 5 11 5 12 6 1 0.75 0 1 0 0 0 1059 8
223.326052408 224.650752306 225.825807482 226.80837258 227.563008327 228.062527481 228.288642409 228.232398843 227.894385067 227.284710777 2 2 1 1 0 0 0 0 0 0 1 0 0 0 0 0 0 1 0 0 0 1 2 10 6 1 2 1 3 1 0 0 1 0 1 125.9445 127.778 127.778 125.9445 0 1 0 0 0 0 1 0 0 0 0 1 0 0 0 0 0 1 0 1 0 0 1 0 6 10 6 11 1 8 0.1 1 0 0 0 0 79 5
226.422754992 225.336687636 224.062774516 222.64448047 221.131390105 219.577969888 218.042199135 216.584100699 215.264204697 214.141980444 1 2 2 0 0 1 0 0 1 0 0 0 0 0 1 0 0 0 0 0 0 2 2 9 7 2 2 0 0 0 1 1 0 1 0 126.11099 125.9445 125.9445 126.11099 0 1 0 0 0 0 1 0 0 0 0 1 0 0 0 0 1 0 0 0 1 0 0 1 7 9 7 10 2 7 0.2 0 0 1 0 0 462 5
213.274272828 212.713779587 212.507605347 212.695926902 213.310801981 214.37515078 215.901935907 217.893562072 220.341512055 223.226230268 2 1 2 1 0 0 0 0 0 0 0 1 0 0 0 0 0 0 1 0 0 2 1 8 8 2 1 6 1 1 0 0 1 0 1 129.11099 126.11099 126.11099 129.11099 0 1 0 0 0 0 1 0 0 0 0 1 0 0 0 0 0 1 0 1 0 0 1 0 8 8 8 9 3 6 0.3 1 0 0 0 0 12 15
226.517259656 230.173631985 234.144505753 238.370040285 242.782489059 247.307490151 251.865527005 256.373528576 260.746574458 264.899667906 2 2 2 0 0 0 1 0 1 0 0 0 0 0 0 0 0 0 0 1 0 3 1 7 9 3 1 5 0 0 1 1 0 0 1 0 129.11099 129.11099 0 0 1 0 0 0 0 1 0 0 0 0 1 0 0 0 0 1 0 0 0 1 0 1 0 9 7 9 8 4 5 0.4 0 0 0 1 0 2 4
268.749537762 272.216429312 275.225844011 277.71018879 279.610297442 280.876789104 281.471232326 281.367087318 280.550403806 279.020257259 2 2 2 0 0 0 0 1 0 0 0 0 1 0 0 0 0 0 1 0 0 3 1 6 10 3 1 4 1 0 1 0 1 0 1 0 0 0 0 0 1 0 0 0 0 1 0 0 0 0 1 0 0 0 0 1 0 0 1 0 0 1 0 10 6 10 7 5 4 0.5 0 0 0 0 1 75 6
276.788912038 273.881706093 270.336658057 266.203803844 261.544275963 256.429144603 250.938044988 245.157620361 239.179814255 233.100049117 2 2 2 0 0 0 1 0 0 0 0 0 0 1 0 0 1 0 0 0 0 3 1 5 11 3 1 3 2 0 1 0 1 0 1 0 0 0 0 0 1 0 0 0 0 1 0 0 0 0 1 0 0 0 0 1 0 0 1 0 0 1 0 11 5 11 6 6 3 0.6 0 0 0 1 0 61 6
227.015331068 221.022322278 215.21542323 209.684907005 204.515146523 199.782973623 195.55620586 191.89237307 188.837671207 186.426165735 2 2 2 0 1 0 0 0 0 0 0 0 1 0 0 0 0 0 0 1 0 3 1 4 12 3 1 2 3 0 1 0 1 0 1 0 0 0 0 0 1 0 0 0 0 1 0 0 0 0 1 0 0 0 0 1 0 0 1 0 0 1 0 12 4 12 5 7 2 0.7 0 1 0 0 0 417 5
184.679261147 183.605447077 183.200325125 183.446914079 184.31622483 185.768090115 187.752228422 190.209516021 193.073436452 196.271672765 2 2 2 0 0 0 0 1 0 0 1 0 0 0 0 0 1 0 0 0 0 3 1 3 13 3 1 1 4 0 1 0 1 0 1 0 0 0 0 0 1 0 0 0 0 1 0 0 0 0 1 0 0 0 0 1 0 0 1 0 0 1 0 13 3 13 4 8 1 0.8 0 0 0 0 1 567 5
199.727804701 203.363070725 207.098153549 210.854947449 214.558266369 218.137453438 221.527855117 224.672126637 227.521339633 230.035867774 2 2 2 0 1 0 0 0 0 0 0 0 0 1 1 0 0 0 0 0 0 3 1 2 14 3 1 0 5 0 1 0 1 1 0 118.333 0 0 118.333 0 1 0 0 0 0 1 0 0 0 0 1 0 0 0 0 1 0 0 1 0 0 0 1 14 2 14 3 1 3 0.2 0 1 0 0 0 193 12
232.186031708 233.952490523 235.326373152 236.309149475 236.912247216 237.156426874 237.070932777 236.692443741 236.063851585 235.232899872 2 2 2 1 0 0 0 0 0 0 1 0 0 0 0 0 1 0 0 0 0 3 0 1 15 3 0 1 6 1 0 0 1 0 1 121.333 118.333 118.333 121.333 0 1 0 0 0 0 1 0 0 0 0 0 0 1 0 0 0 1 0 1 0 0 1 0 15 1 15 2 2 2 0.4 1 0 0 0 0 579 8
234.250718509 233.170292255 232.044902649 230.92658335 229.864628397 228.904191421 228.085011422 227.440297479 226.995800634 226.76909646 2 2 0 0 1 0 0 0 1 0 0 0 0 0 0 1 0 0 0 0 0 4 0 0 16 4 0 0 0 0 1 1 0 0 1 110 121.333 121.333 0 0 0 0 1 0 0 1 0 0 0 1 0 0 0 0 0 1 0 0 0 1 1 0 0 16 0 16 1 3 1 0.6 0 1 0 0 0 273 8
