346.159408185 345.42314345 343.958000109 341.778665802 338.906961475 335.37159161 331.207815899 326.457046344 321.166374603 315.388035317 2 0 2 1 0 0 0 0 0 1 0 0 0 0 0 0 0 0 0 1 0 0 3 22 0 0 3 10 0 1 0 0 1 0 1 137.58299 134.58299 0 137.58299 0 1 0 0 0 1 0 0 0 0 0 1 0 0 0 0 0 1 1 0 0 0 1 0 0 22 0 23 1 11 0.077 1 0 0 0 0 48 14
309.178811827 302.599391465 295.713678122 288.588070338 281.290713553 273.890735423 266.457473306 259.059703092 251.764878479 244.638389676 2 2 2 0 0 0 0 1 1 0 0 0 0 0 0 0 0 1 0 0 0 0 3 21 1 0 3 9 0 0 1 1 0 0 1 0 137.58299 137.58299 0 0 1 0 0 0 0 1 0 0 0 0 1 0 0 0 0 1 0 0 0 1 0 1 0 1 21 1 22 2 10 0.154 0 0 0 0 1 44 14
237.742850203 231.137420133 224.877173596 219.012517839 213.588670445 208.645200614 204.215639562 200.327164275 197.000357913 194.249049236 2 2 2 0 0 1 0 0 0 0 0 0 0 1 0 0 1 0 0 0 0 0 3 20 2 0 3 8 1 0 1 0 1 0 1 0 0 0 0 0 1 0 0 0 0 1 0 0 0 0 1 0 0 0 0 1 0 0 1 0 0 1 0 2 20 2 21 3 9 0.231 0 0 1 0 0 209 5
192.080232426 190.494067734 189.483962364 189.036730068 189.132826958 189.746660155 190.846965022 192.397245939 194.356274838 196.678641061 2 2 2 0 1 0 0 0 0 0 0 1 0 0 0 0 0 1 0 0 0 0 3 19 3 0 3 7 2 0 1 0 1 0 1 0 0 0 0 0 1 0 0 0 0 1 0 0 0 0 1 0 0 0 0 1 0 0 1 0 0 1 0 3 19 3 20 4 8 0.308 0 1 0 0 0 230 5
199.315345541 202.214431804 205.321645945 208.581117384 211.936052107 215.329429937 218.704697469 222.00644841 225.181083278 228.177440787 2 2 2 0 0 1 0 0 0 0 1 0 0 0 0 0 0 1 0 0 0 0 3 18 4 0 3 6 3 0 1 0 1 0 1 0 0 0 0 0 1 0 0 0 0 1 0 0 0 0 1 0 0 0 0 1 0 0 1 0 0 1 0 4 18 4 19 5 7 0.385 0 0 1 0 0 468 12
230.947393615 233.446401788 235.634017499 237.4743358 238.936386374 239.994462308 240.628382638 240.823686244 240.571755567 239.869869457 2 2 2 0 0 1 0 0 0 0 0 1 0 0 0 0 1 0 0 0 0 0 3 17 5 0 3 5 4 0 1 0 1 0 1 0 0 0 0 0 1 0 0 0 0 1 0 0 0 0 1 0 0 0 0 1 0 0 1 0 0 1 0 5 17 5 18 6 6 0.462 0 0 1 0 0 114 12
238.721185343 237.134651776 235.124853214 232.711789716 229.920594982 226.78119685 223.327925034 219.599071425 215.636408817 211.4846743 2 2 2 0 1 0 0 0 0 0 0 1 0 0 0 0 0 0 0 1 0 0 3 16 6 0 3 4 5 0 1 0 1 0 1 0 0 0 0 0 1 0 0 0 0 1 0 0 0 0 1 0 0 0 0 1 0 0 1 0 0 1 0 6 16 6 17 7 5 0.538 0 1 0 0 0 1151 8
207.191023932 202.804465531 198.375276595 193.954414454 189.592925688 185.341361817 181.249208005 177.364331323 173.732454709 170.396662404 2 2 2 0 0 0 0 1 0 0 1 0 0 0 0 0 0 1 0 0 0 0 3 15 7 0 3 3 6 0 1 0 1 0 1 0 0 0 0 0 1 0 0 0 0 1 0 0 0 0 1 0 0 0 0 1 0 0 1 0 0 1 0 7 15 7 16 8 4 0.615 0 0 0 0 1 420 8
167.396942121 164.7697687 162.547733405 160.759222389 159.428147215 158.573729619 158.210342032 158.347404649 158.989339179 160.135578679 2 2 2 0 0 1 0 0 0 0 0 0 0 1 0 0 0 0 0 1 0 0 3 14 8 0 3 2 7 0 1 0 1 0 1 0 0 0 0 0 1 0 0 0 0 1 0 0 0 0 1 0 0 0 0 1 0 0 1 0 0 1 0 8 14 8 15 9 3 0.692 0 0 1 0 0 339 8
161.780632266 163.914202832 166.521355304 169.582732459 173.074814764 176.97022031 181.238040486 185.84420674 190.751883503 195.921882166 2 2 2 0 0 0 0 1 0 0 0 1 0 0 0 0 0 0 1 0 0 0 3 13 9 0 3 1 8 0 1 0 1 0 1 0 0 0 0 0 1 0 0 0 0 1 0 0 0 0 1 0 0 0 0 1 0 0 1 0 0 1 0 9 13 9 14 10 2 0.769 0 0 0 0 1 124 8
201.313090883 206.882914919 212.587722271 218.383289375 224.225241851 230.069485456 235.87262264 241.592350451 247.187835838 252.620064843 2 2 2 0 0 0 1 0 0 0 0 0 0 1 1 0 0 0 0 0 0 0 3 12 10 0 3 0 9 0 1 0 1 1 0 125.41701 0 0 125.41701 0 1 0 0 0 0 1 0 0 0 0 1 0 0 0 0 1 0 0 1 0 0 0 1 10 12 10 13 11 1 0.846 0 0 0 1 0 2 9
257.852162559 262.849681201 267.580854099 272.016813914 276.131773857 279.903171185 283.311772723 286.341742646 288.980673177 291.2195793 2 2 2 1 0 0 0 0 0 0 0 0 1 0 0 0 0 0 0 1 0 0 2 11 11 0 2 1 10 1 0 0 1 0 1 128.41701 125.41701 125.41701 128.41701 0 1 0 0 0 0 1 0 0 0 0 1 0 0 0 0 0 1 0 1 0 0 1 0 11 11 11 12 1 12 0.071 1 0 0 0 0 915 5
293.052858978 294.478220723 295.49658068 296.111931698 296.331187051 296.164001719 295.622574248 294.721432327 293.477205269 291.908386607 2 2 2 0 0 0 0 1 1 0 0 0 0 0 1 0 0 0 0 0 0 1 2 10 12 1 2 0 0 0 1 1 0 1 0 123.75 128.41701 128.41701 123.75 0 1 0 0 0 0 1 0 0 0 0 1 0 0 0 0 1 0 0 0 1 0 0 1 12 10 12 11 2 11 0.143 0 0 0 0 1 557 5
290.035089951 287.878801225 285.462130244 282.808564478 279.942227643 276.887645579 273.669521618 270.312523411 266.841082913 263.279210947 2 2 2 1 0 0 0 0 0 0 0 0 0 1 0 0 0 0 0 1 0 1 1 9 13 1 1 8 1 1 0 0 1 0 1 126.75 123.75 123.75 126.75 0 1 0 0 0 0 1 0 0 0 0 1 0 0 0 0 0 1 0 1 0 0 1 0 13 9 13 10 3 10 0.214 1 0 0 0 0 433 22
259.650327497 255.977108587 252.281350325 248.583850447 244.904307382 241.261236679 237.671904363 234.1522766 230.716984873 227.379305698 2 2 2 0 0 0 0 1 1 0 0 0 0 0 0 0 0 0 0 1 0 2 1 8 14 2 1 7 0 0 1 1 0 0 1 0 126.75 126.75 0 0 1 0 0 0 0 1 0 0 0 0 1 0 0 0 0 1 0 0 0 1 0 1 0 14 8 14 9 4 9 0.286 0 0 0 0 1 1393 22
224.151153792 221.043087496 218.064325174 215.222771266 212.525050649 209.976549951 207.581464524 205.342849775 203.262675687 201.341883402 2 2 2 0 0 0 0 1 0 0 0 0 0 1 0 0 0 1 0 0 0 2 1 7 15 2 1 6 1 0 1 0 1 0 1 0 0 0 0 0 1 0 0 0 0 1 0 0 0 0 1 0 0 0 0 1 0 0 1 0 0 1 0 15 7 15 8 5 8 0.357 0 0 0 0 1 511 1
199.580442862 197.977410626 196.530987079 195.23857242 194.096820907 193.101693023 192.248505301 191.531977739 190.946278797 190.485068125 2 2 2 0 0 1 0 0 0 0 0 0 0 1 0 0 0 1 0 0 0 2 1 6 16 2 1 5 2 0 1 0 1 0 1 0 0 0 0 0 1 0 0 0 0 1 0 0 0 0 1 0 0 0 0 1 0 0 1 0 0 1 0 16 6 16 7 6 7 0.429 0 0 1 0 0 428 1
190.141537236 189.90844845 189.778172479 189.74272509 189.793803334 189.922821792 190.120949378 190.379147121 190.688207407 191.038795053 2 2 2 0 0 1 0 0 0 0 0 1 0 0 0 0 0 0 0 1 0 2 1 5 17 2 1 4 3 0 1 0 1 0 1 0 0 0 0 0 1 0 0 0 0 1 0 0 0 0 1 0 0 0 0 1 0 0 1 0 0 1 0 17 5 17 6 7 6 0.5 0 0 1 0 0 72 5
191.421490543 191.826835693 192.245381899 192.667741061 193.084639146 193.486972261 193.865865021 194.212730839 194.519333735 194.77785109 2 2 2 0 0 0 0 1 0 0 0 1 0 0 0 0 0 0 0 1 0 2 1 4 18 2 1 3 4 0 1 0 1 0 1 0 0 0 0 0 1 0 0 0 0 1 0 0 0 0 1 0 0 0 0 1 0 0 1 0 0 1 0 18 4 18 5 8 5 0.571 0 0 0 0 1 763 5
194.980936747 195.121783741 195.194185888 195.192597404 195.112189703 194.948904472 194.699502139 194.361604854 193.933733123 193.415335297 2 2 2 0 0 0 0 1 0 0 0 0 0 1 0 0 0 0 0 1 0 2 1 3 19 2 1 2 5 0 1 0 1 0 1 0 0 0 0 0 1 0 0 0 0 1 0 0 0 0 1 0 0 0 0 1 0 0 1 0 0 1 0 19 3 19 4 9 4 0.643 0 0 0 0 1 190 8
192.806809167 192.109515005 191.325779477 190.458889969 189.513078981 188.493498376 187.406183405 186.258006589 185.056621647 183.810397861 2 2 1 0 0 0 0 1 0 0 0 0 0 1 0 0 0 1 0 0 0 2 1 2 20 2 1 1 6 0 1 0 1 0 1 111.667 0 0 111.667 0 1 0 0 0 0 1 0 0 0 0 1 0 0 0 0 1 0 0 1 0 0 1 0 20 2 20 3 10 3 0.714 0 0 0 0 1 225 8
182.528345363 181.220032003 179.895492588 178.565131387 177.239618953 175.929784363 174.646504115 173.400588964 172.202670016 171.063085491 1 2 2 0 0 1 0 0 0 0 0 0 0 1 1 0 0 0 0 0 0 2 1 1 21 2 1 0 7 0 1 0 1 1 0 116.667 111.667 111.667 116.667 0 1 0 0 0 0 1 0 0 0 0 0 0 1 0 0 1 0 0 1 0 0 0 1 21 1 21 2 11 2 0.786 0 0 1 0 0 54 8
169.991769498 168.998144238 168.091016965 167.27848302 166.567836177 165.965487455 165.476893442 165.106495073 164.857667659 164.732682818 2 1 0 1 0 0 0 0 0 0 0 1 0 0 0 1 0 0 0 0 0 2 0 0 22 2 0 0 8 1 0 0 1 0 1 119.667 116.667 116.667 0 0 0 0 1 0 0 1 0 0 0 1 0 0 0 0 0 0 1 0 1 0 1 0 0 22 0 22 1 12 1 0.857 1 0 0 0 0 31 8
