9.098 2.073 -2.163 -6.654 0.642 6.171 21.322 39.732 39.003 22.745 2 0 2 0 0 1 0 0 0 1 0 0 0 0 0 0 1 0 0 0 0 0 3 9 0 0 3 2 0 0 1 0 1 0 1 0 1 0 0 0 1 0 0 0 0 0 1 0 0 0 0 1 0 1 0 0 0 1 0 0 9 0 10 1 10 0.083 0 0 1 0 0 687 9 0 5 0 0 18 16 0.0 0.0 2.0 0.0 0.0 10.0 0.0 0.0 0.0 0.0 0.0 0.0 0.0 0.0 0.0 0.0 0.0 0.0 0.0 0.0 0.0 0.0 0.0 0.0 0.0 0.0 0.0 0.0 0.0 0.0 0.0 0.0 0.0 1.0 0.0 0.0 0.0 0.0 0.0 0.0 0.0 0.0 0.0 0.0 0.0 0.0 0.0 0.0 0.0 0.0 0.0 0.0 0.0 0.0 0.0 0.0 0.0 0.0 0.0 0.0 0.0 0.0 0.0 0.0 0.0 0.0
-50.411 -40.207 -11.0 -14.69 -24.184 -27.155 -25.93 -19.675 -22.708 -20.944 2 2 2 0 1 0 0 0 0 0 0 1 0 0 0 0 0 0 0 1 0 0 3 8 1 0 3 1 1 0 1 0 1 0 1 0 1 0 0 0 0 1 0 0 0 0 1 0 0 0 0 1 0 0 1 0 0 1 0 1 8 1 9 2 9 0.167 0 1 0 0 0 127 5 9 6 1 0 1 2 0.0 0.0 2.0 1.0 0.1 10.0 0.0 0.0 0.0 0.0 0.0 0.0 0.0 0.0 1.0 0.0 0.0 0.0 0.0 1.0 0.0 0.0 0.0 0.0 0.0 0.0 0.0 0.0 0.0 0.0 0.0 0.0 0.0 0.0 0.0 0.0 1.0 0.0 0.0 0.0 0.0 0.0 0.0 0.0 0.0 0.0 0.0 0.0 0.0 0.0 0.0 0.0 0.0 0.0 0.0 0.0 0.0 0.0 0.0 0.0 0.0 0.0 0.0 0.0 0.0 0.0
2.081 13.717 17.242 20.209 19.437 17.03 9.633 7.987 15.433 17.621 2 2 2 0 0 0 0 1 0 0 1 0 0 0 1 0 0 0 0 0 0 0 3 7 2 0 3 0 2 0 1 0 1 1 0 0 1 0 0 0 0 1 0 0 0 0 1 0 0 0 0 1 0 0 1 0 0 0 1 2 7 2 8 3 8 0.25 0 0 0 0 1 93 6 5 4 2 0 21 13 0.0 0.0 2.0 2.0 0.2 10.0 0.0 0.0 0.0 0.0 0.0 0.0 0.0 0.0 0.0 1.0 0.0 0.0 0.0 0.0 0.0 0.0 0.0 0.0 0.0 0.0 0.0 0.0 0.0 0.0 0.0 0.0 0.0 0.0 0.0 0.0 0.0 0.0 0.0 0.0 0.0 0.0 0.0 0.0 0.0 0.0 0.0 0.0 0.0 0.0 0.0 0.0 0.0 0.0 0.0 0.0 0.0 0.0 0.0 0.0 0.0 0.0 0.0 0.0 0.0 0.0
25.302 17.23 21.997 20.154 35.565 41.526 46.4 43.576 41.109 50.83 2 2 2 1 0 0 0 0 0 0 0 0 0 1 1 0 0 0 0 0 0 0 2 6 3 0 2 0 3 1 0 0 1 1 0 0 1 0 0 0 0 1 0 0 0 0 1 0 0 0 0 0 1 0 1 0 0 0 1 3 6 3 7 4 7 0.333 1 0 0 0 0 74 4 6 7 3 0 16 13 0.0 0.0 2.0 3.0 0.3 10.0 0.0 0.0 0.0 0.0 0.0 0.0 0.0 0.0 0.0 0.0 0.0 0.0 0.0 0.0 0.0 0.0 0.0 0.0 0.0 0.0 0.0 0.0 0.0 0.0 0.0 0.0 0.0 0.0 0.0 0.0 0.0 1.0 0.0 0.0 0.0 0.0 0.0 0.0 0.0 0.0 0.0 0.0 0.0 0.0 0.0 0.0 0.0 0.0 0.0 0.0 0.0 0.0 0.0 0.0 0.0 0.0 0.0 0.0 0.0 0.0
38.468 17.748 6.943 17.47 21.593 18.007 17.44 13.078 12.647 18.045 2 2 2 1 0 0 0 0 1 0 0 0 0 0 0 0 0 0 1 0 0 1 1 5 4 1 1 1 0 1 0 1 0 0 1 0 1 0 0 0 0 1 0 0 0 0 1 0 0 0 0 0 1 0 0 1 0 1 0 4 5 4 6 5 6 0.417 1 0 0 0 0 2140 7 4 4 4 0 23 7 0.0 0.0 2.0 4.0 0.4 10.0 0.0 0.0 0.0 0.0 0.0 0.0 0.0 0.0 1.0 0.0 0.0 0.0 0.0 0.0 0.0 1.0 0.0 0.0 0.0 0.0 0.0 0.0 0.0 0.0 0.0 0.0 0.0 0.0 0.0 0.0 0.0 0.0 0.0 0.0 0.0 0.0 0.0 0.0 0.0 0.0 0.0 0.0 0.0 0.0 0.0 0.0 0.0 0.0 0.0 0.0 0.0 0.0 0.0 0.0 0.0 0.0 0.0 0.0 0.0 0.0
32.271 31.284 34.631 16.545 2.813 1.675 -8.278 -10.518 -17.994 -16.029 2 2 2 0 0 0 1 0 1 0 0 0 0 0 1 0 0 0 0 0 0 2 1 4 5 2 1 0 0 0 1 1 0 1 0 0 1 0 0 0 0 1 0 0 0 0 1 0 0 0 0 1 0 0 0 1 0 0 1 5 4 5 5 6 5 0.5 0 0 0 1 0 2 4 7 1 5 0 2 8 0.0 0.0 2.0 5.0 0.5 10.0 0.0 0.0 0.0 0.0 0.0 0.0 0.0 0.0 0.0 1.0 0.0 0.0 0.0 0.0 0.0 0.0 0.0 0.0 0.0 0.0 0.0 0.0 0.0 0.0 0.0 0.0 0.0 0.0 0.0 0.0 0.0 0.0 0.0 0.0 0.0 0.0 0.0 0.0 0.0 0.0 0.0 0.0 0.0 0.0 0.0 0.0 0.0 0.0 0.0 0.0 0.0 0.0 0.0 0.0 0.0 0.0 0.0 0.0 0.0 0.0
-15.067 -13.55 -17.422 -20.959 -27.849 -41.848 -48.326 -46.396 -46.079 -48.332 2 2 2 1 0 0 0 0 0 0 0 0 1 0 0 0 0 1 0 0 0 2 0 3 6 2 0 4 1 1 0 0 1 0 1 0 1 0 0 0 0 1 0 0 0 0 1 0 0 0 0 0 1 0 1 0 0 1 0 6 3 6 4 7 4 0.583 1 0 0 0 0 31 1 4 1 6 0 11 11 0.0 0.0 2.0 6.0 0.6 10.0 0.0 0.0 0.0 0.0 0.0 0.0 0.0 0.0 0.0 0.0 0.0 1.0 0.0 0.0 0.0 0.0 0.0 0.0 0.0 0.0 0.0 0.0 0.0 0.0 0.0 0.0 0.0 0.0 0.0 0.0 0.0 0.0 0.0 0.0 0.0 0.0 0.0 0.0 0.0 0.0 0.0 0.0 0.0 0.0 0.0 0.0 0.0 0.0 0.0 0.0 0.0 0.0 0.0 0.0 0.0 0.0 0.0 0.0 0.0 0.0
-91.667 -111.415 -88.718 -52.759 -33.372 -18.92 -17.434 -20.647 -21.819 -18.499 2 2 2 0 0 1 0 0 1 0 0 0 0 0 0 0 1 0 0 0 0 3 0 2 7 3 0 3 0 0 1 1 0 0 1 0 1 0 0 0 0 1 0 0 0 0 1 0 0 0 0 1 0 0 0 1 0 1 0 7 2 7 3 8 3 0.667 0 0 1 0 0 203 1 4 1 6 1 10 26 0.0 0.0 2.0 7.0 0.7 10.0 0.0 0.0 0.0 0.0 0.0 0.0 0.0 0.0 0.0 0.0 0.0 1.0 0.0 0.0 0.0 0.0 0.0 0.0 0.0 0.0 0.0 0.0 0.0 0.0 0.0 0.0 0.0 0.0 0.0 0.0 0.0 0.0 0.0 0.0 0.0 0.0 0.0 0.0 0.0 0.0 0.0 0.0 0.0 0.0 0.0 0.0 0.0 0.0 0.0 0.0 0.0 0.0 0.0 0.0 0.0 0.0 0.0 0.0 0.0 0.0
-12.917 -13.462 -4.649 -1.899 -10.48 -13.036 -16.101 -4.676 -3.598 -15.654 2 2 2 0 1 0 0 0 0 0 0 1 0 0 0 0 0 1 0 0 0 3 0 1 8 3 0 2 1 0 1 0 1 0 1 0 1 0 0 0 0 1 0 0 0 0 0 0 1 0 0 1 0 0 1 0 0 1 0 8 1 8 2 9 2 0.75 0 1 0 0 0 305 1 1 7 7 0 16 34 0.0 0.0 2.0 8.0 0.8 10.0 0.0 0.0 0.0 0.0 0.0 0.0 0.0 0.0 0.0 0.0 1.0 0.0 1.0 0.0 1.0 0.0 0.0 0.0 0.0 1.0 0.0 0.0 0.0 0.0 0.0 0.0 0.0 0.0 0.0 0.0 0.0 0.0 0.0 0.0 0.0 0.0 0.0 0.0 0.0 0.0 0.0 0.0 0.0 0.0 0.0 0.0 0.0 0.0 0.0 0.0 0.0 0.0 0.0 0.0 0.0 0.0 0.0 0.0 0.0 0.0
-24.679 0.316 1.071 -3.25 6.255 10.661 13.301 12.708 12.188 21.433 2 2 2 0 0 1 0 0 0 0 1 0 0 0 0 0 1 0 0 0 0 3 0 0 9 3 0 1 2 0 1 0 1 0 1 0 0 0 1 0 0 1 0 0 0 0 1 0 0 0 0 1 0 0 1 0 0 1 0 9 0 9 1 10 1 0.833 0 0 1 0 0 474 1 1 7 7 1 17 8 0.0 0.0 2.0 9.0 0.9 10.0 0.0 0.0 0.0 0.0 0.0 0.0 0.0 0.0 0.0 0.0 1.0 0.0 1.0 0.0 1.0 0.0 0.0 0.0 0.0 1.0 0.0 0.0 0.0 0.0 0.0 0.0 0.0 0.0 0.0 0.0 0.0 0.0 0.0 0.0 0.0 0.0 0.0 0.0 0.0 0.0 0.0 0.0 0.0 0.0 0.0 0.0 0.0 0.0 0.0 0.0 0.0 0.0 0.0 0.0 0.0 0.0 0.0 0.0 0.0 0.0
-4.878 -11.635 -8.658 -13.979 -0.479 11.182 23.568 20.397 18.61 22.944 2 2 2 0 1 0 0 0 0 0 0 1 0 0 1 0 0 0 0 0 0 0 3 6 0 0 3 0 3 0 1 0 1 1 0 0 1 0 0 0 0 0 0 1 0 0 1 0 0 0 0 1 0 0 1 0 0 0 1 0 6 0 7 1 7 0.111 0 1 0 0 0 141 7 1 13 8 0 11 13 1.0 0.5 2.0 0.0 0.0 7.0 0.0 1.0 0.0 0.0 0.0 0.0 0.0 0.0 0.0 0.0 0.0 0.0 0.0 0.0 0.0 0.0 1.0 0.0 1.0 0.0 0.0 0.0 0.0 0.0 0.0 0.0 1.0 0.0 0.0 0.0 0.0 0.0 0.0 0.0 1.0 0.0 0.0 0.0 0.0 0.0 0.0 0.0 0.0 0.0 0.0 0.0 0.0 0.0 0.0 0.0 0.0 0.0 0.0 0.0 0.0 0.0 0.0 0.0 0.0 0.0
9.652 1.886 -4.685 -10.415 -15.176 -18.76 -33.339 -49.72 -59.499 -53.503 2 2 2 1 0 0 0 0 0 0 1 0 0 0 0 0 0 0 1 0 0 0 2 5 1 0 2 3 4 1 0 0 1 0 1 0 1 0 0 0 0 1 0 0 0 0 1 0 0 0 0 0 1 0 1 0 0 1 0 1 5 1 6 2 6 0.222 1 0 0 0 0 21 13 7 7 9 0 3 1 1.0 0.5 2.0 1.0 0.142857142857 7.0 0.0 0.0 0.0 0.0 0.0 0.0 0.0 0.0 0.0 0.0 0.0 0.0 0.0 0.0 0.0 0.0 0.0 1.0 0.0 0.0 0.0 0.0 0.0 0.0 0.0 0.0 0.0 0.0 0.0 0.0 0.0 0.0 0.0 0.0 0.0 0.0 0.0 0.0 0.0 0.0 0.0 0.0 0.0 0.0 0.0 0.0 0.0 0.0 0.0 0.0 0.0 0.0 0.0 0.0 0.0 0.0 0.0 0.0 0.0 0.0
-43.644 -40.076 -36.534 -35.65 -23.998 -13.289 -9.019 -11.645 -72.297 -106.461 2 2 2 0 0 0 1 0 1 0 0 0 0 0 0 0 1 0 0 0 0 1 2 4 2 1 2 2 0 0 1 1 0 0 1 0 1 0 0 0 0 1 0 0 0 0 1 0 0 0 0 1 0 0 0 1 0 1 0 2 4 2 5 3 5 0.333 0 0 0 1 0 23 13 7 7 9 1 18 10 1.0 0.5 2.0 2.0 0.285714285714 7.0 0.0 0.0 0.0 0.0 0.0 0.0 0.0 0.0 0.0 0.0 0.0 0.0 0.0 0.0 0.0 0.0 0.0 1.0 0.0 0.0 0.0 0.0 0.0 0.0 0.0 0.0 0.0 0.0 0.0 0.0 0.0 0.0 0.0 0.0 0.0 0.0 0.0 0.0 0.0 0.0 0.0 0.0 0.0 0.0 0.0 0.0 0.0 0.0 0.0 0.0 0.0 0.0 0.0 0.0 0.0 0.0 0.0 0.0 0.0 0.0
-84.194 -47.843 -3.839 1.681 -12.385 -22.173 -14.393 -0.821 -3.082 -4.702 2 2 2 0 1 0 0 0 0 0 0 0 1 0 0 0 0 0 0 1 0 1 2 3 3 1 2 1 1 0 1 0 1 0 1 0 1 0 0 0 0 1 0 0 0 0 1 0 0 0 0 1 0 0 1 0 0 1 0 3 3 3 4 4 4 0.444 0 1 0 0 0 978 7 13 0 10 0 21 10 1.0 0.5 2.0 3.0 0.428571428571 7.0 1.0 0.0 0.0 0.0 0.0 0.0 0.0 0.0 0.0 0.0 0.0 0.0 0.0 0.0 0.0 0.0 0.0 0.0 0.0 0.0 0.0 0.0 0.0 0.0 0.0 0.0 0.0 0.0 0.0 0.0 0.0 0.0 0.0 0.0 0.0 1.0 0.0 0.0 0.0 0.0 0.0 0.0 0.0 0.0 0.0 0.0 0.0 0.0 0.0 0.0 0.0 0.0 0.0 0.0 0.0 0.0 0.0 0.0 0.0 0.0
4.785 7.031 -0.78 -13.382 -17.795 -17.655 -15.898 -13.445 -6.775 34.728 2 2 2 0 0 0 0 1 0 0 1 0 0 0 1 0 0 0 0 0 0 1 2 2 4 1 2 0 2 0 1 0 1 1 0 0 1 0 0 0 0 1 0 0 0 0 1 0 0 0 0 1 0 0 1 0 0 0 1 4 2 4 3 5 3 0.556 0 0 0 0 1 243 7 13 0 10 1 8 13 1.0 0.5 2.0 4.0 0.571428571429 7.0 1.0 0.0 0.0 0.0 0.0 0.0 0.0 0.0 0.0 0.0 0.0 0.0 0.0 0.0 0.0 0.0 0.0 0.0 0.0 0.0 0.0 0.0 0.0 0.0 0.0 0.0 0.0 0.0 0.0 0.0 0.0 0.0 0.0 0.0 0.0 1.0 0.0 0.0 0.0 0.0 0.0 0.0 0.0 0.0 0.0 0.0 0.0 0.0 0.0 0.0 0.0 0.0 0.0 0.0 0.0 0.0 0.0 0.0 0.0 0.0
40.34 26.034 16.844 0.486 -3.564 -8.114 -6.593 -9.143 -9.842 -6.427 2 2 2 1 0 0 0 0 0 0 0 0 0 1 1 0 0 0 0 0 0 1 1 1 5 1 1 0 3 1 0 0 1 1 0 0 1 0 0 0 0 1 0 0 0 0 0 0 0 1 0 0 1 0 1 0 0 0 1 5 1 5 2 6 2 0.667 1 0 0 0 0 1718 7 13 0 10 2 3 34 1.0 0.5 2.0 5.0 0.714285714286 7.0 1.0 0.0 0.0 0.0 0.0 0.0 0.0 0.0 0.0 0.0 0.0 0.0 0.0 0.0 0.0 0.0 0.0 0.0 0.0 0.0 0.0 0.0 0.0 0.0 0.0 0.0 0.0 0.0 0.0 0.0 0.0 0.0 0.0 0.0 0.0 1.0 0.0 0.0 0.0 0.0 0.0 0.0 0.0 0.0 0.0 0.0 0.0 0.0 0.0 0.0 0.0 0.0 0.0 0.0 0.0 0.0 0.0 0.0 0.0 0.0
-6.02 -3.633 17.09 11.771 11.103 9.334 18.523 18.445 34.139 39.072 2 2 0 1 0 0 0 0 1 0 0 0 0 0 0 1 0 0 0 0 0 2 0 0 6 2 0 0 0 1 0 1 0 0 1 0 0 0 0 1 0 1 0 0 0 1 0 0 0 0 0 0 1 0 0 1 1 0 0 6 0 6 1 7 1 0.778 1 0 0 0 0 263 7 13 0 10 3 11 11 1.0 0.5 2.0 6.0 0.857142857143 7.0 1.0 0.0 0.0 0.0 0.0 0.0 0.0 0.0 0.0 0.0 0.0 0.0 0.0 0.0 0.0 0.0 0.0 0.0 0.0 0.0 0.0 0.0 0.0 0.0 0.0 0.0 0.0 0.0 0.0 0.0 0.0 0.0 0.0 0.0 0.0 1.0 0.0 0.0 0.0 0.0 0.0 0.0 0.0 0.0 0.0 0.0 0.0 0.0 0.0 0.0 0.0 0.0 0.0 0.0 0.0 0.0 0.0 0.0 0.0 0.0
