194.885 174.38202 138.29683 103.25103 87.0834 85.5915 89.86451 103.5468 113.89738 125.45761 2 0 2 0 0 0 0 1 0 1 0 0 0 0 0 0 1 0 0 0 0 0 1 14 0 0 1 1 0 0 1 0 1 0 1 0 1 0 0 0 1 0 0 0 0 0 1 0 0 0 0 1 0 1 0 0 0 1 0 0 14 0 15 1 15 0.059 0 0 0 0 1 8 9 0 7 0 0 1 24 0.0 0.0 1.0 0.0 0.0 15.0 0.0 0.0 0.0 0.0 0.0 0.0 0.0 0.0 0.0 0.0 0.0 0.0 0.0 0.0 0.0 0.0 0.0 0.0 0.0 0.0 0.0 0.0 0.0 0.0 0.0 0.0 0.0 1.0 0.0 0.0 0.0 0.0 0.0 0.0 0.0 0.0 0.0 0.0 0.0 0.0 0.0 0.0 0.0 0.0 0.0 0.0 0.0 0.0 0.0 0.0 0.0 0.0 0.0 0.0 0.0 0.0 0.0 0.0 0.0 0.0
128.05486 114.28274 91.86174 91.91181 71.58357 52.39554 41.31055 23.60664 0.32667 8.79951 2 2 2 0 1 0 0 0 0 0 0 0 0 1 1 0 0 0 0 0 0 0 1 13 1 0 1 0 1 0 1 0 1 1 0 0 1 0 0 0 0 1 0 0 0 0 1 0 0 0 0 1 0 0 1 0 0 0 1 1 13 1 14 2 14 0.118 0 1 0 0 0 685 9 0 7 0 1 5 20 0.0 0.0 1.0 1.0 0.0666666666667 15.0 0.0 0.0 0.0 0.0 0.0 0.0 0.0 0.0 0.0 0.0 0.0 0.0 0.0 0.0 0.0 0.0 0.0 0.0 0.0 0.0 0.0 0.0 0.0 0.0 0.0 0.0 0.0 1.0 0.0 0.0 0.0 0.0 0.0 0.0 0.0 0.0 0.0 0.0 0.0 0.0 0.0 0.0 0.0 0.0 0.0 0.0 0.0 0.0 0.0 0.0 0.0 0.0 0.0 0.0 0.0 0.0 0.0 0.0 0.0 0.0
27.40444 57.74567 78.27267 95.96767 100.01341 114.69072 120.72908 124.23425 125.52994 131.86226 2 2 2 1 0 0 0 0 0 0 1 0 0 0 0 0 0 0 0 1 0 0 0 12 2 0 0 12 2 1 0 0 1 0 1 0 1 0 0 0 0 1 0 0 0 0 1 0 0 0 0 0 1 0 1 0 0 1 0 2 12 2 13 3 13 0.176 1 0 0 0 0 116 7 9 7 1 0 4 30 0.0 0.0 1.0 2.0 0.133333333333 15.0 0.0 1.0 1.0 0.0 0.0 0.0 0.0 0.0 0.0 0.0 0.0 0.0 0.0 0.0 0.0 0.0 0.0 0.0 0.0 0.0 0.0 0.0 0.0 0.0 0.0 0.0 1.0 0.0 0.0 0.0 0.0 0.0 0.0 0.0 0.0 0.0 0.0 0.0 0.0 0.0 0.0 0.0 0.0 0.0 0.0 0.0 0.0 0.0 0.0 0.0 0.0 0.0 0.0 0.0 0.0 0.0 0.0 0.0 0.0 0.0
-51.94792 -64.43524 -73.69501 -87.31911 -84.3269 -89.39252 -85.29195 -88.2041 -83.65961 -78.85171 2 2 2 0 0 0 0 1 1 0 0 0 0 0 0 0 0 0 0 1 0 1 0 11 3 1 0 11 0 0 1 1 0 0 1 0 1 0 0 0 0 1 0 0 0 0 1 0 0 0 0 1 0 0 0 1 0 1 0 3 11 3 12 4 12 0.235 0 0 0 0 1 202 7 9 7 1 1 15 13 0.0 0.0 1.0 3.0 0.2 15.0 0.0 1.0 1.0 0.0 0.0 0.0 0.0 0.0 0.0 0.0 0.0 0.0 0.0 0.0 0.0 0.0 0.0 0.0 0.0 0.0 0.0 0.0 0.0 0.0 0.0 0.0 1.0 0.0 0.0 0.0 0.0 0.0 0.0 0.0 0.0 0.0 0.0 0.0 0.0 0.0 0.0 0.0 0.0 0.0 0.0 0.0 0.0 0.0 0.0 0.0 0.0 0.0 0.0 0.0 0.0 0.0 0.0 0.0 0.0 0.0
-83.54399 -67.07573 -77.80162 -93.55458 -96.08301 -99.24642 -92.73321 -79.34212 -72.50885 -55.27504 2 2 2 0 0 0 0 1 0 0 0 0 0 1 0 0 0 1 0 0 0 1 0 10 4 1 0 10 1 0 1 0 1 0 1 0 1 0 0 0 0 1 0 0 0 0 1 0 0 0 0 1 0 0 1 0 0 1 0 4 10 4 11 5 11 0.294 0 0 0 0 1 28 7 7 7 2 0 2 3 0.0 0.0 1.0 4.0 0.266666666667 15.0 0.0 0.0 0.0 0.0 0.0 0.0 0.0 0.0 0.0 0.0 0.0 0.0 0.0 0.0 0.0 0.0 0.0 0.0 0.0 0.0 0.0 0.0 0.0 0.0 0.0 0.0 0.0 1.0 0.0 0.0 0.0 0.0 0.0 0.0 0.0 0.0 0.0 0.0 0.0 0.0 0.0 0.0 0.0 0.0 0.0 0.0 0.0 0.0 0.0 0.0 0.0 0.0 0.0 0.0 0.0 0.0 0.0 0.0 0.0 0.0
-30.92086 -48.01361 -55.44263 -66.62678 -72.72657 -66.72549 -32.08716 8.29221 41.98887 56.08127 2 2 2 0 0 1 0 0 0 0 0 0 0 1 0 0 1 0 0 0 0 1 0 9 5 1 0 9 2 0 1 0 1 0 1 0 1 0 0 0 0 1 0 0 0 0 1 0 0 0 0 1 0 0 1 0 0 1 0 5 9 5 10 6 10 0.353 0 0 1 0 0 85 7 7 7 3 0 19 11 0.0 0.0 1.0 5.0 0.333333333333 15.0 0.0 0.0 0.0 0.0 0.0 0.0 0.0 0.0 0.0 0.0 0.0 0.0 0.0 0.0 0.0 0.0 0.0 0.0 0.0 0.0 0.0 1.0 0.0 0.0 0.0 0.0 0.0 0.0 0.0 0.0 0.0 0.0 0.0 0.0 0.0 0.0 0.0 0.0 0.0 0.0 0.0 0.0 0.0 0.0 0.0 0.0 0.0 0.0 0.0 0.0 0.0 0.0 0.0 0.0 0.0 0.0 0.0 0.0 0.0 0.0
14.96486 -11.69076 -27.39337 -28.82558 -22.27543 -16.31775 -6.18014 -0.20627 1.8994 3.79785 2 2 2 0 1 0 0 0 0 0 0 1 0 0 0 0 0 1 0 0 0 1 0 8 6 1 0 8 3 0 1 0 1 0 1 0 1 0 0 0 0 1 0 0 0 0 1 0 0 0 0 1 0 0 1 0 0 1 0 6 8 6 9 7 9 0.412 0 1 0 0 0 788 7 7 7 3 1 9 7 0.0 0.0 1.0 6.0 0.4 15.0 0.0 0.0 0.0 0.0 0.0 0.0 0.0 0.0 0.0 0.0 0.0 0.0 0.0 0.0 0.0 0.0 0.0 0.0 0.0 0.0 0.0 1.0 0.0 0.0 0.0 0.0 0.0 0.0 0.0 0.0 0.0 0.0 0.0 0.0 0.0 0.0 0.0 0.0 0.0 0.0 0.0 0.0 0.0 0.0 0.0 0.0 0.0 0.0 0.0 0.0 0.0 0.0 0.0 0.0 0.0 0.0 0.0 0.0 0.0 0.0
-12.71762 -3.65536 -2.94719 -9.81929 -15.94512 -5.60746 17.79998 43.51825 57.94406 58.55065 2 2 2 0 0 1 0 0 0 0 1 0 0 0 0 0 1 0 0 0 0 1 0 7 7 1 0 7 4 0 1 0 1 0 1 0 1 0 0 0 0 1 0 0 0 0 1 0 0 0 0 1 0 0 1 0 0 1 0 7 7 7 8 8 8 0.471 0 0 1 0 0 1054 7 7 1 4 0 4 3 0.0 0.0 1.0 7.0 0.466666666667 15.0 0.0 0.0 0.0 1.0 0.0 0.0 0.0 0.0 0.0 0.0 0.0 0.0 0.0 0.0 0.0 0.0 1.0 0.0 0.0 0.0 1.0 0.0 0.0 0.0 0.0 0.0 0.0 0.0 0.0 0.0 0.0 0.0 0.0 0.0 0.0 0.0 0.0 0.0 0.0 0.0 0.0 0.0 0.0 0.0 0.0 0.0 0.0 0.0 0.0 0.0 0.0 0.0 0.0 0.0 0.0 0.0 0.0 0.0 0.0 0.0
54.71403 19.94724 -22.89781 -57.80451 -94.19131 -133.38778 -149.24372 -142.43391 -146.78972 -148.01358 2 2 2 0 1 0 0 0 0 0 0 1 0 0 0 0 0 1 0 0 0 1 0 6 8 1 0 6 5 0 1 0 1 0 1 0 1 0 0 0 0 1 0 0 0 0 1 0 0 0 0 1 0 0 1 0 0 1 0 8 6 8 7 9 7 0.529 0 1 0 0 0 82 7 7 1 4 1 10 3 0.0 0.0 1.0 8.0 0.533333333333 15.0 0.0 0.0 0.0 1.0 0.0 0.0 0.0 0.0 0.0 0.0 0.0 0.0 0.0 0.0 0.0 0.0 1.0 0.0 0.0 0.0 1.0 0.0 0.0 0.0 0.0 0.0 0.0 0.0 0.0 0.0 0.0 0.0 0.0 0.0 0.0 0.0 0.0 0.0 0.0 0.0 0.0 0.0 0.0 0.0 0.0 0.0 0.0 0.0 0.0 0.0 0.0 0.0 0.0 0.0 0.0 0.0 0.0 0.0 0.0 0.0
-135.1188 -125.91195 -106.46189 -101.3037 -91.48357 -76.88778 -41.91203 -14.73458 34.62627 77.64488 2 2 2 0 0 1 0 0 0 0 1 0 0 0 0 0 0 0 0 1 0 1 0 5 9 1 0 5 6 0 1 0 1 0 1 0 1 0 0 0 0 1 0 0 0 0 1 0 0 0 0 1 0 0 1 0 0 1 0 9 5 9 6 10 6 0.588 0 0 1 0 0 170 1 7 1 5 0 19 35 0.0 0.0 1.0 9.0 0.6 15.0 0.0 0.0 0.0 0.0 0.0 0.0 0.0 0.0 0.0 0.0 0.0 1.0 0.0 0.0 0.0 0.0 0.0 0.0 0.0 0.0 0.0 0.0 0.0 0.0 0.0 0.0 0.0 0.0 0.0 0.0 0.0 0.0 0.0 0.0 0.0 0.0 0.0 0.0 0.0 0.0 0.0 0.0 0.0 0.0 0.0 0.0 0.0 0.0 0.0 0.0 0.0 0.0 0.0 0.0 0.0 0.0 0.0 0.0 0.0 0.0
93.73829 86.90852 80.29114 81.90773 73.49886 51.28261 21.20165 -14.95278 -43.2231 -48.09339 2 2 2 0 0 0 0 1 0 0 0 1 0 0 0 0 0 1 0 0 0 1 0 4 10 1 0 4 7 0 1 0 1 0 1 0 1 0 0 0 0 1 0 0 0 0 1 0 0 0 0 1 0 0 1 0 0 1 0 10 4 10 5 11 5 0.647 0 0 0 0 1 53 1 7 1 5 1 23 8 0.0 0.0 1.0 10.0 0.666666666667 15.0 0.0 0.0 0.0 0.0 0.0 0.0 0.0 0.0 0.0 0.0 0.0 1.0 0.0 0.0 0.0 0.0 0.0 0.0 0.0 0.0 0.0 0.0 0.0 0.0 0.0 0.0 0.0 0.0 0.0 0.0 0.0 0.0 0.0 0.0 0.0 0.0 0.0 0.0 0.0 0.0 0.0 0.0 0.0 0.0 0.0 0.0 0.0 0.0 0.0 0.0 0.0 0.0 0.0 0.0 0.0 0.0 0.0 0.0 0.0 0.0
-53.2765 -47.77774 -67.6899 -83.54694 -104.66822 -119.5186 -127.95855 -137.91658 -129.22225 -123.0241 2 2 2 0 0 1 0 0 0 0 0 0 0 1 0 0 0 0 0 1 0 1 0 3 11 1 0 3 8 0 1 0 1 0 1 0 1 0 0 0 0 1 0 0 0 0 1 0 0 0 0 1 0 0 1 0 0 1 0 11 3 11 4 12 4 0.706 0 0 1 0 0 384 1 1 1 6 0 5 18 0.0 0.0 1.0 11.0 0.733333333333 15.0 0.0 0.0 0.0 0.0 0.0 0.0 0.0 0.0 0.0 0.0 0.0 1.0 0.0 0.0 0.0 0.0 0.0 0.0 0.0 0.0 0.0 0.0 0.0 0.0 0.0 0.0 0.0 0.0 0.0 0.0 0.0 0.0 0.0 0.0 0.0 0.0 0.0 0.0 0.0 0.0 0.0 0.0 0.0 0.0 0.0 0.0 0.0 0.0 0.0 0.0 0.0 0.0 0.0 0.0 0.0 0.0 0.0 0.0 0.0 0.0
-71.65088 -49.90028 -8.61694 11.58754 35.64266 41.55319 51.69906 37.75582 30.19265 23.41008 2 2 2 0 0 0 0 1 0 0 0 1 0 0 0 0 0 1 0 0 0 1 0 2 12 1 0 2 9 0 1 0 1 0 1 0 1 0 0 0 0 1 0 0 0 0 1 0 0 0 0 1 0 0 1 0 0 1 0 12 2 12 3 13 3 0.765 0 0 0 0 1 699 1 1 1 6 1 4 7 0.0 0.0 1.0 12.0 0.8 15.0 0.0 0.0 0.0 0.0 0.0 0.0 0.0 0.0 0.0 0.0 0.0 1.0 0.0 0.0 0.0 0.0 0.0 0.0 0.0 0.0 0.0 0.0 0.0 0.0 0.0 0.0 0.0 0.0 0.0 0.0 0.0 0.0 0.0 0.0 0.0 0.0 0.0 0.0 0.0 0.0 0.0 0.0 0.0 0.0 0.0 0.0 0.0 0.0 0.0 0.0 0.0 0.0 0.0 0.0 0.0 0.0 0.0 0.0 0.0 0.0
20.10813 -2.72026 -28.36023 -40.75236 -32.79361 -59.1062 -78.30346 -74.88059 -30.93011 -1.86007 2 2 2 0 0 1 0 0 0 0 0 0 0 1 0 0 1 0 0 0 0 1 0 1 13 1 0 1 10 0 1 0 1 0 1 0 1 0 0 0 0 1 0 0 0 0 0 0 0 1 0 1 0 0 1 0 0 1 0 13 1 13 2 14 2 0.824 0 0 1 0 0 271 1 1 0 7 0 3 15 0.0 0.0 1.0 13.0 0.866666666667 15.0 1.0 0.0 0.0 0.0 0.0 0.0 0.0 0.0 0.0 0.0 1.0 0.0 0.0 0.0 0.0 0.0 0.0 1.0 0.0 0.0 0.0 0.0 0.0 0.0 0.0 0.0 0.0 0.0 0.0 0.0 0.0 0.0 0.0 0.0 0.0 0.0 0.0 0.0 0.0 0.0 0.0 0.0 0.0 0.0 0.0 0.0 0.0 0.0 0.0 0.0 0.0 0.0 0.0 0.0 0.0 0.0 0.0 0.0 0.0 0.0
13.27891 9.605 20.592 15.54428 -20.48428 -55.66008 -89.14841 -128.97923 -123.7403 -114.54999 2 2 0 0 1 0 0 0 0 0 0 1 0 0 0 1 0 0 0 0 0 1 0 0 14 1 0 0 11 0 1 0 1 0 1 0 0 0 0 1 0 1 0 0 0 1 0 0 0 0 0 1 0 0 1 0 1 0 0 14 0 14 1 15 1 0.882 0 1 0 0 0 258 1 1 0 7 1 16 11 0.0 0.0 1.0 14.0 0.933333333333 15.0 1.0 0.0 0.0 0.0 0.0 0.0 0.0 0.0 0.0 0.0 1.0 0.0 0.0 0.0 0.0 0.0 0.0 1.0 0.0 0.0 0.0 0.0 0.0 0.0 0.0 0.0 0.0 0.0 0.0 0.0 0.0 0.0 0.0 0.0 0.0 0.0 0.0 0.0 0.0 0.0 0.0 0.0 0.0 0.0 0.0 0.0 0.0 0.0 0.0 0.0 0.0 0.0 0.0 0.0 0.0 0.0 0.0 0.0 0.0 0.0
