22.216 12.144 13.55762 16.28986 19.08321 15.09087 18.76767 20.19432 21.09015 16.52811 2 0 2 1 0 0 0 0 0 1 0 0 0 0 0 0 0 1 0 0 0 0 5 19 0 0 5 4 0 1 0 0 1 0 1 0 1 0 0 0 1 0 0 0 0 0 1 0 0 0 0 0 1 1 0 0 0 1 0 0 19 0 20 1 9 0.091 1 0 0 0 0 1434 1 0 1 0 0 2 34 6 4 0 0 0.0 0.0 3.0 0.0 0.0 9.0 0.0 0.0 0.0 0.0 0.0 0.0 0.0 0.0 0.0 0.0 0.0 0.0 0.0 0.0 0.0 0.0 0.0 0.0 0.0 0.0 0.0 0.0 0.0 0.0 0.0 0.0 0.0 0.0 0.0 1.0 0.0 0.0 0.0 0.0 0.0 0.0 0.0 0.0 0.0 0.0 0.0 0.0 0.0 0.0 0.0 0.0 0.0 0.0 0.0 0.0 0.0 0.0 0.0 0.0 0.0 0.0 0.0 0.0 0.0 0.0
15.28747 14.8067 10.23893 4.82543 -14.89668 -5.49251 9.60478 19.52081 22.37231 33.89568 2 2 2 0 0 1 0 0 1 0 0 0 0 0 0 0 0 0 0 1 0 0 5 18 1 0 5 3 0 0 1 1 0 0 1 0 1 0 0 0 0 1 0 0 0 0 1 0 0 0 0 1 0 0 0 1 0 1 0 1 18 1 19 2 8 0.182 0 0 1 0 0 2042 1 0 1 0 1 10 32 6 1 4 5 0.0 0.0 3.0 1.0 0.111111111111 9.0 0.0 0.0 0.0 0.0 0.0 0.0 0.0 0.0 0.0 0.0 0.0 0.0 0.0 0.0 0.0 0.0 0.0 0.0 0.0 0.0 0.0 0.0 0.0 0.0 0.0 0.0 0.0 0.0 0.0 1.0 0.0 0.0 0.0 0.0 0.0 0.0 0.0 0.0 0.0 0.0 0.0 0.0 0.0 0.0 0.0 0.0 0.0 0.0 0.0 0.0 0.0 0.0 0.0 0.0 0.0 0.0 0.0 0.0 0.0 0.0
30.97757 31.76918 30.08133 12.57294 -4.13466 -27.71508 -38.09565 -45.82166 -39.5364 -30.69201 2 2 2 0 0 0 0 1 0 0 0 1 0 0 0 0 0 0 0 1 0 0 5 17 2 0 5 2 1 0 1 0 1 0 1 0 1 0 0 0 0 1 0 0 0 0 1 0 0 0 0 1 0 0 1 0 0 1 0 2 17 2 18 3 7 0.273 0 0 0 0 1 1057 1 1 1 1 0 1 13 2 0 0 0 0.0 0.0 3.0 2.0 0.222222222222 9.0 0.0 0.0 0.0 0.0 0.0 0.0 0.0 0.0 0.0 0.0 0.0 0.0 0.0 0.0 0.0 0.0 0.0 0.0 0.0 0.0 0.0 0.0 0.0 0.0 0.0 0.0 0.0 0.0 1.0 0.0 0.0 0.0 0.0 0.0 0.0 0.0 0.0 0.0 0.0 0.0 0.0 0.0 0.0 1.0 0.0 0.0 0.0 0.0 0.0 0.0 0.0 0.0 0.0 0.0 0.0 0.0 0.0 0.0 0.0 0.0
-18.78619 -1.373 10.71226 5.87449 -27.78689 -56.05074 -65.5997 -55.44679 -46.15484 -46.07654 2 2 2 0 0 0 0 1 0 0 0 0 0 1 0 0 0 0 0 1 0 0 5 16 3 0 5 1 2 0 1 0 1 0 1 0 1 0 0 0 0 1 0 0 0 0 1 0 0 0 0 1 0 0 1 0 0 1 0 3 16 3 17 4 6 0.364 0 0 0 0 1 893 1 1 1 1 1 10 25 6 1 0 0 0.0 0.0 3.0 3.0 0.333333333333 9.0 0.0 0.0 0.0 0.0 0.0 0.0 0.0 0.0 0.0 0.0 0.0 0.0 0.0 0.0 0.0 0.0 0.0 0.0 0.0 0.0 0.0 0.0 0.0 0.0 0.0 0.0 0.0 0.0 1.0 0.0 0.0 0.0 0.0 0.0 0.0 0.0 0.0 0.0 0.0 0.0 0.0 0.0 0.0 1.0 0.0 0.0 0.0 0.0 0.0 0.0 0.0 0.0 0.0 0.0 0.0 0.0 0.0 0.0 0.0 0.0
-113.45601 -66.53803 9.87732 46.45919 72.79869 79.04972 74.85177 56.38321 36.66799 27.07618 2 2 2 0 0 0 0 1 0 0 0 0 0 1 1 0 0 0 0 0 0 0 5 15 4 0 5 0 3 0 1 0 1 1 0 0 1 0 0 0 0 1 0 0 0 0 1 0 0 0 0 1 0 0 1 0 0 0 1 4 15 4 16 5 5 0.455 0 0 0 0 1 1001 1 1 9 2 0 18 2 1 2 0 0 0.0 0.0 3.0 4.0 0.444444444444 9.0 0.0 0.0 0.0 0.0 0.0 0.0 0.0 0.0 0.0 0.0 0.0 0.0 0.0 0.0 0.0 0.0 0.0 0.0 0.0 1.0 0.0 0.0 0.0 0.0 0.0 0.0 0.0 0.0 0.0 0.0 0.0 0.0 0.0 0.0 0.0 0.0 0.0 0.0 0.0 0.0 0.0 0.0 1.0 0.0 0.0 0.0 0.0 0.0 0.0 0.0 0.0 0.0 0.0 0.0 0.0 0.0 0.0 0.0 0.0 0.0
12.81058 16.44708 20.34978 29.40889 23.82718 16.97269 13.87838 15.15163 14.83074 15.07741 2 2 2 1 0 0 0 0 0 0 0 0 0 1 1 0 0 0 0 0 0 0 4 14 5 0 4 0 4 1 0 0 1 1 0 0 1 0 0 0 0 1 0 0 0 0 1 0 0 0 0 0 1 0 1 0 0 0 1 5 14 5 15 6 4 0.545 1 0 0 0 0 677 1 1 9 2 1 5 13 2 0 0 0 0.0 0.0 3.0 5.0 0.555555555556 9.0 0.0 0.0 0.0 0.0 0.0 0.0 0.0 0.0 0.0 0.0 0.0 0.0 0.0 0.0 0.0 0.0 0.0 0.0 0.0 1.0 0.0 0.0 0.0 0.0 0.0 0.0 0.0 0.0 0.0 0.0 0.0 0.0 0.0 0.0 0.0 0.0 0.0 0.0 0.0 0.0 0.0 0.0 1.0 0.0 0.0 0.0 0.0 0.0 0.0 0.0 0.0 0.0 0.0 0.0 0.0 0.0 0.0 0.0 0.0 0.0
15.46762 19.35573 23.69869 23.54756 4.88174 -6.41467 -3.41651 -1.00517 -1.63195 6.74941 2 2 2 1 0 0 0 0 1 0 0 0 0 0 0 0 0 1 0 0 0 1 3 13 6 1 3 1 0 1 0 1 0 0 1 0 1 0 0 0 0 1 0 0 0 0 1 0 0 0 0 0 1 0 0 1 0 1 0 6 13 6 14 7 3 0.636 1 0 0 0 0 104 1 1 9 2 2 11 4 1 4 0 0 0.0 0.0 3.0 6.0 0.666666666667 9.0 0.0 0.0 0.0 0.0 0.0 0.0 0.0 0.0 0.0 0.0 0.0 0.0 0.0 0.0 0.0 0.0 0.0 0.0 0.0 1.0 0.0 0.0 0.0 0.0 0.0 0.0 0.0 0.0 0.0 0.0 0.0 0.0 0.0 0.0 0.0 0.0 0.0 0.0 0.0 0.0 0.0 0.0 1.0 0.0 0.0 0.0 0.0 0.0 0.0 0.0 0.0 0.0 0.0 0.0 0.0 0.0 0.0 0.0 0.0 0.0
-12.31331 -13.17276 -15.6107 -18.27264 -17.418 -14.41358 -5.56136 -3.06173 -7.77652 -16.02499 2 2 2 0 0 1 0 0 1 0 0 0 0 0 1 0 0 0 0 0 0 2 3 12 7 2 3 0 0 0 1 1 0 1 0 0 1 0 0 0 0 1 0 0 0 0 1 0 0 0 0 1 0 0 0 1 0 0 1 7 12 7 13 8 2 0.727 0 0 1 0 0 536 1 1 9 2 3 11 13 2 0 0 0 0.0 0.0 3.0 7.0 0.777777777778 9.0 0.0 0.0 0.0 0.0 0.0 0.0 0.0 0.0 0.0 0.0 0.0 0.0 0.0 0.0 0.0 0.0 0.0 0.0 0.0 1.0 0.0 0.0 0.0 0.0 0.0 0.0 0.0 0.0 0.0 0.0 0.0 0.0 0.0 0.0 0.0 0.0 0.0 0.0 0.0 0.0 0.0 0.0 1.0 0.0 0.0 0.0 0.0 0.0 0.0 0.0 0.0 0.0 0.0 0.0 0.0 0.0 0.0 0.0 0.0 0.0
-14.97126 4.32093 19.36399 23.56387 0.20732 -18.04488 -20.09222 -25.24138 -80.27974 -77.29082 2 2 2 1 0 0 0 0 0 0 0 1 0 0 0 0 0 1 0 0 0 2 2 11 8 2 2 7 1 1 0 0 1 0 1 0 1 0 0 0 0 1 0 0 0 0 1 0 0 0 0 0 1 0 1 0 0 1 0 8 11 8 12 9 1 0.818 1 0 0 0 0 2457 1 1 9 2 4 6 24 6 0 0 0 0.0 0.0 3.0 8.0 0.888888888889 9.0 0.0 0.0 0.0 0.0 0.0 0.0 0.0 0.0 0.0 0.0 0.0 0.0 0.0 0.0 0.0 0.0 0.0 0.0 0.0 1.0 0.0 0.0 0.0 0.0 0.0 0.0 0.0 0.0 0.0 0.0 0.0 0.0 0.0 0.0 0.0 0.0 0.0 0.0 0.0 0.0 0.0 0.0 1.0 0.0 0.0 0.0 0.0 0.0 0.0 0.0 0.0 0.0 0.0 0.0 0.0 0.0 0.0 0.0 0.0 0.0
-44.37199 -22.09299 -4.36103 16.50069 25.68397 27.18981 19.26143 9.17047 -2.80551 -8.19431 2 2 2 0 0 1 0 0 1 0 0 0 0 0 0 0 1 0 0 0 0 3 2 10 9 3 2 6 0 0 1 1 0 0 1 0 1 0 0 0 0 1 0 0 0 0 1 0 0 0 0 1 0 0 0 1 0 1 0 9 10 9 11 1 2 0.25 0 0 1 0 0 506 9 1 9 3 0 17 3 1 3 0 0 1.0 0.333333333333 3.0 0.0 0.0 2.0 0.0 0.0 0.0 0.0 0.0 0.0 0.0 0.0 0.0 0.0 0.0 0.0 0.0 0.0 0.0 0.0 0.0 0.0 0.0 0.0 0.0 0.0 0.0 0.0 0.0 0.0 0.0 1.0 0.0 0.0 0.0 0.0 0.0 0.0 0.0 0.0 0.0 0.0 0.0 0.0 0.0 0.0 0.0 0.0 0.0 0.0 0.0 0.0 0.0 0.0 0.0 0.0 0.0 0.0 0.0 0.0 0.0 0.0 0.0 0.0
-25.153 -29.09596 -28.39944 -18.5463 -5.15191 -8.35801 -3.69176 -6.80881 -15.47801 -34.42054 2 2 2 0 1 0 0 0 0 0 0 1 0 0 0 0 0 1 0 0 0 3 2 9 10 3 2 5 1 0 1 0 1 0 1 0 1 0 0 0 0 1 0 0 0 0 1 0 0 0 0 1 0 0 1 0 0 1 0 10 9 10 10 2 1 0.5 0 1 0 0 0 193 9 9 7 4 0 23 13 2 0 0 0 1.0 0.333333333333 3.0 1.0 0.5 2.0 0.0 0.0 0.0 0.0 0.0 0.0 0.0 0.0 0.0 0.0 0.0 0.0 0.0 0.0 0.0 0.0 0.0 0.0 0.0 0.0 0.0 0.0 0.0 0.0 0.0 0.0 0.0 1.0 0.0 0.0 0.0 0.0 0.0 0.0 0.0 0.0 0.0 0.0 0.0 0.0 0.0 0.0 0.0 0.0 0.0 0.0 0.0 0.0 0.0 0.0 0.0 0.0 0.0 0.0 0.0 0.0 0.0 0.0 0.0 0.0
15.16606 11.896 5.565 0.933 -0.1438 -1.86933 -3.84104 -10.16856 -17.20363 -25.53195 2 2 2 0 0 1 0 0 0 0 1 0 0 0 0 0 0 1 0 0 0 3 2 8 11 3 2 4 2 0 1 0 1 0 1 0 1 0 0 0 0 1 0 0 0 0 1 0 0 0 0 1 0 0 1 0 0 1 0 11 8 11 9 1 9 0.091 0 0 1 0 0 34 7 9 1 5 0 13 11 7 4 5 0 2.0 0.666666666667 3.0 0.0 0.0 9.0 0.0 1.0 0.0 0.0 0.0 0.0 0.0 0.0 0.0 0.0 0.0 0.0 0.0 0.0 0.0 0.0 1.0 0.0 1.0 0.0 0.0 0.0 0.0 0.0 0.0 0.0 1.0 0.0 0.0 0.0 0.0 0.0 0.0 0.0 0.0 0.0 0.0 0.0 0.0 0.0 0.0 0.0 0.0 0.0 0.0 0.0 0.0 0.0 0.0 0.0 0.0 0.0 0.0 0.0 0.0 0.0 0.0 0.0 0.0 0.0
-22.2478 -23.24332 -33.09979 -26.65892 -22.63112 -14.53619 -16.56583 -27.3518 -37.08581 -38.68964 2 2 2 0 0 1 0 0 0 0 0 1 0 0 0 0 0 1 0 0 0 3 2 7 12 3 2 3 3 0 1 0 1 0 1 0 1 0 0 0 0 1 0 0 0 0 1 0 0 0 0 1 0 0 1 0 0 1 0 12 7 12 8 2 8 0.182 0 0 1 0 0 17 7 9 1 5 1 22 9 7 2 0 0 2.0 0.666666666667 3.0 1.0 0.111111111111 9.0 0.0 1.0 0.0 0.0 0.0 0.0 0.0 0.0 0.0 0.0 0.0 0.0 0.0 0.0 0.0 0.0 1.0 0.0 1.0 0.0 0.0 0.0 0.0 0.0 0.0 0.0 1.0 0.0 0.0 0.0 0.0 0.0 0.0 0.0 0.0 0.0 0.0 0.0 0.0 0.0 0.0 0.0 0.0 0.0 0.0 0.0 0.0 0.0 0.0 0.0 0.0 0.0 0.0 0.0 0.0 0.0 0.0 0.0 0.0 0.0
-59.68405 -72.97123 -45.79552 -7.43542 6.96864 8.84938 5.56002 -9.34299 -17.05015 0.94198 2 2 2 0 0 1 0 0 0 0 0 1 0 0 0 0 0 1 0 0 0 3 2 6 13 3 2 2 4 0 1 0 1 0 1 0 1 0 0 0 0 1 0 0 0 0 1 0 0 0 0 1 0 0 1 0 0 1 0 13 6 13 7 3 7 0.273 0 0 1 0 0 1729 1 7 4 6 0 23 4 1 4 0 0 2.0 0.666666666667 3.0 2.0 0.222222222222 9.0 0.0 0.0 0.0 0.0 0.0 0.0 0.0 0.0 0.0 0.0 0.0 0.0 0.0 0.0 0.0 0.0 0.0 0.0 0.0 0.0 0.0 0.0 0.0 0.0 0.0 0.0 0.0 0.0 0.0 1.0 1.0 0.0 0.0 0.0 0.0 0.0 0.0 0.0 0.0 0.0 0.0 0.0 0.0 0.0 0.0 0.0 0.0 0.0 0.0 0.0 0.0 0.0 0.0 0.0 0.0 0.0 0.0 0.0 0.0 0.0
27.52686 48.85749 43.36327 39.96756 28.00702 10.30409 6.2311 -2.36496 5.99687 0.38297 2 2 2 0 0 1 0 0 0 0 0 1 0 0 0 0 1 0 0 0 0 3 2 5 14 3 2 1 5 0 1 0 1 0 1 0 1 0 0 0 0 1 0 0 0 0 1 0 0 0 0 1 0 0 1 0 0 1 0 14 5 14 6 4 6 0.364 0 0 1 0 0 341 1 7 4 6 1 10 32 6 1 4 5 2.0 0.666666666667 3.0 3.0 0.333333333333 9.0 0.0 0.0 0.0 0.0 0.0 0.0 0.0 0.0 0.0 0.0 0.0 0.0 0.0 0.0 0.0 0.0 0.0 0.0 0.0 0.0 0.0 0.0 0.0 0.0 0.0 0.0 0.0 0.0 0.0 1.0 1.0 0.0 0.0 0.0 0.0 0.0 0.0 0.0 0.0 0.0 0.0 0.0 0.0 0.0 0.0 0.0 0.0 0.0 0.0 0.0 0.0 0.0 0.0 0.0 0.0 0.0 0.0 0.0 0.0 0.0
-9.15373 -20.36962 -31.12431 -36.25699 -27.85311 -22.7117 -13.84715 -19.59988 -9.76003 3.50037 2 2 2 0 1 0 0 0 0 0 0 1 0 0 1 0 0 0 0 0 0 3 2 4 15 3 2 0 6 0 1 0 1 1 0 0 1 0 0 0 0 1 0 0 0 0 1 0 0 0 0 1 0 0 1 0 0 0 1 15 4 15 5 5 5 0.455 0 1 0 0 0 18 1 7 4 6 2 17 13 2 0 0 0 2.0 0.666666666667 3.0 4.0 0.444444444444 9.0 0.0 0.0 0.0 0.0 0.0 0.0 0.0 0.0 0.0 0.0 0.0 0.0 0.0 0.0 0.0 0.0 0.0 0.0 0.0 0.0 0.0 0.0 0.0 0.0 0.0 0.0 0.0 0.0 0.0 1.0 1.0 0.0 0.0 0.0 0.0 0.0 0.0 0.0 0.0 0.0 0.0 0.0 0.0 0.0 0.0 0.0 0.0 0.0 0.0 0.0 0.0 0.0 0.0 0.0 0.0 0.0 0.0 0.0 0.0 0.0
-8.69202 -10.58775 -13.1997 -22.30238 -23.4564 -32.62944 -40.19582 -45.25426 -42.97105 -35.36145 2 2 2 1 0 0 0 0 0 0 1 0 0 0 0 0 0 0 1 0 0 3 1 3 16 3 1 1 7 1 0 0 1 0 1 0 1 0 0 0 0 1 0 0 0 0 1 0 0 0 0 0 1 0 1 0 0 1 0 16 3 16 4 6 4 0.545 1 0 0 0 0 801 1 7 4 6 3 12 34 6 4 0 0 2.0 0.666666666667 3.0 5.0 0.555555555556 9.0 0.0 0.0 0.0 0.0 0.0 0.0 0.0 0.0 0.0 0.0 0.0 0.0 0.0 0.0 0.0 0.0 0.0 0.0 0.0 0.0 0.0 0.0 0.0 0.0 0.0 0.0 0.0 0.0 0.0 1.0 1.0 0.0 0.0 0.0 0.0 0.0 0.0 0.0 0.0 0.0 0.0 0.0 0.0 0.0 0.0 0.0 0.0 0.0 0.0 0.0 0.0 0.0 0.0 0.0 0.0 0.0 0.0 0.0 0.0 0.0
-23.5032 -19.46658 -14.53494 -9.69502 -3.22846 -10.04726 -1.08578 1.63555 7.47209 13.78672 2 2 2 0 0 0 1 0 1 0 0 0 0 0 1 0 0 0 0 0 0 4 1 2 17 4 1 0 0 0 1 1 0 1 0 0 1 0 0 0 0 1 0 0 0 0 1 0 0 0 0 1 0 0 0 1 0 0 1 17 2 17 3 7 3 0.636 0 0 0 1 0 2 4 1 1 7 0 2 8 7 0 0 0 2.0 0.666666666667 3.0 6.0 0.666666666667 9.0 0.0 0.0 0.0 0.0 0.0 0.0 0.0 0.0 0.0 0.0 0.0 0.0 0.0 0.0 0.0 0.0 0.0 0.0 0.0 0.0 0.0 0.0 0.0 0.0 0.0 0.0 0.0 0.0 0.0 0.0 0.0 1.0 0.0 0.0 0.0 0.0 0.0 0.0 0.0 0.0 0.0 0.0 0.0 0.0 0.0 0.0 0.0 0.0 0.0 0.0 0.0 0.0 0.0 0.0 0.0 0.0 0.0 0.0 0.0 0.0
-5.16764 -7.33147 -4.52794 2.90559 9.21118 17.14061 19.30828 22.99504 16.82342 14.20487 2 2 1 1 0 0 0 0 0 0 0 0 1 0 0 0 0 0 0 1 0 4 0 1 18 4 0 1 1 1 0 0 1 0 1 0 1 0 0 0 0 1 0 0 0 0 0 0 0 1 0 0 1 0 1 0 0 1 0 18 1 18 2 8 2 0.727 1 0 0 0 0 1563 1 4 0 8 0 5 15 2 1 3 0 2.0 0.666666666667 3.0 7.0 0.777777777778 9.0 1.0 0.0 0.0 0.0 0.0 0.0 0.0 0.0 0.0 0.0 0.0 0.0 0.0 0.0 0.0 0.0 0.0 1.0 0.0 0.0 0.0 0.0 0.0 0.0 0.0 0.0 0.0 0.0 1.0 0.0 0.0 0.0 0.0 0.0 0.0 0.0 0.0 0.0 0.0 0.0 0.0 0.0 0.0 0.0 0.0 0.0 0.0 0.0 0.0 0.0 0.0 0.0 0.0 0.0 0.0 0.0 0.0 0.0 0.0 0.0
22.87189 24.42706 35.98956 53.86797 67.35307 54.18056 23.08443 -8.91936 -36.1525 -49.6925 1 2 0 0 0 0 0 1 1 0 0 0 0 0 0 1 0 0 0 0 0 5 0 0 19 5 0 0 0 0 1 1 0 0 1 0 0 0 0 1 0 1 0 0 0 1 0 0 0 0 0 1 0 0 0 1 1 0 0 19 0 19 1 9 1 0.818 0 0 0 0 1 1610 1 4 0 8 1 0 3 1 3 0 0 2.0 0.666666666667 3.0 8.0 0.888888888889 9.0 1.0 0.0 0.0 0.0 0.0 0.0 0.0 0.0 0.0 0.0 0.0 0.0 0.0 0.0 0.0 0.0 0.0 1.0 0.0 0.0 0.0 0.0 0.0 0.0 0.0 0.0 0.0 0.0 1.0 0.0 0.0 0.0 0.0 0.0 0.0 0.0 0.0 0.0 0.0 0.0 0.0 0.0 0.0 0.0 0.0 0.0 0.0 0.0 0.0 0.0 0.0 0.0 0.0 0.0 0.0 0.0 0.0 0.0 0.0 0.0
