75.042 75.169 72.731 60.454 58.938 45.717 5.741 -40.293 -59.991 -54.263 2 0 2 0 0 0 0 1 0 1 0 0 0 0 1 0 0 0 0 0 0 0 5 22 0 0 5 0 0 0 1 0 1 1 0 133.776 130 0 133.776 0 1 0 0 0 1 0 0 0 0 0 1 0 0 0 0 1 0 1 0 0 0 0 1 0 22 0 23 1 6 0.125 0 0 0 0 1 952 5
-24.949 -0.619 15.871 20.72 22.939 24.115 23.613 25.309 29.496 34.298 2 2 2 1 0 0 0 0 0 0 0 0 0 1 0 0 0 0 0 1 0 0 4 21 1 0 4 7 1 1 0 0 1 0 1 136.776 133.776 133.776 136.776 0 1 0 0 0 0 1 0 0 0 0 1 0 0 0 0 0 1 0 1 0 0 1 0 1 21 1 22 2 5 0.25 1 0 0 0 0 367 5
41.075 46.123 57.794 88.907 103.77 101.978 87.452 55.761 8.556 -46.165 2 2 2 0 0 0 0 1 1 0 0 0 0 0 0 0 0 1 0 0 0 1 4 20 2 1 4 6 0 0 1 1 0 0 1 0 136.776 136.776 0 0 1 0 0 0 0 1 0 0 0 0 1 0 0 0 0 1 0 0 0 1 0 1 0 2 20 2 21 3 4 0.375 0 0 0 0 1 257 5
-65.681 -64.971 -64.628 -66.385 -72.706 -79.334 -84.292 -83.191 -75.48 -61.403 2 2 2 0 0 1 0 0 0 0 0 0 0 1 0 0 1 0 0 0 0 1 4 19 3 1 4 5 1 0 1 0 1 0 1 0 0 0 0 0 1 0 0 0 0 1 0 0 0 0 1 0 0 0 0 1 0 0 1 0 0 1 0 3 19 3 20 4 3 0.5 0 0 1 0 0 113 5
-42.182 -19.193 -7.502 -2.894 -7.586 -29.418 -58.435 -83.279 -93.297 -142.153 2 2 2 0 1 0 0 0 0 0 0 1 0 0 0 0 0 0 0 1 0 1 4 18 4 1 4 4 2 0 1 0 1 0 1 0 0 0 0 0 1 0 0 0 0 1 0 0 0 0 1 0 0 0 0 1 0 0 1 0 0 1 0 4 18 4 19 5 2 0.625 0 1 0 0 0 211 5
-135.839 -69.269 -37.261 -21.464 -27.849 -49.483 -74.782 -62.136 -50.062 -47.06 2 2 2 0 0 0 0 1 0 0 1 0 0 0 0 0 0 1 0 0 0 1 4 17 5 1 4 3 3 0 1 0 1 0 1 0 0 0 0 0 1 0 0 0 0 1 0 0 0 0 1 0 0 0 0 1 0 0 1 0 0 1 0 5 17 5 18 6 1 0.75 0 0 0 0 1 861 5
10.129 11.114 11.777 8.845 1.621 0.145 1.394 7.654 21.705 31.784 2 2 2 0 0 1 0 0 0 0 0 0 0 1 0 0 0 0 0 1 0 1 4 16 6 1 4 2 4 0 1 0 1 0 1 0 0 0 0 0 1 0 0 0 0 1 0 0 0 0 1 0 0 0 0 1 0 0 1 0 0 1 0 6 16 6 17 1 8 0.1 0 0 1 0 0 474 12
40.574 55.5 70.151 68.862 22.31 -0.168 -7.875 -10.127 -6.018 5.886 2 2 2 0 0 0 0 1 0 0 0 1 0 0 0 0 0 0 0 1 0 1 4 15 7 1 4 1 5 0 1 0 1 0 1 0 0 0 0 0 1 0 0 0 0 1 0 0 0 0 1 0 0 0 0 1 0 0 1 0 0 1 0 7 15 7 16 2 7 0.2 0 0 0 0 1 10 20
17.243 39.134 62.084 82.763 103.901 110.361 98.635 71.216 41.068 18.577 2 2 2 0 0 0 0 1 0 0 0 0 0 1 1 0 0 0 0 0 0 1 4 14 8 1 4 0 6 0 1 0 1 1 0 127.245 0 0 127.245 0 1 0 0 0 0 1 0 0 0 0 1 0 0 0 0 1 0 0 1 0 0 0 1 8 14 8 15 3 6 0.3 0 0 0 0 1 171 5
11.317 17.91 31.742 45.25 49.676 46.782 45.345 44.73 37.507 6.477 2 2 2 1 0 0 0 0 0 0 0 0 0 1 1 0 0 0 0 0 0 1 3 13 9 1 3 0 7 1 0 0 1 1 0 130.83701 127.245 127.245 130.83701 0 1 0 0 0 0 1 0 0 0 0 1 0 0 0 0 0 1 0 1 0 0 0 1 9 13 9 14 4 5 0.4 1 0 0 0 0 381 5
-32.765 -68.111 -98.692 -109.689 -74.719 53.215 94.97 99.688 104.487 100.609 2 2 2 1 0 0 0 0 1 0 0 0 0 0 0 0 0 0 0 1 0 2 2 12 10 2 2 3 0 1 0 1 0 0 1 129.429 130.83701 130.83701 129.429 0 1 0 0 0 0 1 0 0 0 0 1 0 0 0 0 0 1 0 0 1 0 1 0 10 12 10 13 5 4 0.5 1 0 0 0 0 174 5
90.596 85.815 81.059 76.077 70.73 47.359 1.612 -33.63 -54.862 -63.608 2 2 2 0 0 0 0 1 1 0 0 0 0 0 0 0 0 0 0 1 0 3 2 11 11 3 2 2 0 0 1 1 0 0 1 0 129.429 129.429 0 0 1 0 0 0 0 1 0 0 0 0 1 0 0 0 0 1 0 0 0 1 0 1 0 11 11 11 12 6 3 0.6 0 0 0 0 1 171 5
-67.688 -64.188 -52.777 -46.863 -50.102 -65.504 -85.377 -103.156 -110.991 -113.891 2 2 2 0 0 0 0 1 0 0 0 0 0 1 0 0 0 0 0 1 0 3 2 10 12 3 2 1 1 0 1 0 1 0 1 0 0 0 0 0 1 0 0 0 0 1 0 0 0 0 1 0 0 0 0 1 0 0 1 0 0 1 0 12 10 12 11 7 2 0.7 0 0 0 0 1 363 5
-112.461 -107.786 -102.875 -98.217 -98.239 -111.541 -131.136 -161.539 -162.476 -159.6 2 2 2 0 0 0 0 1 0 0 0 0 0 1 1 0 0 0 0 0 0 3 2 9 13 3 2 0 2 0 1 0 1 1 0 123.16299 0 0 123.16299 0 1 0 0 0 0 1 0 0 0 0 1 0 0 0 0 1 0 0 1 0 0 0 1 13 9 13 10 8 1 0.8 0 0 0 0 1 419 5
93.639 94.041 94.516 95.061 92.281 79.161 75.163 75.343 82.478 84.84 2 2 2 1 0 0 0 0 0 0 0 0 0 1 0 0 0 0 0 1 0 3 1 8 14 3 1 1 3 1 0 0 1 0 1 126.163 123.16299 123.16299 126.163 0 1 0 0 0 0 1 0 0 0 0 1 0 0 0 0 0 1 0 1 0 0 1 0 14 8 14 9 1 4 0.167 1 0 0 0 0 31 5
79.899 70.218 56.547 39.198 8.379 -29.161 -54.465 -64.223 -65.06 -63.767 2 2 2 0 0 0 0 1 1 0 0 0 0 0 1 0 0 0 0 0 0 4 1 7 15 4 1 0 0 0 1 1 0 1 0 121.531 126.163 126.163 121.531 0 1 0 0 0 0 1 0 0 0 0 1 0 0 0 0 1 0 0 0 1 0 0 1 15 7 15 8 2 3 0.333 0 0 0 0 1 355 5
-58.757 -43.381 -19.48 4.527 29.73 55.792 65.236 72.161 78.123 79.599 2 2 2 1 0 0 0 0 0 0 0 0 0 1 0 0 0 1 0 0 0 4 0 6 16 4 0 6 1 1 0 0 1 0 1 124.531 121.531 121.531 124.531 0 1 0 0 0 0 1 0 0 0 0 1 0 0 0 0 0 1 0 1 0 0 1 0 16 6 16 7 3 2 0.5 1 0 0 0 0 302 5
62.121 40.919 19.422 -6.495 -36.883 -59.922 -62.288 -59.056 -37.168 -15.679 2 2 2 0 0 1 0 0 1 0 0 0 0 0 0 0 0 1 0 0 0 5 0 5 17 5 0 5 0 0 1 1 0 0 1 0 124.531 124.531 0 0 1 0 0 0 0 1 0 0 0 0 1 0 0 0 0 1 0 0 0 1 0 1 0 17 5 17 6 4 1 0.667 0 0 1 0 0 72 5
-5.285 -3.826 -2.388 -5.395 -15.159 -15.709 -15.744 -13.919 -5.944 11.028 2 2 2 0 0 1 0 0 0 0 0 1 0 0 0 0 0 0 0 1 0 5 0 4 18 5 0 4 1 0 1 0 1 0 1 0 0 0 0 0 1 0 0 0 0 1 0 0 0 0 1 0 0 0 0 1 0 0 1 0 0 1 0 18 4 18 5 1 3 0.2 0 0 1 0 0 7 2
41.198 70.989 98.403 129.891 146.066 146.162 132.273 96.474 58.762 23.656 2 2 2 0 0 0 0 1 0 0 0 1 0 0 0 0 1 0 0 0 0 5 0 3 19 5 0 3 2 0 1 0 1 0 1 0 0 0 0 0 1 0 0 0 0 1 0 0 0 0 1 0 0 0 0 1 0 0 1 0 0 1 0 19 3 19 4 2 2 0.4 0 0 0 0 1 608 5
1.528 -3.924 -10.175 -20.59 -34.316 -48.47 -58.873 -61.939 -48.55 -36.943 2 2 2 0 1 0 0 0 0 0 0 0 0 1 0 0 0 0 0 1 0 5 0 2 20 5 0 2 3 0 1 0 1 0 1 0 0 0 0 0 1 0 0 0 0 1 0 0 0 0 1 0 0 0 0 1 0 0 1 0 0 1 0 20 2 20 3 3 1 0.6 0 1 0 0 0 260 5
4.124 4.673 5.19 5.693 6.176 5.209 -4.404 -16.334 -22.175 -25.912 2 2 2 0 0 0 0 1 0 0 1 0 0 0 0 0 0 0 0 1 0 5 0 1 21 5 0 1 4 0 1 0 1 0 1 0 0 0 0 0 1 0 0 0 0 1 0 0 0 0 0 0 1 0 0 1 0 0 1 0 0 1 0 21 1 21 2 1 2 0.25 0 0 0 0 1 363 5
-24.677 -18.52 -11.67 -5.77 -4.289 -18.041 -36.211 -40.844 -71.549 -99.35 2 2 0 0 0 0 0 1 0 0 0 0 0 1 0 1 0 0 0 0 0 5 0 0 22 5 0 0 5 0 1 0 1 0 1 110 0 0 0 0 0 0 1 0 0 1 0 0 0 1 0 0 0 0 0 1 0 0 1 0 1 0 0 22 0 22 1 2 1 0.5 0 0 0 0 1 419 5
