-8.328 -10.164 -21.314 -36.226 -47.153 -53.666 -58.005 -56.826 -50.626 -43.957 2 0 2 0 1 0 0 0 0 1 0 0 0 0 0 0 0 0 0 1 0 0 0 13 0 0 0 13 0 0 1 0 1 0 1 0 130 0 0 0 1 0 0 0 1 0 0 0 0 0 1 0 0 0 0 1 0 1 0 0 0 1 0 0 13 0 14 1 10 0.083 0 1 0 0 0 435 8
-34.208 -12.854 22.124 63.734 93.337 105.084 112.677 113.44 107.749 89.789 2 2 2 0 0 0 0 1 0 0 1 0 0 0 0 0 0 0 1 0 0 0 0 12 1 0 0 12 1 0 1 0 1 0 1 0 0 0 0 0 1 0 0 0 0 1 0 0 0 0 1 0 0 0 0 1 0 0 1 0 0 1 0 1 12 1 13 2 9 0.167 0 0 0 0 1 1502 5
57.358 28.039 7.449 -8.569 -19.046 -29.748 -38.608 -44.149 -44.943 -42.246 2 2 2 0 0 0 1 0 0 0 0 0 0 1 0 0 1 0 0 0 0 0 0 11 2 0 0 11 2 0 1 0 1 0 1 0 0 0 0 0 1 0 0 0 0 1 0 0 0 0 1 0 0 0 0 1 0 0 1 0 0 1 0 2 11 2 12 3 8 0.25 0 0 0 1 0 4 5
-22.562 -7.948 1.692 11.945 20.917 12.959 -34.784 -67.147 -71.635 -66.751 2 2 2 0 1 0 0 0 0 0 0 0 1 0 0 0 0 1 0 0 0 0 0 10 3 0 0 10 3 0 1 0 1 0 1 0 0 0 0 0 1 0 0 0 0 1 0 0 0 0 1 0 0 0 0 1 0 0 1 0 0 1 0 3 10 3 11 4 7 0.333 0 1 0 0 0 522 5
-64.183 -63.553 -54.434 -47.621 -48.242 -41.436 -22.214 19.091 72.759 115.166 2 2 2 0 0 1 0 0 0 0 1 0 0 0 0 0 1 0 0 0 0 0 0 9 4 0 0 9 4 0 1 0 1 0 1 0 0 0 0 0 1 0 0 0 0 1 0 0 0 0 1 0 0 0 0 1 0 0 1 0 0 1 0 4 9 4 10 5 6 0.417 0 0 1 0 0 1390 5
116.023 94.742 71.863 48.958 30.736 -3.829 -37.066 -47.777 -46.94 -41.417 2 2 2 0 1 0 0 0 0 0 0 1 0 0 0 0 0 1 0 0 0 0 0 8 5 0 0 8 5 0 1 0 1 0 1 0 0 0 0 0 1 0 0 0 0 1 0 0 0 0 1 0 0 0 0 1 0 0 1 0 0 1 0 5 8 5 9 6 5 0.5 0 1 0 0 0 100 5
-35.293 -28.014 -19.566 -11.215 -3.946 -4.301 0.223 25.102 76.849 109.338 2 2 2 0 0 1 0 0 0 0 1 0 0 0 0 0 1 0 0 0 0 0 0 7 6 0 0 7 6 0 1 0 1 0 1 0 0 0 0 0 1 0 0 0 0 1 0 0 0 0 1 0 0 0 0 1 0 0 1 0 0 1 0 6 7 6 8 7 4 0.583 0 0 1 0 0 1641 8
98.517 80.998 63.52 47.524 30.297 13.412 -23.05 -64.965 -95.269 -106.792 2 2 2 0 1 0 0 0 0 0 0 1 0 0 0 0 0 0 0 1 0 0 0 6 7 0 0 6 7 0 1 0 1 0 1 0 0 0 0 0 1 0 0 0 0 1 0 0 0 0 1 0 0 0 0 1 0 0 1 0 0 1 0 7 6 7 7 8 3 0.667 0 1 0 0 0 56 5
-96.944 -66.112 -32.183 4.89 40.713 55.05 45.196 16.135 -5.886 -18.239 2 2 2 0 0 0 0 1 0 0 1 0 0 0 0 0 0 0 1 0 0 0 0 5 8 0 0 5 8 0 1 0 1 0 1 0 0 0 0 0 1 0 0 0 0 1 0 0 0 0 1 0 0 0 0 1 0 0 1 0 0 1 0 8 5 8 6 9 2 0.75 0 0 0 0 1 1628 5
-21.345 -24.601 -26.487 -30.048 -37.932 -40.704 -41.436 -41.749 -43.204 -52.533 2 2 2 0 0 0 1 0 0 0 0 0 0 1 0 0 0 1 0 0 0 0 0 4 9 0 0 4 9 0 1 0 1 0 1 0 0 0 0 0 1 0 0 0 0 1 0 0 0 0 1 0 0 0 0 1 0 0 1 0 0 1 0 9 4 9 5 10 1 0.833 0 0 0 1 0 2 9
2.995 3.03 3.155 2.23 -13.568 -26.767 -20.186 13.721 65.399 106.091 2 2 2 0 0 1 0 0 0 0 0 0 1 0 0 0 0 1 0 0 0 0 0 3 10 0 0 3 10 0 1 0 1 0 1 0 0 0 0 0 1 0 0 0 0 1 0 0 0 0 1 0 0 0 0 1 0 0 1 0 0 1 0 10 3 10 4 1 4 0.167 0 0 1 0 0 315 3
106.575 89.139 67.449 46.762 30.198 9.288 -7.26 -6.822 1.672 11.975 2 2 2 0 0 1 0 0 0 0 0 1 0 0 0 0 1 0 0 0 0 0 0 2 11 0 0 2 11 0 1 0 1 0 1 0 0 0 0 0 1 0 0 0 0 1 0 0 0 0 1 0 0 0 0 1 0 0 1 0 0 1 0 11 2 11 3 2 3 0.333 0 0 1 0 0 287 3
18.986 22.26 24.663 23.818 14.152 -3.419 -39.341 -71.267 -70.344 -58.697 2 2 2 0 1 0 0 0 0 0 0 1 0 0 0 0 0 0 0 1 0 0 0 1 12 0 0 1 12 0 1 0 1 0 1 0 0 0 0 0 1 0 0 0 0 1 0 0 0 0 0 0 1 0 0 1 0 0 1 0 0 1 0 12 1 12 2 3 2 0.5 0 1 0 0 0 187 5
-39.014 -13.149 11.073 34.661 43.223 26.311 -4.64 -51.783 -68.882 12.907 2 2 0 0 0 0 0 1 0 0 1 0 0 0 0 1 0 0 0 0 0 0 0 0 13 0 0 0 13 0 1 0 1 0 1 110 0 0 0 0 0 0 1 0 0 1 0 0 0 1 0 0 0 0 0 1 0 0 1 0 1 0 0 13 0 13 1 4 1 0.667 0 0 0 0 1 219 5
