9.72055 2.42984 7.30314 11.49733 28.11361 35.30113 37.60526 45.58796 47.46598 54.28016 2 0 2 0 0 1 0 0 0 1 0 0 0 0 0 0 0 1 0 0 0 0 6 19 0 0 6 4 0 0 1 0 1 0 1 0 1 0 0 0 1 0 0 0 0 0 1 0 0 0 0 1 0 1 0 0 0 1 0 0 19 0 20 1 15 0.059 0 0 1 0 0 406 1 0 1 0 0 23 34 0.0 0.0 2.0 0.0 0.0 15.0 0.0 0.0 0.0 0.0 0.0 0.0 0.0 0.0 0.0 0.0 0.0 0.0 0.0 0.0 0.0 0.0 0.0 0.0 0.0 0.0 0.0 0.0 0.0 0.0 0.0 0.0 0.0 0.0 0.0 1.0 0.0 0.0 0.0 0.0 0.0 0.0 0.0 0.0 0.0 0.0 0.0 0.0 0.0 0.0 0.0 0.0 0.0 0.0 0.0 0.0 0.0 0.0 0.0 0.0 0.0 0.0 0.0 0.0 0.0 0.0
53.90318 64.1305 68.99964 72.1055 61.39168 44.97184 35.75978 27.75419 20.09451 24.63064 2 2 2 0 0 1 0 0 0 0 0 1 0 0 0 0 1 0 0 0 0 0 6 18 1 0 6 3 1 0 1 0 1 0 1 0 1 0 0 0 0 1 0 0 0 0 1 0 0 0 0 1 0 0 1 0 0 1 0 1 18 1 19 2 14 0.118 0 0 1 0 0 200 1 0 1 0 1 19 4 0.0 0.0 2.0 1.0 0.0666666666667 15.0 0.0 0.0 0.0 0.0 0.0 0.0 0.0 0.0 0.0 0.0 0.0 0.0 0.0 0.0 0.0 0.0 0.0 0.0 0.0 0.0 0.0 0.0 0.0 0.0 0.0 0.0 0.0 0.0 0.0 1.0 0.0 0.0 0.0 0.0 0.0 0.0 0.0 0.0 0.0 0.0 0.0 0.0 0.0 0.0 0.0 0.0 0.0 0.0 0.0 0.0 0.0 0.0 0.0 0.0 0.0 0.0 0.0 0.0 0.0 0.0
31.28234 24.97214 17.43381 15.89891 8.88795 -8.47519 -3.11627 -5.60029 -11.85183 -0.289 2 2 2 0 1 0 0 0 0 0 0 1 0 0 0 0 0 0 0 1 0 0 6 17 2 0 6 2 2 0 1 0 1 0 1 0 1 0 0 0 0 1 0 0 0 0 1 0 0 0 0 1 0 0 1 0 0 1 0 2 17 2 18 3 13 0.176 0 1 0 0 0 210 1 0 1 0 2 11 11 0.0 0.0 2.0 2.0 0.133333333333 15.0 0.0 0.0 0.0 0.0 0.0 0.0 0.0 0.0 0.0 0.0 0.0 0.0 0.0 0.0 0.0 0.0 0.0 0.0 0.0 0.0 0.0 0.0 0.0 0.0 0.0 0.0 0.0 0.0 0.0 1.0 0.0 0.0 0.0 0.0 0.0 0.0 0.0 0.0 0.0 0.0 0.0 0.0 0.0 0.0 0.0 0.0 0.0 0.0 0.0 0.0 0.0 0.0 0.0 0.0 0.0 0.0 0.0 0.0 0.0 0.0
-2.99675 -12.80335 -14.56491 -3.11779 3.06738 3.87857 0.7973 0.92982 0.37981 0.44928 2 2 2 0 0 0 0 1 0 0 1 0 0 0 0 0 1 0 0 0 0 0 6 16 3 0 6 1 3 0 1 0 1 0 1 0 1 0 0 0 0 1 0 0 0 0 1 0 0 0 0 1 0 0 1 0 0 1 0 3 16 3 17 4 12 0.235 0 0 0 0 1 140 1 1 9 1 0 16 11 0.0 0.0 2.0 3.0 0.2 15.0 0.0 0.0 0.0 0.0 0.0 0.0 0.0 0.0 0.0 0.0 0.0 0.0 0.0 0.0 0.0 0.0 0.0 0.0 0.0 1.0 0.0 0.0 0.0 0.0 0.0 0.0 0.0 0.0 1.0 0.0 0.0 0.0 0.0 0.0 0.0 0.0 0.0 0.0 0.0 0.0 0.0 0.0 0.0 0.0 0.0 0.0 0.0 0.0 0.0 0.0 0.0 0.0 0.0 0.0 0.0 0.0 0.0 0.0 0.0 0.0
0.60771 3.06157 2.39209 4.02768 1.79074 -1.73388 -22.75068 -43.18145 -27.45281 6.49385 2 2 2 0 1 0 0 0 0 0 0 0 0 1 1 0 0 0 0 0 0 0 6 15 4 0 6 0 4 0 1 0 1 1 0 0 1 0 0 0 0 1 0 0 0 0 1 0 0 0 0 1 0 0 1 0 0 0 1 4 15 4 16 5 11 0.294 0 1 0 0 0 427 1 1 9 1 1 9 24 0.0 0.0 2.0 4.0 0.266666666667 15.0 0.0 0.0 0.0 0.0 0.0 0.0 0.0 0.0 0.0 0.0 0.0 0.0 0.0 0.0 0.0 0.0 0.0 0.0 0.0 1.0 0.0 0.0 0.0 0.0 0.0 0.0 0.0 0.0 1.0 0.0 0.0 0.0 0.0 0.0 0.0 0.0 0.0 0.0 0.0 0.0 0.0 0.0 0.0 0.0 0.0 0.0 0.0 0.0 0.0 0.0 0.0 0.0 0.0 0.0 0.0 0.0 0.0 0.0 0.0 0.0
19.77673 21.16792 8.97882 -10.05889 -15.80242 -18.83349 -17.84478 -11.77696 -12.60539 -9.14576 2 2 2 1 0 0 0 0 0 0 1 0 0 0 1 0 0 0 0 0 0 0 5 14 5 0 5 0 5 1 0 0 1 1 0 0 1 0 0 0 0 1 0 0 0 0 1 0 0 0 0 0 1 0 1 0 0 0 1 5 14 5 15 6 10 0.353 1 0 0 0 0 80 9 1 5 2 0 5 17 0.0 0.0 2.0 5.0 0.333333333333 15.0 0.0 0.0 0.0 0.0 0.0 0.0 0.0 0.0 0.0 0.0 0.0 0.0 0.0 0.0 0.0 0.0 0.0 0.0 0.0 0.0 0.0 0.0 0.0 0.0 0.0 0.0 0.0 1.0 0.0 0.0 0.0 0.0 0.0 0.0 0.0 0.0 0.0 0.0 0.0 0.0 0.0 0.0 0.0 0.0 0.0 0.0 0.0 0.0 0.0 0.0 0.0 0.0 0.0 0.0 0.0 0.0 0.0 0.0 0.0 0.0
-26.88677 -47.7099 -34.81652 -7.04516 6.45414 6.40814 2.24387 6.21819 0.72029 -49.31402 2 2 2 1 0 0 0 0 1 0 0 0 0 0 1 0 0 0 0 0 0 1 4 13 6 1 4 0 0 1 0 1 0 1 0 0 1 0 0 0 0 1 0 0 0 0 1 0 0 0 0 0 1 0 0 1 0 0 1 6 13 6 14 7 9 0.412 1 0 0 0 0 30 5 9 1 3 0 12 4 0.0 0.0 2.0 6.0 0.4 15.0 0.0 0.0 0.0 0.0 0.0 0.0 0.0 0.0 0.0 0.0 0.0 0.0 0.0 0.0 0.0 0.0 0.0 0.0 0.0 0.0 0.0 0.0 0.0 0.0 0.0 0.0 0.0 0.0 0.0 0.0 0.0 0.0 0.0 0.0 0.0 0.0 0.0 0.0 0.0 0.0 0.0 0.0 0.0 0.0 0.0 0.0 0.0 0.0 0.0 0.0 0.0 0.0 0.0 0.0 0.0 0.0 0.0 0.0 0.0 0.0
-56.81004 -46.63248 -37.98518 -28.13989 -13.61857 0.47706 5.50139 3.07373 4.02856 2.67655 2 2 2 1 0 0 0 0 1 0 0 0 0 0 1 0 0 0 0 0 0 2 3 12 7 2 3 0 0 1 0 1 0 1 0 0 1 0 0 0 0 1 0 0 0 0 1 0 0 0 0 0 1 0 0 1 0 0 1 7 12 7 13 8 8 0.471 1 0 0 0 0 283 5 9 1 3 1 8 13 0.0 0.0 2.0 7.0 0.466666666667 15.0 0.0 0.0 0.0 0.0 0.0 0.0 0.0 0.0 0.0 0.0 0.0 0.0 0.0 0.0 0.0 0.0 0.0 0.0 0.0 0.0 0.0 0.0 0.0 0.0 0.0 0.0 0.0 0.0 0.0 0.0 0.0 0.0 0.0 0.0 0.0 0.0 0.0 0.0 0.0 0.0 0.0 0.0 0.0 0.0 0.0 0.0 0.0 0.0 0.0 0.0 0.0 0.0 0.0 0.0 0.0 0.0 0.0 0.0 0.0 0.0
7.72711 10.69124 0.69697 -9.49432 -8.31938 -14.15882 -17.80146 -21.77852 -10.27757 -8.2322 2 2 2 1 0 0 0 0 1 0 0 0 0 0 0 0 1 0 0 0 0 3 2 11 8 3 2 9 0 1 0 1 0 0 1 0 1 0 0 0 0 1 0 0 0 0 1 0 0 0 0 0 1 0 0 1 0 1 0 8 11 8 12 9 7 0.529 1 0 0 0 0 443 1 5 1 4 0 4 10 0.0 0.0 2.0 8.0 0.533333333333 15.0 0.0 0.0 0.0 0.0 0.0 0.0 0.0 0.0 0.0 0.0 0.0 1.0 0.0 0.0 0.0 0.0 0.0 0.0 0.0 0.0 0.0 0.0 0.0 0.0 0.0 0.0 0.0 0.0 0.0 0.0 0.0 0.0 0.0 0.0 0.0 0.0 0.0 0.0 0.0 0.0 0.0 0.0 0.0 0.0 0.0 0.0 0.0 0.0 0.0 0.0 0.0 0.0 0.0 0.0 0.0 0.0 0.0 0.0 0.0 0.0
-65.74024 -65.41996 -40.33964 -9.45633 12.7689 1.71015 2.71416 3.44199 -6.06001 -5.82144 2 2 2 0 1 0 0 0 1 0 0 0 0 0 0 0 0 0 0 1 0 4 2 10 9 4 2 8 0 0 1 1 0 0 1 0 1 0 0 0 0 1 0 0 0 0 1 0 0 0 0 1 0 0 0 1 0 1 0 9 10 9 11 10 6 0.588 0 1 0 0 0 1077 1 5 1 4 1 9 24 0.0 0.0 2.0 9.0 0.6 15.0 0.0 0.0 0.0 0.0 0.0 0.0 0.0 0.0 0.0 0.0 0.0 1.0 0.0 0.0 0.0 0.0 0.0 0.0 0.0 0.0 0.0 0.0 0.0 0.0 0.0 0.0 0.0 0.0 0.0 0.0 0.0 0.0 0.0 0.0 0.0 0.0 0.0 0.0 0.0 0.0 0.0 0.0 0.0 0.0 0.0 0.0 0.0 0.0 0.0 0.0 0.0 0.0 0.0 0.0 0.0 0.0 0.0 0.0 0.0 0.0
15.57321 12.71981 12.49458 3.57936 -14.12498 -33.84214 -38.56373 -28.66176 -17.25523 -4.82051 2 2 2 0 0 0 0 1 0 0 1 0 0 0 0 0 0 1 0 0 0 4 2 9 10 4 2 7 1 0 1 0 1 0 1 0 1 0 0 0 0 1 0 0 0 0 1 0 0 0 0 1 0 0 1 0 0 1 0 10 9 10 10 11 5 0.647 0 0 0 0 1 366 1 5 1 4 2 1 21 0.0 0.0 2.0 10.0 0.666666666667 15.0 0.0 0.0 0.0 0.0 0.0 0.0 0.0 0.0 0.0 0.0 0.0 1.0 0.0 0.0 0.0 0.0 0.0 0.0 0.0 0.0 0.0 0.0 0.0 0.0 0.0 0.0 0.0 0.0 0.0 0.0 0.0 0.0 0.0 0.0 0.0 0.0 0.0 0.0 0.0 0.0 0.0 0.0 0.0 0.0 0.0 0.0 0.0 0.0 0.0 0.0 0.0 0.0 0.0 0.0 0.0 0.0 0.0 0.0 0.0 0.0
-11.26627 18.31428 8.57385 7.6187 23.02652 2.44419 -0.73385 1.66751 10.61911 27.4169 2 2 2 0 0 1 0 0 0 0 0 0 0 1 0 0 0 0 0 1 0 4 2 8 11 4 2 6 2 0 1 0 1 0 1 0 1 0 0 0 0 1 0 0 0 0 1 0 0 0 0 1 0 0 1 0 0 1 0 11 8 11 9 12 4 0.706 0 0 1 0 0 648 1 1 1 5 0 9 5 0.0 0.0 2.0 11.0 0.733333333333 15.0 0.0 0.0 0.0 0.0 0.0 0.0 0.0 0.0 0.0 0.0 0.0 1.0 0.0 0.0 0.0 0.0 0.0 0.0 0.0 0.0 0.0 0.0 0.0 0.0 0.0 0.0 0.0 0.0 0.0 0.0 0.0 0.0 0.0 0.0 0.0 0.0 0.0 0.0 0.0 0.0 0.0 0.0 0.0 0.0 0.0 0.0 0.0 0.0 0.0 0.0 0.0 0.0 0.0 0.0 0.0 0.0 0.0 0.0 0.0 0.0
16.61831 14.39426 10.74176 22.61786 34.69982 49.47742 62.63254 65.67092 61.12683 54.17468 2 2 2 0 0 0 0 1 0 0 0 1 0 0 0 0 0 0 0 1 0 4 2 7 12 4 2 5 3 0 1 0 1 0 1 0 1 0 0 0 0 1 0 0 0 0 1 0 0 0 0 1 0 0 1 0 0 1 0 12 7 12 8 13 3 0.765 0 0 0 0 1 463 1 1 1 5 1 16 13 0.0 0.0 2.0 12.0 0.8 15.0 0.0 0.0 0.0 0.0 0.0 0.0 0.0 0.0 0.0 0.0 0.0 1.0 0.0 0.0 0.0 0.0 0.0 0.0 0.0 0.0 0.0 0.0 0.0 0.0 0.0 0.0 0.0 0.0 0.0 0.0 0.0 0.0 0.0 0.0 0.0 0.0 0.0 0.0 0.0 0.0 0.0 0.0 0.0 0.0 0.0 0.0 0.0 0.0 0.0 0.0 0.0 0.0 0.0 0.0 0.0 0.0 0.0 0.0 0.0 0.0
39.01438 30.2261 24.17941 12.99271 -8.85374 -26.31667 -39.98457 -28.0551 -18.55714 -10.8828 2 2 2 0 0 0 0 1 0 0 0 0 0 1 0 0 0 0 0 1 0 4 2 6 13 4 2 4 4 0 1 0 1 0 1 0 1 0 0 0 0 1 0 0 0 0 1 0 0 0 0 1 0 0 1 0 0 1 0 13 6 13 7 14 2 0.824 0 0 0 0 1 567 1 1 11 6 0 15 17 0.0 0.0 2.0 13.0 0.866666666667 15.0 0.0 1.0 0.0 0.0 0.0 0.0 0.0 0.0 0.0 0.0 1.0 0.0 0.0 0.0 0.0 0.0 0.0 0.0 1.0 0.0 0.0 0.0 0.0 0.0 0.0 0.0 1.0 0.0 1.0 0.0 0.0 0.0 0.0 0.0 0.0 0.0 0.0 0.0 0.0 0.0 0.0 0.0 0.0 0.0 0.0 0.0 0.0 0.0 0.0 0.0 0.0 0.0 0.0 0.0 0.0 0.0 0.0 0.0 0.0 0.0
-13.40333 -33.61003 -52.73718 -63.87065 -65.68517 -67.27021 -74.74402 -55.82078 -45.51551 -44.00284 2 2 2 0 0 0 0 1 0 0 0 0 0 1 0 0 0 0 0 1 0 4 2 5 14 4 2 3 5 0 1 0 1 0 1 0 1 0 0 0 0 1 0 0 0 0 1 0 0 0 0 1 0 0 1 0 0 1 0 14 5 14 6 15 1 0.882 0 0 0 0 1 242 1 1 11 6 1 18 24 0.0 0.0 2.0 14.0 0.933333333333 15.0 0.0 1.0 0.0 0.0 0.0 0.0 0.0 0.0 0.0 0.0 1.0 0.0 0.0 0.0 0.0 0.0 0.0 0.0 1.0 0.0 0.0 0.0 0.0 0.0 0.0 0.0 1.0 0.0 1.0 0.0 0.0 0.0 0.0 0.0 0.0 0.0 0.0 0.0 0.0 0.0 0.0 0.0 0.0 0.0 0.0 0.0 0.0 0.0 0.0 0.0 0.0 0.0 0.0 0.0 0.0 0.0 0.0 0.0 0.0 0.0
-23.78701 -17.92401 -28.91101 -26.92504 -60.60114 -67.84641 -56.14804 -24.8397 -15.36614 -1.49239 2 2 2 0 0 0 0 1 0 0 0 0 0 1 0 0 0 1 0 0 0 4 2 4 15 4 2 2 6 0 1 0 1 0 1 0 1 0 0 0 0 1 0 0 0 0 1 0 0 0 0 1 0 0 1 0 0 1 0 15 4 15 5 1 5 0.143 0 0 0 0 1 182 11 1 10 7 0 15 17 1.0 0.5 2.0 0.0 0.0 5.0 0.0 0.0 0.0 0.0 0.0 0.0 0.0 0.0 0.0 0.0 0.0 0.0 0.0 0.0 0.0 0.0 0.0 0.0 0.0 0.0 0.0 0.0 0.0 0.0 0.0 0.0 0.0 0.0 0.0 0.0 0.0 1.0 0.0 0.0 0.0 0.0 0.0 0.0 0.0 0.0 0.0 0.0 0.0 0.0 0.0 0.0 0.0 0.0 0.0 0.0 0.0 0.0 0.0 0.0 0.0 0.0 0.0 0.0 0.0 0.0
10.04093 8.96356 -2.32321 -4.18862 -10.6645 -10.94214 -3.0814 15.6984 44.46845 42.87785 2 2 2 0 0 1 0 0 0 0 0 0 0 1 0 0 0 1 0 0 0 4 2 3 16 4 2 1 7 0 1 0 1 0 1 0 1 0 0 0 0 1 0 0 0 0 1 0 0 0 0 1 0 0 1 0 0 1 0 16 3 16 4 2 4 0.286 0 0 1 0 0 107 10 11 1 8 0 8 30 1.0 0.5 2.0 1.0 0.2 5.0 0.0 0.0 0.0 0.0 0.0 0.0 0.0 0.0 0.0 0.0 0.0 0.0 0.0 0.0 0.0 0.0 0.0 0.0 0.0 0.0 0.0 0.0 0.0 0.0 0.0 0.0 0.0 0.0 0.0 0.0 0.0 0.0 0.0 1.0 0.0 0.0 0.0 0.0 0.0 0.0 0.0 0.0 0.0 0.0 0.0 0.0 0.0 0.0 0.0 0.0 0.0 0.0 0.0 0.0 0.0 0.0 0.0 0.0 0.0 0.0
-1.62958 -13.79628 -15.39985 -7.48991 -6.69066 -12.36299 -12.73796 -11.66233 -3.51302 1.80813 2 2 2 0 0 1 0 0 0 0 0 1 0 0 1 0 0 0 0 0 0 4 2 2 17 4 2 0 8 0 1 0 1 1 0 0 1 0 0 0 0 1 0 0 0 0 1 0 0 0 0 1 0 0 1 0 0 0 1 17 2 17 3 3 3 0.429 0 0 1 0 0 13 1 10 1 9 0 4 26 1.0 0.5 2.0 2.0 0.4 5.0 0.0 0.0 0.0 0.0 0.0 0.0 0.0 0.0 0.0 0.0 0.0 1.0 0.0 0.0 0.0 0.0 0.0 0.0 0.0 0.0 0.0 0.0 0.0 0.0 0.0 0.0 0.0 0.0 0.0 0.0 0.0 0.0 1.0 0.0 0.0 0.0 0.0 0.0 0.0 0.0 0.0 0.0 0.0 0.0 0.0 0.0 0.0 0.0 0.0 0.0 0.0 0.0 0.0 0.0 0.0 0.0 0.0 0.0 0.0 0.0
4.88746 -0.79247 1.61757 8.96908 0.09669 7.33752 7.6547 6.13968 13.26621 15.37961 2 2 2 1 0 0 0 0 0 0 0 1 0 0 1 0 0 0 0 0 0 4 1 1 18 4 1 0 9 1 0 0 1 1 0 0 1 0 0 0 0 1 0 0 0 0 0 0 0 1 0 0 1 0 1 0 0 0 1 18 1 18 2 4 2 0.571 1 0 0 0 0 697 1 1 0 10 0 16 3 1.0 0.5 2.0 3.0 0.6 5.0 1.0 0.0 0.0 0.0 0.0 0.0 0.0 0.0 0.0 0.0 1.0 0.0 0.0 0.0 0.0 0.0 0.0 0.0 0.0 0.0 0.0 0.0 0.0 0.0 0.0 0.0 0.0 0.0 0.0 1.0 1.0 0.0 0.0 0.0 0.0 0.0 0.0 0.0 0.0 0.0 0.0 0.0 0.0 0.0 0.0 0.0 0.0 0.0 0.0 0.0 0.0 0.0 0.0 0.0 0.0 0.0 0.0 0.0 0.0 0.0
16.56652 7.06501 10.36918 5.93765 9.76131 16.58274 16.04872 9.68391 6.77775 8.85274 2 2 0 1 0 0 0 0 1 0 0 0 0 0 0 1 0 0 0 0 0 5 0 0 19 5 0 0 0 1 0 1 0 0 1 0 0 0 0 1 0 1 0 0 0 1 0 0 0 0 0 0 1 0 0 1 1 0 0 19 0 19 1 5 1 0.714 1 0 0 0 0 334 1 1 0 10 1 1 15 1.0 0.5 2.0 4.0 0.8 5.0 1.0 0.0 0.0 0.0 0.0 0.0 0.0 0.0 0.0 0.0 1.0 0.0 0.0 0.0 0.0 0.0 0.0 0.0 0.0 0.0 0.0 0.0 0.0 0.0 0.0 0.0 0.0 0.0 0.0 1.0 1.0 0.0 0.0 0.0 0.0 0.0 0.0 0.0 0.0 0.0 0.0 0.0 0.0 0.0 0.0 0.0 0.0 0.0 0.0 0.0 0.0 0.0 0.0 0.0 0.0 0.0 0.0 0.0 0.0 0.0
