-16.307 -15.252 -23.579 -40.617 -41.415 -37.073 -30.024 -24.359 -21.878 -18.102 2 0 2 1 0 0 0 0 0 1 0 0 0 0 1 0 0 0 0 0 0 0 7 18 0 0 7 0 0 1 0 0 1 1 0 138.02451 134.51199 0 138.02451 0 1 0 0 0 1 0 0 0 0 0 1 0 0 0 0 0 1 1 0 0 0 0 1 0 18 0 19 1 8 0.1 1 0 0 0 0 473 5
-7.936 9.897 21.76 26.19 29.202 36.929 45.725 54.973 62.287 61.025 2 2 2 1 0 0 0 0 1 0 0 0 0 0 0 0 0 0 0 1 0 0 6 17 1 0 6 2 0 1 0 1 0 0 1 136.537 138.02451 138.02451 136.537 0 1 0 0 0 0 1 0 0 0 0 1 0 0 0 0 0 1 0 0 1 0 1 0 1 17 1 18 2 7 0.2 1 0 0 0 0 36 5
22.205 -4.138 32.717 73.404 70.377 47.094 14.489 -15.04 -35.32 -41.503 2 2 2 0 0 0 0 1 1 0 0 0 0 0 0 0 0 0 0 1 0 1 6 16 2 1 6 1 0 0 1 1 0 0 1 0 136.537 136.537 0 0 1 0 0 0 0 1 0 0 0 0 1 0 0 0 0 1 0 0 0 1 0 1 0 2 16 2 17 3 6 0.3 0 0 0 0 1 264 5
-40.278 -25.944 -5.295 12.425 4.845 -28.577 -56.614 -80.981 -93.434 -90.907 2 2 2 0 0 0 0 1 0 0 0 0 0 1 1 0 0 0 0 0 0 1 6 15 3 1 6 0 1 0 1 0 1 1 0 130.61 0 0 130.61 0 1 0 0 0 0 1 0 0 0 0 1 0 0 0 0 1 0 0 1 0 0 0 1 3 15 3 16 4 5 0.4 0 0 0 0 1 1331 5
-69.635 -55.54 -27.862 7.015 20.992 20.526 20.149 22.501 28.024 13.458 2 2 2 1 0 0 0 0 0 0 0 0 0 1 1 0 0 0 0 0 0 1 5 14 4 1 5 0 2 1 0 0 1 1 0 134.12201 130.61 130.61 134.12201 0 1 0 0 0 0 1 0 0 0 0 1 0 0 0 0 0 1 0 1 0 0 0 1 4 14 4 15 5 4 0.5 1 0 0 0 0 752 5
1.175 11.09 27.099 41.248 49.88 54.971 58.423 61.728 63.712 63.812 2 2 2 1 0 0 0 0 1 0 0 0 0 0 0 0 0 1 0 0 0 2 4 13 5 2 4 2 0 1 0 1 0 0 1 132.634 134.12201 134.12201 132.634 0 1 0 0 0 0 1 0 0 0 0 1 0 0 0 0 0 1 0 0 1 0 1 0 5 13 5 14 6 3 0.6 1 0 0 0 0 194 5
62.168 45.43 27.89 3.875 -30.507 -65.012 -84.676 -83.214 -66.6 -50.126 2 2 2 0 0 1 0 0 1 0 0 0 0 0 0 0 0 0 0 1 0 3 4 12 6 3 4 1 0 0 1 1 0 0 1 0 132.634 132.634 0 0 1 0 0 0 0 1 0 0 0 0 1 0 0 0 0 1 0 0 0 1 0 1 0 6 12 6 13 7 2 0.7 0 0 1 0 0 767 5
-28.068 -14.092 32.432 30.697 -3.919 -47.33 -79.112 -99.709 -110.575 -112.319 2 2 2 0 0 0 0 1 0 0 0 1 0 0 1 0 0 0 0 0 0 3 4 11 7 3 4 0 1 0 1 0 1 1 0 126.707 0 0 126.707 0 1 0 0 0 0 1 0 0 0 0 1 0 0 0 0 1 0 0 1 0 0 0 1 7 11 7 12 8 1 0.8 0 0 0 0 1 584 5
66.488 66.23 65.757 54.824 46.889 47.141 48.061 50.285 53.526 47.464 2 2 2 1 0 0 0 0 0 0 0 0 0 1 0 0 0 1 0 0 0 3 3 10 8 3 3 2 2 1 0 0 1 0 1 129.707 126.707 126.707 129.707 0 1 0 0 0 0 1 0 0 0 0 1 0 0 0 0 0 1 0 1 0 0 1 0 8 10 8 11 1 7 0.111 1 0 0 0 0 48 12
29.959 16.58 3.466 -6.651 -11.637 -22.452 -39.452 -47.633 -44.931 -37.045 2 2 2 0 0 1 0 0 1 0 0 0 0 0 0 0 0 0 0 1 0 4 3 9 9 4 3 1 0 0 1 1 0 0 1 0 129.707 129.707 0 0 1 0 0 0 0 1 0 0 0 0 1 0 0 0 0 1 0 0 0 1 0 1 0 9 9 9 10 2 6 0.222 0 0 1 0 0 348 12
-14.704 3.325 16.21 33.747 36.177 24.807 5.439 -14.816 -26.619 -24.778 2 2 2 0 0 0 0 1 0 0 0 1 0 0 1 0 0 0 0 0 0 4 3 8 10 4 3 0 1 0 1 0 1 1 0 123.78 0 0 123.78 0 1 0 0 0 0 1 0 0 0 0 1 0 0 0 0 1 0 0 1 0 0 0 1 10 8 10 9 3 5 0.333 0 0 0 0 1 190 8
-9.83 7.29 12.556 14.403 11.769 9.867 11.253 12.783 12.489 5.201 2 2 2 1 0 0 0 0 0 0 0 0 0 1 0 0 0 0 0 1 0 4 2 7 11 4 2 1 2 1 0 0 1 0 1 126.78 123.78 123.78 126.78 0 1 0 0 0 0 1 0 0 0 0 1 0 0 0 0 0 1 0 1 0 0 1 0 11 7 11 8 4 4 0.444 1 0 0 0 0 1738 8
-0.729 2.729 0.595 -15.224 -37.308 -52.313 -66.473 -70.973 -67.921 -62.012 2 2 2 0 0 0 0 1 1 0 0 0 0 0 1 0 0 0 0 0 0 5 2 6 12 5 2 0 0 0 1 1 0 1 0 121.829 126.78 126.78 121.829 0 1 0 0 0 0 1 0 0 0 0 1 0 0 0 0 1 0 0 0 1 0 0 1 12 6 12 7 5 3 0.556 0 0 0 0 1 28 8
-46.036 -20.073 6.397 32.834 56.597 64.374 59.937 63.46 69.955 67.346 2 2 2 1 0 0 0 0 0 0 0 0 0 1 0 0 0 0 0 1 0 5 1 5 13 5 1 2 1 1 0 0 1 0 1 124.829 121.829 121.829 124.829 0 1 0 0 0 0 1 0 0 0 0 1 0 0 0 0 0 1 0 1 0 0 1 0 13 5 13 6 6 2 0.667 1 0 0 0 0 915 5
64.355 73.575 86.296 90.962 53.364 -2.082 -31.606 -44.132 -51.68 -58.599 2 2 2 0 0 0 0 1 1 0 0 0 0 0 0 0 0 1 0 0 0 6 1 4 14 6 1 1 0 0 1 1 0 0 1 0 124.829 124.829 0 0 1 0 0 0 0 1 0 0 0 0 1 0 0 0 0 1 0 0 0 1 0 1 0 14 4 14 5 7 1 0.778 0 0 0 0 1 557 5
-25.503 -30.824 -36.371 -43.125 -67.818 -86.972 -93.692 -85.305 -57.306 -42.426 2 2 2 0 0 1 0 0 0 0 0 0 0 1 1 0 0 0 0 0 0 6 1 3 15 6 1 0 1 0 1 0 1 1 0 118.902 0 0 118.902 0 1 0 0 0 0 1 0 0 0 0 1 0 0 0 0 1 0 0 1 0 0 0 1 15 3 15 4 1 4 0.167 0 0 1 0 0 315 8
-41.226 -31.75 -4.295 15.266 18.949 21.892 25.154 30.362 35.554 40.515 2 2 2 1 0 0 0 0 0 0 0 1 0 0 0 0 0 0 0 1 0 6 0 2 16 6 0 2 2 1 0 0 1 0 1 121.902 118.902 118.902 121.902 0 1 0 0 0 0 1 0 0 0 0 1 0 0 0 0 0 1 0 1 0 0 1 0 16 2 16 3 2 3 0.333 1 0 0 0 0 48 8
48.059 64.925 84.64 101.393 107.636 96.648 72.383 41.182 11.414 -12.534 2 2 2 0 0 0 0 1 1 0 0 0 0 0 0 0 1 0 0 0 0 7 0 1 17 7 0 1 0 0 1 1 0 0 1 0 121.902 121.902 0 0 1 0 0 0 0 1 0 0 0 0 0 0 1 0 0 1 0 0 0 1 0 1 0 17 1 17 2 3 2 0.5 0 0 0 0 1 442 8
-15.897 -7.128 -8.444 -21.685 -37.949 -43.709 -47.308 -59.139 -80.446 -85.15 2 2 0 0 1 0 0 0 0 0 0 0 0 1 0 1 0 0 0 0 0 7 0 0 18 7 0 0 1 0 1 0 1 0 1 110 0 0 0 0 0 0 1 0 0 1 0 0 0 1 0 0 0 0 0 1 0 0 1 0 1 0 0 18 0 18 1 4 1 0.667 0 1 0 0 0 604 8
