-10.301 -10.018 -9.468 -14.346 -26.085 -29.75 -27.507 -18.331 -7.54 -3.346 2 0 2 0 0 1 0 0 0 1 0 0 0 0 0 0 0 0 0 1 0 0 3 11 0 0 3 2 0 0 1 0 1 0 1 0 130 0 0 0 1 0 0 0 1 0 0 0 0 0 1 0 0 0 0 1 0 1 0 0 0 1 0 0 11 0 12 1 4 0.167 0 0 1 0 0 339 8
3.409 56.893 76.424 69.558 46.618 28.485 20.14 14.966 12.628 0.069 2 2 2 0 0 0 0 1 0 0 0 1 0 0 0 0 1 0 0 0 0 0 3 10 1 0 3 1 1 0 1 0 1 0 1 0 0 0 0 0 1 0 0 0 0 1 0 0 0 0 1 0 0 0 0 1 0 0 1 0 0 1 0 1 10 1 11 2 3 0.333 0 0 0 0 1 124 8
-8.217 -6.982 -6.008 -15.466 -38.339 -69.999 -88.958 -94.072 -87.516 -62.147 2 2 2 0 1 0 0 0 0 0 0 0 0 1 1 0 0 0 0 0 0 0 3 9 2 0 3 0 2 0 1 0 1 1 0 129.815 0 0 129.815 0 1 0 0 0 0 1 0 0 0 0 1 0 0 0 0 1 0 0 1 0 0 0 1 2 9 2 10 3 2 0.5 0 1 0 0 0 505 8
-26.796 7.1 43.22 76.896 84.282 84.913 82.474 80.459 80.828 67.163 2 2 2 1 0 0 0 0 0 0 1 0 0 0 0 0 1 0 0 0 0 0 2 8 3 0 2 1 3 1 0 0 1 0 1 132.815 129.815 129.815 132.815 0 1 0 0 0 0 1 0 0 0 0 1 0 0 0 0 0 1 0 1 0 0 1 0 3 8 3 9 4 1 0.667 1 0 0 0 0 267 8
29.299 22.847 0.463 -27.41 -61.797 -86.964 -108.506 -115.954 -107.145 -86.714 2 2 2 0 1 0 0 0 1 0 0 0 0 0 1 0 0 0 0 0 0 1 2 7 4 1 2 0 0 0 1 1 0 1 0 126.85201 132.815 132.815 126.85201 0 1 0 0 0 0 1 0 0 0 0 1 0 0 0 0 1 0 0 0 1 0 0 1 4 7 4 8 1 8 0.1 0 1 0 0 0 687 8
-47.799 -9.585 22.336 37.709 49.365 55.095 59.136 63.371 70.866 70.609 2 2 2 1 0 0 0 0 0 0 1 0 0 0 0 0 1 0 0 0 0 1 1 6 5 1 1 1 1 1 0 0 1 0 1 129.85201 126.85201 126.85201 129.85201 0 1 0 0 0 0 1 0 0 0 0 1 0 0 0 0 0 1 0 1 0 0 1 0 5 6 5 7 2 7 0.2 1 0 0 0 0 267 8
68.26 56.736 39.724 22.959 0.63 -41.314 -71.944 -89.07 -90.044 -86.18 2 2 2 0 1 0 0 0 1 0 0 0 0 0 1 0 0 0 0 0 0 2 1 5 6 2 1 0 0 0 1 1 0 1 0 123.88901 129.85201 129.85201 123.88901 0 1 0 0 0 0 1 0 0 0 0 1 0 0 0 0 1 0 0 0 1 0 0 1 6 5 6 6 3 6 0.3 0 1 0 0 0 971 5
-77.133 -38.249 3.589 25.579 29.581 25.107 20.508 18.619 15.132 7.424 2 2 2 1 0 0 0 0 0 0 1 0 0 0 0 0 0 0 0 1 0 2 0 4 7 2 0 4 1 1 0 0 1 0 1 126.889 123.88901 123.88901 126.889 0 1 0 0 0 0 1 0 0 0 0 1 0 0 0 0 0 1 0 1 0 0 1 0 7 4 7 5 4 5 0.4 1 0 0 0 0 267 5
4.914 15.895 30.069 45.256 53.483 50.654 37.297 5.068 -30.531 -56.171 2 2 2 0 0 0 0 1 1 0 0 0 0 0 0 0 0 0 0 1 0 3 0 3 8 3 0 3 0 0 1 1 0 0 1 0 126.889 126.889 0 0 1 0 0 0 0 1 0 0 0 0 1 0 0 0 0 1 0 0 0 1 0 1 0 8 3 8 4 5 4 0.5 0 0 0 0 1 609 5
-55.905 -37.327 -11.391 6.574 6.444 -14.131 -26.67 -33.378 -35.789 -29.366 2 2 2 0 0 0 0 1 0 0 0 0 0 1 0 0 0 0 0 1 0 3 0 2 9 3 0 2 1 0 1 0 1 0 1 0 0 0 0 0 1 0 0 0 0 1 0 0 0 0 1 0 0 0 0 1 0 0 1 0 0 1 0 9 2 9 3 6 3 0.6 0 0 0 0 1 1959 5
-10.779 10.767 22.875 32.56 38.052 34.32 27.126 18.834 6.56 -1.888 2 2 2 0 0 0 0 1 0 0 0 0 0 1 0 0 0 0 0 1 0 3 0 1 10 3 0 1 2 0 1 0 1 0 1 0 0 0 0 0 1 0 0 0 0 1 0 0 0 0 0 0 1 0 0 1 0 0 1 0 0 1 0 10 1 10 2 7 2 0.7 0 0 0 0 1 296 5
-4.358 1.552 18.255 27.851 26.837 16.538 -0.369 -37.529 -50.619 -46.056 2 2 0 0 0 0 0 1 0 0 0 0 0 1 0 1 0 0 0 0 0 3 0 0 11 3 0 0 3 0 1 0 1 0 1 110 0 0 0 0 0 0 1 0 0 1 0 0 0 1 0 0 0 0 0 1 0 0 1 0 1 0 0 11 0 11 1 8 1 0.8 0 0 0 0 1 35 5
