337.462395773 337.25315114 336.8354434 336.210830821 335.381638895 334.350946179 333.122565623 331.701021576 330.091522674 328.299930894 2 0 1 0 0 0 0 1 0 1 0 0 0 0 0 0 0 0 0 1 0 0 3 10 0 0 3 1 0 0 1 0 1 0 1 126.667 130 0 126.667 0 1 0 0 0 1 0 0 0 0 0 1 0 0 0 0 1 0 1 0 0 0 1 0 0 10 0 11 1 11 0.077 0 0 0 0 1 38 5
326.332727032 324.196972969 321.90027104 319.45072091 316.856874339 314.127688244 311.272476485 308.300860789 305.22272124 302.048146756 1 2 2 0 0 0 0 1 0 0 0 0 0 1 1 0 0 0 0 0 0 0 3 9 1 0 3 0 1 0 1 0 1 1 0 131.66701 126.667 126.667 131.66701 0 1 0 0 0 0 1 0 0 0 0 1 0 0 0 0 1 0 0 1 0 0 0 1 1 9 1 10 2 10 0.154 0 0 0 0 1 378 5
298.787385948 295.450798774 292.04880934 288.59186022 285.090368601 281.554684561 277.995051733 274.42157058 270.844164468 267.272548691 2 1 2 1 0 0 0 0 0 0 0 0 0 1 0 0 0 0 0 1 0 0 2 8 2 0 2 5 2 1 0 0 1 0 1 134.66701 131.66701 131.66701 134.66701 0 1 0 0 0 0 1 0 0 0 0 1 0 0 0 0 0 1 0 1 0 0 1 0 2 8 2 9 3 9 0.231 1 0 0 0 0 1775 5
263.716202539 260.184344493 256.68591056 253.229535732 249.82353852 246.475908471 243.194296525 239.986008078 236.857998535 233.816871144 2 2 2 0 0 0 0 1 1 0 0 0 0 0 0 0 0 1 0 0 0 1 2 7 3 1 2 4 0 0 1 1 0 0 1 0 134.66701 134.66701 0 0 1 0 0 0 0 1 0 0 0 0 1 0 0 0 0 1 0 0 0 1 0 1 0 3 7 3 8 4 8 0.308 0 0 0 0 1 947 5
230.868876878 228.019916099 225.275541726 222.640963638 220.121054003 217.72035326 215.443076458 213.29311967 211.274066218 209.389192465 2 2 2 0 0 1 0 0 0 0 0 0 0 1 0 0 0 1 0 0 0 1 2 6 4 1 2 3 1 0 1 0 1 0 1 0 0 0 0 0 1 0 0 0 0 1 0 0 0 0 1 0 0 0 0 1 0 0 1 0 0 1 0 4 6 4 7 5 7 0.385 0 0 1 0 0 94 14
207.641472928 206.033584513 204.567909695 203.246538481 202.071269052 201.043606977 200.164762977 199.435649202 198.856874055 198.428735622 2 2 2 0 0 1 0 0 0 0 0 1 0 0 0 0 1 0 0 0 0 1 2 5 5 1 2 2 2 0 1 0 1 0 1 0 0 0 0 0 1 0 0 0 0 1 0 0 0 0 1 0 0 0 0 1 0 0 1 0 0 1 0 5 5 5 6 6 6 0.462 0 0 1 0 0 2184 1
198.1512138 198.023961253 198.046293371 198.217177394 198.535220964 198.998660315 199.605348387 200.352743144 201.237896394 202.257443414 2 2 2 0 1 0 0 0 0 0 0 1 0 0 0 0 0 1 0 0 0 1 2 4 6 1 2 1 3 0 1 0 1 0 1 0 0 0 0 0 1 0 0 0 0 1 0 0 0 0 1 0 0 0 0 1 0 0 1 0 0 1 0 6 4 6 5 7 5 0.538 0 1 0 0 0 756 1
203.407593706 204.684123172 206.082368037 207.597220807 209.223128546 210.954093738 212.783677979 214.705008707 216.71078917 218.793311765 2 2 2 0 0 1 0 0 0 0 1 0 0 0 1 0 0 0 0 0 0 1 2 3 7 1 2 0 4 0 1 0 1 1 0 121.667 0 0 121.667 0 1 0 0 0 0 1 0 0 0 0 1 0 0 0 0 1 0 0 1 0 0 0 1 7 3 7 4 8 4 0.615 0 0 1 0 0 509 1
220.944474875 223.15580328 225.418472172 227.723334766 230.06095346 232.421634446 234.795465632 237.172357693 239.542088032 241.894347379 2 2 2 1 0 0 0 0 0 0 0 1 0 0 1 0 0 0 0 0 0 1 1 2 8 1 1 0 5 1 0 0 1 1 0 124.8335 121.667 121.667 124.8335 0 1 0 0 0 0 1 0 0 0 0 1 0 0 0 0 0 1 0 1 0 0 0 1 8 2 8 3 9 3 0.692 1 0 0 0 0 12 15
244.218788734 246.505078309 248.742948115 250.922249786 253.033009228 255.065481649 257.010206533 258.858062072 260.600318614 262.228690653 2 2 2 1 0 0 0 0 1 0 0 0 0 0 0 0 1 0 0 0 0 2 0 1 9 2 0 1 0 1 0 1 0 0 1 123 124.8335 124.8335 123 0 1 0 0 0 0 1 0 0 0 0 0 0 1 0 0 0 1 0 0 1 0 1 0 9 1 9 2 10 2 0.769 1 0 0 0 0 1494 8
263.735386889 265.113157941 266.355341245 267.455902766 268.409475101 269.211391656 269.857716551 270.345269993 270.671648861 270.835242321 2 2 0 0 1 0 0 0 1 0 0 0 0 0 0 1 0 0 0 0 0 3 0 0 10 3 0 0 0 0 1 1 0 0 1 110 123 123 0 0 0 0 1 0 0 1 0 0 0 1 0 0 0 0 0 1 0 0 0 1 1 0 0 10 0 10 1 11 1 0.846 0 1 0 0 0 84 8
