242.817497272 242.885786615 243.021890242 243.22486111 243.493286316 243.825296247 244.218576706 244.670383938 245.17756248 245.736565739 2 0 2 0 0 1 0 0 0 1 0 0 0 0 0 0 1 0 0 0 0 0 8 22 0 0 8 1 0 0 1 0 1 0 1 0 130 0 0 0 1 0 0 0 1 0 0 0 0 0 1 0 0 0 0 1 0 1 0 0 0 1 0 0 22 0 23 1 6 0.125 0 0 1 0 0 1091 1
246.343479174 246.994045942 247.683694882 248.407570635 249.160565752 249.937354558 250.732428579 251.540133291 252.354705953 253.170314257 2 2 2 0 1 0 0 0 0 0 0 1 0 0 1 0 0 0 0 0 0 0 8 21 1 0 8 0 1 0 1 0 1 1 0 132.959 0 0 132.959 0 1 0 0 0 0 1 0 0 0 0 1 0 0 0 0 1 0 0 1 0 0 0 1 1 21 1 22 2 5 0.25 0 1 0 0 0 108 1
253.981095534 254.781196239 255.564811412 256.326223846 257.059842634 257.760240817 258.422191826 259.040704417 259.611055808 260.12882275 2 2 2 1 0 0 0 0 0 0 1 0 0 0 0 0 0 0 0 1 0 0 7 20 2 0 7 2 2 1 0 0 1 0 1 135.959 132.959 132.959 135.959 0 1 0 0 0 0 1 0 0 0 0 1 0 0 0 0 0 1 0 1 0 0 1 0 2 20 2 21 3 4 0.375 1 0 0 0 0 981 5
260.589910248 260.990577682 261.327462098 261.597598457 261.79843664 261.927855072 261.984170801 261.966145976 261.872990618 261.704361691 2 2 2 0 0 0 0 1 1 0 0 0 0 0 0 0 0 0 0 1 0 1 7 19 3 1 7 1 0 0 1 1 0 0 1 0 135.959 135.959 0 0 1 0 0 0 0 1 0 0 0 0 1 0 0 0 0 1 0 0 0 1 0 1 0 3 19 3 20 4 3 0.5 0 0 0 0 1 980 1
261.46035846 261.141514209 260.748784383 260.283531302 259.747505616 259.142824683 258.471948148 257.737650966 256.942994198 256.091293911 2 2 2 0 0 0 0 1 0 0 0 0 0 1 1 0 0 0 0 0 0 1 7 18 4 1 7 0 1 0 1 0 1 1 0 130.50999 0 0 130.50999 0 1 0 0 0 0 1 0 0 0 0 1 0 0 0 0 1 0 0 1 0 0 0 1 4 18 4 19 5 2 0.625 0 0 0 0 1 1860 1
255.186088539 254.231105093 253.230224615 252.187447289 251.106857619 249.992590099 248.848795784 247.679610154 246.489122676 245.28134841 2 2 2 1 0 0 0 0 0 0 0 0 0 1 1 0 0 0 0 0 0 1 6 17 5 1 6 0 2 1 0 0 1 1 0 134.10199 130.50999 130.50999 134.10199 0 1 0 0 0 0 1 0 0 0 0 1 0 0 0 0 0 1 0 1 0 0 0 1 5 17 5 18 6 1 0.75 1 0 0 0 0 135 1
244.060202008 242.829474395 241.592812422 240.353701698 239.115452777 237.881190858 236.653849042 235.436165194 234.230682375 233.039752751 2 2 2 1 0 0 0 0 1 0 0 0 0 0 0 0 1 0 0 0 0 2 5 16 6 2 5 1 0 1 0 1 0 0 1 132.694 134.10199 134.10199 132.694 0 1 0 0 0 0 1 0 0 0 0 1 0 0 0 0 0 1 0 0 1 0 1 0 6 16 6 17 1 17 0.053 1 0 0 0 0 86 12
231.865544842 230.710053919 229.575115289 228.462420179 227.373533874 226.309915714 225.27294054 224.263921121 223.284131099 222.334827943 2 2 2 0 1 0 0 0 1 0 0 0 0 0 1 0 0 0 0 0 0 3 5 15 7 3 5 0 0 0 1 1 0 1 0 128.061 132.694 132.694 128.061 0 1 0 0 0 0 1 0 0 0 0 1 0 0 0 0 1 0 0 0 1 0 0 1 7 15 7 16 2 16 0.105 0 1 0 0 0 1105 8
221.417275417 220.53276505 219.68263611 218.868293586 218.091223732 217.353006711 216.655325975 215.999973997 215.388854088 214.82397803 2 2 2 1 0 0 0 0 0 0 1 0 0 0 0 0 0 1 0 0 0 3 4 14 8 3 4 4 1 1 0 0 1 0 1 131.061 128.061 128.061 131.061 0 1 0 0 0 0 1 0 0 0 0 1 0 0 0 0 0 1 0 1 0 0 1 0 8 14 8 15 3 15 0.158 1 0 0 0 0 2499 8
214.307459377 213.841502292 213.428385915 213.070444273 212.770041888 212.529545249 212.351290447 212.237547318 212.190480523 212.212108057 2 2 2 0 0 1 0 0 1 0 0 0 0 0 0 0 0 1 0 0 0 4 4 13 9 4 4 3 0 0 1 1 0 0 1 0 131.061 131.061 0 0 1 0 0 0 0 1 0 0 0 0 1 0 0 0 0 1 0 0 0 1 0 1 0 9 13 9 14 4 14 0.211 0 0 1 0 0 52 14
212.304257748 212.468522366 212.706214003 213.018318439 213.405450229 213.867809272 214.405139653 215.016691501 215.701186662 216.456788896 2 2 2 0 0 1 0 0 0 0 0 1 0 0 0 0 0 1 0 0 0 4 4 12 10 4 4 2 1 0 1 0 1 0 1 0 0 0 0 0 1 0 0 0 0 1 0 0 0 0 1 0 0 0 0 1 0 0 1 0 0 1 0 10 12 10 13 5 13 0.263 0 0 1 0 0 1111 11
217.281079326 218.171037782 219.123030644 220.132805729 221.195494646 222.305623018 223.45712881 224.643388945 225.857254253 227.091092697 2 2 2 0 0 1 0 0 0 0 0 1 0 0 0 0 0 0 1 0 0 4 4 11 11 4 4 1 2 0 1 0 1 0 1 0 0 0 0 0 1 0 0 0 0 1 0 0 0 0 1 0 0 0 0 1 0 0 1 0 0 1 0 11 11 11 12 6 12 0.316 0 0 1 0 0 485 11
228.336840698 229.58606226 230.83001548 232.059725914 233.266066146 234.439840811 235.571876211 236.653113574 237.674704929 238.628110482 2 2 2 0 0 0 1 0 0 0 0 1 0 0 1 0 0 0 0 0 0 4 4 10 12 4 4 0 3 0 1 0 1 1 0 123.98 0 0 123.98 0 1 0 0 0 0 1 0 0 0 0 1 0 0 0 0 1 0 0 1 0 0 0 1 12 10 12 11 7 11 0.368 0 0 0 1 0 2 9
239.505196335 240.298331334 241.000481808 241.605302944 242.10722554 242.501536903 242.784454688 242.953192534 243.006016411 242.942290686 2 2 2 1 0 0 0 0 0 0 0 0 1 0 0 0 0 1 0 0 0 4 3 9 13 4 3 4 4 1 0 0 1 0 1 126.98 123.98 123.98 126.98 0 1 0 0 0 0 1 0 0 0 0 1 0 0 0 0 0 1 0 1 0 0 1 0 13 9 13 10 8 10 0.421 1 0 0 0 0 544 5
242.762513009 242.468337243 242.06258378 241.549236735 240.933427652 240.221405516 239.420493047 238.53902939 237.586299523 236.572450855 2 2 2 0 0 1 0 0 1 0 0 0 0 0 0 0 0 1 0 0 0 5 3 8 14 5 3 3 0 0 1 1 0 0 1 0 126.98 126.98 0 0 1 0 0 0 0 1 0 0 0 0 1 0 0 0 0 1 0 0 0 1 0 1 0 14 8 14 9 9 9 0.474 0 0 1 0 0 1990 5
235.508397672 234.405714242 233.276517575 232.133340956 230.988999541 229.856449417 228.748641642 227.678372894 226.658134418 225.699961034 2 2 2 0 0 1 0 0 0 0 0 1 0 0 0 0 0 0 0 1 0 5 3 7 15 5 3 2 1 0 1 0 1 0 1 0 0 0 0 0 1 0 0 0 0 1 0 0 0 0 1 0 0 0 0 1 0 0 1 0 0 1 0 15 7 15 8 10 8 0.526 0 0 1 0 0 884 5
224.815282004 224.014775576 223.308229009 222.704405884 222.210922404 221.834134383 221.579036465 221.449175039 221.44657617 221.571689695 2 2 2 0 0 0 0 1 0 0 0 1 0 0 0 0 0 0 1 0 0 5 3 6 16 5 3 1 2 0 1 0 1 0 1 0 0 0 0 0 1 0 0 0 0 1 0 0 0 0 1 0 0 0 0 1 0 0 1 0 0 1 0 16 6 16 7 11 7 0.579 0 0 0 0 1 1289 5
221.823350496 222.19875774 222.69347269 223.301435492 224.015001095 224.824994268 225.720783418 226.69037271 227.720511738 228.796821812 2 2 2 0 0 0 1 0 0 0 0 0 0 1 1 0 0 0 0 0 0 5 3 5 17 5 3 0 3 0 1 0 1 1 0 119.898 0 0 119.898 0 1 0 0 0 0 1 0 0 0 0 1 0 0 0 0 1 0 0 1 0 0 0 1 17 5 17 6 12 6 0.632 0 0 0 1 0 2 4
229.903937658 231.025663185 232.145139736 233.245025103 234.307681403 235.3153698 236.250449937 237.095581856 237.833928121 238.449353833 2 2 2 1 0 0 0 0 0 0 0 0 1 0 0 0 1 0 0 0 0 5 2 4 18 5 2 1 4 1 0 0 1 0 1 122.898 119.898 119.898 122.898 0 1 0 0 0 0 1 0 0 0 0 1 0 0 0 0 0 1 0 1 0 0 1 0 18 4 18 5 13 5 0.684 1 0 0 0 0 135 5
238.926622208 239.251583411 239.411354394 239.394487563 239.191126182 238.793144574 238.19427133 237.39019389 236.37864309 235.159456458 2 2 2 0 1 0 0 0 1 0 0 0 0 0 1 0 0 0 0 0 0 6 2 3 19 6 2 0 0 0 1 1 0 1 0 118.265 122.898 122.898 118.265 0 1 0 0 0 0 1 0 0 0 0 1 0 0 0 0 1 0 0 0 1 0 0 1 19 3 19 4 14 4 0.737 0 1 0 0 0 418 5
233.734619294 232.108282809 230.286758845 228.278490987 226.094002122 223.745818798 221.248372977 218.617882073 215.872208389 213.030699353 2 2 2 1 0 0 0 0 0 0 1 0 0 0 1 0 0 0 0 0 0 6 1 2 20 6 1 0 1 1 0 0 1 1 0 121.85699 118.265 118.265 121.85699 0 1 0 0 0 0 1 0 0 0 0 1 0 0 0 0 0 1 0 1 0 0 0 1 20 2 20 3 15 3 0.789 1 0 0 0 0 74 15
210.114010129 207.14391046 204.143077724 201.134878417 198.143140372 195.191918188 192.305254388 189.50693894 186.820269756 184.267816826 2 2 2 1 0 0 0 0 1 0 0 0 0 0 0 0 0 0 1 0 0 7 0 1 21 7 0 1 0 1 0 1 0 0 1 120.449 121.85699 121.85699 120.449 0 1 0 0 0 0 1 0 0 0 0 0 0 1 0 0 0 1 0 0 1 0 1 0 21 1 21 2 16 2 0.842 1 0 0 0 0 12 15
181.871192586 179.650831079 177.625778365 175.813496528 174.229683471 172.888110514 171.80047964 170.976301983 170.422798922 170.144826917 2 2 0 0 0 0 1 0 1 0 0 0 0 0 0 1 0 0 0 0 0 8 0 0 22 8 0 0 0 0 1 1 0 0 1 110 120.449 120.449 0 0 0 0 1 0 0 1 0 0 0 1 0 0 0 0 0 1 0 0 0 1 1 0 0 22 0 22 1 17 1 0.895 0 0 0 1 0 4 26
