244.351959567 244.292691279 244.174334 243.997246008 243.76196393 243.469201801 243.119849793 242.714972632 242.255807686 241.743762729 2 0 2 0 0 1 0 0 0 1 0 0 0 0 0 0 0 0 0 1 0 0 5 16 0 0 5 7 0 0 1 0 1 0 1 0 130 0 0 0 1 0 0 0 1 0 0 0 0 0 1 0 0 0 0 1 0 1 0 0 0 1 0 0 16 0 17 1 15 0.059 0 0 1 0 0 3 6
241.180413367 240.56750014 239.906925268 239.200749069 238.451186009 237.660600417 236.831501823 235.966539945 235.068499302 234.140293458 2 2 2 0 0 0 0 1 0 0 0 1 0 0 0 0 0 1 0 0 0 0 5 15 1 0 5 6 1 0 1 0 1 0 1 0 0 0 0 0 1 0 0 0 0 1 0 0 0 0 1 0 0 0 0 1 0 0 1 0 0 1 0 1 15 1 16 2 14 0.118 0 0 0 0 1 10 20
233.184958894 232.205648502 231.205624702 230.188252184 229.156990273 228.115384921 227.067060325 226.01571019 224.96508862 223.919000671 2 2 2 0 0 1 0 0 0 0 0 0 0 1 0 0 0 1 0 0 0 0 5 14 2 0 5 5 2 0 1 0 1 0 1 0 0 0 0 0 1 0 0 0 0 1 0 0 0 0 1 0 0 0 0 1 0 0 1 0 0 1 0 2 14 2 15 3 13 0.176 0 0 1 0 0 210 5
222.881292561 221.855841547 220.846545503 219.85731218 218.892048211 217.954647836 217.048981401 216.178883649 215.348141814 214.560483565 2 2 2 0 0 1 0 0 0 0 0 1 0 0 0 0 1 0 0 0 0 0 5 13 3 0 5 4 3 0 1 0 1 0 1 0 0 0 0 0 1 0 0 0 0 1 0 0 0 0 1 0 0 0 0 1 0 0 1 0 0 1 0 3 13 3 14 4 12 0.235 0 0 1 0 0 230 5
213.819564828 213.128957504 212.492137138 211.91247056 211.393203549 210.937448544 210.548172461 210.22818465 209.980125032 209.806452474 2 2 2 0 1 0 0 0 0 0 0 1 0 0 0 0 0 0 0 1 0 0 5 12 4 0 5 3 4 0 1 0 1 0 1 0 0 0 0 0 1 0 0 0 0 1 0 0 0 0 1 0 0 0 0 1 0 0 1 0 0 1 0 4 12 4 13 5 11 0.294 0 1 0 0 0 210 5
209.709433438 209.69113095 209.753393951 209.897847056 210.125880792 210.43864234 210.837026854 211.321669378 211.892937426 212.550924264 2 2 2 0 0 0 0 1 0 0 1 0 0 0 0 0 1 0 0 0 0 0 5 11 5 0 5 2 5 0 1 0 1 0 1 0 0 0 0 0 1 0 0 0 0 1 0 0 0 0 1 0 0 0 0 1 0 0 1 0 0 1 0 5 11 5 12 6 10 0.353 0 0 0 0 1 140 5
213.295442934 214.12602107 215.041896538 216.042013944 217.125022043 218.28927209 219.532817147 220.853412391 222.248516439 223.715293712 2 2 2 0 1 0 0 0 0 0 0 0 0 1 0 0 0 0 0 1 0 0 5 10 6 0 5 1 6 0 1 0 1 0 1 0 0 0 0 0 1 0 0 0 0 1 0 0 0 0 1 0 0 0 0 1 0 0 1 0 0 1 0 6 10 6 11 7 9 0.412 0 1 0 0 0 427 5
225.250617854 226.851076224 228.512975464 230.232348156 232.004960561 233.826321445 235.691691975 237.596096684 239.534335477 241.500996664 2 2 2 0 0 0 0 1 0 0 1 0 0 0 1 0 0 0 0 0 0 0 5 9 7 0 5 0 7 0 1 0 1 1 0 125.811 0 0 125.811 0 1 0 0 0 0 1 0 0 0 0 1 0 0 0 0 1 0 0 1 0 0 0 1 7 9 7 10 8 8 0.471 0 0 0 0 1 481 12
243.490470992 245.496966642 247.514525161 249.537038283 251.558265605 253.57185305 255.571352086 257.550239632 259.501938585 261.41983892 2 2 2 1 0 0 0 0 0 0 0 0 0 1 1 0 0 0 0 0 0 0 4 8 8 0 4 0 8 1 0 0 1 1 0 129.27051 125.811 125.811 129.27051 0 1 0 0 0 0 1 0 0 0 0 1 0 0 0 0 0 1 0 1 0 0 0 1 8 8 8 9 9 7 0.529 1 0 0 0 0 239 12
263.297319272 265.127768948 266.904610288 268.621321284 270.271458405 271.84867951 273.346766799 274.759649692 276.081427558 277.306392207 2 2 2 1 0 0 0 0 1 0 0 0 0 0 1 0 0 0 0 0 0 1 3 7 9 1 3 0 0 1 0 1 0 1 0 128.1895 129.27051 129.27051 128.1895 0 1 0 0 0 0 1 0 0 0 0 1 0 0 0 0 0 1 0 0 1 0 0 1 9 7 9 8 10 6 0.588 1 0 0 0 0 647 8
278.429050056 279.444143868 280.346674005 281.13191907 281.795455881 282.333178675 282.741317466 283.01645547 283.155545528 283.155925433 2 2 2 1 0 0 0 0 1 0 0 0 0 0 0 0 0 0 0 1 0 2 2 6 10 2 2 1 0 1 0 1 0 0 1 126.649 128.1895 128.1895 126.649 0 1 0 0 0 0 1 0 0 0 0 1 0 0 0 0 0 1 0 0 1 0 1 0 10 6 10 7 11 5 0.647 1 0 0 0 0 1140 8
283.015332109 282.731914562 282.304245531 281.731331799 281.012623086 280.148019485 279.137877395 277.983013899 276.684709573 275.244709673 2 2 2 0 0 0 0 1 1 0 0 0 0 0 1 0 0 0 0 0 0 3 2 5 11 3 2 0 0 0 1 1 0 1 0 121.486 126.649 126.649 121.486 0 1 0 0 0 0 1 0 0 0 0 1 0 0 0 0 1 0 0 0 1 0 0 1 11 5 11 6 12 4 0.706 0 0 0 0 1 301 5
273.665223695 271.948923288 270.098938494 268.118852341 266.012693763 263.784928875 261.440450607 258.984566729 256.422986296 253.761804541 2 2 2 1 0 0 0 0 0 0 0 0 0 1 0 0 0 0 0 1 0 3 1 4 12 3 1 2 1 1 0 0 1 0 1 124.486 121.486 121.486 124.486 0 1 0 0 0 0 1 0 0 0 0 1 0 0 0 0 0 1 0 1 0 0 1 0 12 4 12 5 13 3 0.765 1 0 0 0 0 1052 5
251.007486262 248.166847762 245.24703738 242.255514684 239.200028397 236.088593115 232.92946491 229.731115887 226.502207793 223.251564767 2 2 2 0 0 0 0 1 1 0 0 0 0 0 0 0 0 0 0 1 0 4 1 3 13 4 1 1 0 0 1 1 0 0 1 0 124.486 124.486 0 0 1 0 0 0 0 1 0 0 0 0 1 0 0 0 0 1 0 0 0 1 0 1 0 13 3 13 4 14 2 0.824 0 0 0 0 1 123 5
219.988145321 216.721013664 213.459310456 210.212223114 206.988955767 203.798698976 200.650599324 197.553728999 194.51705548 191.549411425 2 2 2 0 0 0 0 1 0 0 0 0 0 1 1 0 0 0 0 0 0 4 1 2 14 4 1 0 1 0 1 0 1 1 0 118.243 0 0 118.243 0 1 0 0 0 0 1 0 0 0 0 1 0 0 0 0 1 0 0 1 0 0 0 1 14 2 14 3 15 1 0.882 0 0 0 0 1 75 5
188.659464908 185.855690075 183.146338371 180.539410416 178.042628661 175.663410905 173.408844807 171.285663452 169.300222105 167.45847621 2 2 2 1 0 0 0 0 0 0 0 0 0 1 0 0 0 0 0 1 0 4 0 1 15 4 0 1 2 1 0 0 1 0 1 121.243 118.243 118.243 121.243 0 1 0 0 0 0 1 0 0 0 0 0 0 1 0 0 0 1 0 1 0 0 1 0 15 1 15 2 1 2 0.25 1 0 0 0 0 132 5
165.765960739 164.227770969 162.848544754 161.632446365 160.583151967 159.703836779 158.997163979 158.465275384 158.109783957 157.931768156 2 2 0 0 0 0 0 1 1 0 0 0 0 0 0 1 0 0 0 0 0 5 0 0 16 5 0 0 0 0 1 1 0 0 1 110 121.243 121.243 0 0 0 0 1 0 0 1 0 0 0 1 0 0 0 0 0 1 0 0 0 1 1 0 0 16 0 16 1 2 1 0.5 0 0 0 0 1 411 5
