281.703403563 281.60910323 281.420767242 281.138930729 280.764410626 280.298322218 279.742100304 279.097524237 278.366745955 277.552319949 2 0 2 0 0 1 0 0 0 1 0 0 0 0 0 0 0 0 0 1 0 0 5 22 0 0 5 3 0 0 1 0 1 0 1 0 130 0 0 0 1 0 0 0 1 0 0 0 0 0 1 0 0 0 0 1 0 1 0 0 0 1 0 0 22 0 23 1 10 0.083 0 0 1 0 0 3 6
276.657234053 275.684939796 274.639381054 273.525019654 272.346856639 271.110447876 269.821912809 268.487935201 267.115754863 265.713149499 2 2 2 0 0 0 0 1 0 0 0 1 0 0 0 0 0 0 1 0 0 0 5 21 1 0 5 2 1 0 1 0 1 0 1 0 0 0 0 0 1 0 0 0 0 1 0 0 0 0 1 0 0 0 0 1 0 0 1 0 0 1 0 1 21 1 22 2 9 0.167 0 0 0 0 1 20 7
264.288405989 262.850280586 261.40794778 259.970937732 258.549062501 257.152331459 255.790856584 254.474748547 253.214004742 252.01839063 2 2 2 0 0 0 1 0 0 0 0 0 0 1 0 0 0 1 0 0 0 0 5 20 2 0 5 1 2 0 1 0 1 0 1 0 0 0 0 0 1 0 0 0 0 1 0 0 0 0 1 0 0 0 0 1 0 0 1 0 0 1 0 2 20 2 21 3 8 0.25 0 0 0 1 0 16 10
250.897315985 249.859707807 248.913881815 248.067414588 247.327018492 246.698421609 246.18625491 245.793948886 245.523641805 245.376101678 2 2 2 0 0 1 0 0 0 0 0 0 1 0 1 0 0 0 0 0 0 0 5 19 3 0 5 0 3 0 1 0 1 1 0 131.327 0 0 131.327 0 1 0 0 0 0 1 0 0 0 0 1 0 0 0 0 1 0 0 1 0 0 0 1 3 19 3 20 4 7 0.333 0 0 1 0 0 253 3
245.350663861 245.445186067 245.656022344 245.978017327 246.404521813 246.927430384 247.537241503 248.223140135 248.973102622 249.774023144 2 2 2 1 0 0 0 0 0 0 0 1 0 0 0 0 0 0 1 0 0 0 4 18 4 0 4 2 4 1 0 0 1 0 1 134.327 131.327 131.327 134.327 0 1 0 0 0 0 1 0 0 0 0 1 0 0 0 0 0 1 0 1 0 0 1 0 4 18 4 19 5 6 0.417 1 0 0 0 0 2499 5
250.611860758 251.471805638 252.338462769 253.196051048 254.028615399 254.820249243 255.555324403 256.218725313 256.796084229 257.274014006 2 2 2 0 0 0 1 0 1 0 0 0 0 0 0 0 0 1 0 0 0 1 4 17 5 1 4 1 0 0 1 1 0 0 1 0 134.327 134.327 0 0 1 0 0 0 0 1 0 0 0 0 1 0 0 0 0 1 0 0 0 1 0 1 0 5 17 5 18 6 5 0.5 0 0 0 1 0 2 4
257.640334938 257.884292131 257.996759899 257.970429771 257.799978822 257.482215238 257.016198268 256.403330009 255.64741681 254.754698461 2 2 2 0 0 1 0 0 0 0 0 0 1 0 1 0 0 0 0 0 0 1 4 16 6 1 4 0 1 0 1 0 1 1 0 128.87801 0 0 128.87801 0 1 0 0 0 0 1 0 0 0 0 1 0 0 0 0 1 0 0 1 0 0 0 1 6 16 6 17 7 4 0.583 0 0 1 0 0 32 3
253.733843749 252.595911432 251.354276127 250.02451913 248.624284694 247.173102787 245.692179864 244.204159722 242.732856932 241.302965844 2 2 2 1 0 0 0 0 0 0 0 1 0 0 0 0 0 1 0 0 0 1 3 15 7 1 3 3 2 1 0 0 1 0 1 131.87801 128.87801 128.87801 131.87801 0 1 0 0 0 0 1 0 0 0 0 1 0 0 0 0 0 1 0 1 0 0 1 0 7 15 7 16 8 3 0.667 1 0 0 0 0 597 3
239.939748569 238.668705717 237.515234029 236.504275293 235.65996121 235.005258985 234.561622574 234.348654509 234.383783207 234.681960562 2 2 2 0 0 1 0 0 1 0 0 0 0 0 0 0 1 0 0 0 0 2 3 14 8 2 3 2 0 0 1 1 0 0 1 0 131.87801 131.87801 0 0 1 0 0 0 0 1 0 0 0 0 1 0 0 0 0 1 0 0 0 1 0 1 0 8 14 8 15 9 2 0.75 0 0 1 0 0 187 5
235.255384422 236.113250337 237.261536618 238.702826389 240.436169883 242.456989713 244.757031359 247.324360483 250.143408113 253.195064081 2 2 2 0 1 0 0 0 0 0 0 1 0 0 0 0 0 0 0 1 0 2 3 13 9 2 3 1 1 0 1 0 1 0 1 0 0 0 0 0 1 0 0 0 0 1 0 0 0 0 1 0 0 0 0 1 0 0 1 0 0 1 0 9 13 9 14 10 1 0.833 0 1 0 0 0 18 5
256.456818444 259.902949983 263.504760173 267.230850424 271.04743972 274.918719218 278.80723979 282.67432801 286.480525587 290.186046902 2 2 2 0 0 0 0 1 0 0 1 0 0 0 1 0 0 0 0 0 0 2 3 12 10 2 3 0 2 0 1 0 1 1 0 125.612 0 0 125.612 0 1 0 0 0 0 1 0 0 0 0 1 0 0 0 0 1 0 0 1 0 0 0 1 10 12 10 13 1 6 0.125 0 0 0 0 1 201 12
293.751248942 297.137107694 300.305694886 303.220648854 305.847633331 308.154778022 310.113094963 311.696864971 312.883988744 313.656297638 2 2 2 1 0 0 0 0 0 0 0 0 0 1 0 0 0 0 0 1 0 2 2 11 11 2 2 1 3 1 0 0 1 0 1 128.612 125.612 125.612 128.612 0 1 0 0 0 0 1 0 0 0 0 1 0 0 0 0 0 1 0 1 0 0 1 0 11 11 11 12 2 5 0.25 1 0 0 0 0 2256 8
313.999819584 313.904996171 313.366847519 312.385082236 310.964150418 309.113238438 306.846204976 304.18145856 301.141777629 297.754074931 2 2 2 0 0 0 0 1 1 0 0 0 0 0 1 0 0 0 0 0 0 3 2 10 12 3 2 0 0 0 1 1 0 1 0 123.98 128.612 128.612 123.98 0 1 0 0 0 0 1 0 0 0 0 1 0 0 0 0 1 0 0 0 1 0 0 1 12 10 12 11 3 4 0.375 0 0 0 0 1 5 8
294.049108797 290.061144569 285.827570145 281.38847024 276.78616454 272.064715451 267.269411567 262.446233368 257.641307912 252.900359488 2 2 2 1 0 0 0 0 0 0 0 0 0 1 0 0 1 0 0 0 0 3 1 9 13 3 1 1 1 1 0 0 1 0 1 126.98 123.98 123.98 126.98 0 1 0 0 0 0 1 0 0 0 0 1 0 0 0 0 0 1 0 1 0 0 1 0 13 9 13 10 4 3 0.5 1 0 0 0 0 1349 5
248.268163275 243.788009061 239.501181986 235.446467052 231.659683896 228.173257928 225.015833467 222.211934013 219.781674135 217.740526821 2 2 2 0 1 0 0 0 1 0 0 0 0 0 1 0 0 0 0 0 0 4 1 8 14 4 1 0 0 0 1 1 0 1 0 122.347 126.98 126.98 122.347 0 1 0 0 0 0 1 0 0 0 0 1 0 0 0 0 1 0 0 0 1 0 0 1 14 8 14 9 5 2 0.625 0 1 0 0 0 56 5
216.099149402 214.863270371 214.03363865 213.606036002 213.571352453 213.915723757 214.620729093 215.663646398 217.01776194 218.652730035 2 2 2 1 0 0 0 0 0 0 1 0 0 0 0 0 0 1 0 0 0 4 0 7 15 4 0 7 1 1 0 0 1 0 1 125.347 122.347 122.347 125.347 0 1 0 0 0 0 1 0 0 0 0 1 0 0 0 0 0 1 0 1 0 0 1 0 15 7 15 8 6 1 0.75 1 0 0 0 0 224 15
220.534978124 222.628151812 224.893593948 227.290851372 229.778202561 232.313199161 234.853214186 237.355989605 239.780176035 242.085857388 2 2 2 0 0 1 0 0 1 0 0 0 0 0 0 0 0 0 0 1 0 5 0 6 16 5 0 6 0 0 1 1 0 0 1 0 125.347 125.347 0 0 1 0 0 0 0 1 0 0 0 0 1 0 0 0 0 1 0 0 0 1 0 1 0 16 6 16 7 1 5 0.143 0 0 1 0 0 3 12
244.235053537 246.19219437 247.924559008 249.402674459 250.600668521 251.496572428 252.072569381 252.315185912 252.215423771 251.768830892 2 2 2 0 0 0 0 1 0 0 0 1 0 0 0 0 0 1 0 0 0 5 0 5 17 5 0 5 1 0 1 0 1 0 1 0 0 0 0 0 1 0 0 0 0 1 0 0 0 0 1 0 0 0 0 1 0 0 1 0 0 1 0 17 5 17 6 2 4 0.286 0 0 0 0 1 51 12
250.975510823 249.840070833 248.371509807 246.583047811 244.491900053 242.118998709 239.488666796 236.628248924 233.567704353 230.339168263 2 2 2 0 0 1 0 0 0 0 0 0 0 1 0 0 0 0 0 1 0 5 0 4 18 5 0 4 2 0 1 0 1 0 1 0 0 0 0 0 1 0 0 0 0 1 0 0 0 0 1 0 0 0 0 1 0 0 1 0 0 1 0 18 4 18 5 3 3 0.429 0 0 1 0 0 3 12
226.976487585 223.514738057 219.989729413 216.437505737 212.893848067 209.393786236 205.971126829 202.658003809 199.48445806 196.478051627 2 2 2 0 0 0 0 1 0 0 0 1 0 0 0 0 0 0 1 0 0 5 0 3 19 5 0 3 3 0 1 0 1 0 1 0 0 0 0 0 1 0 0 0 0 1 0 0 0 0 1 0 0 0 0 1 0 0 1 0 0 1 0 19 3 19 4 4 2 0.571 0 0 0 0 1 51 8
193.663521927 191.062480587 188.693160922 186.570217339 184.704579185 183.103360775 181.769828499 180.703425078 179.899850228 179.351196148 2 2 2 0 0 0 1 0 0 0 0 0 0 1 0 0 0 1 0 0 0 5 0 2 20 5 0 2 4 0 1 0 1 0 1 0 0 0 0 0 1 0 0 0 0 1 0 0 0 0 1 0 0 0 0 1 0 0 1 0 0 1 0 20 2 20 3 5 1 0.714 0 0 0 1 0 11 8
179.046135465 178.970158531 179.105856224 179.433243782 179.930120601 180.57246042 181.334825889 182.190801174 183.113436013 184.075694474 2 2 2 0 0 1 0 0 0 0 0 0 1 0 0 0 0 0 0 1 0 5 0 1 21 5 0 1 5 0 1 0 1 0 1 0 0 0 0 0 1 0 0 0 0 1 0 0 0 0 0 0 1 0 0 1 0 0 1 0 0 1 0 21 1 21 2 1 2 0.25 0 0 1 0 0 1903 8
185.050901634 186.013181433 186.937879106 187.801961839 188.584391645 189.266464859 189.832113164 190.268161658 190.564540088 190.7144441 2 2 0 0 0 0 0 1 0 0 0 1 0 0 0 1 0 0 0 0 0 5 0 0 22 5 0 0 6 0 1 0 1 0 1 110 0 0 0 0 0 0 1 0 0 1 0 0 0 1 0 0 0 0 0 1 0 0 1 0 1 0 0 22 0 22 1 2 1 0.5 0 0 0 0 1 1001 8
