43.83 42.504 38.356 31.35 18.092 4.299 -6.328 -14.533 -22.815 -29.983 2 0 2 0 1 0 0 0 0 1 0 0 0 0 0 0 0 0 0 1 0 0 5 16 0 0 5 1 0 0 1 0 1 0 1 0 130 0 0 0 1 0 0 0 1 0 0 0 0 0 1 0 0 0 0 1 0 1 0 0 0 1 0 0 16 0 17 1 6 0.125 0 1 0 0 0 22 17
-27.118 14.455 24.038 6.231 -11.724 -29.946 -49.783 -65.105 -67.292 -70.828 2 2 2 0 0 0 0 1 0 0 1 0 0 0 1 0 0 0 0 0 0 0 5 15 1 0 5 0 1 0 1 0 1 1 0 132.297 0 0 132.297 0 1 0 0 0 0 1 0 0 0 0 1 0 0 0 0 1 0 0 1 0 0 0 1 1 15 1 16 2 5 0.25 0 0 0 0 1 5 14
-79.718 -49.204 -5.988 24.811 35.619 45.808 57.342 68.15 77.497 75.223 2 2 2 1 0 0 0 0 0 0 0 0 0 1 0 0 1 0 0 0 0 0 4 14 2 0 4 2 2 1 0 0 1 0 1 135.297 132.297 132.297 135.297 0 1 0 0 0 0 1 0 0 0 0 1 0 0 0 0 0 1 0 1 0 0 1 0 2 14 2 15 3 4 0.375 1 0 0 0 0 1019 5
70.806 63.628 42.327 3.233 -38.963 -65.48 -69.34 -62.68 -49.916 -30.416 2 2 2 0 1 0 0 0 1 0 0 0 0 0 0 0 0 0 0 1 0 1 4 13 3 1 4 1 0 0 1 1 0 0 1 0 135.297 135.297 0 0 1 0 0 0 0 1 0 0 0 0 1 0 0 0 0 1 0 0 0 1 0 1 0 3 13 3 14 4 3 0.5 0 1 0 0 0 761 5
-4.049 13.098 35.724 43.095 35.296 21.141 4.531 -18.296 -40.569 -48.628 2 2 2 0 0 0 0 1 0 0 1 0 0 0 1 0 0 0 0 0 0 1 4 12 4 1 4 0 1 0 1 0 1 1 0 129.054 0 0 129.054 0 1 0 0 0 0 1 0 0 0 0 1 0 0 0 0 1 0 0 1 0 0 0 1 4 12 4 13 5 2 0.625 0 0 0 0 1 14 5
-38.5 -24.853 -4.282 10.17 7.504 1.87 -2.196 -5.201 -4.062 -8.027 2 2 2 1 0 0 0 0 0 0 0 0 0 1 1 0 0 0 0 0 0 1 3 11 5 1 3 0 2 1 0 0 1 1 0 132.5135 129.054 129.054 132.5135 0 1 0 0 0 0 1 0 0 0 0 1 0 0 0 0 0 1 0 1 0 0 0 1 5 11 5 12 6 1 0.75 1 0 0 0 0 955 5
23.838 22.453 21.842 12.411 1.462 0.837 0.63 2.974 7.26 12.805 2 2 2 1 0 0 0 0 1 0 0 0 0 0 0 0 0 0 0 1 0 2 2 10 6 2 2 5 0 1 0 1 0 0 1 130.97301 132.5135 132.5135 130.97301 0 1 0 0 0 0 1 0 0 0 0 1 0 0 0 0 0 1 0 0 1 0 1 0 6 10 6 11 1 11 0.077 1 0 0 0 0 1577 8
22.488 31.351 30.124 23.125 14.696 -6.276 -24.176 -34.725 -32.985 -24.375 2 2 2 0 0 0 0 1 1 0 0 0 0 0 0 0 0 0 0 1 0 3 2 9 7 3 2 4 0 0 1 1 0 0 1 0 130.97301 130.97301 0 0 1 0 0 0 0 1 0 0 0 0 1 0 0 0 0 1 0 0 0 1 0 1 0 7 9 7 10 2 10 0.154 0 0 0 0 1 28 8
-12.667 -7.8 -5.452 -4.171 -6.289 -12.288 -20.633 -29.745 -30.37 -20.03 2 2 2 0 0 0 0 1 0 0 0 0 0 1 0 0 1 0 0 0 0 3 2 8 8 3 2 3 1 0 1 0 1 0 1 0 0 0 0 0 1 0 0 0 0 1 0 0 0 0 1 0 0 0 0 1 0 0 1 0 0 1 0 8 8 8 9 3 9 0.231 0 0 0 0 1 3 6
-5.312 12.633 18.595 15.795 11.498 8.06 7.669 10.463 -3.872 -4.297 2 2 2 0 1 0 0 0 0 0 0 0 0 1 0 0 0 0 0 1 0 3 2 7 9 3 2 2 2 0 1 0 1 0 1 0 0 0 0 0 1 0 0 0 0 1 0 0 0 0 1 0 0 0 0 1 0 0 1 0 0 1 0 9 7 9 8 4 8 0.308 0 1 0 0 0 247 7
12.148 45.245 65.614 65.74 54.423 37.868 18.09 -4.515 -20.173 -33.225 2 2 2 0 0 0 0 1 0 0 1 0 0 0 0 0 0 0 0 1 0 3 2 6 10 3 2 1 3 0 1 0 1 0 1 0 0 0 0 0 1 0 0 0 0 1 0 0 0 0 1 0 0 0 0 1 0 0 1 0 0 1 0 10 6 10 7 5 7 0.385 0 0 0 0 1 516 8
-40.598 -35.919 -28.589 -24.85 -32.29 -45.883 -60.814 -67.313 -68.102 -65.566 2 2 2 0 0 0 0 1 0 0 0 0 0 1 1 0 0 0 0 0 0 3 2 5 11 3 2 0 4 0 1 0 1 1 0 121.486 0 0 121.486 0 1 0 0 0 0 1 0 0 0 0 1 0 0 0 0 1 0 0 1 0 0 0 1 11 5 11 6 6 6 0.462 0 0 0 0 1 805 8
-41.544 -6.906 27.639 49.824 57.67 62.883 67.439 71.7 71.248 57.994 2 2 2 1 0 0 0 0 0 0 0 0 0 1 0 0 0 0 1 0 0 3 1 4 12 3 1 2 5 1 0 0 1 0 1 124.486 121.486 121.486 124.486 0 1 0 0 0 0 1 0 0 0 0 1 0 0 0 0 0 1 0 1 0 0 1 0 12 4 12 5 7 5 0.538 1 0 0 0 0 2499 5
46.063 36.386 28.699 21.475 14.125 4.346 -19.792 -42.404 -52.938 -51.871 2 2 2 0 0 0 1 0 1 0 0 0 0 0 0 0 0 0 1 0 0 4 1 3 13 4 1 1 0 0 1 1 0 0 1 0 124.486 124.486 0 0 1 0 0 0 0 1 0 0 0 0 1 0 0 0 0 1 0 0 0 1 0 1 0 13 3 13 4 8 4 0.615 0 0 0 1 0 2499 5
-49.686 -47.351 -45.025 -42.565 -40.478 -39.388 -38.395 -39.434 -38.716 -33.429 2 2 2 0 0 0 1 0 0 0 0 0 1 0 1 0 0 0 0 0 0 4 1 2 14 4 1 0 1 0 1 0 1 1 0 118.243 0 0 118.243 0 1 0 0 0 0 1 0 0 0 0 1 0 0 0 0 1 0 0 1 0 0 0 1 14 2 14 3 9 3 0.692 0 0 0 1 0 2 9
-16.463 5.379 26.659 47.395 67.682 87.048 93.872 94.488 96.272 90.345 2 2 2 1 0 0 0 0 0 0 0 0 1 0 0 0 0 1 0 0 0 4 0 1 15 4 0 1 2 1 0 0 1 0 1 121.243 118.243 118.243 121.243 0 1 0 0 0 0 1 0 0 0 0 0 0 1 0 0 0 1 0 1 0 0 1 0 15 1 15 2 10 2 0.769 1 0 0 0 0 1122 5
63.885 31.152 0.234 -32.955 -67.898 -74.594 -75.866 -63.789 -50.04 -23.415 2 2 0 0 0 1 0 0 1 0 0 0 0 0 0 1 0 0 0 0 0 5 0 0 16 5 0 0 0 0 1 1 0 0 1 110 121.243 121.243 0 0 0 0 1 0 0 1 0 0 0 1 0 0 0 0 0 1 0 0 0 1 1 0 0 16 0 16 1 11 1 0.846 0 0 1 0 0 796 5
