0.73909 -0.55664 -0.69147 2.10442 3.85707 4.66175 0.07032 -6.46214 1.88364 3.93081 2 0 2 0 1 0 0 0 0 1 0 0 0 0 0 0 0 1 0 0 0 0 5 21 0 0 5 1 0 0 1 0 1 0 1 0 1 0 0 0 1 0 0 0 0 0 1 0 0 0 0 1 0 1 0 0 0 1 0 0 21 0 22 1 17 0.053 0 1 0 0 0 556 1 0 11 0 0 20 13 2 0 0 0 0.0 0.0 2.0 0.0 0.0 17.0 0.0 0.0 0.0 0.0 0.0 0.0 0.0 0.0 0.0 0.0 0.0 0.0 0.0 0.0 0.0 0.0 0.0 0.0 0.0 1.0 0.0 0.0 0.0 0.0 0.0 0.0 0.0 0.0 0.0 0.0 0.0 0.0 0.0 0.0 0.0 0.0 0.0 0.0 0.0 0.0 0.0 0.0 0.0 0.0 0.0 0.0 0.0 0.0 0.0 0.0 0.0 0.0 0.0 0.0 0.0 0.0 0.0 0.0 0.0 0.0
18.02056 14.95548 14.17071 23.7345 32.5958 29.49064 21.49382 18.71904 14.30308 11.19298 2 2 2 0 0 1 0 0 0 0 1 0 0 0 1 0 0 0 0 0 0 0 5 20 1 0 5 0 1 0 1 0 1 1 0 0 1 0 0 0 0 1 0 0 0 0 1 0 0 0 0 1 0 0 1 0 0 0 1 1 20 1 21 2 16 0.105 0 0 1 0 0 2127 1 0 11 0 1 20 4 1 4 0 0 0.0 0.0 2.0 1.0 0.0588235294118 17.0 0.0 0.0 0.0 0.0 0.0 0.0 0.0 0.0 0.0 0.0 0.0 0.0 0.0 0.0 0.0 0.0 0.0 0.0 0.0 1.0 0.0 0.0 0.0 0.0 0.0 0.0 0.0 0.0 0.0 0.0 0.0 0.0 0.0 0.0 0.0 0.0 0.0 0.0 0.0 0.0 0.0 0.0 0.0 0.0 0.0 0.0 0.0 0.0 0.0 0.0 0.0 0.0 0.0 0.0 0.0 0.0 0.0 0.0 0.0 0.0
14.99355 19.86689 24.60073 26.00718 24.381 10.06865 7.96989 4.56661 6.94649 1.9221 2 2 2 1 0 0 0 0 0 0 0 1 0 0 0 0 0 0 0 1 0 0 4 19 2 0 4 2 2 1 0 0 1 0 1 0 1 0 0 0 0 1 0 0 0 0 1 0 0 0 0 0 1 0 1 0 0 1 0 2 19 2 20 3 15 0.158 1 0 0 0 0 329 1 0 11 0 2 8 21 2 4 5 0 0.0 0.0 2.0 2.0 0.117647058824 17.0 0.0 0.0 0.0 0.0 0.0 0.0 0.0 0.0 0.0 0.0 0.0 0.0 0.0 0.0 0.0 0.0 0.0 0.0 0.0 1.0 0.0 0.0 0.0 0.0 0.0 0.0 0.0 0.0 0.0 0.0 0.0 0.0 0.0 0.0 0.0 0.0 0.0 0.0 0.0 0.0 0.0 0.0 0.0 0.0 0.0 0.0 0.0 0.0 0.0 0.0 0.0 0.0 0.0 0.0 0.0 0.0 0.0 0.0 0.0 0.0
2.43194 6.42365 -11.42657 -24.61565 -15.55494 -2.58412 5.23163 16.15196 19.31809 30.18794 2 2 2 0 0 0 0 1 1 0 0 0 0 0 0 0 0 0 0 1 0 1 4 18 3 1 4 1 0 0 1 1 0 0 1 0 1 0 0 0 0 1 0 0 0 0 1 0 0 0 0 1 0 0 0 1 0 1 0 3 18 3 19 4 14 0.211 0 0 0 0 1 5 11 1 9 1 0 17 2 1 2 0 0 0.0 0.0 2.0 3.0 0.176470588235 17.0 0.0 0.0 0.0 0.0 0.0 0.0 0.0 0.0 0.0 0.0 0.0 0.0 0.0 0.0 0.0 0.0 0.0 0.0 0.0 0.0 0.0 0.0 0.0 0.0 0.0 0.0 0.0 0.0 0.0 0.0 0.0 1.0 0.0 0.0 0.0 0.0 0.0 0.0 0.0 0.0 0.0 0.0 0.0 0.0 0.0 0.0 0.0 0.0 0.0 0.0 0.0 0.0 0.0 0.0 0.0 0.0 0.0 0.0 0.0 0.0
43.75003 31.57907 35.55863 68.15106 89.5834 94.77383 92.00037 74.14922 62.84434 64.05683 2 2 2 0 0 0 0 1 0 0 0 0 0 1 1 0 0 0 0 0 0 1 4 17 4 1 4 0 1 0 1 0 1 1 0 0 1 0 0 0 0 1 0 0 0 0 1 0 0 0 0 1 0 0 1 0 0 0 1 4 17 4 18 5 13 0.263 0 0 0 0 1 507 9 11 7 2 0 21 10 7 4 0 0 0.0 0.0 2.0 4.0 0.235294117647 17.0 0.0 0.0 0.0 0.0 0.0 0.0 0.0 0.0 0.0 0.0 0.0 0.0 0.0 0.0 0.0 0.0 0.0 0.0 0.0 0.0 0.0 0.0 0.0 0.0 0.0 0.0 0.0 1.0 0.0 0.0 0.0 0.0 0.0 0.0 0.0 0.0 0.0 0.0 0.0 0.0 0.0 0.0 0.0 0.0 0.0 0.0 0.0 0.0 0.0 0.0 0.0 0.0 0.0 0.0 0.0 0.0 0.0 0.0 0.0 0.0
65.65574 69.9604 51.63685 40.05654 28.42749 26.27148 25.74872 22.29983 23.22632 24.77173 2 2 2 1 0 0 0 0 0 0 0 0 0 1 1 0 0 0 0 0 0 1 3 16 5 1 3 0 2 1 0 0 1 1 0 0 1 0 0 0 0 1 0 0 0 0 1 0 0 0 0 0 1 0 1 0 0 0 1 5 16 5 17 6 12 0.316 1 0 0 0 0 345 9 11 7 2 1 16 10 7 4 0 0 0.0 0.0 2.0 5.0 0.294117647059 17.0 0.0 0.0 0.0 0.0 0.0 0.0 0.0 0.0 0.0 0.0 0.0 0.0 0.0 0.0 0.0 0.0 0.0 0.0 0.0 0.0 0.0 0.0 0.0 0.0 0.0 0.0 0.0 1.0 0.0 0.0 0.0 0.0 0.0 0.0 0.0 0.0 0.0 0.0 0.0 0.0 0.0 0.0 0.0 0.0 0.0 0.0 0.0 0.0 0.0 0.0 0.0 0.0 0.0 0.0 0.0 0.0 0.0 0.0 0.0 0.0
39.97801 39.72516 36.62843 30.42604 30.09909 27.5488 30.92407 32.10983 26.33031 30.16299 2 2 2 1 0 0 0 0 1 0 0 0 0 0 0 0 1 0 0 0 0 2 2 15 6 2 2 7 0 1 0 1 0 0 1 0 1 0 0 0 0 1 0 0 0 0 1 0 0 0 0 0 1 0 0 1 0 1 0 6 15 6 16 7 11 0.368 1 0 0 0 0 365 7 9 8 3 0 3 21 2 4 5 0 0.0 0.0 2.0 6.0 0.352941176471 17.0 0.0 0.0 0.0 0.0 0.0 0.0 0.0 0.0 0.0 0.0 0.0 0.0 0.0 0.0 0.0 0.0 1.0 0.0 0.0 0.0 1.0 0.0 0.0 0.0 0.0 0.0 1.0 0.0 0.0 1.0 1.0 0.0 0.0 0.0 0.0 0.0 0.0 0.0 0.0 0.0 0.0 0.0 0.0 0.0 0.0 0.0 0.0 0.0 0.0 0.0 0.0 0.0 0.0 0.0 0.0 0.0 0.0 0.0 0.0 0.0
46.07294 42.13368 36.74581 30.24593 29.52206 32.00885 37.70339 29.60362 20.53987 19.09147 2 2 2 0 1 0 0 0 1 0 0 0 0 0 0 0 0 0 1 0 0 3 2 14 7 3 2 6 0 0 1 1 0 0 1 0 1 0 0 0 0 1 0 0 0 0 1 0 0 0 0 1 0 0 0 1 0 1 0 7 14 7 15 8 10 0.421 0 1 0 0 0 273 7 9 8 3 1 8 24 6 0 0 0 0.0 0.0 2.0 7.0 0.411764705882 17.0 0.0 0.0 0.0 0.0 0.0 0.0 0.0 0.0 0.0 0.0 0.0 0.0 0.0 0.0 0.0 0.0 1.0 0.0 0.0 0.0 1.0 0.0 0.0 0.0 0.0 0.0 1.0 0.0 0.0 1.0 1.0 0.0 0.0 0.0 0.0 0.0 0.0 0.0 0.0 0.0 0.0 0.0 0.0 0.0 0.0 0.0 0.0 0.0 0.0 0.0 0.0 0.0 0.0 0.0 0.0 0.0 0.0 0.0 0.0 0.0
26.10225 19.84843 17.14574 19.73314 15.26148 14.46255 14.12132 16.47865 18.27844 6.40945 2 2 2 0 0 0 1 0 0 0 1 0 0 0 0 0 1 0 0 0 0 3 2 13 8 3 2 5 1 0 1 0 1 0 1 0 1 0 0 0 0 1 0 0 0 0 1 0 0 0 0 1 0 0 1 0 0 1 0 8 13 8 14 9 9 0.474 0 0 0 1 0 4 8 7 5 4 0 20 8 7 0 0 0 0.0 0.0 2.0 8.0 0.470588235294 17.0 0.0 0.0 0.0 0.0 0.0 0.0 0.0 0.0 0.0 0.0 0.0 0.0 0.0 0.0 0.0 0.0 0.0 0.0 0.0 0.0 0.0 1.0 0.0 0.0 0.0 0.0 0.0 0.0 0.0 0.0 0.0 0.0 0.0 0.0 0.0 0.0 0.0 0.0 0.0 0.0 0.0 0.0 0.0 0.0 0.0 0.0 0.0 0.0 0.0 0.0 0.0 0.0 0.0 0.0 0.0 0.0 0.0 0.0 0.0 0.0
-46.72007 -78.87111 -53.23193 4.24455 26.78341 32.90057 38.13012 29.16449 12.13488 -3.45812 2 2 2 0 1 0 0 0 0 0 0 0 1 0 0 0 0 0 0 1 0 3 2 12 9 3 2 4 2 0 1 0 1 0 1 0 1 0 0 0 0 1 0 0 0 0 1 0 0 0 0 1 0 0 1 0 0 1 0 9 12 9 13 10 8 0.526 0 1 0 0 0 125 5 8 6 5 0 20 17 2 1 4 5 0.0 0.0 2.0 9.0 0.529411764706 17.0 0.0 0.0 0.0 0.0 0.0 0.0 0.0 0.0 1.0 0.0 0.0 0.0 0.0 1.0 0.0 0.0 0.0 0.0 0.0 0.0 0.0 0.0 0.0 0.0 0.0 0.0 0.0 0.0 0.0 0.0 0.0 0.0 0.0 0.0 0.0 0.0 0.0 0.0 0.0 0.0 0.0 0.0 0.0 0.0 0.0 0.0 0.0 0.0 0.0 0.0 0.0 0.0 0.0 0.0 0.0 0.0 0.0 0.0 0.0 0.0
-3.03058 -11.91639 -22.4865 -19.3789 29.28459 39.39799 45.62412 52.93453 52.22988 55.51067 2 2 2 0 0 0 0 1 0 0 1 0 0 0 0 0 0 0 0 1 0 3 2 11 10 3 2 3 3 0 1 0 1 0 1 0 1 0 0 0 0 1 0 0 0 0 1 0 0 0 0 1 0 0 1 0 0 1 0 10 11 10 12 11 7 0.579 0 0 0 0 1 155 6 5 1 6 0 22 9 7 2 0 0 0.0 0.0 2.0 10.0 0.588235294118 17.0 0.0 0.0 0.0 0.0 0.0 0.0 0.0 0.0 0.0 1.0 0.0 0.0 0.0 0.0 0.0 0.0 0.0 0.0 0.0 0.0 0.0 0.0 0.0 0.0 0.0 0.0 0.0 0.0 0.0 0.0 0.0 0.0 0.0 0.0 0.0 0.0 0.0 0.0 0.0 0.0 0.0 0.0 0.0 0.0 0.0 0.0 0.0 0.0 0.0 0.0 0.0 0.0 0.0 0.0 0.0 0.0 0.0 0.0 0.0 0.0
29.65535 35.49533 40.99906 33.72931 34.41585 32.62507 43.2754 51.84406 57.11356 50.90278 2 2 2 0 0 0 0 1 0 0 0 0 0 1 0 0 1 0 0 0 0 3 2 10 11 3 2 2 4 0 1 0 1 0 1 0 1 0 0 0 0 1 0 0 0 0 1 0 0 0 0 1 0 0 1 0 0 1 0 11 10 11 11 12 6 0.632 0 0 0 0 1 166 1 6 4 7 0 2 2 1 2 0 0 0.0 0.0 2.0 11.0 0.647058823529 17.0 0.0 0.0 0.0 0.0 0.0 0.0 0.0 0.0 0.0 0.0 0.0 0.0 1.0 0.0 0.0 0.0 0.0 0.0 0.0 0.0 0.0 0.0 0.0 0.0 0.0 0.0 0.0 0.0 0.0 1.0 1.0 0.0 0.0 0.0 0.0 0.0 0.0 0.0 0.0 0.0 0.0 0.0 0.0 0.0 0.0 0.0 0.0 0.0 0.0 0.0 0.0 0.0 0.0 0.0 0.0 0.0 0.0 0.0 0.0 0.0
16.40933 9.7912 12.42515 13.99069 4.02225 2.57557 4.91957 12.10462 18.72959 21.50347 2 2 2 0 1 0 0 0 0 0 0 0 0 1 0 0 0 0 1 0 0 3 2 9 12 3 2 1 5 0 1 0 1 0 1 0 1 0 0 0 0 1 0 0 0 0 1 0 0 0 0 1 0 0 1 0 0 1 0 12 9 12 10 13 5 0.684 0 1 0 0 0 142 1 6 4 7 1 1 15 2 1 3 0 0.0 0.0 2.0 12.0 0.705882352941 17.0 0.0 0.0 0.0 0.0 0.0 0.0 0.0 0.0 0.0 0.0 0.0 0.0 1.0 0.0 0.0 0.0 0.0 0.0 0.0 0.0 0.0 0.0 0.0 0.0 0.0 0.0 0.0 0.0 0.0 1.0 1.0 0.0 0.0 0.0 0.0 0.0 0.0 0.0 0.0 0.0 0.0 0.0 0.0 0.0 0.0 0.0 0.0 0.0 0.0 0.0 0.0 0.0 0.0 0.0 0.0 0.0 0.0 0.0 0.0 0.0
21.65148 14.745 13.9395 11.548 12.88295 15.18088 16.51409 21.06458 17.50539 17.61411 2 2 2 0 0 0 1 0 0 0 1 0 0 0 1 0 0 0 0 0 0 3 2 8 13 3 2 0 6 0 1 0 1 1 0 0 1 0 0 0 0 1 0 0 0 0 1 0 0 0 0 1 0 0 1 0 0 0 1 13 8 13 9 14 4 0.737 0 0 0 1 0 2 4 1 1 8 0 2 8 7 0 0 0 0.0 0.0 2.0 13.0 0.764705882353 17.0 0.0 0.0 0.0 0.0 0.0 0.0 0.0 0.0 0.0 0.0 0.0 0.0 0.0 0.0 0.0 0.0 0.0 0.0 0.0 0.0 0.0 0.0 0.0 0.0 0.0 0.0 0.0 0.0 0.0 0.0 0.0 1.0 0.0 0.0 0.0 0.0 0.0 0.0 0.0 0.0 0.0 0.0 0.0 0.0 0.0 0.0 0.0 0.0 0.0 0.0 0.0 0.0 0.0 0.0 0.0 0.0 0.0 0.0 0.0 0.0
1.54491 15.48381 22.90633 28.6989 28.66586 19.15391 10.77826 10.21292 12.99151 21.94902 2 2 2 1 0 0 0 0 0 0 0 0 1 0 0 0 0 1 0 0 0 3 1 7 14 3 1 2 7 1 0 0 1 0 1 0 1 0 0 0 0 1 0 0 0 0 1 0 0 0 0 0 1 0 1 0 0 1 0 14 7 14 8 15 3 0.789 1 0 0 0 0 29 1 4 12 9 0 9 1 1 0 0 0 0.0 0.0 2.0 14.0 0.823529411765 17.0 0.0 0.0 0.0 0.0 0.0 0.0 0.0 0.0 0.0 0.0 0.0 0.0 0.0 0.0 0.0 0.0 0.0 1.0 0.0 0.0 0.0 0.0 0.0 0.0 0.0 0.0 0.0 0.0 1.0 0.0 0.0 0.0 0.0 0.0 0.0 0.0 0.0 0.0 0.0 0.0 0.0 0.0 0.0 0.0 0.0 0.0 0.0 0.0 0.0 0.0 0.0 0.0 0.0 0.0 0.0 0.0 0.0 0.0 0.0 0.0
19.6286 8.16019 5.48987 13.06062 3.44504 -15.91413 -17.53641 -20.46193 -29.57803 -18.8099 2 2 2 0 0 1 0 0 1 0 0 0 0 0 0 0 0 0 0 1 0 4 1 6 15 4 1 1 0 0 1 1 0 0 1 0 1 0 0 0 0 1 0 0 0 0 1 0 0 0 0 1 0 0 0 1 0 1 0 15 6 15 7 16 2 0.842 0 0 1 0 0 543 1 4 12 9 1 23 4 1 4 0 0 0.0 0.0 2.0 15.0 0.882352941176 17.0 0.0 0.0 0.0 0.0 0.0 0.0 0.0 0.0 0.0 0.0 0.0 0.0 0.0 0.0 0.0 0.0 0.0 1.0 0.0 0.0 0.0 0.0 0.0 0.0 0.0 0.0 0.0 0.0 1.0 0.0 0.0 0.0 0.0 0.0 0.0 0.0 0.0 0.0 0.0 0.0 0.0 0.0 0.0 0.0 0.0 0.0 0.0 0.0 0.0 0.0 0.0 0.0 0.0 0.0 0.0 0.0 0.0 0.0 0.0 0.0
-6.97207 -2.78518 13.25696 25.89115 20.40827 4.28396 -21.13199 -86.00564 -105.68855 -85.69789 2 2 2 0 0 0 0 1 0 0 0 1 0 0 1 0 0 0 0 0 0 4 1 5 16 4 1 0 1 0 1 0 1 1 0 0 1 0 0 0 0 1 0 0 0 0 1 0 0 0 0 1 0 0 1 0 0 0 1 16 5 16 6 17 1 0.895 0 0 0 0 1 63 12 1 7 10 0 10 7 3 6 0 0 0.0 0.0 2.0 16.0 0.941176470588 17.0 0.0 0.0 0.0 0.0 0.0 0.0 0.0 0.0 0.0 0.0 0.0 0.0 0.0 0.0 0.0 0.0 0.0 0.0 0.0 0.0 0.0 0.0 0.0 0.0 0.0 0.0 0.0 0.0 0.0 0.0 0.0 1.0 0.0 0.0 0.0 0.0 0.0 0.0 0.0 0.0 0.0 0.0 0.0 0.0 0.0 0.0 0.0 0.0 0.0 0.0 0.0 0.0 0.0 0.0 0.0 0.0 0.0 0.0 0.0 0.0
84.73001 67.53401 47.92601 24.56301 14.62064 9.90163 3.74505 -0.75732 1.4138 2.54065 2 2 2 1 0 0 0 0 0 0 0 0 0 1 0 0 1 0 0 0 0 4 0 4 17 4 0 4 2 1 0 0 1 0 1 0 1 0 0 0 0 1 0 0 0 0 1 0 0 0 0 0 1 0 1 0 0 1 0 17 4 17 5 1 5 0.143 1 0 0 0 0 29 7 12 8 11 0 9 1 1 0 0 0 1.0 0.5 2.0 0.0 0.0 5.0 0.0 1.0 0.0 0.0 0.0 0.0 0.0 0.0 0.0 0.0 0.0 0.0 0.0 0.0 0.0 0.0 1.0 0.0 1.0 0.0 1.0 0.0 0.0 0.0 0.0 0.0 0.0 0.0 1.0 0.0 0.0 0.0 0.0 0.0 0.0 0.0 0.0 0.0 0.0 0.0 0.0 0.0 0.0 0.0 0.0 0.0 0.0 0.0 0.0 0.0 0.0 0.0 0.0 0.0 0.0 0.0 0.0 0.0 0.0 0.0
-10.19254 -22.85135 -26.51717 -18.11158 -17.50804 -23.3843 -10.51839 -31.77839 -64.51748 -72.77134 2 2 2 0 1 0 0 0 1 0 0 0 0 0 0 0 0 0 1 0 0 5 0 3 18 5 0 3 0 0 1 1 0 0 1 0 1 0 0 0 0 1 0 0 0 0 1 0 0 0 0 1 0 0 0 1 0 1 0 18 3 18 4 2 4 0.286 0 1 0 0 0 142 7 12 8 11 1 1 15 2 1 3 0 1.0 0.5 2.0 1.0 0.2 5.0 0.0 1.0 0.0 0.0 0.0 0.0 0.0 0.0 0.0 0.0 0.0 0.0 0.0 0.0 0.0 0.0 1.0 0.0 1.0 0.0 1.0 0.0 0.0 0.0 0.0 0.0 0.0 0.0 1.0 0.0 0.0 0.0 0.0 0.0 0.0 0.0 0.0 0.0 0.0 0.0 0.0 0.0 0.0 0.0 0.0 0.0 0.0 0.0 0.0 0.0 0.0 0.0 0.0 0.0 0.0 0.0 0.0 0.0 0.0 0.0
-60.03236 -50.70747 -22.00286 10.21121 5.24654 8.94514 15.64659 19.0817 28.49266 26.00721 2 2 2 0 0 0 1 0 0 0 1 0 0 0 0 0 1 0 0 0 0 5 0 2 19 5 0 2 1 0 1 0 1 0 1 0 1 0 0 0 0 1 0 0 0 0 1 0 0 0 0 1 0 0 1 0 0 1 0 19 2 19 3 3 3 0.429 0 0 0 1 0 4 8 7 1 12 0 20 8 7 0 0 0 1.0 0.5 2.0 2.0 0.4 5.0 0.0 0.0 0.0 0.0 0.0 0.0 0.0 0.0 0.0 0.0 0.0 0.0 0.0 0.0 0.0 0.0 0.0 0.0 0.0 0.0 0.0 1.0 0.0 0.0 0.0 0.0 0.0 0.0 0.0 0.0 0.0 0.0 0.0 0.0 0.0 0.0 0.0 0.0 0.0 0.0 0.0 0.0 0.0 0.0 0.0 0.0 0.0 0.0 0.0 0.0 0.0 0.0 0.0 0.0 0.0 0.0 0.0 0.0 0.0 0.0
9.20643 1.37318 -4.0773 4.31602 8.92658 17.36746 9.73659 -4.4186 8.88879 19.85885 2 2 2 0 1 0 0 0 0 0 0 0 1 0 0 0 0 0 0 1 0 5 0 1 20 5 0 1 2 0 1 0 1 0 1 0 1 0 0 0 0 1 0 0 0 0 0 0 0 1 0 1 0 0 1 0 0 1 0 20 1 20 2 4 2 0.571 0 1 0 0 0 564 1 8 0 13 0 5 17 2 1 4 5 1.0 0.5 2.0 3.0 0.6 5.0 1.0 0.0 0.0 0.0 0.0 0.0 0.0 0.0 0.0 0.0 0.0 0.0 0.0 0.0 0.0 0.0 0.0 1.0 0.0 0.0 0.0 0.0 0.0 0.0 0.0 0.0 0.0 0.0 0.0 0.0 0.0 0.0 0.0 0.0 0.0 0.0 0.0 0.0 0.0 0.0 0.0 0.0 0.0 0.0 0.0 0.0 0.0 0.0 0.0 0.0 0.0 0.0 0.0 0.0 0.0 0.0 0.0 0.0 0.0 0.0
58.8133 35.98815 -23.50322 -74.08696 -66.3049 7.30201 14.39269 -2.43692 -21.44844 -40.65474 2 2 0 0 0 0 0 1 0 0 1 0 0 0 0 1 0 0 0 0 0 5 0 0 21 5 0 0 3 0 1 0 1 0 1 0 0 0 0 1 0 1 0 0 0 1 0 0 0 0 0 1 0 0 1 0 1 0 0 21 0 21 1 5 1 0.714 0 0 0 0 1 360 1 8 0 13 1 10 25 6 1 0 0 1.0 0.5 2.0 4.0 0.8 5.0 1.0 0.0 0.0 0.0 0.0 0.0 0.0 0.0 0.0 0.0 0.0 0.0 0.0 0.0 0.0 0.0 0.0 1.0 0.0 0.0 0.0 0.0 0.0 0.0 0.0 0.0 0.0 0.0 0.0 0.0 0.0 0.0 0.0 0.0 0.0 0.0 0.0 0.0 0.0 0.0 0.0 0.0 0.0 0.0 0.0 0.0 0.0 0.0 0.0 0.0 0.0 0.0 0.0 0.0 0.0 0.0 0.0 0.0 0.0 0.0
