-0.99747 -1.43565 -6.18177 -4.62167 1.16691 5.73348 5.08829 10.99453 7.79452 8.93941 2 0 2 0 0 1 0 0 0 1 0 0 0 0 0 0 0 0 0 1 0 0 2 16 0 0 2 4 0 0 1 0 1 0 1 0 1 0 0 0 1 0 0 0 0 0 1 0 0 0 0 1 0 1 0 0 0 1 0 0 16 0 17 1 17 0.053 0 0 1 0 0 3 5 0 6 0 0 23 13 2 0 0 0 0.0 0.0 1.0 0.0 0.0 17.0 0.0 0.0 0.0 0.0 0.0 0.0 0.0 0.0 1.0 0.0 0.0 0.0 0.0 1.0 0.0 0.0 0.0 0.0 0.0 0.0 0.0 0.0 0.0 0.0 0.0 0.0 0.0 0.0 0.0 0.0 0.0 0.0 0.0 0.0 0.0 0.0 0.0 0.0 0.0 0.0 0.0 0.0 0.0 0.0 0.0 0.0 0.0 0.0 0.0 0.0 0.0 0.0 0.0 0.0 0.0 0.0 0.0 0.0 0.0 0.0
-10.70399 -3.5705 9.78891 12.6255 11.17115 8.77354 8.11623 15.04598 20.94592 28.77165 2 2 2 0 0 0 0 1 0 0 0 1 0 0 0 0 0 0 0 1 0 0 2 15 1 0 2 3 1 0 1 0 1 0 1 0 1 0 0 0 0 1 0 0 0 0 1 0 0 0 0 1 0 0 1 0 0 1 0 1 15 1 16 2 16 0.105 0 0 0 0 1 155 6 5 1 1 0 22 9 7 2 0 0 0.0 0.0 1.0 1.0 0.0588235294118 17.0 0.0 0.0 0.0 0.0 0.0 0.0 0.0 0.0 0.0 1.0 0.0 0.0 0.0 0.0 0.0 0.0 0.0 0.0 0.0 0.0 0.0 0.0 0.0 0.0 0.0 0.0 0.0 0.0 0.0 0.0 0.0 0.0 0.0 0.0 0.0 0.0 0.0 0.0 0.0 0.0 0.0 0.0 0.0 0.0 0.0 0.0 0.0 0.0 0.0 0.0 0.0 0.0 0.0 0.0 0.0 0.0 0.0 0.0 0.0 0.0
27.24581 37.69519 48.5038 47.09742 37.80058 23.16051 19.69665 23.85461 17.29663 5.85112 2 2 2 0 0 0 0 1 0 0 0 0 0 1 0 0 1 0 0 0 0 0 2 14 2 0 2 2 2 0 1 0 1 0 1 0 1 0 0 0 0 1 0 0 0 0 1 0 0 0 0 1 0 0 1 0 0 1 0 2 14 2 15 3 15 0.158 0 0 0 0 1 1104 1 6 1 2 0 10 30 6 1 4 0 0.0 0.0 1.0 2.0 0.117647058824 17.0 0.0 0.0 0.0 0.0 0.0 0.0 0.0 0.0 0.0 0.0 0.0 1.0 0.0 0.0 0.0 0.0 0.0 0.0 0.0 0.0 0.0 0.0 0.0 0.0 0.0 0.0 0.0 0.0 0.0 0.0 0.0 0.0 0.0 0.0 0.0 0.0 0.0 0.0 0.0 0.0 0.0 0.0 0.0 0.0 0.0 0.0 0.0 0.0 0.0 0.0 0.0 0.0 0.0 0.0 0.0 0.0 0.0 0.0 0.0 0.0
2.28349 0.79046 10.34242 19.35638 18.82332 11.37569 7.82663 14.91336 14.38428 14.08479 2 2 2 0 1 0 0 0 0 0 0 0 0 1 0 0 0 1 0 0 0 0 2 13 3 0 2 1 3 0 1 0 1 0 1 0 1 0 0 0 0 1 0 0 0 0 1 0 0 0 0 1 0 0 1 0 0 1 0 3 13 3 14 4 14 0.211 0 1 0 0 0 446 1 1 7 3 0 19 3 1 3 0 0 0.0 0.0 1.0 3.0 0.176470588235 17.0 0.0 0.0 0.0 0.0 0.0 0.0 0.0 0.0 0.0 0.0 1.0 0.0 0.0 0.0 0.0 0.0 0.0 0.0 0.0 1.0 0.0 0.0 0.0 0.0 0.0 0.0 0.0 0.0 0.0 0.0 0.0 0.0 0.0 0.0 0.0 0.0 0.0 0.0 0.0 0.0 0.0 0.0 0.0 0.0 0.0 0.0 0.0 0.0 0.0 0.0 0.0 0.0 0.0 0.0 0.0 0.0 0.0 0.0 0.0 0.0
2.21321 -0.99943 3.62029 -1.3174 -0.24636 -3.47617 -1.00182 -8.55306 -17.32804 -8.77608 2 2 2 0 0 1 0 0 0 0 1 0 0 0 1 0 0 0 0 0 0 0 2 12 4 0 2 0 4 0 1 0 1 1 0 0 1 0 0 0 0 1 0 0 0 0 1 0 0 0 0 1 0 0 1 0 0 0 1 4 12 4 13 5 13 0.263 0 0 1 0 0 2134 1 1 7 3 1 20 19 2 6 0 0 0.0 0.0 1.0 4.0 0.235294117647 17.0 0.0 0.0 0.0 0.0 0.0 0.0 0.0 0.0 0.0 0.0 1.0 0.0 0.0 0.0 0.0 0.0 0.0 0.0 0.0 1.0 0.0 0.0 0.0 0.0 0.0 0.0 0.0 0.0 0.0 0.0 0.0 0.0 0.0 0.0 0.0 0.0 0.0 0.0 0.0 0.0 0.0 0.0 0.0 0.0 0.0 0.0 0.0 0.0 0.0 0.0 0.0 0.0 0.0 0.0 0.0 0.0 0.0 0.0 0.0 0.0
10.25725 4.54317 3.82648 23.35548 25.02926 24.83555 27.75347 29.33678 29.86246 24.90377 2 2 2 1 0 0 0 0 0 0 0 1 0 0 0 0 0 1 0 0 0 0 1 11 5 0 1 2 5 1 0 0 1 0 1 0 1 0 0 0 0 1 0 0 0 0 1 0 0 0 0 0 1 0 1 0 0 1 0 5 11 5 12 6 12 0.316 1 0 0 0 0 2603 7 1 4 4 0 23 3 1 3 0 0 0.0 0.0 1.0 5.0 0.294117647059 17.0 0.0 0.0 0.0 0.0 0.0 0.0 0.0 0.0 1.0 0.0 0.0 0.0 0.0 0.0 0.0 1.0 0.0 0.0 1.0 0.0 0.0 0.0 0.0 0.0 0.0 0.0 0.0 0.0 0.0 0.0 0.0 0.0 0.0 0.0 0.0 0.0 0.0 0.0 0.0 0.0 0.0 0.0 0.0 0.0 0.0 0.0 0.0 0.0 0.0 0.0 0.0 0.0 0.0 0.0 0.0 0.0 0.0 0.0 0.0 0.0
19.6995 12.65686 2.53283 1.39198 0.55991 -11.18869 -25.13449 -32.46809 -37.19765 -30.10643 2 2 2 0 0 1 0 0 1 0 0 0 0 0 0 0 0 0 1 0 0 1 1 10 6 1 1 1 0 0 1 1 0 0 1 0 1 0 0 0 0 1 0 0 0 0 1 0 0 0 0 1 0 0 0 1 0 1 0 6 10 6 11 7 11 0.368 0 0 1 0 0 920 7 1 4 4 1 16 8 7 0 0 0 0.0 0.0 1.0 6.0 0.352941176471 17.0 0.0 0.0 0.0 0.0 0.0 0.0 0.0 0.0 1.0 0.0 0.0 0.0 0.0 0.0 0.0 1.0 0.0 0.0 1.0 0.0 0.0 0.0 0.0 0.0 0.0 0.0 0.0 0.0 0.0 0.0 0.0 0.0 0.0 0.0 0.0 0.0 0.0 0.0 0.0 0.0 0.0 0.0 0.0 0.0 0.0 0.0 0.0 0.0 0.0 0.0 0.0 0.0 0.0 0.0 0.0 0.0 0.0 0.0 0.0 0.0
-15.28352 -3.99248 -8.74852 -17.5658 -15.87622 -12.80967 -13.54099 -14.97027 -5.44307 14.01885 2 2 2 0 0 0 1 0 0 0 0 1 0 0 1 0 0 0 0 0 0 1 1 9 7 1 1 0 1 0 1 0 1 1 0 0 1 0 0 0 0 1 0 0 0 0 1 0 0 0 0 1 0 0 1 0 0 0 1 7 9 7 10 8 10 0.421 0 0 0 1 0 2 4 7 1 5 0 2 8 7 0 0 0 0.0 0.0 1.0 7.0 0.411764705882 17.0 0.0 0.0 0.0 0.0 0.0 0.0 0.0 0.0 0.0 1.0 0.0 0.0 0.0 0.0 0.0 0.0 0.0 0.0 0.0 0.0 0.0 0.0 0.0 0.0 0.0 0.0 0.0 0.0 0.0 0.0 0.0 0.0 0.0 0.0 0.0 0.0 0.0 0.0 0.0 0.0 0.0 0.0 0.0 0.0 0.0 0.0 0.0 0.0 0.0 0.0 0.0 0.0 0.0 0.0 0.0 0.0 0.0 0.0 0.0 0.0
22.52893 23.94875 30.08458 29.94036 29.29067 31.77253 31.00604 28.28177 27.11598 24.76194 2 2 2 1 0 0 0 0 0 0 0 0 1 0 0 0 0 0 0 1 0 1 0 8 8 1 0 8 2 1 0 0 1 0 1 0 1 0 0 0 0 1 0 0 0 0 1 0 0 0 0 0 1 0 1 0 0 1 0 8 8 8 9 9 9 0.474 1 0 0 0 0 510 1 4 1 6 0 10 1 1 0 0 0 0.0 0.0 1.0 8.0 0.470588235294 17.0 0.0 0.0 0.0 0.0 0.0 0.0 0.0 0.0 0.0 0.0 0.0 1.0 0.0 0.0 0.0 0.0 0.0 0.0 0.0 0.0 0.0 0.0 0.0 0.0 0.0 0.0 0.0 0.0 0.0 0.0 0.0 0.0 0.0 0.0 0.0 0.0 0.0 0.0 0.0 0.0 0.0 0.0 0.0 0.0 0.0 0.0 0.0 0.0 0.0 0.0 0.0 0.0 0.0 0.0 0.0 0.0 0.0 0.0 0.0 0.0
-23.59813 -114.56008 -103.06475 -22.85626 18.31949 37.92905 54.49292 66.57322 69.11781 51.13675 2 2 2 0 0 0 0 1 1 0 0 0 0 0 0 0 0 0 0 1 0 2 0 7 9 2 0 7 0 0 1 1 0 0 1 0 1 0 0 0 0 1 0 0 0 0 1 0 0 0 0 1 0 0 0 1 0 1 0 9 7 9 8 10 8 0.526 0 0 0 0 1 694 1 4 1 6 1 12 1 1 0 0 0 0.0 0.0 1.0 9.0 0.529411764706 17.0 0.0 0.0 0.0 0.0 0.0 0.0 0.0 0.0 0.0 0.0 0.0 1.0 0.0 0.0 0.0 0.0 0.0 0.0 0.0 0.0 0.0 0.0 0.0 0.0 0.0 0.0 0.0 0.0 0.0 0.0 0.0 0.0 0.0 0.0 0.0 0.0 0.0 0.0 0.0 0.0 0.0 0.0 0.0 0.0 0.0 0.0 0.0 0.0 0.0 0.0 0.0 0.0 0.0 0.0 0.0 0.0 0.0 0.0 0.0 0.0
0.0452 5.75689 6.86487 8.32986 6.21384 15.22922 25.29022 11.23684 -15.50624 -25.66761 2 2 2 0 0 0 0 1 0 0 0 0 0 1 0 0 0 1 0 0 0 2 0 6 10 2 0 6 1 0 1 0 1 0 1 0 1 0 0 0 0 1 0 0 0 0 1 0 0 0 0 1 0 0 1 0 0 1 0 10 6 10 7 11 7 0.579 0 0 0 0 1 277 1 4 1 6 2 6 8 7 0 0 0 0.0 0.0 1.0 10.0 0.588235294118 17.0 0.0 0.0 0.0 0.0 0.0 0.0 0.0 0.0 0.0 0.0 0.0 1.0 0.0 0.0 0.0 0.0 0.0 0.0 0.0 0.0 0.0 0.0 0.0 0.0 0.0 0.0 0.0 0.0 0.0 0.0 0.0 0.0 0.0 0.0 0.0 0.0 0.0 0.0 0.0 0.0 0.0 0.0 0.0 0.0 0.0 0.0 0.0 0.0 0.0 0.0 0.0 0.0 0.0 0.0 0.0 0.0 0.0 0.0 0.0 0.0
-20.03193 -13.4307 -21.2332 -21.23214 -23.47698 -20.45453 -24.86617 -32.61022 -42.67794 -40.47153 2 2 2 0 0 1 0 0 0 0 0 0 0 1 0 0 1 0 0 0 0 2 0 5 11 2 0 5 2 0 1 0 1 0 1 0 1 0 0 0 0 1 0 0 0 0 1 0 0 0 0 1 0 0 1 0 0 1 0 11 5 11 6 12 6 0.632 0 0 1 0 0 469 1 4 1 6 3 17 24 6 0 0 0 0.0 0.0 1.0 11.0 0.647058823529 17.0 0.0 0.0 0.0 0.0 0.0 0.0 0.0 0.0 0.0 0.0 0.0 1.0 0.0 0.0 0.0 0.0 0.0 0.0 0.0 0.0 0.0 0.0 0.0 0.0 0.0 0.0 0.0 0.0 0.0 0.0 0.0 0.0 0.0 0.0 0.0 0.0 0.0 0.0 0.0 0.0 0.0 0.0 0.0 0.0 0.0 0.0 0.0 0.0 0.0 0.0 0.0 0.0 0.0 0.0 0.0 0.0 0.0 0.0 0.0 0.0
-35.34132 -29.2836 -33.01067 -28.82217 -15.66882 -5.89257 1.50558 -6.74707 -0.73498 -4.30803 2 2 2 0 1 0 0 0 0 0 0 1 0 0 0 0 0 1 0 0 0 2 0 4 12 2 0 4 3 0 1 0 1 0 1 0 1 0 0 0 0 1 0 0 0 0 1 0 0 0 0 1 0 0 1 0 0 1 0 12 4 12 5 13 5 0.684 0 1 0 0 0 187 1 1 4 7 0 19 36 9 0 0 0 0.0 0.0 1.0 12.0 0.705882352941 17.0 0.0 0.0 0.0 0.0 0.0 0.0 0.0 0.0 0.0 0.0 1.0 0.0 1.0 0.0 1.0 0.0 0.0 0.0 0.0 0.0 0.0 0.0 0.0 0.0 0.0 0.0 0.0 0.0 0.0 1.0 1.0 0.0 0.0 0.0 0.0 0.0 0.0 0.0 0.0 0.0 0.0 0.0 0.0 0.0 0.0 0.0 0.0 0.0 0.0 0.0 0.0 0.0 0.0 0.0 0.0 0.0 0.0 0.0 0.0 0.0
-13.65201 -7.40699 -12.84076 -20.82941 -28.04031 -20.36316 -8.09352 2.11203 0.43358 -3.75904 2 2 2 0 0 1 0 0 0 0 1 0 0 0 0 0 0 0 1 0 0 2 0 3 13 2 0 3 4 0 1 0 1 0 1 0 1 0 0 0 0 1 0 0 0 0 1 0 0 0 0 1 0 0 1 0 0 1 0 13 3 13 4 14 4 0.737 0 0 1 0 0 682 1 1 4 7 1 10 2 1 2 0 0 0.0 0.0 1.0 13.0 0.764705882353 17.0 0.0 0.0 0.0 0.0 0.0 0.0 0.0 0.0 0.0 0.0 1.0 0.0 1.0 0.0 1.0 0.0 0.0 0.0 0.0 0.0 0.0 0.0 0.0 0.0 0.0 0.0 0.0 0.0 0.0 1.0 1.0 0.0 0.0 0.0 0.0 0.0 0.0 0.0 0.0 0.0 0.0 0.0 0.0 0.0 0.0 0.0 0.0 0.0 0.0 0.0 0.0 0.0 0.0 0.0 0.0 0.0 0.0 0.0 0.0 0.0
14.40053 12.72023 9.35907 12.11199 10.64791 14.06354 18.95019 22.32092 24.2948 22.92248 2 2 2 0 0 0 1 0 0 0 0 1 0 0 0 0 0 0 0 1 0 2 0 2 14 2 0 2 5 0 1 0 1 0 1 0 1 0 0 0 0 1 0 0 0 0 1 0 0 0 0 1 0 0 1 0 0 1 0 14 2 14 3 15 3 0.789 0 0 0 1 0 2 4 1 1 8 0 2 8 7 0 0 0 0.0 0.0 1.0 14.0 0.823529411765 17.0 0.0 0.0 0.0 0.0 0.0 0.0 0.0 0.0 0.0 0.0 0.0 0.0 0.0 0.0 0.0 0.0 0.0 0.0 0.0 0.0 0.0 0.0 0.0 0.0 0.0 0.0 0.0 0.0 0.0 0.0 0.0 1.0 0.0 0.0 0.0 0.0 0.0 0.0 0.0 0.0 0.0 0.0 0.0 0.0 0.0 0.0 0.0 0.0 0.0 0.0 0.0 0.0 0.0 0.0 0.0 0.0 0.0 0.0 0.0 0.0
11.1473 3.88873 7.62384 12.65605 21.1376 43.75996 71.94762 79.07988 73.98691 53.04825 2 2 2 0 0 0 0 1 0 0 0 0 1 0 0 0 0 0 1 0 0 2 0 1 15 2 0 1 6 0 1 0 1 0 1 0 1 0 0 0 0 1 0 0 0 0 0 0 0 1 0 1 0 0 1 0 0 1 0 15 1 15 2 16 2 0.842 0 0 0 0 1 678 1 4 0 9 0 9 24 6 0 0 0 0.0 0.0 1.0 15.0 0.882352941176 17.0 1.0 1.0 0.0 0.0 0.0 0.0 0.0 0.0 0.0 0.0 0.0 0.0 0.0 0.0 0.0 0.0 0.0 0.0 0.0 0.0 0.0 0.0 0.0 0.0 0.0 0.0 0.0 0.0 1.0 0.0 0.0 0.0 0.0 0.0 0.0 0.0 0.0 0.0 0.0 0.0 0.0 0.0 0.0 0.0 0.0 0.0 0.0 0.0 0.0 0.0 0.0 0.0 0.0 0.0 0.0 0.0 0.0 0.0 0.0 0.0
26.38846 26.63163 21.2052 17.79954 10.56074 -10.45095 20.05888 64.05159 86.13187 73.79702 2 2 0 0 0 0 1 0 0 0 0 0 0 1 0 1 0 0 0 0 0 2 0 0 16 2 0 0 7 0 1 0 1 0 1 0 0 0 0 1 0 1 0 0 0 1 0 0 0 0 0 1 0 0 1 0 1 0 0 16 0 16 1 17 1 0.895 0 0 0 1 0 227 1 4 0 9 1 8 20 2 4 0 0 0.0 0.0 1.0 16.0 0.941176470588 17.0 1.0 1.0 0.0 0.0 0.0 0.0 0.0 0.0 0.0 0.0 0.0 0.0 0.0 0.0 0.0 0.0 0.0 0.0 0.0 0.0 0.0 0.0 0.0 0.0 0.0 0.0 0.0 0.0 1.0 0.0 0.0 0.0 0.0 0.0 0.0 0.0 0.0 0.0 0.0 0.0 0.0 0.0 0.0 0.0 0.0 0.0 0.0 0.0 0.0 0.0 0.0 0.0 0.0 0.0 0.0 0.0 0.0 0.0 0.0 0.0
