-45.464 -45.479 -47.685 -51.341 -52.176 -51.43 -47.169 -38.722 -32.257 -28.611 2 0 2 0 0 1 0 0 0 1 0 0 0 0 1 0 0 0 0 0 0 0 5 14 0 0 5 0 0 0 1 0 1 1 0 133.033 130 0 133.033 0 1 0 0 0 1 0 0 0 0 0 1 0 0 0 0 1 0 1 0 0 0 0 1 0 14 0 15 1 11 0.077 0 0 1 0 0 6 5
-22.056 -6.716 10.912 22.926 8.989 -1.011 1.117 3.291 8.007 11.693 2 2 2 1 0 0 0 0 0 0 0 1 0 0 1 0 0 0 0 0 0 0 4 13 1 0 4 0 1 1 0 0 1 1 0 136.377 133.033 133.033 136.377 0 1 0 0 0 0 1 0 0 0 0 1 0 0 0 0 0 1 0 1 0 0 0 1 1 13 1 14 2 10 0.154 1 0 0 0 0 472 8
21.379 54.476 75.567 74.396 71.183 70.724 72.671 76.526 77.989 73.559 2 2 2 1 0 0 0 0 1 0 0 0 0 0 0 0 0 0 0 1 0 1 3 12 2 1 3 1 0 1 0 1 0 0 1 134.72099 136.377 136.377 134.72099 0 1 0 0 0 0 1 0 0 0 0 1 0 0 0 0 0 1 0 0 1 0 1 0 2 12 2 13 3 9 0.231 1 0 0 0 0 322 6
67.892 70.392 67.587 48.204 21.786 -5.899 -38.892 -68.749 -81.574 -82.817 2 2 2 0 0 0 0 1 1 0 0 0 0 0 1 0 0 0 0 0 0 2 3 11 3 2 3 0 0 0 1 1 0 1 0 129.09801 134.72099 134.72099 129.09801 0 1 0 0 0 0 1 0 0 0 0 1 0 0 0 0 1 0 0 0 1 0 0 1 3 11 3 12 4 8 0.308 0 0 0 0 1 14 3
-80.26 -68.028 -43.253 -18.14 -2.618 -0.294 -2.213 -2.154 0.337 1.635 2 2 2 1 0 0 0 0 0 0 0 0 0 1 1 0 0 0 0 0 0 2 2 10 4 2 2 0 1 1 0 0 1 1 0 132.4425 129.09801 129.09801 132.4425 0 1 0 0 0 0 1 0 0 0 0 1 0 0 0 0 0 1 0 1 0 0 0 1 4 10 4 11 5 7 0.385 1 0 0 0 0 79 5
14.47 20.78 16.428 14.198 15.702 17.508 16.616 12.738 6.033 -6.379 2 2 2 1 0 0 0 0 1 0 0 0 0 0 0 0 0 0 1 0 0 3 1 9 5 3 1 1 0 1 0 1 0 0 1 130.787 132.4425 132.4425 130.787 0 1 0 0 0 0 1 0 0 0 0 1 0 0 0 0 0 1 0 0 1 0 1 0 5 9 5 10 6 6 0.462 1 0 0 0 0 620 5
-28.412 -43.728 -65.531 -80.255 -87.96 -90.502 -90.056 -88.415 -85.711 -77.794 2 2 2 0 0 0 1 0 1 0 0 0 0 0 1 0 0 0 0 0 0 4 1 8 6 4 1 0 0 0 1 1 0 1 0 125.164 130.787 130.787 125.164 0 1 0 0 0 0 1 0 0 0 0 1 0 0 0 0 1 0 0 0 1 0 0 1 6 8 6 9 7 5 0.538 0 0 0 1 0 2 4
-65.967 -21.524 26.916 50.405 56.625 62.827 73.583 81.557 80.536 71.699 2 2 2 1 0 0 0 0 0 0 0 0 1 0 0 0 0 0 0 1 0 4 0 7 7 4 0 7 1 1 0 0 1 0 1 128.164 125.164 125.164 128.164 0 1 0 0 0 0 1 0 0 0 0 1 0 0 0 0 0 1 0 1 0 0 1 0 7 7 7 8 8 4 0.615 1 0 0 0 0 322 6
68.837 70.469 72.272 72.073 57.341 40.238 10.497 -5.728 -12.241 -25.501 2 2 2 0 0 0 0 1 1 0 0 0 0 0 0 0 0 0 0 1 0 5 0 6 8 5 0 6 0 0 1 1 0 0 1 0 128.164 128.164 0 0 1 0 0 0 0 1 0 0 0 0 1 0 0 0 0 1 0 0 0 1 0 1 0 8 6 8 7 9 3 0.692 0 0 0 0 1 20 7
-25.208 20.5 52.201 57.263 58.074 50.342 28.442 2.334 -19.711 -36.069 2 2 2 0 0 0 0 1 0 0 0 0 0 1 0 0 0 1 0 0 0 5 0 5 9 5 0 5 1 0 1 0 1 0 1 0 0 0 0 0 1 0 0 0 0 1 0 0 0 0 1 0 0 0 0 1 0 0 1 0 0 1 0 9 5 9 6 10 2 0.769 0 0 0 0 1 166 5
-41.225 -45.476 -51.994 -66.292 -78.686 -78.994 -67.769 -49.644 -25.962 5.738 2 2 2 0 0 1 0 0 0 0 0 0 0 1 0 0 1 0 0 0 0 5 0 4 10 5 0 4 2 0 1 0 1 0 1 0 0 0 0 0 1 0 0 0 0 1 0 0 0 0 1 0 0 0 0 1 0 0 1 0 0 1 0 10 4 10 5 11 1 0.846 0 0 1 0 0 142 5
2.54 4.139 5.327 -14.072 -43.833 -63.055 -75.626 -69.935 -41.421 10.553 2 2 1 0 1 0 0 0 0 0 0 1 0 0 0 0 0 1 0 0 0 5 0 3 11 5 0 3 3 0 1 0 1 0 1 0 0 0 0 0 1 0 0 0 0 1 0 0 0 0 1 0 0 0 0 1 0 0 1 0 0 1 0 11 3 11 4 1 2 0.25 0 1 0 0 0 2499 8
41.982 47.238 51.068 54.237 57.924 62.457 66.191 69.419 70.846 70.343 1 2 2 0 0 1 0 0 0 0 1 0 0 0 0 0 1 0 0 0 0 5 0 2 12 5 0 2 4 0 1 0 1 0 1 0 0 0 0 0 1 0 0 0 0 1 0 0 0 0 1 0 0 0 0 1 0 0 1 0 0 1 0 12 2 12 3 2 1 0.5 0 0 1 0 0 1596 26
5.645 6.102 6.518 6.895 5.218 -17.809 -42.171 -51.81 -113.974 -113.739 2 1 1 0 1 0 0 0 0 0 0 1 0 0 0 0 0 1 0 0 0 5 0 1 13 5 0 1 5 0 1 0 1 0 1 110 0 0 110 0 1 0 0 0 0 1 0 0 0 0 0 0 1 0 0 1 0 0 1 0 0 1 0 13 1 13 2 1 2 0.25 0 1 0 0 0 1473 8
-55.839 -38.926 -19.521 -3.139 8.532 18.559 27.536 44.821 61.691 68.352 1 2 0 0 0 1 0 0 0 0 1 0 0 0 0 1 0 0 0 0 0 5 0 0 14 5 0 0 6 0 1 0 1 0 1 110 110 110 0 0 0 0 1 0 0 1 0 0 0 1 0 0 0 0 0 1 0 0 1 0 1 0 0 14 0 14 1 2 1 0.5 0 0 1 0 0 1596 26
