195.08299 188.62399 184.81927 160.87256 155.83278 152.33985 150.74042 146.85437 134.2168 125.33543 2 0 2 1 0 0 0 0 0 1 0 0 0 0 0 0 1 0 0 0 0 0 2 17 0 0 2 1 0 1 0 0 1 0 1 0 1 0 0 0 1 0 0 0 0 0 1 0 0 0 0 0 1 1 0 0 0 1 0 0 17 0 18 1 8 0.1 1 0 0 0 0 265 1 0 4 0 0 16 5 0.0 0.0 2.0 0.0 0.0 8.0 0.0 0.0 0.0 0.0 0.0 0.0 0.0 0.0 0.0 0.0 0.0 0.0 0.0 0.0 0.0 0.0 0.0 0.0 0.0 0.0 0.0 0.0 0.0 0.0 0.0 0.0 0.0 0.0 0.0 1.0 1.0 0.0 0.0 0.0 0.0 0.0 0.0 0.0 0.0 0.0 0.0 0.0 0.0 0.0 0.0 0.0 0.0 0.0 0.0 0.0 0.0 0.0 0.0 0.0 0.0 0.0 0.0 0.0 0.0 0.0
87.919 41.2185 -3.84808 -42.36653 -60.03353 -76.54338 -96.22546 -87.2301 -71.4727 -54.94768 2 2 2 0 1 0 0 0 1 0 0 0 0 0 1 0 0 0 0 0 0 0 2 16 1 0 2 0 0 0 1 1 0 1 0 0 1 0 0 0 0 1 0 0 0 0 1 0 0 0 0 1 0 0 0 1 0 0 1 1 16 1 17 2 7 0.2 0 1 0 0 0 440 1 0 4 0 1 23 30 0.0 0.0 2.0 1.0 0.125 8.0 0.0 0.0 0.0 0.0 0.0 0.0 0.0 0.0 0.0 0.0 0.0 0.0 0.0 0.0 0.0 0.0 0.0 0.0 0.0 0.0 0.0 0.0 0.0 0.0 0.0 0.0 0.0 0.0 0.0 1.0 1.0 0.0 0.0 0.0 0.0 0.0 0.0 0.0 0.0 0.0 0.0 0.0 0.0 0.0 0.0 0.0 0.0 0.0 0.0 0.0 0.0 0.0 0.0 0.0 0.0 0.0 0.0 0.0 0.0 0.0
-28.89913 -8.71865 29.39871 67.44457 99.44675 109.05075 129.20419 151.59066 157.12472 146.00063 2 2 2 1 0 0 0 0 0 0 1 0 0 0 0 0 0 0 1 0 0 0 1 15 2 0 1 6 1 1 0 0 1 0 1 0 1 0 0 0 0 1 0 0 0 0 1 0 0 0 0 0 1 0 1 0 0 1 0 2 15 2 16 3 6 0.3 1 0 0 0 0 104 1 0 4 0 2 11 4 0.0 0.0 2.0 2.0 0.25 8.0 0.0 0.0 0.0 0.0 0.0 0.0 0.0 0.0 0.0 0.0 0.0 0.0 0.0 0.0 0.0 0.0 0.0 0.0 0.0 0.0 0.0 0.0 0.0 0.0 0.0 0.0 0.0 0.0 0.0 1.0 1.0 0.0 0.0 0.0 0.0 0.0 0.0 0.0 0.0 0.0 0.0 0.0 0.0 0.0 0.0 0.0 0.0 0.0 0.0 0.0 0.0 0.0 0.0 0.0 0.0 0.0 0.0 0.0 0.0 0.0
107.13135 80.95915 39.42863 -4.02501 -33.26278 -53.41056 -72.97592 -70.80449 -75.89461 -66.14467 2 2 2 0 0 0 1 0 1 0 0 0 0 0 0 0 0 0 0 1 0 1 1 14 3 1 1 5 0 0 1 1 0 0 1 0 1 0 0 0 0 1 0 0 0 0 1 0 0 0 0 1 0 0 0 1 0 1 0 3 14 3 15 4 5 0.4 0 0 0 1 0 2 4 1 7 1 0 2 8 0.0 0.0 2.0 3.0 0.375 8.0 0.0 0.0 0.0 0.0 0.0 0.0 0.0 0.0 0.0 0.0 0.0 0.0 0.0 0.0 0.0 0.0 0.0 0.0 0.0 0.0 0.0 0.0 0.0 0.0 0.0 0.0 0.0 0.0 0.0 0.0 0.0 1.0 0.0 0.0 0.0 0.0 0.0 0.0 0.0 0.0 0.0 0.0 0.0 0.0 0.0 0.0 0.0 0.0 0.0 0.0 0.0 0.0 0.0 0.0 0.0 0.0 0.0 0.0 0.0 0.0
-49.80627 -26.78563 36.506 82.11411 123.9823 145.04554 150.94956 136.90804 99.99036 75.07173 2 2 2 0 0 0 0 1 0 0 0 0 1 0 0 0 0 1 0 0 0 1 1 13 4 1 1 4 1 0 1 0 1 0 1 0 1 0 0 0 0 1 0 0 0 0 1 0 0 0 0 1 0 0 1 0 0 1 0 4 13 4 14 5 4 0.5 0 0 0 0 1 1858 7 4 1 2 0 2 15 0.0 0.0 2.0 4.0 0.5 8.0 0.0 0.0 0.0 0.0 0.0 0.0 0.0 0.0 1.0 0.0 0.0 0.0 0.0 0.0 0.0 1.0 1.0 0.0 0.0 0.0 0.0 0.0 0.0 0.0 0.0 0.0 0.0 0.0 0.0 0.0 0.0 0.0 0.0 0.0 0.0 0.0 0.0 0.0 0.0 0.0 0.0 0.0 0.0 0.0 0.0 0.0 0.0 0.0 0.0 0.0 0.0 0.0 0.0 0.0 0.0 0.0 0.0 0.0 0.0 0.0
43.80639 26.99084 26.31268 30.39973 25.12146 14.74897 4.52931 23.15185 33.15678 32.26041 2 2 2 0 0 1 0 0 0 0 0 0 0 1 0 0 0 0 1 0 0 1 1 12 5 1 1 3 2 0 1 0 1 0 1 0 1 0 0 0 0 1 0 0 0 0 1 0 0 0 0 1 0 0 1 0 0 1 0 5 12 5 13 6 3 0.6 0 0 1 0 0 1770 1 7 1 3 0 20 36 0.0 0.0 2.0 5.0 0.625 8.0 0.0 0.0 0.0 0.0 0.0 0.0 0.0 0.0 0.0 0.0 0.0 1.0 0.0 0.0 0.0 0.0 0.0 0.0 0.0 0.0 0.0 0.0 0.0 0.0 0.0 0.0 0.0 0.0 0.0 0.0 0.0 0.0 0.0 0.0 0.0 0.0 0.0 0.0 0.0 0.0 0.0 0.0 0.0 0.0 0.0 0.0 0.0 0.0 0.0 0.0 0.0 0.0 0.0 0.0 0.0 0.0 0.0 0.0 0.0 0.0
9.47983 -4.26075 -5.22301 1.16575 -0.24475 -8.91817 -22.48632 -43.80304 -71.11054 -93.1486 2 2 2 0 0 0 1 0 0 0 0 1 0 0 0 0 0 1 0 0 0 1 1 11 6 1 1 2 3 0 1 0 1 0 1 0 1 0 0 0 0 1 0 0 0 0 1 0 0 0 0 1 0 0 1 0 0 1 0 6 11 6 12 7 2 0.7 0 0 0 1 0 18 1 7 1 3 1 17 13 0.0 0.0 2.0 6.0 0.75 8.0 0.0 0.0 0.0 0.0 0.0 0.0 0.0 0.0 0.0 0.0 0.0 1.0 0.0 0.0 0.0 0.0 0.0 0.0 0.0 0.0 0.0 0.0 0.0 0.0 0.0 0.0 0.0 0.0 0.0 0.0 0.0 0.0 0.0 0.0 0.0 0.0 0.0 0.0 0.0 0.0 0.0 0.0 0.0 0.0 0.0 0.0 0.0 0.0 0.0 0.0 0.0 0.0 0.0 0.0 0.0 0.0 0.0 0.0 0.0 0.0
-93.6205 -108.95239 -119.69862 -126.37635 -110.17165 -93.37644 -79.57986 -51.62288 -17.22579 21.67447 2 2 2 0 0 1 0 0 0 0 0 0 1 0 0 0 0 1 0 0 0 1 1 10 7 1 1 1 4 0 1 0 1 0 1 0 1 0 0 0 0 1 0 0 0 0 1 0 0 0 0 1 0 0 1 0 0 1 0 7 10 7 11 8 1 0.8 0 0 1 0 0 73 1 1 2 4 0 22 10 0.0 0.0 2.0 7.0 0.875 8.0 0.0 0.0 0.0 1.0 0.0 0.0 0.0 0.0 0.0 0.0 1.0 0.0 0.0 0.0 0.0 0.0 0.0 0.0 0.0 0.0 0.0 0.0 0.0 0.0 0.0 0.0 0.0 0.0 0.0 0.0 0.0 0.0 0.0 0.0 0.0 0.0 0.0 0.0 0.0 0.0 0.0 0.0 0.0 0.0 0.0 0.0 0.0 0.0 0.0 0.0 0.0 0.0 0.0 0.0 0.0 0.0 0.0 0.0 0.0 0.0
20.26507 -7.73899 -45.24099 -82.5011 -135.78758 -160.6754 -164.12518 -152.94696 -123.98579 -90.06579 2 2 2 0 0 1 0 0 0 0 0 1 0 0 1 0 0 0 0 0 0 1 1 9 8 1 1 0 5 0 1 0 1 1 0 0 1 0 0 0 0 1 0 0 0 0 1 0 0 0 0 1 0 0 1 0 0 0 1 8 9 8 10 1 10 0.083 0 0 1 0 0 7 2 1 1 5 0 10 8 1.0 0.5 2.0 0.0 0.0 10.0 0.0 0.0 0.0 0.0 0.0 1.0 0.0 0.0 0.0 0.0 0.0 0.0 0.0 0.0 0.0 0.0 0.0 0.0 0.0 0.0 0.0 0.0 0.0 0.0 0.0 0.0 0.0 0.0 0.0 0.0 0.0 0.0 0.0 0.0 0.0 0.0 0.0 0.0 0.0 0.0 0.0 0.0 0.0 0.0 0.0 0.0 0.0 0.0 0.0 0.0 0.0 0.0 0.0 0.0 0.0 0.0 0.0 0.0 0.0 0.0
-71.08338 -50.85269 -23.64414 2.06754 14.07955 19.84206 35.43118 57.11719 84.55774 84.74022 2 2 2 1 0 0 0 0 0 0 0 1 0 0 0 0 0 1 0 0 0 1 0 8 9 1 0 8 6 1 0 0 1 0 1 0 1 0 0 0 0 1 0 0 0 0 1 0 0 0 0 0 1 0 1 0 0 1 0 9 8 9 9 2 9 0.167 1 0 0 0 0 433 1 2 4 6 0 16 7 1.0 0.5 2.0 1.0 0.1 10.0 0.0 0.0 0.0 0.0 0.0 0.0 0.0 0.0 0.0 0.0 0.0 0.0 0.0 0.0 0.0 0.0 0.0 0.0 0.0 0.0 0.0 0.0 0.0 0.0 0.0 0.0 0.0 0.0 0.0 1.0 1.0 0.0 0.0 0.0 0.0 0.0 0.0 0.0 0.0 0.0 0.0 0.0 0.0 0.0 0.0 0.0 0.0 0.0 0.0 0.0 0.0 0.0 0.0 0.0 0.0 0.0 0.0 0.0 0.0 0.0
86.62951 72.14909 58.64499 49.36374 33.62146 3.80802 -6.03705 -18.11482 -4.46673 9.00329 2 2 2 0 0 1 0 0 1 0 0 0 0 0 0 0 0 1 0 0 0 2 0 7 10 2 0 7 0 0 1 1 0 0 1 0 1 0 0 0 0 1 0 0 0 0 1 0 0 0 0 1 0 0 0 1 0 1 0 10 7 10 8 3 8 0.25 0 0 1 0 0 997 1 2 4 6 1 17 8 1.0 0.5 2.0 2.0 0.2 10.0 0.0 0.0 0.0 0.0 0.0 0.0 0.0 0.0 0.0 0.0 0.0 0.0 0.0 0.0 0.0 0.0 0.0 0.0 0.0 0.0 0.0 0.0 0.0 0.0 0.0 0.0 0.0 0.0 0.0 1.0 1.0 0.0 0.0 0.0 0.0 0.0 0.0 0.0 0.0 0.0 0.0 0.0 0.0 0.0 0.0 0.0 0.0 0.0 0.0 0.0 0.0 0.0 0.0 0.0 0.0 0.0 0.0 0.0 0.0 0.0
7.0461 -24.0788 -61.4975 -78.66641 -86.24707 -100.6076 -93.74255 -68.10492 -47.47758 -16.36884 2 2 2 0 0 1 0 0 0 0 0 1 0 0 0 0 0 0 1 0 0 2 0 6 11 2 0 6 1 0 1 0 1 0 1 0 1 0 0 0 0 1 0 0 0 0 1 0 0 0 0 1 0 0 1 0 0 1 0 11 6 11 7 4 7 0.333 0 0 1 0 0 737 1 2 4 6 2 15 22 1.0 0.5 2.0 3.0 0.3 10.0 0.0 0.0 0.0 0.0 0.0 0.0 0.0 0.0 0.0 0.0 0.0 0.0 0.0 0.0 0.0 0.0 0.0 0.0 0.0 0.0 0.0 0.0 0.0 0.0 0.0 0.0 0.0 0.0 0.0 1.0 1.0 0.0 0.0 0.0 0.0 0.0 0.0 0.0 0.0 0.0 0.0 0.0 0.0 0.0 0.0 0.0 0.0 0.0 0.0 0.0 0.0 0.0 0.0 0.0 0.0 0.0 0.0 0.0 0.0 0.0
-8.14014 6.01008 20.44125 19.54473 29.7611 34.79353 29.38122 11.215 -14.49694 -44.58152 2 2 1 0 0 0 1 0 0 0 0 1 0 0 0 0 1 0 0 0 0 2 0 5 12 2 0 5 2 0 1 0 1 0 1 0 1 0 0 0 0 1 0 0 0 0 1 0 0 0 0 1 0 0 1 0 0 1 0 12 5 12 6 5 6 0.417 0 0 0 1 0 2 4 1 1 7 0 2 8 1.0 0.5 2.0 4.0 0.4 10.0 0.0 0.0 0.0 0.0 0.0 0.0 0.0 0.0 0.0 0.0 0.0 0.0 0.0 0.0 0.0 0.0 0.0 0.0 0.0 0.0 0.0 0.0 0.0 0.0 0.0 0.0 0.0 0.0 0.0 0.0 0.0 1.0 0.0 0.0 0.0 0.0 0.0 0.0 0.0 0.0 0.0 0.0 0.0 0.0 0.0 0.0 0.0 0.0 0.0 0.0 0.0 0.0 0.0 0.0 0.0 0.0 0.0 0.0 0.0 0.0
-60.71412 -67.04427 -58.44864 -32.9244 12.96236 26.5429 5.7956 -23.60787 -59.78783 -76.90987 1 2 2 0 1 0 0 0 0 0 0 0 1 0 0 0 0 0 1 0 0 2 0 4 13 2 0 4 3 0 1 0 1 0 1 0 1 0 0 0 0 1 0 0 0 0 1 0 0 0 0 1 0 0 1 0 0 1 0 13 4 13 5 6 5 0.5 0 1 0 0 0 998 1 4 4 8 0 0 12 1.0 0.5 2.0 5.0 0.5 10.0 0.0 0.0 1.0 0.0 1.0 0.0 0.0 0.0 0.0 0.0 0.0 0.0 0.0 0.0 0.0 0.0 0.0 1.0 0.0 0.0 0.0 0.0 0.0 0.0 0.0 0.0 0.0 0.0 1.0 0.0 0.0 0.0 0.0 0.0 0.0 0.0 0.0 0.0 0.0 0.0 0.0 0.0 0.0 0.0 0.0 0.0 0.0 0.0 0.0 0.0 0.0 0.0 0.0 0.0 0.0 0.0 0.0 0.0 0.0 0.0
-68.18286 -50.76624 -26.50244 -7.69356 -4.42979 -13.96171 -13.46755 -12.26343 -18.36511 -17.95449 2 1 2 0 0 0 1 0 0 0 1 0 0 0 0 0 0 0 1 0 0 2 0 3 14 2 0 3 4 0 1 0 1 0 1 0 1 0 0 0 0 1 0 0 0 0 1 0 0 0 0 1 0 0 1 0 0 1 0 14 3 14 4 7 4 0.583 0 0 0 1 0 1049 1 4 4 8 1 2 26 1.0 0.5 2.0 6.0 0.6 10.0 0.0 0.0 1.0 0.0 1.0 0.0 0.0 0.0 0.0 0.0 0.0 0.0 0.0 0.0 0.0 0.0 0.0 1.0 0.0 0.0 0.0 0.0 0.0 0.0 0.0 0.0 0.0 0.0 1.0 0.0 0.0 0.0 0.0 0.0 0.0 0.0 0.0 0.0 0.0 0.0 0.0 0.0 0.0 0.0 0.0 0.0 0.0 0.0 0.0 0.0 0.0 0.0 0.0 0.0 0.0 0.0 0.0 0.0 0.0 0.0
-7.33013 1.39492 13.57788 40.14642 74.91034 102.47245 115.63363 116.2425 109.25597 87.1851 2 2 2 0 0 0 1 0 0 0 0 0 1 0 0 0 0 0 0 1 0 2 0 2 15 2 0 2 5 0 1 0 1 0 1 0 1 0 0 0 0 1 0 0 0 0 1 0 0 0 0 1 0 0 1 0 0 1 0 15 2 15 3 8 3 0.667 0 0 0 1 0 2 4 1 1 9 0 2 8 1.0 0.5 2.0 7.0 0.7 10.0 0.0 0.0 0.0 0.0 0.0 0.0 0.0 0.0 0.0 1.0 0.0 0.0 0.0 0.0 0.0 0.0 0.0 0.0 0.0 0.0 0.0 0.0 0.0 0.0 0.0 0.0 0.0 0.0 0.0 0.0 0.0 0.0 0.0 0.0 0.0 0.0 0.0 0.0 0.0 0.0 0.0 0.0 0.0 0.0 0.0 0.0 0.0 0.0 0.0 0.0 0.0 0.0 0.0 0.0 0.0 0.0 0.0 0.0 0.0 0.0
30.1425 -2.49981 -24.1059 -47.96748 -74.76186 -103.72909 -116.88427 -115.34721 -106.24416 -100.98238 2 2 2 0 0 0 0 1 0 0 0 0 1 0 0 0 1 0 0 0 0 2 0 1 16 2 0 1 6 0 1 0 1 0 1 0 1 0 0 0 0 1 0 0 0 0 0 0 0 1 0 1 0 0 1 0 0 1 0 16 1 16 2 9 2 0.75 0 0 0 0 1 274 1 4 0 10 0 20 13 1.0 0.5 2.0 8.0 0.8 10.0 1.0 1.0 0.0 0.0 0.0 0.0 0.0 0.0 0.0 0.0 0.0 0.0 0.0 0.0 1.0 0.0 0.0 0.0 0.0 0.0 0.0 0.0 0.0 0.0 0.0 0.0 0.0 0.0 1.0 0.0 0.0 0.0 0.0 0.0 0.0 0.0 0.0 0.0 0.0 0.0 0.0 0.0 0.0 0.0 0.0 0.0 0.0 0.0 0.0 0.0 0.0 0.0 0.0 0.0 0.0 0.0 0.0 0.0 0.0 0.0
-75.47366 -72.22431 -80.18427 -87.144 -94.97651 -124.28866 -134.79505 -135.46291 -101.16438 -45.12184 2 2 0 0 1 0 0 0 0 0 0 0 0 1 0 1 0 0 0 0 0 2 0 0 17 2 0 0 7 0 1 0 1 0 1 0 0 0 0 1 0 1 0 0 0 1 0 0 0 0 0 1 0 0 1 0 1 0 0 17 0 17 1 10 1 0.833 0 1 0 0 0 100 1 4 0 10 1 13 5 1.0 0.5 2.0 9.0 0.9 10.0 1.0 1.0 0.0 0.0 0.0 0.0 0.0 0.0 0.0 0.0 0.0 0.0 0.0 0.0 1.0 0.0 0.0 0.0 0.0 0.0 0.0 0.0 0.0 0.0 0.0 0.0 0.0 0.0 1.0 0.0 0.0 0.0 0.0 0.0 0.0 0.0 0.0 0.0 0.0 0.0 0.0 0.0 0.0 0.0 0.0 0.0 0.0 0.0 0.0 0.0 0.0 0.0 0.0 0.0 0.0 0.0 0.0 0.0 0.0 0.0
