299.473890846 299.198215457 298.648859397 297.829795219 296.746939693 295.408103775 293.822926637 292.002794345 289.96074398 287.711354056 1 0 2 0 0 0 0 1 0 1 0 0 0 0 0 0 0 1 0 0 0 0 5 24 0 0 5 1 0 0 1 0 1 0 1 0 130 0 0 0 1 0 0 0 1 0 0 0 0 0 1 0 0 0 0 1 0 1 0 0 0 1 0 0 24 0 25 1 6 0.125 0 0 0 0 1 374 5
285.27062228 282.655831774 279.885406985 276.978760637 273.956133101 270.838425675 267.647029288 264.403650177 261.130134124 257.848290821 2 1 2 0 0 1 0 0 0 0 0 0 0 1 1 0 0 0 0 0 0 0 5 23 1 0 5 0 1 0 1 0 1 1 0 133.46201 0 0 133.46201 0 1 0 0 0 0 1 0 0 0 0 1 0 0 0 0 1 0 0 1 0 0 0 1 1 23 1 24 2 5 0.25 0 0 1 0 0 81 5
254.57971994 251.345640446 248.166724657 245.06293849 242.053389284 239.156182475 236.388288346 233.76541993 231.301923064 229.010679438 2 2 2 1 0 0 0 0 0 0 0 1 0 0 0 0 0 1 0 0 0 0 4 22 2 0 4 7 2 1 0 0 1 0 1 136.46201 133.46201 133.46201 136.46201 0 1 0 0 0 0 1 0 0 0 0 1 0 0 0 0 0 1 0 1 0 0 1 0 2 22 2 23 3 4 0.375 1 0 0 0 0 671 12
226.90302338 224.988672963 223.27567589 221.770370467 220.477361817 219.399513372 218.537953504 217.892097039 217.459681242 217.236815758 2 2 2 0 0 1 0 0 1 0 0 0 0 0 0 0 0 0 0 1 0 1 4 21 3 1 4 6 0 0 1 1 0 0 1 0 136.46201 136.46201 0 0 1 0 0 0 0 1 0 0 0 0 1 0 0 0 0 1 0 0 0 1 0 1 0 3 21 3 22 4 3 0.5 0 0 1 0 0 52 12
217.218045834 217.39642807 217.763617801 218.309967154 219.024632705 219.895691617 220.910265039 222.054647554 223.31444136 224.674693909 2 2 2 0 0 0 0 1 0 0 0 1 0 0 0 0 0 0 0 1 0 1 4 20 4 1 4 5 1 0 1 0 1 0 1 0 0 0 0 0 1 0 0 0 0 1 0 0 0 0 1 0 0 0 0 1 0 0 1 0 0 1 0 4 20 4 21 5 2 0.625 0 0 0 0 1 454 8
226.120037662 227.634830676 229.203296707 230.809663569 232.438298526 234.073839535 235.701321225 237.306294588 238.87493939 240.394168463 2 2 2 0 0 0 0 1 0 0 0 0 0 1 0 0 1 0 0 0 0 1 4 19 5 1 4 4 2 0 1 0 1 0 1 0 0 0 0 0 1 0 0 0 0 1 0 0 0 0 1 0 0 0 0 1 0 0 1 0 0 1 0 5 19 5 20 6 1 0.75 0 0 0 0 1 1252 8
241.851723073 243.236258706 244.537420688 245.745909183 246.853533213 247.853253464 248.739213734 249.506761029 250.152454363 250.674062479 2 2 2 0 1 0 0 0 0 0 0 0 0 1 0 0 0 0 0 1 0 1 4 18 6 1 4 3 3 0 1 0 1 0 1 0 0 0 0 0 1 0 0 0 0 1 0 0 0 0 1 0 0 0 0 1 0 0 1 0 0 1 0 6 18 6 19 1 8 0.1 0 1 0 0 0 2168 23
251.070550772 251.342057793 251.489861822 251.516338045 251.424906977 251.219974815 250.906866467 250.491752065 249.981567771 249.383931772 2 2 2 0 0 0 0 1 0 0 1 0 0 0 0 0 0 0 0 1 0 1 4 17 7 1 4 2 4 0 1 0 1 0 1 0 0 0 0 0 1 0 0 0 0 1 0 0 0 0 1 0 0 0 0 1 0 0 1 0 0 1 0 7 17 7 18 2 7 0.2 0 0 0 0 1 982 23
248.707056309 247.959656671 247.150858011 246.290100902 245.387046484 244.451482062 243.493227957 242.522046412 241.54755326 240.579133073 2 2 2 0 0 0 0 1 0 0 0 0 0 1 0 0 1 0 0 0 0 1 4 16 8 1 4 1 5 0 1 0 1 0 1 0 0 0 0 0 1 0 0 0 0 1 0 0 0 0 1 0 0 0 0 1 0 0 1 0 0 1 0 8 16 8 17 3 6 0.3 0 0 0 0 1 292 1
239.625858387 238.696413609 237.799024107 236.941390922 236.13063151 235.373226807 234.674974899 234.04095145 233.475477039 232.982091459 2 2 2 0 1 0 0 0 0 0 0 0 0 1 1 0 0 0 0 0 0 1 4 15 9 1 4 0 6 0 1 0 1 1 0 127.308 0 0 127.308 0 1 0 0 0 0 1 0 0 0 0 1 0 0 0 0 1 0 0 1 0 0 0 1 9 15 9 16 4 5 0.4 0 1 0 0 0 670 1
232.563534971 232.22173646 231.957808397 231.772048426 231.663947385 231.632203513 231.674742557 231.78874346 231.9706693 232.216303097 2 2 2 1 0 0 0 0 0 0 1 0 0 0 0 0 0 1 0 0 0 1 3 14 10 1 3 1 7 1 0 0 1 0 1 130.308 127.308 127.308 130.308 0 1 0 0 0 0 1 0 0 0 0 1 0 0 0 0 0 1 0 1 0 0 1 0 10 14 10 15 5 4 0.5 1 0 0 0 0 184 1
232.520788113 232.878672256 233.283956149 233.730144488 234.210300244 234.717101302 235.242899131 235.77977907 236.319621838 236.854165885 2 2 2 0 0 1 0 0 1 0 0 0 0 0 1 0 0 0 0 0 0 2 3 13 11 2 3 0 0 0 1 1 0 1 0 125.769 130.308 130.308 125.769 0 1 0 0 0 0 1 0 0 0 0 1 0 0 0 0 1 0 0 0 1 0 0 1 11 13 11 14 6 3 0.6 0 0 1 0 0 94 14
237.375070205 237.873977252 238.342575612 238.772662102 239.156202973 239.485393918 239.75271859 239.951005358 240.073482035 240.113828326 2 2 2 1 0 0 0 0 0 0 0 1 0 0 0 0 1 0 0 0 0 2 2 12 12 2 2 7 1 1 0 0 1 0 1 128.769 125.769 125.769 128.769 0 1 0 0 0 0 1 0 0 0 0 1 0 0 0 0 0 1 0 1 0 0 1 0 12 12 12 13 7 2 0.7 1 0 0 0 0 55 5
240.066225756 239.92540484 239.686689278 239.346036964 238.900077589 238.346146648 237.68231565 236.907418356 236.021072843 235.023699239 2 2 2 0 1 0 0 0 1 0 0 0 0 0 0 0 0 0 0 1 0 3 2 11 13 3 2 6 0 0 1 1 0 0 1 0 128.769 128.769 0 0 1 0 0 0 0 1 0 0 0 0 1 0 0 0 0 1 0 0 0 1 0 1 0 13 11 13 12 8 1 0.8 0 1 0 0 0 929 5
233.916532952 232.701633235 231.381886948 229.961007363 228.443527909 226.834790721 225.140929937 223.36884963 221.526196364 219.621326323 2 2 2 0 0 0 0 1 0 0 1 0 0 0 0 0 1 0 0 0 0 3 2 10 14 3 2 5 1 0 1 0 1 0 1 0 0 0 0 0 1 0 0 0 0 1 0 0 0 0 1 0 0 0 0 1 0 0 1 0 0 1 0 14 10 14 11 1 6 0.125 0 0 0 0 1 49 12
217.663267026 215.661673668 213.626780145 211.569344864 209.5005915 207.432144854 205.375962059 203.344259391 201.349435008 199.403987967 2 2 2 0 1 0 0 0 0 0 0 0 0 1 0 0 0 0 0 1 0 3 2 9 15 3 2 4 2 0 1 0 1 0 1 0 0 0 0 0 1 0 0 0 0 1 0 0 0 0 1 0 0 0 0 1 0 0 1 0 0 1 0 15 9 15 10 2 5 0.25 0 1 0 0 0 895 11
197.520433936 195.711218048 193.98862539 192.36468969 190.851100751 189.459111294 188.199443836 187.082198312 186.116761155 185.311716571 2 2 2 0 0 0 0 1 0 0 1 0 0 0 0 0 0 0 1 0 0 3 2 8 16 3 2 3 3 0 1 0 1 0 1 0 0 0 0 0 1 0 0 0 0 1 0 0 0 0 1 0 0 0 0 1 0 0 1 0 0 1 0 16 8 16 9 3 4 0.375 0 0 0 0 1 481 11
184.674760774 184.212619934 183.930972627 183.834377546 183.926207226 184.208588533 184.682350619 185.346981035 186.200590624 187.239887793 2 2 2 0 0 0 1 0 0 0 0 0 0 1 0 0 0 1 0 0 0 3 2 7 17 3 2 2 4 0 1 0 1 0 1 0 0 0 0 0 1 0 0 0 0 1 0 0 0 0 1 0 0 0 0 1 0 0 1 0 0 1 0 17 7 17 8 4 3 0.5 0 0 0 1 0 11 18
188.460162684 189.855281714 191.417692875 193.138442104 195.007200951 197.012305689 199.140807895 201.378536461 203.710170867 206.119325453 2 2 2 0 0 1 0 0 0 0 0 0 1 0 0 0 1 0 0 0 0 3 2 6 18 3 2 1 5 0 1 0 1 0 1 0 0 0 0 0 1 0 0 0 0 1 0 0 0 0 1 0 0 0 0 1 0 0 1 0 0 1 0 18 6 18 7 5 2 0.625 0 0 1 0 0 76 14
208.588644334 211.099906466 213.634140306 216.171747376 218.692633959 221.176350055 223.602234635 225.949566157 228.197717219 230.32631217 2 2 2 0 1 0 0 0 0 0 0 1 0 0 1 0 0 0 0 0 0 3 2 5 19 3 2 0 6 0 1 0 1 1 0 119.615 0 0 119.615 0 1 0 0 0 0 1 0 0 0 0 1 0 0 0 0 1 0 0 1 0 0 0 1 19 5 19 6 6 1 0.75 0 1 0 0 0 1298 1
232.315386448 234.145546342 235.798127865 237.255353399 238.500484735 239.517971171 240.293591308 240.814587231 241.0697898 241.049733815 2 2 2 1 0 0 0 0 0 0 1 0 0 0 1 0 0 0 0 0 0 3 1 4 20 3 1 0 7 1 0 0 1 1 0 123.2305 119.615 119.615 123.2305 0 1 0 0 0 0 1 0 0 0 0 1 0 0 0 0 0 1 0 1 0 0 0 1 20 4 20 5 1 1 0.333 1 0 0 0 0 2499 1
240.7467619 240.15511601 239.271015575 238.092721376 236.620584361 234.857078742 232.806818813 230.476559107 227.875177596 225.013641837 2 2 2 1 0 0 0 0 1 0 0 0 0 0 0 0 0 0 0 1 0 4 0 3 21 4 0 3 0 1 0 1 0 0 1 121.846 123.2305 123.2305 121.846 0 1 0 0 0 0 1 0 0 0 0 1 0 0 0 0 0 1 0 0 1 0 1 0 21 3 21 4 1 4 0.167 1 0 0 0 0 267 8
221.90495807 218.564103471 215.007941859 211.255123361 207.325968655 203.242338549 199.027489838 194.705918441 190.303191014 185.845766314 2 2 2 0 0 0 0 1 1 0 0 0 0 0 0 0 0 0 0 1 0 5 0 2 22 5 0 2 0 0 1 1 0 0 1 0 121.846 121.846 0 0 1 0 0 0 0 1 0 0 0 0 1 0 0 0 0 1 0 0 0 1 0 1 0 22 2 22 3 2 3 0.333 0 0 0 0 1 766 8
181.360807682 176.875988142 172.419289656 168.018798166 163.702496087 159.498053965 155.432623025 151.53263035 147.8235784 144.329850578 2 2 2 0 0 0 0 1 0 0 0 0 0 1 0 0 0 0 1 0 0 5 0 1 23 5 0 1 1 0 1 0 1 0 1 0 0 0 0 0 1 0 0 0 0 1 0 0 0 0 0 0 1 0 0 1 0 0 1 0 0 1 0 23 1 23 2 3 2 0.5 0 0 0 0 1 289 5
141.074524501 138.079194547 135.363805228 132.946496805 130.843464474 129.068832366 127.634543418 126.550266104 125.823318821 125.458612592 2 2 0 0 0 0 1 0 0 0 0 0 0 1 0 1 0 0 0 0 0 5 0 0 24 5 0 0 2 0 1 0 1 0 1 110 0 0 0 0 0 0 1 0 0 1 0 0 0 1 0 0 0 0 0 1 0 0 1 0 1 0 0 24 0 24 1 4 1 0.667 0 0 0 1 0 321 5
