-48.483 -39.093 -40.577 -45.392 -49.001 -44.48 -36.307 -35.991 -38.977 -36.942 2 0 2 0 0 0 0 1 0 1 0 0 0 0 0 0 1 0 0 0 0 0 1 6 0 0 1 1 0 0 1 0 1 0 1 0 1 0 0 0 1 0 0 0 0 0 1 0 0 0 0 1 0 1 0 0 0 1 0 0 6 0 7 1 7 0.111 0 0 0 0 1 35 11 0 1 0 0 23 35 0.0 0.0 2.0 0.0 0.0 7.0 0.0 0.0 0.0 0.0 0.0 0.0 0.0 0.0 0.0 0.0 0.0 0.0 0.0 0.0 0.0 0.0 0.0 0.0 0.0 0.0 0.0 0.0 0.0 0.0 0.0 0.0 0.0 0.0 0.0 0.0 0.0 1.0 0.0 0.0 0.0 0.0 0.0 0.0 0.0 0.0 0.0 0.0 0.0 0.0 0.0 0.0 0.0 0.0 0.0 0.0 0.0 0.0 0.0 0.0 0.0 0.0 0.0 0.0 0.0 0.0
-24.725 -24.511 -17.631 -9.737 -11.995 -8.795 -4.579 -7.728 -5.334 6.731 2 2 2 0 1 0 0 0 0 0 0 0 0 1 1 0 0 0 0 0 0 0 1 5 1 0 1 0 1 0 1 0 1 1 0 0 1 0 0 0 0 1 0 0 0 0 1 0 0 0 0 1 0 0 1 0 0 0 1 1 5 1 6 2 6 0.222 0 1 0 0 0 209 1 11 1 1 0 2 5 0.0 0.0 2.0 1.0 0.142857142857 7.0 0.0 0.0 0.0 0.0 0.0 0.0 0.0 0.0 0.0 0.0 0.0 1.0 0.0 0.0 0.0 0.0 0.0 0.0 0.0 0.0 0.0 0.0 0.0 0.0 0.0 0.0 0.0 0.0 0.0 0.0 0.0 0.0 0.0 0.0 0.0 0.0 0.0 0.0 0.0 0.0 0.0 0.0 0.0 0.0 0.0 0.0 0.0 0.0 0.0 0.0 0.0 0.0 0.0 0.0 0.0 0.0 0.0 0.0 0.0 0.0
2.618 1.855 -1.022 13.696 17.145 6.327 3.733 0.725 -0.7 -9.573 2 2 2 1 0 0 0 0 0 0 1 0 0 0 0 0 0 1 0 0 0 0 0 4 2 0 0 9 2 1 0 0 1 0 1 0 1 0 0 0 0 1 0 0 0 0 1 0 0 0 0 0 1 0 1 0 0 1 0 2 4 2 5 3 5 0.333 1 0 0 0 0 135 1 11 1 1 1 9 11 0.0 0.0 2.0 2.0 0.285714285714 7.0 0.0 0.0 0.0 0.0 0.0 0.0 0.0 0.0 0.0 0.0 0.0 1.0 0.0 0.0 0.0 0.0 0.0 0.0 0.0 0.0 0.0 0.0 0.0 0.0 0.0 0.0 0.0 0.0 0.0 0.0 0.0 0.0 0.0 0.0 0.0 0.0 0.0 0.0 0.0 0.0 0.0 0.0 0.0 0.0 0.0 0.0 0.0 0.0 0.0 0.0 0.0 0.0 0.0 0.0 0.0 0.0 0.0 0.0 0.0 0.0
8.847 5.1 4.407 -10.514 -2.48 3.01 0.955 15.785 22.034 26.749 2 2 2 0 0 1 0 0 1 0 0 0 0 0 0 0 0 0 0 1 0 1 0 3 3 1 0 8 0 0 1 1 0 0 1 0 1 0 0 0 0 1 0 0 0 0 1 0 0 0 0 1 0 0 0 1 0 1 0 3 3 3 4 4 4 0.444 0 0 1 0 0 994 1 1 1 2 0 20 16 0.0 0.0 2.0 3.0 0.428571428571 7.0 0.0 0.0 0.0 0.0 0.0 0.0 0.0 0.0 0.0 0.0 0.0 1.0 0.0 0.0 0.0 0.0 0.0 0.0 0.0 0.0 0.0 0.0 0.0 0.0 0.0 0.0 0.0 0.0 0.0 0.0 0.0 0.0 0.0 0.0 0.0 0.0 0.0 0.0 0.0 0.0 0.0 0.0 0.0 0.0 0.0 0.0 0.0 0.0 0.0 0.0 0.0 0.0 0.0 0.0 0.0 0.0 0.0 0.0 0.0 0.0
34.145 38.999 29.53 20.018 19.144 13.031 8.072 3.467 11.745 2.781 2 2 2 0 0 0 0 1 0 0 0 1 0 0 0 0 0 0 0 1 0 1 0 2 4 1 0 7 1 0 1 0 1 0 1 0 1 0 0 0 0 1 0 0 0 0 1 0 0 0 0 1 0 0 1 0 0 1 0 4 2 4 3 5 3 0.556 0 0 0 0 1 140 1 1 1 2 1 16 11 0.0 0.0 2.0 4.0 0.571428571429 7.0 0.0 0.0 0.0 0.0 0.0 0.0 0.0 0.0 0.0 0.0 0.0 1.0 0.0 0.0 0.0 0.0 0.0 0.0 0.0 0.0 0.0 0.0 0.0 0.0 0.0 0.0 0.0 0.0 0.0 0.0 0.0 0.0 0.0 0.0 0.0 0.0 0.0 0.0 0.0 0.0 0.0 0.0 0.0 0.0 0.0 0.0 0.0 0.0 0.0 0.0 0.0 0.0 0.0 0.0 0.0 0.0 0.0 0.0 0.0 0.0
-4.538 -4.652 -1.699 -1.17 2.463 8.811 19.584 25.435 21.504 14.825 2 2 2 0 0 0 0 1 0 0 0 0 0 1 0 0 0 0 0 1 0 1 0 1 5 1 0 6 2 0 1 0 1 0 1 0 1 0 0 0 0 1 0 0 0 0 0 0 1 0 0 1 0 0 1 0 0 1 0 5 1 5 2 6 2 0.667 0 0 0 0 1 176 1 1 2 3 0 5 16 0.0 0.0 2.0 5.0 0.714285714286 7.0 0.0 0.0 0.0 1.0 0.0 0.0 0.0 0.0 0.0 0.0 1.0 0.0 0.0 0.0 0.0 0.0 0.0 0.0 0.0 0.0 0.0 0.0 0.0 0.0 0.0 0.0 0.0 0.0 0.0 0.0 0.0 0.0 0.0 0.0 0.0 0.0 0.0 0.0 0.0 0.0 0.0 0.0 0.0 0.0 0.0 0.0 0.0 0.0 0.0 0.0 0.0 0.0 0.0 0.0 0.0 0.0 0.0 0.0 0.0 0.0
-9.14 -12.337 -8.405 7.984 25.041 9.225 -2.528 -1.172 3.002 -18.618 2 2 2 0 0 0 0 1 0 0 0 0 0 1 0 0 0 1 0 0 0 1 0 0 6 1 0 5 3 0 1 0 1 0 1 0 0 0 1 0 0 1 0 0 0 0 1 0 0 0 0 1 0 0 1 0 0 1 0 6 0 6 1 7 1 0.778 0 0 0 0 1 383 1 1 2 3 1 11 8 0.0 0.0 2.0 6.0 0.857142857143 7.0 0.0 0.0 0.0 1.0 0.0 0.0 0.0 0.0 0.0 0.0 1.0 0.0 0.0 0.0 0.0 0.0 0.0 0.0 0.0 0.0 0.0 0.0 0.0 0.0 0.0 0.0 0.0 0.0 0.0 0.0 0.0 0.0 0.0 0.0 0.0 0.0 0.0 0.0 0.0 0.0 0.0 0.0 0.0 0.0 0.0 0.0 0.0 0.0 0.0 0.0 0.0 0.0 0.0 0.0 0.0 0.0 0.0 0.0 0.0 0.0
6.497 8.924 16.209 9.722 0.236 -2.092 3.58 4.286 4.35 6.467 2 2 2 0 0 1 0 0 0 0 0 0 0 1 0 0 0 1 0 0 0 0 1 12 0 0 1 4 4 0 1 0 1 0 1 0 1 0 0 0 0 0 0 1 0 0 1 0 0 0 0 1 0 0 1 0 0 1 0 0 12 0 13 1 13 0.067 0 0 1 0 0 7 2 1 3 4 0 10 8 1.0 0.5 2.0 0.0 0.0 13.0 0.0 0.0 0.0 0.0 0.0 1.0 0.0 0.0 0.0 0.0 0.0 0.0 0.0 0.0 0.0 0.0 0.0 0.0 0.0 0.0 0.0 0.0 0.0 0.0 0.0 0.0 0.0 0.0 0.0 0.0 0.0 0.0 0.0 0.0 0.0 0.0 0.0 0.0 0.0 0.0 0.0 0.0 0.0 0.0 0.0 0.0 0.0 0.0 0.0 0.0 0.0 0.0 0.0 0.0 0.0 0.0 0.0 0.0 0.0 0.0
10.319 4.601 -5.268 -9.336 -9.871 -3.613 29.477 64.33 78.509 71.729 2 2 2 0 0 1 0 0 0 0 0 1 0 0 0 0 1 0 0 0 0 0 1 11 1 0 1 3 5 0 1 0 1 0 1 0 1 0 0 0 0 1 0 0 0 0 1 0 0 0 0 1 0 0 1 0 0 1 0 1 11 1 12 2 12 0.133 0 0 1 0 0 294 3 2 1 5 0 9 4 1.0 0.5 2.0 1.0 0.0769230769231 13.0 0.0 0.0 0.0 0.0 0.0 0.0 0.0 1.0 0.0 0.0 0.0 0.0 0.0 0.0 0.0 0.0 0.0 0.0 0.0 0.0 0.0 0.0 0.0 0.0 0.0 0.0 0.0 0.0 0.0 0.0 0.0 0.0 0.0 0.0 0.0 0.0 0.0 0.0 0.0 0.0 0.0 0.0 0.0 0.0 0.0 0.0 0.0 0.0 0.0 0.0 0.0 0.0 0.0 0.0 0.0 0.0 0.0 0.0 0.0 0.0
38.538 22.329 9.14 -1.827 -3.706 1.676 8.296 2.756 -3.683 4.078 2 2 2 0 1 0 0 0 0 0 0 1 0 0 0 0 0 0 0 1 0 0 1 10 2 0 1 2 6 0 1 0 1 0 1 0 1 0 0 0 0 1 0 0 0 0 1 0 0 0 0 1 0 0 1 0 0 1 0 2 10 2 11 3 11 0.2 0 1 0 0 0 1077 3 2 1 5 1 9 24 1.0 0.5 2.0 2.0 0.153846153846 13.0 0.0 0.0 0.0 0.0 0.0 0.0 0.0 1.0 0.0 0.0 0.0 0.0 0.0 0.0 0.0 0.0 0.0 0.0 0.0 0.0 0.0 0.0 0.0 0.0 0.0 0.0 0.0 0.0 0.0 0.0 0.0 0.0 0.0 0.0 0.0 0.0 0.0 0.0 0.0 0.0 0.0 0.0 0.0 0.0 0.0 0.0 0.0 0.0 0.0 0.0 0.0 0.0 0.0 0.0 0.0 0.0 0.0 0.0 0.0 0.0
18.997 9.168 -0.441 -7.445 -9.341 -9.146 1.531 8.868 12.091 11.474 2 2 2 0 0 0 0 1 0 0 1 0 0 0 0 0 0 0 0 1 0 0 1 9 3 0 1 1 7 0 1 0 1 0 1 0 1 0 0 0 0 1 0 0 0 0 1 0 0 0 0 1 0 0 1 0 0 1 0 3 9 3 10 4 10 0.267 0 0 0 0 1 790 3 2 1 5 2 1 2 1.0 0.5 2.0 3.0 0.230769230769 13.0 0.0 0.0 0.0 0.0 0.0 0.0 0.0 1.0 0.0 0.0 0.0 0.0 0.0 0.0 0.0 0.0 0.0 0.0 0.0 0.0 0.0 0.0 0.0 0.0 0.0 0.0 0.0 0.0 0.0 0.0 0.0 0.0 0.0 0.0 0.0 0.0 0.0 0.0 0.0 0.0 0.0 0.0 0.0 0.0 0.0 0.0 0.0 0.0 0.0 0.0 0.0 0.0 0.0 0.0 0.0 0.0 0.0 0.0 0.0 0.0
-3.163 6.767 31.462 38.041 31.417 21.712 8.981 4.707 4.489 16.617 2 2 2 0 0 0 0 1 0 0 0 0 0 1 1 0 0 0 0 0 0 0 1 8 4 0 1 0 8 0 1 0 1 1 0 0 1 0 0 0 0 1 0 0 0 0 1 0 0 0 0 1 0 0 1 0 0 0 1 4 8 4 9 5 9 0.333 0 0 0 0 1 664 1 3 4 6 0 2 7 1.0 0.5 2.0 4.0 0.307692307692 13.0 0.0 0.0 0.0 0.0 0.0 0.0 1.0 0.0 0.0 0.0 0.0 0.0 0.0 0.0 0.0 0.0 0.0 0.0 0.0 0.0 0.0 0.0 0.0 0.0 0.0 0.0 0.0 0.0 0.0 1.0 1.0 0.0 0.0 0.0 0.0 0.0 0.0 0.0 0.0 0.0 0.0 0.0 0.0 0.0 0.0 0.0 0.0 0.0 0.0 0.0 0.0 0.0 0.0 0.0 0.0 0.0 0.0 0.0 0.0 0.0
17.963 10.696 11.574 5.087 -0.563 4.567 6.022 10.126 13.389 16.445 2 2 2 1 0 0 0 0 0 0 0 0 0 1 0 0 0 0 1 0 0 0 0 7 5 0 0 7 9 1 0 0 1 0 1 0 1 0 0 0 0 1 0 0 0 0 1 0 0 0 0 0 1 0 1 0 0 1 0 5 7 5 8 6 8 0.4 1 0 0 0 0 367 1 3 4 6 1 16 11 1.0 0.5 2.0 5.0 0.384615384615 13.0 0.0 0.0 0.0 0.0 0.0 0.0 1.0 0.0 0.0 0.0 0.0 0.0 0.0 0.0 0.0 0.0 0.0 0.0 0.0 0.0 0.0 0.0 0.0 0.0 0.0 0.0 0.0 0.0 0.0 1.0 1.0 0.0 0.0 0.0 0.0 0.0 0.0 0.0 0.0 0.0 0.0 0.0 0.0 0.0 0.0 0.0 0.0 0.0 0.0 0.0 0.0 0.0 0.0 0.0 0.0 0.0 0.0 0.0 0.0 0.0
18.721 23.04 26.354 24.772 28.662 36.425 31.721 29.452 21.363 23.814 2 2 2 0 0 0 1 0 1 0 0 0 0 0 0 0 0 1 0 0 0 1 0 6 6 1 0 6 0 0 1 1 0 0 1 0 1 0 0 0 0 1 0 0 0 0 1 0 0 0 0 1 0 0 0 1 0 1 0 6 6 6 7 7 7 0.467 0 0 0 1 0 2 4 1 1 7 0 2 8 1.0 0.5 2.0 6.0 0.461538461538 13.0 0.0 0.0 0.0 0.0 0.0 0.0 0.0 0.0 0.0 0.0 0.0 0.0 0.0 0.0 0.0 0.0 0.0 0.0 0.0 0.0 0.0 0.0 0.0 0.0 0.0 0.0 0.0 0.0 0.0 0.0 0.0 1.0 0.0 0.0 0.0 0.0 0.0 0.0 0.0 0.0 0.0 0.0 0.0 0.0 0.0 0.0 0.0 0.0 0.0 0.0 0.0 0.0 0.0 0.0 0.0 0.0 0.0 0.0 0.0 0.0
18.672 18.761 20.506 20.927 17.241 5.935 16.143 41.217 62.371 67.766 2 2 2 0 0 1 0 0 0 0 0 0 1 0 0 0 0 1 0 0 0 1 0 5 7 1 0 5 1 0 1 0 1 0 1 0 1 0 0 0 0 1 0 0 0 0 1 0 0 0 0 1 0 0 1 0 0 1 0 7 5 7 6 8 6 0.533 0 0 1 0 0 34 1 4 7 8 0 13 11 1.0 0.5 2.0 7.0 0.538461538462 13.0 0.0 0.0 1.0 0.0 1.0 0.0 0.0 0.0 0.0 0.0 0.0 0.0 0.0 0.0 0.0 0.0 0.0 0.0 0.0 0.0 0.0 0.0 0.0 0.0 0.0 0.0 0.0 0.0 1.0 1.0 1.0 0.0 0.0 0.0 0.0 0.0 0.0 0.0 0.0 0.0 0.0 0.0 0.0 0.0 0.0 0.0 0.0 0.0 0.0 0.0 0.0 0.0 0.0 0.0 0.0 0.0 0.0 0.0 0.0 0.0
45.781 28.195 -3.903 -29.712 -31.626 -9.661 8.174 -1.805 -6.416 -3.327 2 2 2 0 0 1 0 0 0 0 0 1 0 0 0 0 1 0 0 0 0 1 0 4 8 1 0 4 2 0 1 0 1 0 1 0 1 0 0 0 0 1 0 0 0 0 1 0 0 0 0 1 0 0 1 0 0 1 0 8 4 8 5 9 5 0.6 0 0 1 0 0 311 1 4 7 8 1 4 26 1.0 0.5 2.0 8.0 0.615384615385 13.0 0.0 0.0 1.0 0.0 1.0 0.0 0.0 0.0 0.0 0.0 0.0 0.0 0.0 0.0 0.0 0.0 0.0 0.0 0.0 0.0 0.0 0.0 0.0 0.0 0.0 0.0 0.0 0.0 1.0 1.0 1.0 0.0 0.0 0.0 0.0 0.0 0.0 0.0 0.0 0.0 0.0 0.0 0.0 0.0 0.0 0.0 0.0 0.0 0.0 0.0 0.0 0.0 0.0 0.0 0.0 0.0 0.0 0.0 0.0 0.0
-13.17 -11.809 -8.083 -15.518 -9.804 6.555 29.47 25.752 -3.901 -23.882 2 2 2 0 1 0 0 0 0 0 0 1 0 0 0 0 0 0 0 1 0 1 0 3 9 1 0 3 3 0 1 0 1 0 1 0 1 0 0 0 0 1 0 0 0 0 1 0 0 0 0 1 0 0 1 0 0 1 0 9 3 9 4 10 4 0.667 0 1 0 0 0 273 7 1 0 9 0 8 24 1.0 0.5 2.0 9.0 0.692307692308 13.0 1.0 1.0 0.0 0.0 0.0 0.0 0.0 0.0 0.0 0.0 0.0 0.0 0.0 0.0 0.0 0.0 0.0 0.0 0.0 0.0 0.0 0.0 0.0 0.0 0.0 0.0 0.0 0.0 1.0 0.0 0.0 0.0 0.0 0.0 0.0 0.0 0.0 0.0 0.0 0.0 0.0 0.0 0.0 0.0 0.0 0.0 0.0 0.0 0.0 0.0 0.0 0.0 0.0 0.0 0.0 0.0 0.0 0.0 0.0 0.0
-22.283 -11.491 -17.533 -24.121 -23.832 -20.259 -34.573 -39.665 -43.124 -40.775 2 2 2 0 0 0 0 1 0 0 1 0 0 0 0 0 0 1 0 0 0 1 0 2 10 1 0 2 4 0 1 0 1 0 1 0 1 0 0 0 0 1 0 0 0 0 1 0 0 0 0 1 0 0 1 0 0 1 0 10 2 10 3 11 3 0.733 0 0 0 0 1 171 7 1 0 9 1 15 20 1.0 0.5 2.0 10.0 0.769230769231 13.0 1.0 1.0 0.0 0.0 0.0 0.0 0.0 0.0 0.0 0.0 0.0 0.0 0.0 0.0 0.0 0.0 0.0 0.0 0.0 0.0 0.0 0.0 0.0 0.0 0.0 0.0 0.0 0.0 1.0 0.0 0.0 0.0 0.0 0.0 0.0 0.0 0.0 0.0 0.0 0.0 0.0 0.0 0.0 0.0 0.0 0.0 0.0 0.0 0.0 0.0 0.0 0.0 0.0 0.0 0.0 0.0 0.0 0.0 0.0 0.0
-34.278 -30.006 -21.336 -11.89 0.346 10.868 24.885 31.446 27.258 25.884 2 2 2 0 0 1 0 0 0 0 0 0 0 1 0 0 0 1 0 0 0 1 0 1 11 1 0 1 5 0 1 0 1 0 1 0 1 0 0 0 0 1 0 0 0 0 0 0 0 1 0 1 0 0 1 0 0 1 0 11 1 11 2 12 2 0.8 0 0 1 0 0 52 7 1 0 9 2 23 24 1.0 0.5 2.0 11.0 0.846153846154 13.0 1.0 1.0 0.0 0.0 0.0 0.0 0.0 0.0 0.0 0.0 0.0 0.0 0.0 0.0 0.0 0.0 0.0 0.0 0.0 0.0 0.0 0.0 0.0 0.0 0.0 0.0 0.0 0.0 1.0 0.0 0.0 0.0 0.0 0.0 0.0 0.0 0.0 0.0 0.0 0.0 0.0 0.0 0.0 0.0 0.0 0.0 0.0 0.0 0.0 0.0 0.0 0.0 0.0 0.0 0.0 0.0 0.0 0.0 0.0 0.0
24.287 11.379 -13.303 -26.073 -6.716 4.268 13.454 30.703 48.744 40.996 2 2 0 0 0 1 0 0 0 0 0 1 0 0 0 1 0 0 0 0 0 1 0 0 12 1 0 0 6 0 1 0 1 0 1 0 0 0 0 1 0 1 0 0 0 1 0 0 0 0 0 1 0 0 1 0 1 0 0 12 0 12 1 13 1 0.867 0 0 1 0 0 46 7 1 0 9 3 18 20 1.0 0.5 2.0 12.0 0.923076923077 13.0 1.0 1.0 0.0 0.0 0.0 0.0 0.0 0.0 0.0 0.0 0.0 0.0 0.0 0.0 0.0 0.0 0.0 0.0 0.0 0.0 0.0 0.0 0.0 0.0 0.0 0.0 0.0 0.0 1.0 0.0 0.0 0.0 0.0 0.0 0.0 0.0 0.0 0.0 0.0 0.0 0.0 0.0 0.0 0.0 0.0 0.0 0.0 0.0 0.0 0.0 0.0 0.0 0.0 0.0 0.0 0.0 0.0 0.0 0.0 0.0
