253.308595369 253.230077233 253.07325694 252.838565841 252.526649447 252.138365611 251.674782119 251.137173686 250.527018376 249.845993447 2 0 2 0 0 1 0 0 0 1 0 0 0 0 0 0 0 1 0 0 0 0 1 21 0 0 1 18 0 0 1 0 1 0 1 0 130 0 0 0 1 0 0 0 1 0 0 0 0 0 1 0 0 0 0 1 0 1 0 0 0 1 0 0 21 0 22 1 12 0.071 0 0 1 0 0 1290 8
249.095970637 248.279010914 247.397358683 246.453435493 245.449833242 244.389306911 243.274766844 242.109270596 240.896014375 239.638324103 2 2 2 0 0 1 0 0 0 0 0 1 0 0 0 0 1 0 0 0 0 0 1 20 1 0 1 17 1 0 1 0 1 0 1 0 0 0 0 0 1 0 0 0 0 1 0 0 0 0 1 0 0 0 0 1 0 0 1 0 0 1 0 1 20 1 21 2 11 0.143 0 0 1 0 0 294 8
238.339646118 237.00353755 235.633656388 234.233751288 232.807651121 231.359254322 229.89251805 228.411447195 226.920083273 225.422493227 2 2 2 0 1 0 0 0 0 0 0 1 0 0 0 0 0 1 0 0 0 0 1 19 2 0 1 16 2 0 1 0 1 0 1 0 0 0 0 0 1 0 0 0 0 1 0 0 0 0 1 0 0 0 0 1 0 0 1 0 0 1 0 2 19 2 20 3 10 0.214 0 1 0 0 0 108 13
223.922758172 222.424962125 220.933180736 219.451470063 217.983855422 216.53432034 215.106795645 213.705148725 212.333172982 210.994577518 2 2 2 0 0 1 0 0 0 0 1 0 0 0 0 0 0 0 0 1 0 0 1 18 3 0 1 15 3 0 1 0 1 0 1 0 0 0 0 0 1 0 0 0 0 1 0 0 0 0 1 0 0 0 0 1 0 0 1 0 0 1 0 3 18 3 19 4 9 0.286 0 0 1 0 0 262 5
209.692977069 208.431882234 207.21469001 206.044674663 204.924978969 203.858605836 202.848410343 201.897092204 201.007188688 200.181068012 2 2 2 0 0 0 0 1 0 0 0 1 0 0 0 0 0 0 0 1 0 0 1 17 4 0 1 14 4 0 1 0 1 0 1 0 0 0 0 0 1 0 0 0 0 1 0 0 0 0 1 0 0 0 0 1 0 0 1 0 0 1 0 4 17 4 18 5 8 0.357 0 0 0 0 1 1076 5
199.420923218 198.728766562 198.106424413 197.555532692 197.077532852 196.67366841 196.344982042 196.092313242 195.916296564 195.817360423 2 2 2 0 0 0 0 1 0 0 0 0 0 1 0 0 0 1 0 0 0 0 1 16 5 0 1 13 5 0 1 0 1 0 1 0 0 0 0 0 1 0 0 0 0 1 0 0 0 0 1 0 0 0 0 1 0 0 1 0 0 1 0 5 16 5 17 6 7 0.429 0 0 0 0 1 380 28
195.795726486 195.851409634 195.984218496 196.193756561 196.479423842 196.840419111 197.275742676 197.784199695 198.364404023 199.014782566 2 2 1 0 0 1 0 0 0 0 0 0 0 1 0 0 0 0 0 1 0 0 1 15 6 0 1 12 6 0 1 0 1 0 1 0 0 0 0 0 1 0 0 0 0 1 0 0 0 0 1 0 0 0 0 1 0 0 1 0 0 1 0 6 15 6 16 7 6 0.5 0 0 1 0 0 41 28
199.733580137 200.518864798 201.368533655 202.280319115 203.251795554 204.280386399 205.36337159 206.497895398 207.68097458 208.909506845 1 2 2 0 0 0 0 1 0 0 0 1 0 0 0 0 0 1 0 0 0 0 1 14 7 0 1 11 7 0 1 0 1 0 1 0 0 0 0 0 1 0 0 0 0 1 0 0 0 0 1 0 0 0 0 1 0 0 1 0 0 1 0 7 14 7 15 8 5 0.571 0 0 0 0 1 97 28
210.180279598 211.489978943 212.83519892 214.212450935 215.618173365 217.048741317 218.500476485 219.969657108 221.452527978 222.945310477 2 1 2 0 0 1 0 0 0 0 0 0 0 1 0 0 0 0 0 1 0 0 1 13 8 0 1 10 8 0 1 0 1 0 1 0 0 0 0 0 1 0 0 0 0 1 0 0 0 0 1 0 0 0 0 1 0 0 1 0 0 1 0 8 13 8 14 9 4 0.643 0 0 1 0 0 262 7
224.444212612 225.94543902 227.445200914 228.939725941 230.425267926 231.898116466 233.354606368 234.791126876 236.204130691 237.590142728 2 2 1 0 0 0 0 1 0 0 0 1 0 0 0 0 0 0 0 1 0 0 1 12 9 0 1 9 9 0 1 0 1 0 1 0 0 0 0 0 1 0 0 0 0 1 0 0 0 0 1 0 0 0 0 1 0 0 1 0 0 1 0 9 12 9 13 10 3 0.714 0 0 0 0 1 380 28
238.945768623 240.267702935 241.552737035 242.797766669 243.999799157 245.155960231 246.263500472 247.319801356 248.322380872 249.268898712 1 2 2 0 0 0 0 1 0 0 0 0 0 1 0 0 1 0 0 0 0 0 1 11 10 0 1 8 10 0 1 0 1 0 1 0 0 0 0 0 1 0 0 0 0 1 0 0 0 0 1 0 0 0 0 1 0 0 1 0 0 1 0 10 11 10 12 11 2 0.786 0 0 0 0 1 97 28
250.157161019 250.985124681 251.750901165 252.452759883 253.08913108 253.658608249 254.159950065 254.592081835 254.954096469 255.24525497 2 1 2 0 1 0 0 0 0 0 0 0 0 1 0 0 0 0 0 1 0 0 1 10 11 0 1 7 11 0 1 0 1 0 1 0 0 0 0 0 1 0 0 0 0 1 0 0 0 0 1 0 0 0 0 1 0 0 1 0 0 1 0 11 10 11 11 12 1 0.857 0 1 0 0 0 417 7
255.464986452 255.61288768 255.688722157 255.692418741 255.624069826 255.483929077 255.272408742 254.990076555 254.637652234 254.216003601 2 2 2 0 0 0 0 1 0 0 1 0 0 0 0 0 0 1 0 0 0 0 1 9 12 0 1 6 12 0 1 0 1 0 1 0 0 0 0 0 1 0 0 0 0 1 0 0 0 0 1 0 0 0 0 1 0 0 1 0 0 1 0 12 9 12 10 1 10 0.083 0 0 0 0 1 380 28
253.72614233 253.169219346 252.546519899 251.859458315 251.109572458 250.298517928 249.428061994 248.500077313 247.516535431 246.479500107 2 2 2 0 0 1 0 0 0 0 0 0 0 1 0 0 0 0 0 1 0 0 1 8 13 0 1 5 13 0 1 0 1 0 1 0 0 0 0 0 1 0 0 0 0 1 0 0 0 0 1 0 0 0 0 1 0 0 1 0 0 1 0 13 8 13 9 2 9 0.167 0 0 1 0 0 41 28
245.391120478 244.253624085 243.069309784 241.840540575 240.569736363 239.259366674 237.911943364 236.530013324 235.116151222 233.672952298 2 2 2 0 0 0 0 1 0 0 0 1 0 0 0 0 0 1 0 0 0 0 1 7 14 0 1 4 14 0 1 0 1 0 1 0 0 0 0 0 1 0 0 0 0 1 0 0 0 0 1 0 0 0 0 1 0 0 1 0 0 1 0 14 7 14 8 3 8 0.25 0 0 0 0 1 220 28
232.203025228 230.708985094 229.193446466 227.659016633 226.108288983 224.543836573 222.96820589 221.383910831 219.793426919 218.199185758 2 2 2 0 0 1 0 0 0 0 0 0 0 1 0 0 0 0 0 1 0 0 1 6 15 0 1 3 15 0 1 0 1 0 1 0 0 0 0 0 1 0 0 0 0 1 0 0 0 0 1 0 0 0 0 1 0 0 1 0 0 1 0 15 6 15 7 4 7 0.333 0 0 1 0 0 262 7
216.603569766 215.008907169 213.417467295 211.831456171 210.253012418 208.684203483 207.127022186 205.583383611 204.05512233 202.543989977 2 2 1 0 0 0 0 1 0 0 0 1 0 0 0 0 0 0 0 1 0 0 1 5 16 0 1 2 16 0 1 0 1 0 1 0 0 0 0 0 1 0 0 0 0 1 0 0 0 0 1 0 0 0 0 1 0 0 1 0 0 1 0 16 5 16 6 5 6 0.417 0 0 0 0 1 380 28
201.051653163 199.579691744 198.129597439 196.702772785 195.300530451 193.924092886 192.574592304 191.253070999 189.960481991 188.697689979 1 2 2 0 0 0 0 1 0 0 0 0 0 1 0 0 1 0 0 0 0 0 1 4 17 0 1 1 17 0 1 0 1 0 1 0 0 0 0 0 1 0 0 0 0 1 0 0 0 0 1 0 0 0 0 1 0 0 1 0 0 1 0 17 4 17 5 6 5 0.5 0 0 0 0 1 97 28
187.465472605 186.264522009 185.09544668 183.958773565 182.854950444 181.784348555 180.747265436 179.743927995 178.774495769 177.839064368 2 1 2 0 1 0 0 0 0 0 0 0 0 1 1 0 0 0 0 0 0 0 1 3 18 0 1 0 18 0 1 0 1 1 0 118.636 0 0 118.636 0 1 0 0 0 0 1 0 0 0 0 1 0 0 0 0 1 0 0 1 0 0 0 1 18 3 18 4 7 4 0.583 0 1 0 0 0 417 7
176.937669084 176.070288643 175.236849087 174.437227762 173.671257401 172.938730272 172.239402385 171.572997724 170.939212493 170.337719368 2 2 2 1 0 0 0 0 0 0 1 0 0 0 0 0 0 0 0 1 0 0 0 2 19 0 0 2 19 1 0 0 1 0 1 121.636 118.636 118.636 121.636 0 1 0 0 0 0 1 0 0 0 0 1 0 0 0 0 0 1 0 1 0 0 1 0 19 2 19 3 8 3 0.667 1 0 0 0 0 350 8
169.768171704 169.230207715 168.723454583 168.247532492 167.80205856 167.386650655 167.000931088 166.644530145 166.317089472 166.018265265 2 2 2 0 0 0 0 1 1 0 0 0 0 0 0 0 0 0 1 0 0 1 0 1 20 1 0 1 0 0 1 1 0 0 1 0 121.636 121.636 0 0 1 0 0 0 0 1 0 0 0 0 0 0 1 0 0 1 0 0 0 1 0 1 0 20 1 20 2 9 2 0.75 0 0 0 0 1 124 8
165.747731289 165.505181672 165.290333505 165.102929194 164.942738596 164.80956089 164.70322621 164.623597008 164.570569154 164.544072768 2 2 0 0 0 0 1 0 0 0 0 0 0 1 0 1 0 0 0 0 0 1 0 0 21 1 0 0 1 0 1 0 1 0 1 110 0 0 0 0 0 0 1 0 0 1 0 0 0 1 0 0 0 0 0 1 0 0 1 0 1 0 0 21 0 21 1 10 1 0.833 0 0 0 1 0 2 26
