56.544 56.797 57.299 58.042 59.012 57.011 46.106 25.214 -3.319 -21.928 2 0 2 0 0 0 0 1 0 1 0 0 0 0 0 0 0 0 0 1 0 0 5 19 0 0 5 2 0 0 1 0 1 0 1 0 130 0 0 0 1 0 0 0 1 0 0 0 0 0 1 0 0 0 0 1 0 1 0 0 0 1 0 0 19 0 20 1 19 0.048 0 0 0 0 1 133 6
-28.378 -27.913 -27.343 -27.89 -50.69 -68.144 -84.561 -94.437 -90.428 -78.217 2 2 2 0 0 0 0 1 0 0 0 0 0 1 0 0 0 0 0 1 0 0 5 18 1 0 5 1 1 0 1 0 1 0 1 0 0 0 0 0 1 0 0 0 0 1 0 0 0 0 1 0 0 0 0 1 0 0 1 0 0 1 0 1 18 1 19 2 18 0.095 0 0 0 0 1 10 20
-65.16 -44.421 -21.118 2.058 23.068 40.809 51.954 45.476 22.272 -10.801 2 2 2 0 0 0 0 1 0 0 0 0 0 1 1 0 0 0 0 0 0 0 5 17 2 0 5 0 2 0 1 0 1 1 0 131.744 0 0 131.744 0 1 0 0 0 0 1 0 0 0 0 1 0 0 0 0 1 0 0 1 0 0 0 1 2 17 2 18 3 17 0.143 0 0 0 0 1 354 5
-36.443 -37.642 -16.759 7.627 28.326 34.184 33.855 36.39 39.747 40.591 2 2 2 1 0 0 0 0 0 0 0 0 0 1 0 0 0 0 0 1 0 0 4 16 3 0 4 4 3 1 0 0 1 0 1 134.744 131.744 131.744 134.744 0 1 0 0 0 0 1 0 0 0 0 1 0 0 0 0 0 1 0 1 0 0 1 0 3 16 3 17 4 16 0.19 1 0 0 0 0 342 5
48.541 62.948 75.368 79.542 73.251 53.294 23.498 -2.861 -22.99 -37.528 2 2 2 0 0 0 0 1 1 0 0 0 0 0 0 0 1 0 0 0 0 1 4 15 4 1 4 3 0 0 1 1 0 0 1 0 134.744 134.744 0 0 1 0 0 0 0 1 0 0 0 0 1 0 0 0 0 1 0 0 0 1 0 1 0 4 15 4 16 5 15 0.238 0 0 0 0 1 140 5
-40.999 -37.297 -39.32 -42.26 -53.763 -69.749 -76.0 -79.429 -80.056 -68.469 2 2 2 0 1 0 0 0 0 0 0 0 0 1 0 0 0 0 0 1 0 1 4 14 5 1 4 2 1 0 1 0 1 0 1 0 0 0 0 0 1 0 0 0 0 1 0 0 0 0 1 0 0 0 0 1 0 0 1 0 0 1 0 5 14 5 15 6 14 0.286 0 1 0 0 0 427 5
-26.941 3.862 30.338 34.282 23.857 8.262 -2.901 -8.014 -10.255 -16.368 2 2 2 0 0 0 0 1 0 0 1 0 0 0 0 0 0 0 0 1 0 1 4 13 6 1 4 1 2 0 1 0 1 0 1 0 0 0 0 0 1 0 0 0 0 1 0 0 0 0 1 0 0 0 0 1 0 0 1 0 0 1 0 6 13 6 14 7 13 0.333 0 0 0 0 1 33 14
-23.197 -23.219 1.106 51.42 83.622 85.263 81.569 63.89 34.888 0.086 2 2 2 0 0 0 0 1 0 0 0 0 0 1 1 0 0 0 0 0 0 1 4 12 7 1 4 0 3 0 1 0 1 1 0 127.093 0 0 127.093 0 1 0 0 0 0 1 0 0 0 0 1 0 0 0 0 1 0 0 1 0 0 0 1 7 12 7 13 8 12 0.381 0 0 0 0 1 71 8
-20.763 -17.254 1.027 23.088 44.851 55.65 56.154 57.592 57.748 23.661 2 2 2 1 0 0 0 0 0 0 0 0 0 1 0 0 1 0 0 0 0 1 3 11 8 1 3 1 4 1 0 0 1 0 1 130.093 127.093 127.093 130.093 0 1 0 0 0 0 1 0 0 0 0 1 0 0 0 0 0 1 0 1 0 0 1 0 8 11 8 12 9 11 0.429 1 0 0 0 0 19 8
-52.726 -84.983 -64.619 -50.199 -66.476 -90.377 -99.723 -102.673 -94.78 -70.318 2 2 2 0 1 0 0 0 1 0 0 0 0 0 1 0 0 0 0 0 0 2 3 10 9 2 3 0 0 0 1 1 0 1 0 125.233 130.093 130.093 125.233 0 1 0 0 0 0 1 0 0 0 0 1 0 0 0 0 1 0 0 0 1 0 0 1 9 10 9 11 10 10 0.476 0 1 0 0 0 119 8
-39.081 -20.103 -5.382 9.602 24.849 39.161 56.469 70.645 75.637 77.225 2 2 2 1 0 0 0 0 0 0 1 0 0 0 0 0 0 1 0 0 0 2 2 9 10 2 2 2 1 1 0 0 1 0 1 128.233 125.233 125.233 128.233 0 1 0 0 0 0 1 0 0 0 0 1 0 0 0 0 0 1 0 1 0 0 1 0 10 9 10 10 11 9 0.524 1 0 0 0 0 60 8
75.725 72.616 64.464 53.242 41.323 21.016 -1.0 -14.846 -19.656 -20.649 2 2 2 0 0 1 0 0 1 0 0 0 0 0 0 0 0 1 0 0 0 3 2 8 11 3 2 1 0 0 1 1 0 0 1 0 128.233 128.233 0 0 1 0 0 0 0 1 0 0 0 0 1 0 0 0 0 1 0 0 0 1 0 1 0 11 8 11 9 12 8 0.571 0 0 1 0 0 6 5
-14.478 -3.533 -7.932 -30.246 -59.327 -68.639 -69.105 -67.637 -61.642 -32.173 2 2 2 0 0 1 0 0 0 0 0 1 0 0 1 0 0 0 0 0 0 3 2 7 12 3 2 0 1 0 1 0 1 1 0 122.442 0 0 122.442 0 1 0 0 0 0 1 0 0 0 0 1 0 0 0 0 1 0 0 1 0 0 0 1 12 7 12 8 13 7 0.619 0 0 1 0 0 139 5
-16.675 -9.364 5.207 21.286 39.387 56.449 61.612 63.903 66.52 60.113 2 2 2 1 0 0 0 0 0 0 0 1 0 0 0 0 0 1 0 0 0 3 1 6 13 3 1 5 2 1 0 0 1 0 1 125.442 122.442 122.442 125.442 0 1 0 0 0 0 1 0 0 0 0 1 0 0 0 0 0 1 0 1 0 0 1 0 13 6 13 7 14 6 0.667 1 0 0 0 0 711 8
40.007 32.198 25.431 2.473 -46.192 -65.383 -65.416 -56.585 -36.6 -14.773 2 2 2 0 0 1 0 0 1 0 0 0 0 0 0 0 1 0 0 0 0 4 1 5 14 4 1 4 0 0 1 1 0 0 1 0 125.442 125.442 0 0 1 0 0 0 0 1 0 0 0 0 1 0 0 0 0 1 0 0 0 1 0 1 0 14 5 14 6 15 5 0.714 0 0 1 0 0 1427 8
-3.439 -3.153 -3.259 -5.149 -22.036 -44.848 -56.68 -58.656 -51.156 -30.41 2 2 2 0 1 0 0 0 0 0 0 1 0 0 0 0 0 0 0 1 0 4 1 4 15 4 1 3 1 0 1 0 1 0 1 0 0 0 0 0 1 0 0 0 0 1 0 0 0 0 1 0 0 0 0 1 0 0 1 0 0 1 0 15 4 15 5 16 4 0.762 0 1 0 0 0 9 3
-6.722 18.615 45.495 72.164 97.834 109.834 106.082 90.296 67.791 31.772 2 2 2 0 0 0 0 1 0 0 1 0 0 0 0 0 0 0 1 0 0 4 1 3 16 4 1 2 2 0 1 0 1 0 1 0 0 0 0 0 1 0 0 0 0 1 0 0 0 0 1 0 0 0 0 1 0 0 1 0 0 1 0 16 3 16 4 17 3 0.81 0 0 0 0 1 802 3
11.752 8.272 0.254 -14.919 -27.544 -39.235 -43.084 -44.227 -44.82 -41.083 2 2 2 0 0 0 1 0 0 0 0 0 0 1 0 0 1 0 0 0 0 4 1 2 17 4 1 1 3 0 1 0 1 0 1 0 0 0 0 0 1 0 0 0 0 1 0 0 0 0 1 0 0 0 0 1 0 0 1 0 0 1 0 17 2 17 3 18 2 0.857 0 0 0 1 0 2 4
-20.397 -14.45 -13.975 -16.263 -33.193 -52.723 -77.076 -95.588 -92.641 -87.429 2 2 2 0 1 0 0 0 0 0 0 0 1 0 1 0 0 0 0 0 0 4 1 1 18 4 1 0 4 0 1 0 1 1 0 116.86 0 0 116.86 0 1 0 0 0 0 1 0 0 0 0 0 0 1 0 0 1 0 0 1 0 0 0 1 18 1 18 2 19 1 0.905 0 1 0 0 0 259 5
11.41 11.638 13.576 24.456 36.97 46.811 55.1 60.531 73.664 90.747 2 2 0 1 0 0 0 0 0 0 1 0 0 0 0 1 0 0 0 0 0 4 0 0 19 4 0 0 5 1 0 0 1 0 1 119.86 116.86 116.86 0 0 0 0 1 0 0 1 0 0 0 1 0 0 0 0 0 0 1 0 1 0 1 0 0 19 0 19 1 1 1 0.333 1 0 0 0 0 498 5
