13.373 13.44 13.58 13.8 8.771 -1.572 -5.754 -11.007 -14.35 -19.901 2 0 2 1 0 0 0 0 0 1 0 0 0 0 1 0 0 0 0 0 0 0 4 16 0 0 4 0 0 1 0 0 1 1 0 137.9185 134.459 0 137.9185 0 1 0 0 0 1 0 0 0 0 0 1 0 0 0 0 0 1 1 0 0 0 0 1 0 16 0 17 1 17 0.053 1 0 0 0 0 87 1
-22.69 -15.614 -1.167 1.738 -1.207 -4.393 -2.69 0.937 4.954 -2.835 2 2 2 1 0 0 0 0 1 0 0 0 0 0 1 0 0 0 0 0 0 0 3 15 1 0 3 0 0 1 0 1 0 1 0 136.83749 137.9185 137.9185 136.83749 0 1 0 0 0 0 1 0 0 0 0 1 0 0 0 0 0 1 0 0 1 0 0 1 1 15 1 16 2 16 0.105 1 0 0 0 0 126 1
-22.226 -22.001 -18.115 2.862 25.603 30.541 36.327 41.498 48.128 39.205 2 2 2 1 0 0 0 0 1 0 0 0 0 0 0 0 0 1 0 0 0 1 2 14 2 1 2 1 0 1 0 1 0 0 1 135.297 136.83749 136.83749 135.297 0 1 0 0 0 0 1 0 0 0 0 1 0 0 0 0 0 1 0 0 1 0 1 0 2 14 2 15 3 15 0.158 1 0 0 0 0 1038 1
18.88 6.627 -5.858 -18.606 -31.655 -43.106 -43.292 -32.7 -22.937 -19.14 2 2 2 0 0 1 0 0 1 0 0 0 0 0 1 0 0 0 0 0 0 2 2 13 3 2 2 0 0 0 1 1 0 1 0 130.13499 135.297 135.297 130.13499 0 1 0 0 0 0 1 0 0 0 0 1 0 0 0 0 1 0 0 0 1 0 0 1 3 13 3 14 4 14 0.211 0 0 1 0 0 70 8
-12.196 -0.005 12.134 22.262 9.901 -1.759 -3.007 -4.085 -5.29 -14.845 2 2 2 1 0 0 0 0 0 0 0 1 0 0 0 0 0 0 0 1 0 2 1 12 4 2 1 1 1 1 0 0 1 0 1 133.13499 130.13499 130.13499 133.13499 0 1 0 0 0 0 1 0 0 0 0 1 0 0 0 0 0 1 0 1 0 0 1 0 4 12 4 13 5 13 0.263 1 0 0 0 0 493 8
-62.739 -70.417 38.106 77.71 80.838 72.151 53.282 19.272 -17.672 -42.774 2 2 2 0 0 0 0 1 1 0 0 0 0 0 1 0 0 0 0 0 0 3 1 11 5 3 1 0 0 0 1 1 0 1 0 127.97301 133.13499 133.13499 127.97301 0 1 0 0 0 0 1 0 0 0 0 1 0 0 0 0 1 0 0 0 1 0 0 1 5 11 5 12 6 12 0.316 0 0 0 0 1 71 5
-56.8 -40.354 -14.107 10.406 19.81 21.343 23.05 26.182 29.103 19.818 2 2 2 1 0 0 0 0 0 0 0 0 0 1 0 0 0 1 0 0 0 3 0 10 6 3 0 10 1 1 0 0 1 0 1 130.97301 127.97301 127.97301 130.97301 0 1 0 0 0 0 1 0 0 0 0 1 0 0 0 0 0 1 0 1 0 0 1 0 6 10 6 11 7 11 0.368 1 0 0 0 0 132 5
9.731 -0.365 -11.052 -21.468 -57.777 -69.042 -74.897 -69.644 -59.078 -45.75 2 2 2 0 0 1 0 0 1 0 0 0 0 0 0 0 0 0 0 1 0 4 0 9 7 4 0 9 0 0 1 1 0 0 1 0 130.97301 130.97301 0 0 1 0 0 0 0 1 0 0 0 0 1 0 0 0 0 1 0 0 0 1 0 1 0 7 9 7 10 8 10 0.421 0 0 1 0 0 7 2
-19.479 7.42 55.481 83.983 87.573 87.095 74.823 46.346 14.928 -12.237 2 2 2 0 0 0 0 1 0 0 0 1 0 0 0 0 0 1 0 0 0 4 0 8 8 4 0 8 1 0 1 0 1 0 1 0 0 0 0 0 1 0 0 0 0 1 0 0 0 0 1 0 0 0 0 1 0 0 1 0 0 1 0 8 8 8 9 9 9 0.474 0 0 0 0 1 71 5
-33.338 -31.328 -28.199 -25.071 -21.942 -19.821 -19.872 -9.701 7.444 39.016 2 2 2 0 0 1 0 0 0 0 0 0 0 1 0 0 1 0 0 0 0 4 0 7 9 4 0 7 2 0 1 0 1 0 1 0 0 0 0 0 1 0 0 0 0 1 0 0 0 0 1 0 0 0 0 1 0 0 1 0 0 1 0 9 7 9 8 10 8 0.526 0 0 1 0 0 428 5
54.112 51.328 42.018 27.412 14.72 -9.484 -42.308 -64.87 -80.964 -101.729 2 2 2 0 1 0 0 0 0 0 0 1 0 0 0 0 0 0 0 1 0 4 0 6 10 4 0 6 3 0 1 0 1 0 1 0 0 0 0 0 1 0 0 0 0 1 0 0 0 0 1 0 0 0 0 1 0 0 1 0 0 1 0 10 6 10 7 11 7 0.579 0 1 0 0 0 448 8
-96.614 -57.674 3.578 41.599 39.483 25.324 9.143 -2.339 -10.604 -11.705 2 2 2 0 0 0 0 1 0 0 1 0 0 0 0 0 0 0 0 1 0 4 0 5 11 4 0 5 4 0 1 0 1 0 1 0 0 0 0 0 1 0 0 0 0 1 0 0 0 0 1 0 0 0 0 1 0 0 1 0 0 1 0 11 5 11 6 12 6 0.632 0 0 0 0 1 103 8
-11.855 -5.05 34.18 88.194 105.865 110.35 99.892 64.327 24.083 -6.947 2 2 2 0 0 0 0 1 0 0 0 0 0 1 0 0 1 0 0 0 0 4 0 4 12 4 0 4 5 0 1 0 1 0 1 0 0 0 0 0 1 0 0 0 0 1 0 0 0 0 1 0 0 0 0 1 0 0 1 0 0 1 0 12 4 12 5 13 5 0.684 0 0 0 0 1 173 8
-35.224 -39.45 -40.789 -42.43 -42.736 -42.483 -53.343 -72.353 -70.081 -56.539 2 2 2 0 1 0 0 0 0 0 0 0 0 1 0 0 0 0 1 0 0 4 0 3 13 4 0 3 6 0 1 0 1 0 1 0 0 0 0 0 1 0 0 0 0 1 0 0 0 0 1 0 0 0 0 1 0 0 1 0 0 1 0 13 3 13 4 14 4 0.737 0 1 0 0 0 392 8
-42.331 -31.775 -21.514 -11.635 -2.22 6.661 14.946 22.589 29.554 35.824 2 2 2 0 0 0 1 0 0 0 1 0 0 0 0 0 0 0 0 1 0 4 0 2 14 4 0 2 7 0 1 0 1 0 1 0 0 0 0 0 1 0 0 0 0 1 0 0 0 0 1 0 0 0 0 1 0 0 1 0 0 1 0 14 2 14 3 15 3 0.789 0 0 0 1 0 2 9
45.486 57.189 65.923 65.151 55.835 41.453 19.041 -9.141 -22.144 -14.366 2 2 2 0 0 0 0 1 0 0 0 0 1 0 0 0 0 0 0 1 0 4 0 1 15 4 0 1 8 0 1 0 1 0 1 0 0 0 0 0 1 0 0 0 0 1 0 0 0 0 0 0 1 0 0 1 0 0 1 0 0 1 0 15 1 15 2 16 2 0.842 0 0 0 0 1 140 5
0.096 1.439 5.918 8.822 -2.012 -22.468 -36.743 -37.238 -34.847 -36.078 2 2 0 0 0 0 0 1 0 0 0 0 0 1 0 1 0 0 0 0 0 4 0 0 16 4 0 0 9 0 1 0 1 0 1 110 0 0 0 0 0 0 1 0 0 1 0 0 0 1 0 0 0 0 0 1 0 0 1 0 1 0 0 16 0 16 1 17 1 0.895 0 0 0 0 1 878 5
