382.553104421 381.156250626 378.385616486 374.28689752 368.927517968 362.395314053 354.796821259 346.255201227 336.907851321 326.903746427 2 0 2 0 0 0 0 1 0 1 0 0 0 0 0 0 0 0 0 1 0 0 2 17 0 0 2 7 0 0 1 0 1 0 1 0 130 0 0 0 1 0 0 0 1 0 0 0 0 0 1 0 0 0 0 1 0 1 0 0 0 1 0 0 17 0 18 1 9 0.091 0 0 0 0 1 33 3
316.400568029 305.561679874 294.553012545 283.539920987 272.684079292 262.14047607 252.0545713 242.559671924 233.774578551 225.801549695 2 2 2 0 0 0 0 1 0 0 0 0 0 1 0 0 1 0 0 0 0 0 2 16 1 0 2 6 1 0 1 0 1 0 1 0 0 0 0 0 1 0 0 0 0 1 0 0 0 0 1 0 0 0 0 1 0 0 1 0 0 1 0 1 16 1 17 2 8 0.182 0 0 0 0 1 71 3
218.724623041 212.6083255 207.496795465 203.413331827 200.36037526 198.319918104 197.254330183 197.10757917 197.806815965 199.264288023 2 2 2 0 1 0 0 0 0 0 0 0 0 1 0 0 0 1 0 0 0 0 2 15 2 0 2 5 2 0 1 0 1 0 1 0 0 0 0 0 1 0 0 0 0 1 0 0 0 0 1 0 0 0 0 1 0 0 1 0 0 1 0 2 15 2 16 3 7 0.273 0 1 0 0 0 538 5
201.379536945 204.041830937 207.132778196 210.529063896 214.105251278 217.736586569 221.301747861 224.685479861 227.781059392 230.492540656 2 2 2 0 0 1 0 0 0 0 1 0 0 0 0 0 0 0 0 1 0 0 2 14 3 0 2 4 3 0 1 0 1 0 1 0 0 0 0 0 1 0 0 0 0 1 0 0 0 0 1 0 0 0 0 1 0 0 1 0 0 1 0 3 14 3 15 4 6 0.364 0 0 1 0 0 787 5
232.736734494 234.444881994 235.563989771 236.057801799 235.907390772 235.111360288 233.685657636 231.663005368 229.091967926 226.03567736 2 2 2 0 0 0 0 1 0 0 0 1 0 0 0 0 1 0 0 0 0 0 2 13 4 0 2 3 4 0 1 0 1 0 1 0 0 0 0 0 1 0 0 0 0 1 0 0 0 0 1 0 0 0 0 1 0 0 1 0 0 1 0 4 13 4 14 5 5 0.455 0 0 0 0 1 39 5
222.570249228 218.782926169 214.769992134 210.634504731 206.483896643 202.427499315 198.574043262 195.029189297 191.893143725 189.258408194 2 2 2 0 1 0 0 0 0 0 0 0 0 1 0 0 0 1 0 0 0 0 2 12 5 0 2 2 5 0 1 0 1 0 1 0 0 0 0 0 1 0 0 0 0 1 0 0 0 0 1 0 0 0 0 1 0 0 1 0 0 1 0 5 12 5 13 6 4 0.545 0 1 0 0 0 62 5
187.20771145 185.812165859 185.129686208 185.203702324 186.06219035 187.717040435 190.163771195 193.381593738 197.333820585 201.968607481 2 2 2 0 0 1 0 0 0 0 1 0 0 0 0 0 0 0 0 1 0 0 2 11 6 0 2 1 6 0 1 0 1 0 1 0 0 0 0 0 1 0 0 0 0 1 0 0 0 0 1 0 0 0 0 1 0 0 1 0 0 1 0 6 11 6 12 7 3 0.636 0 0 1 0 0 398 1
207.220009139 213.009323525 219.246693431 225.832929058 232.661511042 239.620730116 246.595917262 253.47171691 260.134355513 266.47385857 2 2 2 0 0 0 0 1 0 0 0 1 0 0 1 0 0 0 0 0 0 0 2 10 7 0 2 0 7 0 1 0 1 1 0 126.282 0 0 126.282 0 1 0 0 0 0 1 0 0 0 0 1 0 0 0 0 1 0 0 1 0 0 0 1 7 10 7 11 8 2 0.727 0 0 0 0 1 2475 1
272.386170949 277.775138033 282.554308812 286.648526325 289.995275895 292.545767103 294.265731438 295.135923748 295.152322031 294.326026432 2 2 2 1 0 0 0 0 0 0 0 0 0 1 0 0 0 0 0 1 0 0 1 9 8 0 1 5 8 1 0 0 1 0 1 129.282 126.282 126.282 129.282 0 1 0 0 0 0 1 0 0 0 0 1 0 0 0 0 0 1 0 1 0 0 1 0 8 9 8 10 9 1 0.818 1 0 0 0 0 582 1
292.68286457 290.262716248 287.118576171 283.315378336 278.928610197 274.042748464 268.74955138 263.146244504 257.333638385 251.414217011 2 2 2 0 0 0 0 1 1 0 0 0 0 0 0 0 0 0 0 1 0 1 1 8 9 1 1 4 0 0 1 1 0 0 1 0 129.282 129.282 0 0 1 0 0 0 0 1 0 0 0 0 1 0 0 0 0 1 0 0 0 1 0 1 0 9 8 9 9 1 9 0.091 0 0 0 0 1 28 8
245.4902356 239.661865134 234.02541918 228.671695876 223.684464792 219.139124543 215.101552842 211.627166109 208.76020097 206.533225033 2 2 2 0 0 0 0 1 0 0 0 0 0 1 0 0 0 0 0 1 0 1 1 7 10 1 1 3 1 0 1 0 1 0 1 0 0 0 0 0 1 0 0 0 0 1 0 0 0 0 1 0 0 0 0 1 0 0 1 0 0 1 0 10 7 10 8 2 8 0.182 0 0 0 0 1 39 8
204.966879461 204.069850986 203.839066414 204.260098356 205.307766949 206.94691889 209.133362112 211.814932055 214.932663702 218.422042361 2 2 2 0 0 0 0 1 0 0 0 0 0 1 0 0 0 0 0 1 0 1 1 6 11 1 1 2 2 0 1 0 1 0 1 0 0 0 0 0 1 0 0 0 0 1 0 0 0 0 1 0 0 0 0 1 0 0 1 0 0 1 0 11 6 11 7 3 7 0.273 0 0 0 0 1 1618 8
222.214305648 226.237769198 230.419149283 234.684856741 238.962238348 243.180743912 247.272999952 251.175773639 254.8308138 258.185558981 2 2 2 0 0 0 0 1 0 0 0 0 0 1 0 0 0 0 0 1 0 1 1 5 12 1 1 1 3 0 1 0 1 0 1 0 0 0 0 0 1 0 0 0 0 1 0 0 0 0 1 0 0 0 0 1 0 0 1 0 0 1 0 12 5 12 6 4 6 0.364 0 0 0 0 1 1247 8
261.193705905 263.815634907 266.018692175 267.777331631 269.073122137 269.89462825 270.237174959 270.102508728 269.49836861 268.437982304 2 2 2 0 0 0 0 1 0 0 0 0 0 1 1 0 0 0 0 0 0 1 1 4 13 1 1 0 4 0 1 0 1 1 0 120.128 0 0 120.128 0 1 0 0 0 0 1 0 0 0 0 1 0 0 0 0 1 0 0 1 0 0 0 1 13 4 13 5 5 5 0.455 0 0 0 0 1 173 2
266.939502653 265.025400377 262.721828702 260.057975026 257.065414009 253.777475294 250.228637762 246.453960652 242.488560173 238.367138456 2 2 2 1 0 0 0 0 0 0 0 0 0 1 0 0 0 1 0 0 0 1 0 3 14 1 0 3 5 1 0 0 1 0 1 123.128 120.128 120.128 123.128 0 1 0 0 0 0 1 0 0 0 0 1 0 0 0 0 0 1 0 1 0 0 1 0 14 3 14 4 6 4 0.545 1 0 0 0 0 29 8
234.123569857 229.790547805 225.399293609 220.979327017 216.558296753 212.161867945 207.813662192 203.535245104 199.346155406 195.263969281 2 2 2 0 0 1 0 0 1 0 0 0 0 0 0 0 1 0 0 0 0 2 0 2 15 2 0 2 0 0 1 1 0 0 1 0 123.128 123.128 0 0 1 0 0 0 0 1 0 0 0 0 1 0 0 0 0 1 0 0 0 1 0 1 0 15 2 15 3 7 3 0.636 0 0 1 0 0 142 8
191.304393337 187.481379569 183.807255893 180.29286613 176.947713893 173.780105416 170.797287132 168.005574579 165.41047004 163.016767146 2 2 2 0 1 0 0 0 0 0 0 1 0 0 0 0 0 0 0 1 0 2 0 1 16 2 0 1 1 0 1 0 1 0 1 0 0 0 0 0 1 0 0 0 0 1 0 0 0 0 0 0 1 0 0 1 0 0 1 0 0 1 0 16 1 16 2 8 2 0.727 0 1 0 0 0 564 5
160.828641444 158.849726659 157.083177012 155.531716508 154.197676478 153.083023012 152.189376021 151.518021737 151.069920343 150.845710255 2 2 0 0 0 0 0 1 0 0 1 0 0 0 0 1 0 0 0 0 0 2 0 0 17 2 0 0 2 0 1 0 1 0 1 110 0 0 0 0 0 0 1 0 0 1 0 0 0 1 0 0 0 0 0 1 0 0 1 0 1 0 0 17 0 17 1 9 1 0.818 0 0 0 0 1 360 5
