180.587987501 181.045726058 181.957171917 183.314226061 185.104652261 187.311981651 189.91540143 192.889640521 196.204867218 199.826615389 2 0 2 0 1 0 0 0 0 1 0 0 0 0 0 0 0 1 0 0 0 0 3 16 0 0 3 10 0 0 1 0 1 0 1 0 130 0 0 0 1 0 0 0 1 0 0 0 0 0 1 0 0 0 0 1 0 1 0 0 0 1 0 0 16 0 17 1 7 0.111 0 1 0 0 0 22 17
203.71575673 207.82853663 212.116690574 216.527656555 221.00489677 225.48833898 229.914944383 234.219404822 238.334967712 242.194382369 2 2 1 0 0 1 0 0 0 0 1 0 0 0 0 0 0 0 0 1 0 0 3 15 1 0 3 9 1 0 1 0 1 0 1 0 0 0 0 0 1 0 0 0 0 1 0 0 0 0 1 0 0 0 0 1 0 0 1 0 0 1 0 1 15 1 16 2 6 0.222 0 0 1 0 0 8 12
245.730956625 248.879707883 251.578588217 253.769758972 255.400886692 256.426429258 256.808878938 256.519927798 255.541520613 253.866761178 1 2 2 0 0 0 0 1 0 0 0 1 0 0 0 0 0 1 0 0 0 0 3 14 2 0 3 8 2 0 1 0 1 0 1 0 0 0 0 0 1 0 0 0 0 1 0 0 0 0 1 0 0 0 0 1 0 0 1 0 0 1 0 2 14 2 15 3 5 0.333 0 0 0 0 1 374 8
251.500639675 248.460551571 244.776582355 240.49153712 235.660699586 230.351311376 224.641769159 218.620544392 212.384837757 206.038987625 2 1 2 0 0 1 0 0 0 0 0 0 0 1 0 0 1 0 0 0 0 0 3 13 3 0 3 7 3 0 1 0 1 0 1 0 0 0 0 0 1 0 0 0 0 1 0 0 0 0 1 0 0 0 0 1 0 0 1 0 0 1 0 3 13 3 14 4 4 0.444 0 0 1 0 0 712 8
199.692659006 193.458846014 187.451726943 181.784416176 176.566661408 171.902537724 167.88819192 164.609690973 162.141027747 160.542334715 2 2 2 0 1 0 0 0 0 0 0 1 0 0 0 0 0 1 0 0 0 0 3 12 4 0 3 6 4 0 1 0 1 0 1 0 0 0 0 0 1 0 0 0 0 1 0 0 0 0 1 0 0 0 0 1 0 0 1 0 0 1 0 4 12 4 13 5 3 0.556 0 1 0 0 0 106 8
159.858352949 160.117198652 161.329463452 163.48767743 166.566155828 170.521241485 175.291945821 180.800981514 186.956170465 193.6522012 2 2 2 0 0 1 0 0 0 0 1 0 0 0 0 0 1 0 0 0 0 0 3 11 5 0 3 5 5 0 1 0 1 0 1 0 0 0 0 0 1 0 0 0 0 1 0 0 0 0 1 0 0 0 0 1 0 0 1 0 0 1 0 5 11 5 12 6 2 0.667 0 0 1 0 0 712 8
200.772700958 208.192579469 215.780594147 223.402080243 230.921784662 238.20673876 245.129103566 251.568920714 257.416703805 262.57580801 2 2 2 0 1 0 0 0 0 0 0 1 0 0 0 0 0 0 0 1 0 0 3 10 6 0 3 4 6 0 1 0 1 0 1 0 0 0 0 0 1 0 0 0 0 1 0 0 0 0 1 0 0 0 0 1 0 0 1 0 0 1 0 6 10 6 11 7 1 0.778 0 1 0 0 0 659 8
266.964520455 270.517820055 273.188763023 274.949458954 275.791612042 275.726612357 274.785172975 273.016519748 270.487151517 267.279199102 2 2 2 0 0 0 0 1 0 0 1 0 0 0 0 0 0 1 0 0 0 0 3 9 7 0 3 3 7 0 1 0 1 0 1 0 0 0 0 0 1 0 0 0 0 1 0 0 0 0 1 0 0 0 0 1 0 0 1 0 0 1 0 7 9 7 10 1 10 0.083 0 0 0 0 1 15 8
263.48842141 259.221886022 254.595389589 249.730679911 244.752546697 239.78585137 234.952567987 230.368907182 226.142593097 222.370359567 2 2 2 0 0 1 0 0 0 0 0 0 0 1 0 0 0 0 0 1 0 0 3 8 8 0 3 2 8 0 1 0 1 0 1 0 0 0 0 0 1 0 0 0 0 1 0 0 0 0 1 0 0 0 0 1 0 0 1 0 0 1 0 8 8 8 9 2 9 0.167 0 0 1 0 0 1176 8
219.135726417 216.507109804 214.536312207 213.257428219 212.686191848 212.819779998 213.637075338 215.099380232 217.151562072 219.723599551 2 2 2 0 0 0 0 1 0 0 0 1 0 0 0 0 0 0 0 1 0 0 3 7 9 0 3 1 9 0 1 0 1 0 1 0 0 0 0 0 1 0 0 0 0 1 0 0 0 0 1 0 0 0 0 1 0 0 1 0 0 1 0 9 7 9 8 3 8 0.25 0 0 0 0 1 1506 8
222.732489338 226.084463644 229.677461401 233.403789551 237.152906297 240.814255291 244.280078717 247.448138007 250.224273606 252.52473957 2 2 2 0 0 0 0 1 0 0 0 0 0 1 1 0 0 0 0 0 0 0 3 6 10 0 3 0 10 0 1 0 1 1 0 122.778 0 0 122.778 0 1 0 0 0 0 1 0 0 0 0 1 0 0 0 0 1 0 0 1 0 0 0 1 10 6 10 7 4 7 0.333 0 0 0 0 1 738 8
254.278254862 255.427720743 255.931562454 255.764663312 254.918869972 253.403058837 251.242764977 248.4793863 245.168986622 241.380731637 2 2 2 1 0 0 0 0 0 0 0 0 0 1 0 0 0 0 0 1 0 0 2 5 11 0 2 2 11 1 0 0 1 0 1 125.778 122.778 122.778 125.778 0 1 0 0 0 0 1 0 0 0 0 1 0 0 0 0 0 1 0 1 0 0 1 0 11 5 11 6 5 6 0.417 1 0 0 0 0 2499 5
237.195001119 232.70122891 227.995529023 223.178171485 218.350975028 213.614685557 209.06640923 204.797167108 200.889634684 197.416124321 2 2 2 0 0 0 0 1 1 0 0 0 0 0 0 0 0 0 0 1 0 1 2 4 12 1 2 1 0 0 1 1 0 0 1 0 125.778 125.778 0 0 1 0 0 0 0 1 0 0 0 0 1 0 0 0 0 1 0 0 0 1 0 1 0 12 4 12 5 6 5 0.5 0 0 0 0 1 2012 5
194.436861759 191.998599763 190.133602687 188.859025652 188.176701332 188.073336375 188.521108498 189.478644619 190.892350277 192.698051362 2 2 2 0 0 0 0 1 0 0 0 0 0 1 1 0 0 0 0 0 0 1 2 3 13 1 2 0 1 0 1 0 1 1 0 119.444 0 0 119.444 0 1 0 0 0 0 1 0 0 0 0 1 0 0 0 0 1 0 0 1 0 0 0 1 13 3 13 4 7 4 0.583 0 0 0 0 1 49 12
194.822900999 197.187497608 199.708154801 202.299260072 204.875657231 207.354987322 209.659924327 211.720245219 213.474678861 214.872484646 2 2 2 1 0 0 0 0 0 0 0 0 0 1 0 0 0 0 0 1 0 1 1 2 14 1 1 1 2 1 0 0 1 0 1 122.444 119.444 119.444 122.444 0 1 0 0 0 0 1 0 0 0 0 1 0 0 0 0 0 1 0 1 0 0 1 0 14 2 14 3 8 3 0.667 1 0 0 0 0 1318 8
215.874719459 216.455160413 216.600860421 216.312323957 215.603300918 214.500207076 213.041189904 211.274868352 209.258784039 207.057609226 2 2 2 0 0 0 0 1 1 0 0 0 0 0 1 0 0 0 0 0 0 2 1 1 15 2 1 0 0 0 1 1 0 1 0 117.222 122.444 122.444 117.222 0 1 0 0 0 0 1 0 0 0 0 0 0 1 0 0 1 0 0 0 1 0 0 1 15 1 15 2 9 2 0.75 0 0 0 0 1 163 5
204.741163536 202.382296495 200.054696547 197.83068904 195.779085806 193.963147336 192.438715251 191.25256787 190.441045303 190.028982865 2 2 0 1 0 0 0 0 0 0 0 0 0 1 0 1 0 0 0 0 0 2 0 0 16 2 0 0 1 1 0 0 1 0 1 120.222 117.222 117.222 0 0 0 0 1 0 0 1 0 0 0 1 0 0 0 0 0 0 1 0 1 0 1 0 0 16 0 16 1 10 1 0.833 1 0 0 0 0 1035 5
