27.534 30.407 30.666 29.367 26.396 22.885 15.227 4.188 -7.64 -23.362 2 0 2 0 0 0 0 1 0 1 0 0 0 0 0 0 0 0 0 1 0 0 3 21 0 0 3 1 0 0 1 0 1 0 1 0 130 0 0 0 1 0 0 0 1 0 0 0 0 0 1 0 0 0 0 1 0 1 0 0 0 1 0 0 21 0 22 1 11 0.077 0 0 0 0 1 89 13
-32.527 -26.189 -24.803 -37.376 -46.721 -52.128 -53.302 -52.957 -53.824 -58.043 2 2 2 0 0 0 0 1 0 0 0 0 0 1 1 0 0 0 0 0 0 0 3 20 1 0 3 0 1 0 1 0 1 1 0 132.826 0 0 132.826 0 1 0 0 0 0 1 0 0 0 0 1 0 0 0 0 1 0 0 1 0 0 0 1 1 20 1 21 2 10 0.154 0 0 0 0 1 20 13
-58.29 -39.945 -26.873 0.043 49.214 68.774 78.626 87.623 96.971 89.151 2 2 2 1 0 0 0 0 0 0 0 0 0 1 0 0 0 0 0 1 0 0 2 19 2 0 2 3 2 1 0 0 1 0 1 135.826 132.826 132.826 135.826 0 1 0 0 0 0 1 0 0 0 0 1 0 0 0 0 0 1 0 1 0 0 1 0 2 19 2 20 3 9 0.231 1 0 0 0 0 976 3
77.182 84.742 93.624 97.986 65.628 17.468 -28.399 -58.073 -74.449 -40.289 2 2 1 0 0 0 0 1 1 0 0 0 0 0 0 0 0 1 0 0 0 1 2 18 3 1 2 2 0 0 1 1 0 0 1 0 135.826 135.826 0 0 1 0 0 0 0 1 0 0 0 0 1 0 0 0 0 1 0 0 0 1 0 1 0 3 18 3 19 4 8 0.308 0 0 0 0 1 2499 3
14.22 -4.202 -74.035 -84.225 -86.96 -90.745 -89.402 -82.731 -71.354 -60.556 1 2 2 0 0 1 0 0 0 0 0 0 0 1 0 0 0 0 0 1 0 1 2 17 4 1 2 1 1 0 1 0 1 0 1 0 0 0 0 0 1 0 0 0 0 1 0 0 0 0 1 0 0 0 0 1 0 0 1 0 0 1 0 4 17 4 18 5 7 0.385 0 0 1 0 0 54 19
-55.38 -31.137 17.51 65.084 76.343 69.934 45.625 11.481 -12.683 -19.996 2 1 2 0 0 0 0 1 0 0 0 1 0 0 1 0 0 0 0 0 0 1 2 16 5 1 2 0 2 0 1 0 1 1 0 129.783 0 0 129.783 0 1 0 0 0 0 1 0 0 0 0 1 0 0 0 0 1 0 0 1 0 0 0 1 5 16 5 17 6 6 0.462 0 0 0 0 1 2218 8
-12.401 0.135 12.956 26.007 39.845 50.029 52.09 53.524 53.812 50.207 2 2 2 1 0 0 0 0 0 0 0 0 0 1 0 0 0 0 1 0 0 1 1 15 6 1 1 11 3 1 0 0 1 0 1 132.783 129.783 129.783 132.783 0 1 0 0 0 0 1 0 0 0 0 1 0 0 0 0 0 1 0 1 0 0 1 0 6 15 6 16 7 5 0.538 1 0 0 0 0 1140 8
44.157 40.465 37.047 29.827 10.135 -8.825 -18.41 -22.45 -23.966 -24.405 2 2 2 0 0 0 1 0 1 0 0 0 0 0 0 0 1 0 0 0 0 2 1 14 7 2 1 10 0 0 1 1 0 0 1 0 132.783 132.783 0 0 1 0 0 0 0 1 0 0 0 0 1 0 0 0 0 1 0 0 0 1 0 1 0 7 14 7 15 8 4 0.615 0 0 0 1 0 2 9
-26.445 -29.933 -29.649 -29.284 -28.576 -32.051 -61.072 -75.149 -74.671 -68.528 2 2 2 0 1 0 0 0 0 0 0 0 1 0 0 0 0 1 0 0 0 2 1 13 8 2 1 9 1 0 1 0 1 0 1 0 0 0 0 0 1 0 0 0 0 1 0 0 0 0 1 0 0 0 0 1 0 0 1 0 0 1 0 8 13 8 14 9 3 0.692 0 1 0 0 0 50 3
-51.959 -34.651 -17.513 -2.065 0.915 -1.12 14.763 53.955 93.418 101.874 2 2 2 0 0 1 0 0 0 0 1 0 0 0 0 0 1 0 0 0 0 2 1 12 9 2 1 8 2 0 1 0 1 0 1 0 0 0 0 0 1 0 0 0 0 1 0 0 0 0 1 0 0 0 0 1 0 0 1 0 0 1 0 9 12 9 13 10 2 0.769 0 0 1 0 0 1706 5
97.601 90.639 77.469 32.538 -22.472 -91.503 -86.177 -41.766 -53.345 -65.656 2 2 2 0 1 0 0 0 0 0 0 1 0 0 0 0 1 0 0 0 0 2 1 11 10 2 1 7 3 0 1 0 1 0 1 0 0 0 0 0 1 0 0 0 0 1 0 0 0 0 1 0 0 0 0 1 0 0 1 0 0 1 0 10 11 10 12 11 1 0.846 0 1 0 0 0 2499 5
43.051 42.049 40.588 37.728 34.264 30.205 24.957 17.586 5.657 -9.153 2 2 2 0 1 0 0 0 0 0 1 0 0 0 0 0 0 0 0 1 0 2 1 10 11 2 1 6 4 0 1 0 1 0 1 0 0 0 0 0 1 0 0 0 0 1 0 0 0 0 1 0 0 0 0 1 0 0 1 0 0 1 0 11 10 11 11 1 11 0.077 0 1 0 0 0 193 12
-14.626 -1.007 26.643 27.596 16.742 0.293 -14.071 -19.86 -23.498 -33.362 2 2 2 0 0 0 0 1 0 0 1 0 0 0 0 0 0 1 0 0 0 2 1 9 12 2 1 5 5 0 1 0 1 0 1 0 0 0 0 0 1 0 0 0 0 1 0 0 0 0 1 0 0 0 0 1 0 0 1 0 0 1 0 12 9 12 10 2 10 0.154 0 0 0 0 1 163 27
-38.805 -37.044 -34.16 -30.885 -32.354 -57.964 -71.012 -72.568 -53.511 -20.448 2 2 2 0 0 1 0 0 0 0 0 0 0 1 0 0 0 0 0 1 0 2 1 8 13 2 1 4 6 0 1 0 1 0 1 0 0 0 0 0 1 0 0 0 0 1 0 0 0 0 1 0 0 0 0 1 0 0 1 0 0 1 0 13 8 13 9 3 9 0.231 0 0 1 0 0 370 12
1.335 23.311 57.743 81.288 86.99 85.188 71.922 50.055 17.031 -8.878 2 2 2 0 0 0 0 1 0 0 0 1 0 0 0 0 0 0 1 0 0 2 1 7 14 2 1 3 7 0 1 0 1 0 1 0 0 0 0 0 1 0 0 0 0 1 0 0 0 0 1 0 0 0 0 1 0 0 1 0 0 1 0 14 7 14 8 4 8 0.308 0 0 0 0 1 289 12
-6.853 -5.17 -10.733 -18.523 -21.851 -21.591 -20.784 -19.974 -17.643 -11.817 2 2 2 0 0 0 1 0 0 0 0 0 0 1 0 0 0 0 0 1 0 2 1 6 15 2 1 2 8 0 1 0 1 0 1 0 0 0 0 0 1 0 0 0 0 1 0 0 0 0 1 0 0 0 0 1 0 0 1 0 0 1 0 15 6 15 7 5 7 0.385 0 0 0 1 0 11 18
4.647 25.999 54.841 71.445 62.492 40.347 15.171 -14.425 -32.303 -28.112 2 2 2 0 0 0 0 1 0 0 0 0 1 0 0 0 0 0 0 1 0 2 1 5 16 2 1 1 9 0 1 0 1 0 1 0 0 0 0 0 1 0 0 0 0 1 0 0 0 0 1 0 0 0 0 1 0 0 1 0 0 1 0 16 5 16 6 6 6 0.462 0 0 0 0 1 270 8
-1.1 -3.337 -19.089 -34.745 -56.668 -68.019 -70.891 -67.562 -54.283 -24.156 2 2 2 0 0 0 0 1 0 0 0 0 0 1 1 0 0 0 0 0 0 2 1 4 17 2 1 0 10 0 1 0 1 1 0 119.348 0 0 119.348 0 1 0 0 0 0 1 0 0 0 0 1 0 0 0 0 1 0 0 1 0 0 0 1 17 4 17 5 7 5 0.538 0 0 0 0 1 5 8
-9.25 2.967 15.385 28.055 39.302 39.665 33.207 27.935 25.926 23.857 2 2 2 1 0 0 0 0 0 0 0 0 0 1 0 0 0 0 0 1 0 2 0 3 18 2 0 3 11 1 0 0 1 0 1 122.348 119.348 119.348 122.348 0 1 0 0 0 0 1 0 0 0 0 1 0 0 0 0 0 1 0 1 0 0 1 0 18 3 18 4 8 4 0.615 1 0 0 0 0 1332 5
21.516 23.356 27.621 30.983 16.3 -16.132 -39.905 -56.523 -60.64 -51.073 2 2 2 0 0 0 0 1 1 0 0 0 0 0 0 0 0 0 0 1 0 3 0 2 19 3 0 2 0 0 1 1 0 0 1 0 122.348 122.348 0 0 1 0 0 0 0 1 0 0 0 0 1 0 0 0 0 1 0 0 0 1 0 1 0 19 2 19 3 9 3 0.692 0 0 0 0 1 714 5
-19.853 14.285 48.597 76.17 88.235 80.051 49.263 5.838 -30.573 -38.12 2 2 2 0 0 0 0 1 0 0 0 0 0 1 0 0 0 0 0 1 0 3 0 1 20 3 0 1 1 0 1 0 1 0 1 0 0 0 0 0 1 0 0 0 0 1 0 0 0 0 0 0 1 0 0 1 0 0 1 0 0 1 0 20 1 20 2 10 2 0.769 0 0 0 0 1 1743 5
-31.082 -20.951 -8.022 3.126 4.486 -10.046 -16.174 -21.339 -25.009 -30.429 2 2 0 0 0 0 0 1 0 0 0 0 0 1 0 1 0 0 0 0 0 3 0 0 21 3 0 0 2 0 1 0 1 0 1 110 0 0 0 0 0 0 1 0 0 1 0 0 0 1 0 0 0 0 0 1 0 0 1 0 1 0 0 21 0 21 1 11 1 0.846 0 0 0 0 1 15 5
