15.65595 10.09274 7.20079 10.28244 20.88288 36.58507 48.87085 43.66199 27.32752 6.24863 2 0 2 0 0 1 0 0 0 1 0 0 0 0 0 0 1 0 0 0 0 0 2 7 0 0 2 1 0 0 1 0 1 0 1 0 1 0 0 0 1 0 0 0 0 0 1 0 0 0 0 1 0 1 0 0 0 1 0 0 7 0 8 1 8 0.1 0 0 1 0 0 756 1 0 1 0 0 22 24 0.0 0.0 2.0 0.0 0.0 8.0 0.0 0.0 0.0 0.0 0.0 0.0 0.0 0.0 0.0 0.0 0.0 1.0 0.0 0.0 0.0 0.0 0.0 0.0 0.0 0.0 0.0 0.0 0.0 0.0 0.0 0.0 0.0 0.0 0.0 0.0 0.0 0.0 0.0 0.0 0.0 0.0 0.0 0.0 0.0 0.0 0.0 0.0 0.0 0.0 0.0 0.0 0.0 0.0 0.0 0.0 0.0 0.0 0.0 0.0 0.0 0.0 0.0 0.0 0.0 0.0
-4.49379 -9.13862 -8.50804 -5.57088 -9.57339 -7.5004 1.40812 3.97863 2.33463 -29.98701 2 2 1 0 1 0 0 0 0 0 0 1 0 0 1 0 0 0 0 0 0 0 2 6 1 0 2 0 1 0 1 0 1 1 0 0 1 0 0 0 0 1 0 0 0 0 1 0 0 0 0 1 0 0 1 0 0 0 1 1 6 1 7 2 7 0.2 0 1 0 0 0 447 1 0 1 0 1 5 21 0.0 0.0 2.0 1.0 0.125 8.0 0.0 0.0 0.0 0.0 0.0 0.0 0.0 0.0 0.0 0.0 0.0 1.0 0.0 0.0 0.0 0.0 0.0 0.0 0.0 0.0 0.0 0.0 0.0 0.0 0.0 0.0 0.0 0.0 0.0 0.0 0.0 0.0 0.0 0.0 0.0 0.0 0.0 0.0 0.0 0.0 0.0 0.0 0.0 0.0 0.0 0.0 0.0 0.0 0.0 0.0 0.0 0.0 0.0 0.0 0.0 0.0 0.0 0.0 0.0 0.0
-91.3204 -119.12017 -141.85795 -116.72209 -64.02309 -30.52269 -13.99334 -11.735 -20.23185 -22.12229 1 2 2 1 0 0 0 0 0 0 1 0 0 0 1 0 0 0 0 0 0 0 1 5 2 0 1 0 2 1 0 0 1 1 0 0 1 0 0 0 0 1 0 0 0 0 1 0 0 0 0 0 1 0 1 0 0 0 1 2 5 2 6 3 6 0.3 1 0 0 0 0 175 1 1 1 1 0 0 4 0.0 0.0 2.0 2.0 0.25 8.0 0.0 0.0 0.0 0.0 0.0 0.0 0.0 0.0 0.0 0.0 0.0 1.0 0.0 0.0 0.0 0.0 0.0 0.0 0.0 0.0 0.0 0.0 0.0 0.0 0.0 0.0 0.0 0.0 0.0 0.0 0.0 0.0 0.0 0.0 0.0 0.0 0.0 0.0 0.0 0.0 0.0 0.0 0.0 0.0 0.0 0.0 0.0 0.0 0.0 0.0 0.0 0.0 0.0 0.0 0.0 0.0 0.0 0.0 0.0 0.0
-15.15782 -13.85739 -8.23452 -3.08998 -5.26389 -11.55277 -12.43127 -14.38559 -15.20021 -13.62433 2 1 2 1 0 0 0 0 1 0 0 0 0 0 0 0 1 0 0 0 0 1 0 4 3 1 0 4 0 1 0 1 0 0 1 0 1 0 0 0 0 1 0 0 0 0 1 0 0 0 0 0 1 0 0 1 0 1 0 3 4 3 5 4 5 0.4 1 0 0 0 0 1968 1 1 1 1 1 10 29 0.0 0.0 2.0 3.0 0.375 8.0 0.0 0.0 0.0 0.0 0.0 0.0 0.0 0.0 0.0 0.0 0.0 1.0 0.0 0.0 0.0 0.0 0.0 0.0 0.0 0.0 0.0 0.0 0.0 0.0 0.0 0.0 0.0 0.0 0.0 0.0 0.0 0.0 0.0 0.0 0.0 0.0 0.0 0.0 0.0 0.0 0.0 0.0 0.0 0.0 0.0 0.0 0.0 0.0 0.0 0.0 0.0 0.0 0.0 0.0 0.0 0.0 0.0 0.0 0.0 0.0
-20.20102 -28.50056 -30.53974 -27.01757 -30.37809 -29.23256 -27.38047 -17.7507 -17.72014 -9.70713 2 2 2 0 1 0 0 0 1 0 0 0 0 0 0 0 0 0 0 1 0 2 0 3 4 2 0 3 0 0 1 1 0 0 1 0 1 0 0 0 0 1 0 0 0 0 1 0 0 0 0 1 0 0 0 1 0 1 0 4 3 4 4 5 4 0.5 0 1 0 0 0 156 1 1 1 2 0 17 35 0.0 0.0 2.0 4.0 0.5 8.0 0.0 0.0 0.0 0.0 0.0 0.0 0.0 0.0 0.0 0.0 1.0 1.0 0.0 0.0 0.0 0.0 0.0 0.0 0.0 0.0 0.0 0.0 0.0 0.0 0.0 0.0 0.0 0.0 0.0 0.0 0.0 0.0 0.0 0.0 0.0 0.0 0.0 0.0 0.0 0.0 0.0 0.0 0.0 0.0 0.0 0.0 0.0 0.0 0.0 0.0 0.0 0.0 0.0 0.0 0.0 0.0 0.0 0.0 0.0 0.0
8.51445 24.27231 16.10808 5.44498 0.83848 -7.00321 -9.95495 -17.65467 -15.59081 -15.71646 2 2 2 0 0 0 0 1 0 0 1 0 0 0 0 0 0 1 0 0 0 2 0 2 5 2 0 2 1 0 1 0 1 0 1 0 1 0 0 0 0 1 0 0 0 0 1 0 0 0 0 1 0 0 1 0 0 1 0 5 2 5 3 6 3 0.6 0 0 0 0 1 179 1 1 1 2 1 2 29 0.0 0.0 2.0 5.0 0.625 8.0 0.0 0.0 0.0 0.0 0.0 0.0 0.0 0.0 0.0 0.0 1.0 1.0 0.0 0.0 0.0 0.0 0.0 0.0 0.0 0.0 0.0 0.0 0.0 0.0 0.0 0.0 0.0 0.0 0.0 0.0 0.0 0.0 0.0 0.0 0.0 0.0 0.0 0.0 0.0 0.0 0.0 0.0 0.0 0.0 0.0 0.0 0.0 0.0 0.0 0.0 0.0 0.0 0.0 0.0 0.0 0.0 0.0 0.0 0.0 0.0
-18.48395 -5.26715 3.22701 4.77403 6.77778 8.28693 17.63116 28.06974 30.90597 21.42695 2 2 2 0 0 1 0 0 0 0 0 0 0 1 0 0 1 0 0 0 0 2 0 1 6 2 0 1 2 0 1 0 1 0 1 0 1 0 0 0 0 1 0 0 0 0 0 0 1 0 0 1 0 0 1 0 0 1 0 6 1 6 2 7 2 0.7 0 0 1 0 0 209 1 1 7 3 0 2 5 0.0 0.0 2.0 6.0 0.75 8.0 0.0 0.0 0.0 0.0 0.0 0.0 0.0 0.0 0.0 0.0 1.0 0.0 0.0 0.0 0.0 0.0 0.0 0.0 0.0 1.0 0.0 0.0 0.0 0.0 0.0 0.0 0.0 0.0 0.0 0.0 0.0 0.0 0.0 0.0 0.0 0.0 0.0 0.0 0.0 0.0 0.0 0.0 0.0 0.0 0.0 0.0 0.0 0.0 0.0 0.0 0.0 0.0 0.0 0.0 0.0 0.0 0.0 0.0 0.0 0.0
13.44055 8.29916 -7.57774 -28.91783 -58.05577 -75.52135 -62.73432 -48.54427 -13.29487 66.93229 2 2 2 0 1 0 0 0 0 0 0 1 0 0 1 0 0 0 0 0 0 2 0 0 7 2 0 0 3 0 1 0 1 1 0 0 0 0 1 0 0 1 0 0 0 0 1 0 0 0 0 1 0 0 1 0 0 0 1 7 0 7 1 8 1 0.8 0 1 0 0 0 230 1 1 7 3 1 22 9 0.0 0.0 2.0 7.0 0.875 8.0 0.0 0.0 0.0 0.0 0.0 0.0 0.0 0.0 0.0 0.0 1.0 0.0 0.0 0.0 0.0 0.0 0.0 0.0 0.0 1.0 0.0 0.0 0.0 0.0 0.0 0.0 0.0 0.0 0.0 0.0 0.0 0.0 0.0 0.0 0.0 0.0 0.0 0.0 0.0 0.0 0.0 0.0 0.0 0.0 0.0 0.0 0.0 0.0 0.0 0.0 0.0 0.0 0.0 0.0 0.0 0.0 0.0 0.0 0.0 0.0
-19.42199 -32.11999 -30.05399 -34.29529 -30.36524 -32.92715 -32.14991 -28.83962 -23.26484 -12.43137 2 2 2 1 0 0 0 0 0 0 1 0 0 0 0 0 0 1 0 0 0 0 1 8 0 0 1 5 4 1 0 0 1 0 1 0 1 0 0 0 0 0 0 1 0 0 1 0 0 0 0 0 1 0 1 0 0 1 0 0 8 0 9 1 9 0.091 1 0 0 0 0 860 7 1 7 4 0 5 16 1.0 0.5 2.0 0.0 0.0 9.0 0.0 1.0 0.0 0.0 0.0 0.0 0.0 0.0 0.0 0.0 0.0 0.0 0.0 0.0 0.0 0.0 1.0 0.0 1.0 0.0 0.0 0.0 0.0 0.0 0.0 0.0 0.0 0.0 0.0 0.0 0.0 0.0 0.0 0.0 0.0 0.0 0.0 0.0 0.0 0.0 0.0 0.0 0.0 0.0 0.0 0.0 0.0 0.0 0.0 0.0 0.0 0.0 0.0 0.0 0.0 0.0 0.0 0.0 0.0 0.0
-3.43647 -9.07674 -17.31443 -15.51311 -18.79728 -24.28429 -14.93077 -7.74142 3.78616 4.93912 2 2 2 0 0 1 0 0 1 0 0 0 0 0 0 0 0 0 0 1 0 0 1 7 1 0 1 4 0 0 1 1 0 0 1 0 1 0 0 0 0 1 0 0 0 0 1 0 0 0 0 1 0 0 0 1 0 1 0 1 7 1 8 2 8 0.182 0 0 1 0 0 293 7 1 7 4 1 13 13 1.0 0.5 2.0 1.0 0.111111111111 9.0 0.0 1.0 0.0 0.0 0.0 0.0 0.0 0.0 0.0 0.0 0.0 0.0 0.0 0.0 0.0 0.0 1.0 0.0 1.0 0.0 0.0 0.0 0.0 0.0 0.0 0.0 0.0 0.0 0.0 0.0 0.0 0.0 0.0 0.0 0.0 0.0 0.0 0.0 0.0 0.0 0.0 0.0 0.0 0.0 0.0 0.0 0.0 0.0 0.0 0.0 0.0 0.0 0.0 0.0 0.0 0.0 0.0 0.0 0.0 0.0
-4.80294 -1.33928 -15.00178 -32.00991 -61.94693 -71.87291 -63.1102 -69.64711 -46.81779 -28.25093 2 2 2 0 0 0 0 1 0 0 0 1 0 0 0 0 1 0 0 0 0 0 1 6 2 0 1 3 1 0 1 0 1 0 1 0 1 0 0 0 0 1 0 0 0 0 1 0 0 0 0 1 0 0 1 0 0 1 0 2 6 2 7 3 7 0.273 0 0 0 0 1 35 7 7 4 5 0 23 35 1.0 0.5 2.0 2.0 0.222222222222 9.0 0.0 0.0 0.0 0.0 0.0 0.0 0.0 0.0 1.0 0.0 0.0 0.0 0.0 0.0 0.0 1.0 0.0 0.0 0.0 0.0 0.0 0.0 0.0 0.0 0.0 0.0 0.0 0.0 0.0 0.0 0.0 0.0 0.0 0.0 0.0 0.0 0.0 0.0 0.0 0.0 0.0 0.0 0.0 0.0 0.0 0.0 0.0 0.0 0.0 0.0 0.0 0.0 0.0 0.0 0.0 0.0 0.0 0.0 0.0 0.0
-21.05509 -12.53208 -5.24923 6.51501 13.44285 30.78314 24.64393 13.34907 -10.92186 -28.03226 2 2 2 0 1 0 0 0 0 0 0 0 0 1 0 0 0 0 1 0 0 0 1 5 3 0 1 2 2 0 1 0 1 0 1 0 1 0 0 0 0 1 0 0 0 0 1 0 0 0 0 1 0 0 1 0 0 1 0 3 5 3 6 4 6 0.364 0 1 0 0 0 82 7 7 4 5 1 10 3 1.0 0.5 2.0 3.0 0.333333333333 9.0 0.0 0.0 0.0 0.0 0.0 0.0 0.0 0.0 1.0 0.0 0.0 0.0 0.0 0.0 0.0 1.0 0.0 0.0 0.0 0.0 0.0 0.0 0.0 0.0 0.0 0.0 0.0 0.0 0.0 0.0 0.0 0.0 0.0 0.0 0.0 0.0 0.0 0.0 0.0 0.0 0.0 0.0 0.0 0.0 0.0 0.0 0.0 0.0 0.0 0.0 0.0 0.0 0.0 0.0 0.0 0.0 0.0 0.0 0.0 0.0
-20.95009 -22.22987 -17.81239 -7.20423 6.60284 11.69931 16.58181 28.19443 31.92108 30.93785 2 2 2 0 0 0 1 0 0 0 1 0 0 0 0 0 0 0 0 1 0 0 1 4 4 0 1 1 3 0 1 0 1 0 1 0 1 0 0 0 0 1 0 0 0 0 1 0 0 0 0 1 0 0 1 0 0 1 0 4 4 4 5 5 5 0.455 0 0 0 1 0 2 4 7 1 6 0 2 8 1.0 0.5 2.0 4.0 0.444444444444 9.0 0.0 0.0 0.0 0.0 0.0 0.0 0.0 0.0 0.0 1.0 0.0 0.0 0.0 0.0 0.0 0.0 0.0 0.0 0.0 0.0 0.0 0.0 0.0 0.0 0.0 0.0 0.0 0.0 0.0 0.0 0.0 0.0 0.0 0.0 0.0 0.0 0.0 0.0 0.0 0.0 0.0 0.0 0.0 0.0 0.0 0.0 0.0 0.0 0.0 0.0 0.0 0.0 0.0 0.0 0.0 0.0 0.0 0.0 0.0 0.0
20.1119 3.89772 7.35876 2.16879 -9.10055 -22.10784 -31.9003 -34.5577 -24.6908 -17.37122 2 2 2 0 0 0 0 1 0 0 0 0 1 0 1 0 0 0 0 0 0 0 1 3 5 0 1 0 4 0 1 0 1 1 0 0 1 0 0 0 0 1 0 0 0 0 1 0 0 0 0 1 0 0 1 0 0 0 1 5 3 5 4 6 4 0.545 0 0 0 0 1 38 1 4 1 7 0 17 26 1.0 0.5 2.0 5.0 0.555555555556 9.0 0.0 0.0 0.0 0.0 0.0 0.0 0.0 0.0 0.0 0.0 0.0 1.0 0.0 0.0 0.0 0.0 0.0 0.0 0.0 0.0 0.0 0.0 0.0 0.0 0.0 0.0 0.0 0.0 0.0 0.0 0.0 0.0 0.0 0.0 0.0 0.0 0.0 0.0 0.0 0.0 0.0 0.0 0.0 0.0 0.0 0.0 0.0 0.0 0.0 0.0 0.0 0.0 0.0 0.0 0.0 0.0 0.0 0.0 0.0 0.0
-15.29466 -22.54647 -30.45939 -42.47489 -53.55288 -59.65043 -64.42015 -65.37551 -65.32132 -53.46263 2 2 2 1 0 0 0 0 0 0 0 0 0 1 0 0 1 0 0 0 0 0 0 2 6 0 0 2 5 1 0 0 1 0 1 0 1 0 0 0 0 1 0 0 0 0 1 0 0 0 0 0 1 0 1 0 0 1 0 6 2 6 3 7 3 0.636 1 0 0 0 0 135 1 4 1 7 1 9 11 1.0 0.5 2.0 6.0 0.666666666667 9.0 0.0 0.0 0.0 0.0 0.0 0.0 0.0 0.0 0.0 0.0 0.0 1.0 0.0 0.0 0.0 0.0 0.0 0.0 0.0 0.0 0.0 0.0 0.0 0.0 0.0 0.0 0.0 0.0 0.0 0.0 0.0 0.0 0.0 0.0 0.0 0.0 0.0 0.0 0.0 0.0 0.0 0.0 0.0 0.0 0.0 0.0 0.0 0.0 0.0 0.0 0.0 0.0 0.0 0.0 0.0 0.0 0.0 0.0 0.0 0.0
-38.53819 -35.20822 -33.7277 -30.29384 -20.605 -2.83391 18.94146 35.78224 18.33646 1.81953 2 2 2 0 1 0 0 0 1 0 0 0 0 0 0 0 0 1 0 0 0 1 0 1 7 1 0 1 0 0 1 1 0 0 1 0 1 0 0 0 0 1 0 0 0 0 0 0 0 1 0 1 0 0 0 1 0 1 0 7 1 7 2 8 2 0.727 0 1 0 0 0 314 1 1 0 8 0 15 30 1.0 0.5 2.0 7.0 0.777777777778 9.0 1.0 0.0 0.0 0.0 0.0 0.0 0.0 0.0 0.0 0.0 1.0 0.0 0.0 0.0 1.0 0.0 0.0 1.0 0.0 0.0 0.0 0.0 0.0 0.0 0.0 0.0 0.0 0.0 0.0 0.0 0.0 0.0 0.0 0.0 0.0 0.0 0.0 0.0 0.0 0.0 0.0 0.0 0.0 0.0 0.0 0.0 0.0 0.0 0.0 0.0 0.0 0.0 0.0 0.0 0.0 0.0 0.0 0.0 0.0 0.0
-3.2364 2.61331 3.38977 4.03714 -11.67258 -16.60818 -26.43763 -27.1945 -34.26281 -45.41333 2 2 0 0 0 1 0 0 0 0 1 0 0 0 0 1 0 0 0 0 0 1 0 0 8 1 0 0 1 0 1 0 1 0 1 0 0 0 0 1 0 1 0 0 0 1 0 0 0 0 0 1 0 0 1 0 1 0 0 8 0 8 1 9 1 0.818 0 0 1 0 0 6 1 1 0 8 1 21 10 1.0 0.5 2.0 8.0 0.888888888889 9.0 1.0 0.0 0.0 0.0 0.0 0.0 0.0 0.0 0.0 0.0 1.0 0.0 0.0 0.0 1.0 0.0 0.0 1.0 0.0 0.0 0.0 0.0 0.0 0.0 0.0 0.0 0.0 0.0 0.0 0.0 0.0 0.0 0.0 0.0 0.0 0.0 0.0 0.0 0.0 0.0 0.0 0.0 0.0 0.0 0.0 0.0 0.0 0.0 0.0 0.0 0.0 0.0 0.0 0.0 0.0 0.0 0.0 0.0 0.0 0.0
