5.13001 -7.12899 -3.35065 -9.48945 0.38338 1.35011 7.80867 4.43693 5.54368 2.22225 2 0 2 1 0 0 0 0 0 1 0 0 0 0 1 0 0 0 0 0 0 0 6 16 0 0 6 0 0 1 0 0 1 1 0 0 1 0 0 0 1 0 0 0 0 0 1 0 0 0 0 0 1 1 0 0 0 0 1 0 16 0 17 1 17 0.053 1 0 0 0 0 620 9 0 7 0 0 4 5 0.0 0.0 1.0 0.0 0.0 17.0 0.0 0.0 0.0 0.0 0.0 0.0 0.0 0.0 0.0 0.0 0.0 0.0 0.0 0.0 0.0 0.0 0.0 0.0 0.0 0.0 0.0 0.0 0.0 0.0 0.0 0.0 0.0 1.0 0.0 0.0 0.0 0.0 0.0 0.0 0.0 0.0 0.0 0.0 0.0 0.0 0.0 0.0 0.0 0.0 0.0 0.0 0.0 0.0 0.0 0.0 0.0 0.0 0.0 0.0 0.0 0.0 0.0 0.0 0.0 0.0
8.90534 1.00619 -11.65377 -17.85289 -11.01233 -6.95672 -4.54752 -1.56703 -5.08179 -7.05358 2 2 2 1 0 0 0 0 1 0 0 0 0 0 1 0 0 0 0 0 0 0 5 15 1 0 5 0 0 1 0 1 0 1 0 0 1 0 0 0 0 1 0 0 0 0 1 0 0 0 0 0 1 0 0 1 0 0 1 1 15 1 16 2 16 0.105 1 0 0 0 0 620 9 0 7 0 1 4 5 0.0 0.0 1.0 1.0 0.0588235294118 17.0 0.0 0.0 0.0 0.0 0.0 0.0 0.0 0.0 0.0 0.0 0.0 0.0 0.0 0.0 0.0 0.0 0.0 0.0 0.0 0.0 0.0 0.0 0.0 0.0 0.0 0.0 0.0 1.0 0.0 0.0 0.0 0.0 0.0 0.0 0.0 0.0 0.0 0.0 0.0 0.0 0.0 0.0 0.0 0.0 0.0 0.0 0.0 0.0 0.0 0.0 0.0 0.0 0.0 0.0 0.0 0.0 0.0 0.0 0.0 0.0
-5.39533 -1.71604 -4.67841 -6.32171 5.25354 21.34404 17.26502 12.06934 7.98119 10.75869 2 2 2 1 0 0 0 0 1 0 0 0 0 0 1 0 0 0 0 0 0 1 4 14 2 1 4 0 0 1 0 1 0 1 0 0 1 0 0 0 0 1 0 0 0 0 1 0 0 0 0 0 1 0 0 1 0 0 1 2 14 2 15 3 15 0.158 1 0 0 0 0 422 7 9 7 1 0 14 4 0.0 0.0 1.0 2.0 0.117647058824 17.0 0.0 0.0 0.0 0.0 0.0 0.0 0.0 0.0 1.0 0.0 0.0 0.0 0.0 0.0 0.0 1.0 1.0 0.0 0.0 0.0 0.0 0.0 0.0 0.0 0.0 0.0 1.0 0.0 0.0 0.0 0.0 0.0 0.0 0.0 0.0 0.0 0.0 0.0 0.0 0.0 0.0 0.0 0.0 0.0 0.0 0.0 0.0 0.0 0.0 0.0 0.0 0.0 0.0 0.0 0.0 0.0 0.0 0.0 0.0 0.0
17.50898 19.11429 22.65347 18.67827 20.00219 20.67816 18.40222 15.04447 14.26037 19.29724 2 2 2 1 0 0 0 0 1 0 0 0 0 0 0 0 0 1 0 0 0 2 3 13 3 2 3 4 0 1 0 1 0 0 1 0 1 0 0 0 0 1 0 0 0 0 1 0 0 0 0 0 1 0 0 1 0 1 0 3 13 3 14 4 14 0.211 1 0 0 0 0 126 7 9 7 1 1 5 14 0.0 0.0 1.0 3.0 0.176470588235 17.0 0.0 0.0 0.0 0.0 0.0 0.0 0.0 0.0 1.0 0.0 0.0 0.0 0.0 0.0 0.0 1.0 1.0 0.0 0.0 0.0 0.0 0.0 0.0 0.0 0.0 0.0 1.0 0.0 0.0 0.0 0.0 0.0 0.0 0.0 0.0 0.0 0.0 0.0 0.0 0.0 0.0 0.0 0.0 0.0 0.0 0.0 0.0 0.0 0.0 0.0 0.0 0.0 0.0 0.0 0.0 0.0 0.0 0.0 0.0 0.0
27.69491 14.03576 14.9296 13.52959 10.01187 4.3708 2.5591 2.46512 9.13236 11.23516 2 2 2 0 0 1 0 0 1 0 0 0 0 0 0 0 0 1 0 0 0 3 3 12 4 3 3 3 0 0 1 1 0 0 1 0 1 0 0 0 0 1 0 0 0 0 1 0 0 0 0 1 0 0 0 1 0 1 0 4 12 4 13 5 13 0.263 0 0 1 0 0 430 7 7 1 2 0 22 4 0.0 0.0 1.0 4.0 0.235294117647 17.0 0.0 0.0 0.0 0.0 0.0 0.0 0.0 0.0 0.0 0.0 0.0 0.0 0.0 0.0 0.0 0.0 0.0 0.0 0.0 0.0 0.0 0.0 0.0 0.0 0.0 0.0 0.0 1.0 0.0 0.0 0.0 0.0 0.0 0.0 0.0 0.0 0.0 0.0 0.0 0.0 0.0 0.0 0.0 0.0 0.0 0.0 0.0 0.0 0.0 0.0 0.0 0.0 0.0 0.0 0.0 0.0 0.0 0.0 0.0 0.0
-13.03677 -6.15581 -5.60648 1.98027 7.42603 -2.20947 -19.68031 -21.47002 -6.82703 -1.5067 2 2 2 0 0 1 0 0 0 0 0 1 0 0 0 0 1 0 0 0 0 3 3 11 5 3 3 2 1 0 1 0 1 0 1 0 1 0 0 0 0 1 0 0 0 0 1 0 0 0 0 1 0 0 1 0 0 1 0 5 11 5 12 6 12 0.316 0 0 1 0 0 62 1 7 4 3 0 13 5 0.0 0.0 1.0 5.0 0.294117647059 17.0 0.0 0.0 0.0 0.0 0.0 0.0 0.0 0.0 0.0 0.0 0.0 0.0 0.0 0.0 0.0 0.0 0.0 1.0 0.0 0.0 0.0 0.0 0.0 0.0 0.0 0.0 0.0 0.0 0.0 0.0 0.0 0.0 0.0 0.0 0.0 0.0 0.0 0.0 0.0 0.0 0.0 0.0 0.0 0.0 0.0 0.0 0.0 0.0 0.0 0.0 0.0 0.0 0.0 0.0 0.0 0.0 0.0 0.0 0.0 0.0
-11.23148 -16.84637 -18.36324 -11.53315 1.82528 25.21726 28.97603 18.49946 17.3862 22.90438 2 2 2 0 1 0 0 0 0 0 0 1 0 0 0 0 0 0 1 0 0 3 3 10 6 3 3 1 2 0 1 0 1 0 1 0 1 0 0 0 0 1 0 0 0 0 1 0 0 0 0 1 0 0 1 0 0 1 0 6 10 6 11 7 11 0.368 0 1 0 0 0 522 1 7 4 3 1 7 3 0.0 0.0 1.0 6.0 0.352941176471 17.0 0.0 0.0 0.0 0.0 0.0 0.0 0.0 0.0 0.0 0.0 0.0 0.0 0.0 0.0 0.0 0.0 0.0 1.0 0.0 0.0 0.0 0.0 0.0 0.0 0.0 0.0 0.0 0.0 0.0 0.0 0.0 0.0 0.0 0.0 0.0 0.0 0.0 0.0 0.0 0.0 0.0 0.0 0.0 0.0 0.0 0.0 0.0 0.0 0.0 0.0 0.0 0.0 0.0 0.0 0.0 0.0 0.0 0.0 0.0 0.0
18.66703 21.72759 15.80042 21.15621 9.59763 4.07889 4.27319 -1.08075 -4.36962 -4.14747 2 2 2 0 0 0 1 0 0 0 1 0 0 0 1 0 0 0 0 0 0 3 3 9 7 3 3 0 3 0 1 0 1 1 0 0 1 0 0 0 0 1 0 0 0 0 1 0 0 0 0 1 0 0 1 0 0 0 1 7 9 7 10 8 10 0.421 0 0 0 1 0 2 4 1 1 4 0 2 8 0.0 0.0 1.0 7.0 0.411764705882 17.0 0.0 0.0 0.0 0.0 0.0 0.0 0.0 0.0 0.0 1.0 0.0 0.0 0.0 0.0 0.0 0.0 0.0 0.0 0.0 0.0 0.0 0.0 0.0 0.0 0.0 0.0 0.0 0.0 0.0 0.0 0.0 0.0 0.0 0.0 0.0 0.0 0.0 0.0 0.0 0.0 0.0 0.0 0.0 0.0 0.0 0.0 0.0 0.0 0.0 0.0 0.0 0.0 0.0 0.0 0.0 0.0 0.0 0.0 0.0 0.0
3.30426 7.30566 -6.24987 -15.47033 -8.2885 -5.82567 -10.36198 -12.7654 -19.96632 -19.10107 2 2 2 1 0 0 0 0 0 0 0 0 1 0 0 0 1 0 0 0 0 3 2 8 8 3 2 4 4 1 0 0 1 0 1 0 1 0 0 0 0 1 0 0 0 0 1 0 0 0 0 0 1 0 1 0 0 1 0 8 8 8 9 9 9 0.474 1 0 0 0 0 48 1 4 1 5 0 5 21 0.0 0.0 1.0 8.0 0.470588235294 17.0 0.0 0.0 0.0 0.0 0.0 0.0 0.0 0.0 0.0 0.0 0.0 0.0 0.0 0.0 0.0 0.0 0.0 0.0 0.0 0.0 0.0 0.0 0.0 0.0 0.0 0.0 0.0 0.0 0.0 0.0 0.0 0.0 0.0 0.0 0.0 0.0 0.0 0.0 0.0 0.0 0.0 0.0 0.0 1.0 0.0 0.0 0.0 0.0 0.0 0.0 0.0 0.0 0.0 0.0 0.0 0.0 0.0 0.0 0.0 0.0
-21.61155 -31.53 -48.50355 -54.09623 -47.34626 -26.24931 -9.91944 -25.9505 -39.91907 -25.81742 2 2 2 0 1 0 0 0 1 0 0 0 0 0 0 0 0 0 0 1 0 4 2 7 9 4 2 3 0 0 1 1 0 0 1 0 1 0 0 0 0 1 0 0 0 0 1 0 0 0 0 1 0 0 0 1 0 1 0 9 7 9 8 10 8 0.526 0 1 0 0 0 110 1 4 1 5 1 20 13 0.0 0.0 1.0 9.0 0.529411764706 17.0 0.0 0.0 0.0 0.0 0.0 0.0 0.0 0.0 0.0 0.0 0.0 0.0 0.0 0.0 0.0 0.0 0.0 0.0 0.0 0.0 0.0 0.0 0.0 0.0 0.0 0.0 0.0 0.0 0.0 0.0 0.0 0.0 0.0 0.0 0.0 0.0 0.0 0.0 0.0 0.0 0.0 0.0 0.0 1.0 0.0 0.0 0.0 0.0 0.0 0.0 0.0 0.0 0.0 0.0 0.0 0.0 0.0 0.0 0.0 0.0
51.25697 74.76433 66.42615 65.07333 64.58774 64.81347 59.908 60.47291 49.94673 35.85276 2 2 2 0 0 0 0 1 0 0 1 0 0 0 0 0 0 0 0 1 0 4 2 6 10 4 2 2 1 0 1 0 1 0 1 0 1 0 0 0 0 1 0 0 0 0 1 0 0 0 0 1 0 0 1 0 0 1 0 10 6 10 7 11 7 0.579 0 0 0 0 1 1956 1 1 3 6 0 18 11 0.0 0.0 1.0 10.0 0.588235294118 17.0 0.0 0.0 0.0 0.0 0.0 0.0 0.0 0.0 0.0 0.0 0.0 0.0 0.0 0.0 1.0 0.0 0.0 0.0 0.0 1.0 0.0 0.0 0.0 0.0 0.0 0.0 0.0 0.0 0.0 0.0 0.0 0.0 0.0 0.0 0.0 0.0 0.0 0.0 0.0 0.0 0.0 0.0 1.0 0.0 0.0 0.0 0.0 0.0 0.0 0.0 0.0 0.0 0.0 0.0 0.0 0.0 0.0 0.0 0.0 0.0
32.53384 39.74417 61.53364 60.5711 48.62606 34.25156 26.9038 26.16593 19.47376 8.86664 2 2 2 0 0 0 0 1 0 0 0 0 0 1 0 0 0 1 0 0 0 4 2 5 11 4 2 1 2 0 1 0 1 0 1 0 1 0 0 0 0 1 0 0 0 0 1 0 0 0 0 1 0 0 1 0 0 1 0 11 5 11 6 12 6 0.632 0 0 0 0 1 1139 1 1 3 6 1 15 14 0.0 0.0 1.0 11.0 0.647058823529 17.0 0.0 0.0 0.0 0.0 0.0 0.0 0.0 0.0 0.0 0.0 0.0 0.0 0.0 0.0 1.0 0.0 0.0 0.0 0.0 1.0 0.0 0.0 0.0 0.0 0.0 0.0 0.0 0.0 0.0 0.0 0.0 0.0 0.0 0.0 0.0 0.0 0.0 0.0 0.0 0.0 0.0 0.0 1.0 0.0 0.0 0.0 0.0 0.0 0.0 0.0 0.0 0.0 0.0 0.0 0.0 0.0 0.0 0.0 0.0 0.0
-1.17285 -10.84104 -13.03427 -11.1993 -7.51674 -4.04345 0.38604 3.19347 5.77198 10.88858 2 2 2 0 0 1 0 0 0 0 0 0 0 1 1 0 0 0 0 0 0 4 2 4 12 4 2 0 3 0 1 0 1 1 0 0 1 0 0 0 0 1 0 0 0 0 1 0 0 0 0 1 0 0 1 0 0 0 1 12 4 12 5 13 5 0.684 0 0 1 0 0 2908 1 1 3 6 2 20 21 0.0 0.0 1.0 12.0 0.705882352941 17.0 0.0 0.0 0.0 0.0 0.0 0.0 0.0 0.0 0.0 0.0 0.0 0.0 0.0 0.0 1.0 0.0 0.0 0.0 0.0 1.0 0.0 0.0 0.0 0.0 0.0 0.0 0.0 0.0 0.0 0.0 0.0 0.0 0.0 0.0 0.0 0.0 0.0 0.0 0.0 0.0 0.0 0.0 1.0 0.0 0.0 0.0 0.0 0.0 0.0 0.0 0.0 0.0 0.0 0.0 0.0 0.0 0.0 0.0 0.0 0.0
-0.9838 2.88606 -4.3715 -7.96965 -11.39765 -10.31975 -15.10496 -18.667 -16.03617 -6.86196 2 2 2 1 0 0 0 0 0 0 0 1 0 0 0 0 0 0 0 1 0 4 1 3 13 4 1 2 4 1 0 0 1 0 1 0 1 0 0 0 0 1 0 0 0 0 1 0 0 0 0 0 1 0 1 0 0 1 0 13 3 13 4 14 4 0.737 1 0 0 0 0 626 3 1 4 7 0 15 21 0.0 0.0 1.0 13.0 0.764705882353 17.0 0.0 0.0 0.0 0.0 0.0 0.0 0.0 0.0 1.0 0.0 0.0 0.0 0.0 0.0 0.0 0.0 0.0 0.0 0.0 0.0 0.0 0.0 0.0 0.0 0.0 0.0 0.0 1.0 0.0 0.0 0.0 0.0 0.0 0.0 0.0 0.0 0.0 0.0 0.0 0.0 0.0 0.0 0.0 0.0 0.0 0.0 0.0 0.0 0.0 0.0 0.0 0.0 0.0 0.0 0.0 0.0 0.0 0.0 0.0 0.0
-8.00116 -2.71229 6.22863 17.56777 16.18691 15.53297 13.407 21.89602 31.44257 23.15546 2 2 2 0 0 0 0 1 1 0 0 0 0 0 0 0 0 0 1 0 0 5 1 2 14 5 1 1 0 0 1 1 0 0 1 0 1 0 0 0 0 1 0 0 0 0 1 0 0 0 0 1 0 0 0 1 0 1 0 14 2 14 3 15 3 0.789 0 0 0 0 1 1008 3 1 4 7 1 9 10 0.0 0.0 1.0 14.0 0.823529411765 17.0 0.0 0.0 0.0 0.0 0.0 0.0 0.0 0.0 1.0 0.0 0.0 0.0 0.0 0.0 0.0 0.0 0.0 0.0 0.0 0.0 0.0 0.0 0.0 0.0 0.0 0.0 0.0 1.0 0.0 0.0 0.0 0.0 0.0 0.0 0.0 0.0 0.0 0.0 0.0 0.0 0.0 0.0 0.0 0.0 0.0 0.0 0.0 0.0 0.0 0.0 0.0 0.0 0.0 0.0 0.0 0.0 0.0 0.0 0.0 0.0
5.03198 -8.45074 -9.55853 -8.048 -15.27735 -14.26691 -7.38266 -6.89389 -5.03217 -4.44597 2 2 2 0 0 0 1 0 0 0 0 0 0 1 1 0 0 0 0 0 0 5 1 1 15 5 1 0 1 0 1 0 1 1 0 0 1 0 0 0 0 1 0 0 0 0 0 0 0 1 0 1 0 0 1 0 0 0 1 15 1 15 2 16 2 0.842 0 0 0 1 0 11 4 3 7 8 0 2 8 0.0 0.0 1.0 15.0 0.882352941176 17.0 0.0 0.0 0.0 0.0 0.0 0.0 0.0 0.0 0.0 1.0 0.0 0.0 0.0 0.0 0.0 0.0 0.0 0.0 0.0 0.0 0.0 0.0 0.0 0.0 0.0 0.0 0.0 0.0 0.0 0.0 0.0 0.0 0.0 0.0 0.0 0.0 0.0 0.0 0.0 0.0 0.0 0.0 0.0 0.0 0.0 0.0 0.0 0.0 0.0 0.0 0.0 0.0 0.0 0.0 0.0 0.0 0.0 0.0 0.0 0.0
-17.76931 -14.97453 -11.86675 -5.80867 -22.03741 -29.82435 -30.40529 -36.69717 -37.85323 -27.685 2 2 0 1 0 0 0 0 0 0 0 0 1 0 0 1 0 0 0 0 0 5 0 0 16 5 0 0 2 1 0 0 1 0 1 0 0 0 0 1 0 1 0 0 0 1 0 0 0 0 0 0 1 0 1 0 1 0 0 16 0 16 1 17 1 0.895 1 0 0 0 0 96 7 4 0 9 0 11 26 0.0 0.0 1.0 16.0 0.941176470588 17.0 1.0 1.0 0.0 0.0 0.0 0.0 0.0 0.0 0.0 0.0 0.0 0.0 0.0 0.0 0.0 0.0 0.0 0.0 1.0 0.0 0.0 0.0 0.0 0.0 0.0 0.0 1.0 0.0 0.0 0.0 0.0 0.0 0.0 0.0 0.0 0.0 0.0 0.0 0.0 0.0 0.0 0.0 0.0 0.0 0.0 0.0 0.0 0.0 0.0 0.0 0.0 0.0 0.0 0.0 0.0 0.0 0.0 0.0 0.0 0.0
