1.48874 1.60029 6.00016 -4.08105 -3.42415 -8.9291 -3.41463 16.11212 28.73528 40.15437 2 0 2 0 0 0 0 1 0 1 0 0 0 0 0 0 0 0 0 1 0 0 0 5 0 0 0 7 0 0 1 0 1 0 1 0 1 0 0 0 1 0 0 0 0 0 1 0 0 0 0 1 0 1 0 0 0 1 0 0 5 0 6 1 6 0.125 0 0 0 0 1 1235 1 0 3 0 0 2 7 0.0 0.0 2.0 0.0 0.0 6.0 0.0 0.0 0.0 0.0 0.0 0.0 0.0 0.0 0.0 0.0 0.0 1.0 0.0 0.0 0.0 0.0 0.0 0.0 0.0 0.0 0.0 0.0 0.0 0.0 0.0 0.0 0.0 0.0 0.0 0.0 0.0 0.0 0.0 0.0 0.0 0.0 0.0 0.0 0.0 0.0 0.0 0.0 0.0 0.0 0.0 0.0 0.0 0.0 0.0 0.0 0.0 0.0 0.0 0.0 0.0 0.0 0.0 0.0 0.0 0.0
30.363 29.07324 22.14701 9.43673 7.77476 -3.11239 3.57764 14.76092 22.02241 30.41858 2 2 2 0 0 0 0 1 0 0 0 0 0 1 0 0 0 0 0 1 0 0 0 4 1 0 0 6 1 0 1 0 1 0 1 0 1 0 0 0 0 1 0 0 0 0 1 0 0 0 0 1 0 0 1 0 0 1 0 1 4 1 5 2 5 0.25 0 0 0 0 1 2792 1 0 3 0 1 20 13 0.0 0.0 2.0 1.0 0.166666666667 6.0 0.0 0.0 0.0 0.0 0.0 0.0 0.0 0.0 0.0 0.0 0.0 1.0 0.0 0.0 0.0 0.0 0.0 0.0 0.0 0.0 0.0 0.0 0.0 0.0 0.0 0.0 0.0 0.0 0.0 0.0 0.0 0.0 0.0 0.0 0.0 0.0 0.0 0.0 0.0 0.0 0.0 0.0 0.0 0.0 0.0 0.0 0.0 0.0 0.0 0.0 0.0 0.0 0.0 0.0 0.0 0.0 0.0 0.0 0.0 0.0
31.77854 18.2617 -12.82809 -27.6417 -39.16117 -32.72585 -27.07658 -16.24414 -11.29985 -14.22483 2 2 2 0 0 0 0 1 0 0 0 0 0 1 0 0 0 0 1 0 0 0 0 3 2 0 0 5 2 0 1 0 1 0 1 0 1 0 0 0 0 1 0 0 0 0 1 0 0 0 0 1 0 0 1 0 0 1 0 2 3 2 4 3 4 0.375 0 0 0 0 1 14 3 1 4 1 0 2 1 0.0 0.0 2.0 2.0 0.333333333333 6.0 0.0 0.0 0.0 0.0 0.0 0.0 0.0 1.0 1.0 0.0 0.0 0.0 0.0 0.0 0.0 0.0 0.0 0.0 0.0 0.0 0.0 0.0 0.0 0.0 0.0 0.0 0.0 0.0 0.0 0.0 0.0 0.0 0.0 0.0 0.0 0.0 0.0 0.0 0.0 0.0 0.0 0.0 0.0 0.0 0.0 0.0 0.0 0.0 0.0 0.0 0.0 0.0 0.0 0.0 0.0 0.0 0.0 0.0 0.0 0.0
-15.54992 -24.1024 -20.28638 -7.77825 -5.09619 2.57406 6.35018 0.72828 -0.4102 -9.12705 2 2 2 0 0 0 1 0 0 0 0 0 0 1 0 0 0 1 0 0 0 0 0 2 3 0 0 4 3 0 1 0 1 0 1 0 1 0 0 0 0 1 0 0 0 0 1 0 0 0 0 1 0 0 1 0 0 1 0 3 2 3 3 4 3 0.5 0 0 0 1 0 2 4 3 1 2 0 2 8 0.0 0.0 2.0 3.0 0.5 6.0 0.0 0.0 0.0 0.0 0.0 0.0 0.0 0.0 0.0 1.0 0.0 0.0 0.0 0.0 0.0 0.0 0.0 0.0 0.0 0.0 0.0 0.0 0.0 0.0 0.0 0.0 0.0 0.0 0.0 0.0 0.0 0.0 0.0 0.0 0.0 0.0 0.0 0.0 0.0 0.0 0.0 0.0 0.0 0.0 0.0 0.0 0.0 0.0 0.0 0.0 0.0 0.0 0.0 0.0 0.0 0.0 0.0 0.0 0.0 0.0
-0.5916 2.68412 3.51255 4.73042 -0.72752 -0.17227 -6.08446 -8.16805 -17.9001 -17.90073 2 2 2 0 0 1 0 0 0 0 0 0 1 0 0 0 0 0 1 0 0 0 0 1 4 0 0 3 4 0 1 0 1 0 1 0 1 0 0 0 0 1 0 0 0 0 0 0 1 0 0 1 0 0 1 0 0 1 0 4 1 4 2 5 2 0.625 0 0 1 0 0 2571 1 4 7 3 0 1 3 0.0 0.0 2.0 4.0 0.666666666667 6.0 0.0 0.0 0.0 0.0 0.0 0.0 1.0 0.0 0.0 0.0 1.0 0.0 0.0 0.0 0.0 0.0 0.0 0.0 0.0 1.0 0.0 0.0 0.0 0.0 0.0 0.0 0.0 0.0 0.0 0.0 0.0 0.0 0.0 0.0 0.0 0.0 0.0 0.0 0.0 0.0 0.0 0.0 0.0 0.0 0.0 0.0 0.0 0.0 0.0 0.0 0.0 0.0 0.0 0.0 0.0 0.0 0.0 0.0 0.0 0.0
-17.61356 -13.32029 9.85695 16.48166 7.80539 0.20059 -13.20282 -33.75096 -38.23699 -32.49542 2 2 2 0 0 0 1 0 0 0 0 1 0 0 0 0 0 1 0 0 0 0 0 0 5 0 0 2 5 0 1 0 1 0 1 0 0 0 1 0 0 1 0 0 0 0 1 0 0 0 0 1 0 0 1 0 0 1 0 5 0 5 1 6 1 0.75 0 0 0 1 0 18 1 4 7 3 1 17 13 0.0 0.0 2.0 5.0 0.833333333333 6.0 0.0 0.0 0.0 0.0 0.0 0.0 1.0 0.0 0.0 0.0 1.0 0.0 0.0 0.0 0.0 0.0 0.0 0.0 0.0 1.0 0.0 0.0 0.0 0.0 0.0 0.0 0.0 0.0 0.0 0.0 0.0 0.0 0.0 0.0 0.0 0.0 0.0 0.0 0.0 0.0 0.0 0.0 0.0 0.0 0.0 0.0 0.0 0.0 0.0 0.0 0.0 0.0 0.0 0.0 0.0 0.0 0.0 0.0 0.0 0.0
-11.31598 -21.22098 -15.38298 -6.73947 2.15147 -0.17443 -7.03864 -13.08691 -19.85622 -32.96113 2 2 2 0 0 1 0 0 0 0 0 0 1 0 0 0 0 0 0 1 0 0 4 9 0 0 4 1 6 0 1 0 1 0 1 0 1 0 0 0 0 0 0 1 0 0 1 0 0 0 0 1 0 0 1 0 0 1 0 0 9 0 10 1 10 0.083 0 0 1 0 0 1754 7 1 1 4 0 17 1 1.0 0.5 2.0 0.0 0.0 10.0 0.0 1.0 1.0 0.0 0.0 0.0 0.0 0.0 0.0 0.0 0.0 0.0 0.0 0.0 0.0 0.0 0.0 0.0 1.0 0.0 0.0 0.0 0.0 0.0 0.0 0.0 1.0 0.0 0.0 0.0 0.0 0.0 0.0 0.0 0.0 0.0 0.0 0.0 0.0 0.0 0.0 0.0 0.0 0.0 0.0 0.0 0.0 0.0 0.0 0.0 0.0 0.0 0.0 0.0 0.0 0.0 0.0 0.0 0.0 0.0
-31.34747 -47.22661 -49.21618 -44.67371 -37.72745 -22.72728 -14.19147 -1.36358 -0.77542 -1.08496 2 2 2 0 0 0 0 1 0 0 0 1 0 0 1 0 0 0 0 0 0 0 4 8 1 0 4 0 7 0 1 0 1 1 0 0 1 0 0 0 0 1 0 0 0 0 1 0 0 0 0 1 0 0 1 0 0 0 1 1 8 1 9 2 9 0.167 0 0 0 0 1 5 7 1 1 4 1 17 2 1.0 0.5 2.0 1.0 0.1 10.0 0.0 1.0 1.0 0.0 0.0 0.0 0.0 0.0 0.0 0.0 0.0 0.0 0.0 0.0 0.0 0.0 0.0 0.0 1.0 0.0 0.0 0.0 0.0 0.0 0.0 0.0 1.0 0.0 0.0 0.0 0.0 0.0 0.0 0.0 0.0 0.0 0.0 0.0 0.0 0.0 0.0 0.0 0.0 0.0 0.0 0.0 0.0 0.0 0.0 0.0 0.0 0.0 0.0 0.0 0.0 0.0 0.0 0.0 0.0 0.0
2.24408 -9.06878 -14.6772 -21.71409 -28.38457 -18.56128 -6.65905 -1.6863 -13.32148 -9.48667 2 2 2 1 0 0 0 0 0 0 0 0 0 1 1 0 0 0 0 0 0 0 3 7 2 0 3 0 8 1 0 0 1 1 0 0 1 0 0 0 0 1 0 0 0 0 1 0 0 0 0 0 1 0 1 0 0 0 1 2 7 2 8 3 8 0.25 1 0 0 0 0 157 1 7 12 5 0 13 8 1.0 0.5 2.0 2.0 0.2 10.0 0.0 0.0 0.0 0.0 0.0 0.0 0.0 0.0 0.0 0.0 0.0 0.0 0.0 0.0 0.0 0.0 0.0 0.0 0.0 0.0 0.0 0.0 0.0 0.0 0.0 0.0 0.0 1.0 0.0 0.0 1.0 0.0 0.0 0.0 0.0 0.0 0.0 0.0 0.0 0.0 0.0 0.0 0.0 0.0 0.0 0.0 0.0 0.0 0.0 0.0 0.0 0.0 0.0 0.0 0.0 0.0 0.0 0.0 0.0 0.0
9.32725 6.73601 4.93621 7.51956 9.43698 10.14536 6.99784 13.65613 5.75377 3.69256 2 2 2 1 0 0 0 0 1 0 0 0 0 0 0 0 0 0 0 1 0 1 2 6 3 1 2 1 0 1 0 1 0 0 1 0 1 0 0 0 0 1 0 0 0 0 1 0 0 0 0 0 1 0 0 1 0 1 0 3 6 3 7 4 7 0.333 1 0 0 0 0 989 1 7 12 5 1 13 32 1.0 0.5 2.0 3.0 0.3 10.0 0.0 0.0 0.0 0.0 0.0 0.0 0.0 0.0 0.0 0.0 0.0 0.0 0.0 0.0 0.0 0.0 0.0 0.0 0.0 0.0 0.0 0.0 0.0 0.0 0.0 0.0 0.0 1.0 0.0 0.0 1.0 0.0 0.0 0.0 0.0 0.0 0.0 0.0 0.0 0.0 0.0 0.0 0.0 0.0 0.0 0.0 0.0 0.0 0.0 0.0 0.0 0.0 0.0 0.0 0.0 0.0 0.0 0.0 0.0 0.0
1.97454 -1.94923 -13.27131 -38.72312 -50.60955 -29.25849 -8.84641 9.96311 12.6681 14.68119 2 2 2 0 0 0 0 1 1 0 0 0 0 0 1 0 0 0 0 0 0 2 2 5 4 2 2 0 0 0 1 1 0 1 0 0 1 0 0 0 0 1 0 0 0 0 1 0 0 0 0 1 0 0 0 1 0 0 1 4 5 4 6 5 6 0.417 0 0 0 0 1 15 12 1 7 6 0 11 5 1.0 0.5 2.0 4.0 0.4 10.0 0.0 0.0 0.0 0.0 0.0 0.0 0.0 0.0 0.0 0.0 0.0 0.0 0.0 0.0 0.0 0.0 0.0 0.0 0.0 0.0 0.0 0.0 0.0 0.0 0.0 0.0 0.0 0.0 0.0 0.0 0.0 1.0 0.0 0.0 0.0 0.0 0.0 0.0 0.0 0.0 0.0 0.0 0.0 0.0 0.0 0.0 0.0 0.0 0.0 0.0 0.0 0.0 0.0 0.0 0.0 0.0 0.0 0.0 0.0 0.0
-1.24883 7.0498 13.89233 13.61006 5.4908 6.6413 9.87689 9.99686 -1.94657 0.92724 2 2 2 1 0 0 0 0 0 0 0 0 0 1 0 0 1 0 0 0 0 2 1 4 5 2 1 1 1 1 0 0 1 0 1 0 1 0 0 0 0 1 0 0 0 0 1 0 0 0 0 0 1 0 1 0 0 1 0 5 4 5 5 6 5 0.5 1 0 0 0 0 1919 7 12 7 7 0 7 13 1.0 0.5 2.0 5.0 0.5 10.0 0.0 0.0 0.0 0.0 0.0 0.0 0.0 0.0 0.0 0.0 0.0 1.0 0.0 0.0 0.0 0.0 0.0 0.0 0.0 0.0 0.0 0.0 0.0 0.0 0.0 0.0 0.0 0.0 0.0 0.0 0.0 0.0 0.0 0.0 0.0 0.0 0.0 0.0 0.0 0.0 0.0 0.0 0.0 0.0 0.0 0.0 0.0 0.0 0.0 0.0 0.0 0.0 0.0 0.0 0.0 0.0 0.0 0.0 0.0 0.0
-0.80744 -5.1578 5.16088 1.70692 13.88203 26.02777 23.81019 28.53165 35.03961 30.42196 2 2 2 0 1 0 0 0 1 0 0 0 0 0 1 0 0 0 0 0 0 3 1 3 6 3 1 0 0 0 1 1 0 1 0 0 1 0 0 0 0 1 0 0 0 0 1 0 0 0 0 1 0 0 0 1 0 0 1 6 3 6 4 7 4 0.583 0 1 0 0 0 45 7 12 7 7 1 20 13 1.0 0.5 2.0 6.0 0.6 10.0 0.0 0.0 0.0 0.0 0.0 0.0 0.0 0.0 0.0 0.0 0.0 1.0 0.0 0.0 0.0 0.0 0.0 0.0 0.0 0.0 0.0 0.0 0.0 0.0 0.0 0.0 0.0 0.0 0.0 0.0 0.0 0.0 0.0 0.0 0.0 0.0 0.0 0.0 0.0 0.0 0.0 0.0 0.0 0.0 0.0 0.0 0.0 0.0 0.0 0.0 0.0 0.0 0.0 0.0 0.0 0.0 0.0 0.0 0.0 0.0
14.0955 13.55114 13.00747 1.04381 -9.8879 -14.89347 -17.75437 -22.43527 -15.52846 -1.29295 2 2 2 1 0 0 0 0 0 0 1 0 0 0 0 0 0 0 1 0 0 3 0 2 7 3 0 2 1 1 0 0 1 0 1 0 1 0 0 0 0 1 0 0 0 0 1 0 0 0 0 0 1 0 1 0 0 1 0 7 2 7 3 8 3 0.667 1 0 0 0 0 1901 7 12 7 7 2 7 1 1.0 0.5 2.0 7.0 0.7 10.0 0.0 0.0 0.0 0.0 0.0 0.0 0.0 0.0 0.0 0.0 0.0 1.0 0.0 0.0 0.0 0.0 0.0 0.0 0.0 0.0 0.0 0.0 0.0 0.0 0.0 0.0 0.0 0.0 0.0 0.0 0.0 0.0 0.0 0.0 0.0 0.0 0.0 0.0 0.0 0.0 0.0 0.0 0.0 0.0 0.0 0.0 0.0 0.0 0.0 0.0 0.0 0.0 0.0 0.0 0.0 0.0 0.0 0.0 0.0 0.0
3.32119 20.46184 36.00318 47.88618 60.18383 79.92188 102.15964 121.4704 123.87018 117.77584 2 2 2 0 0 0 1 0 1 0 0 0 0 0 0 0 1 0 0 0 0 4 0 1 8 4 0 1 0 0 1 1 0 0 1 0 1 0 0 0 0 1 0 0 0 0 0 0 0 1 0 1 0 0 0 1 0 1 0 8 1 8 2 9 2 0.75 0 0 0 1 0 1595 7 12 7 7 3 20 1 1.0 0.5 2.0 8.0 0.8 10.0 0.0 0.0 0.0 0.0 0.0 0.0 0.0 0.0 0.0 0.0 0.0 1.0 0.0 0.0 0.0 0.0 0.0 0.0 0.0 0.0 0.0 0.0 0.0 0.0 0.0 0.0 0.0 0.0 0.0 0.0 0.0 0.0 0.0 0.0 0.0 0.0 0.0 0.0 0.0 0.0 0.0 0.0 0.0 0.0 0.0 0.0 0.0 0.0 0.0 0.0 0.0 0.0 0.0 0.0 0.0 0.0 0.0 0.0 0.0 0.0
99.48649 76.07168 56.36793 34.51821 17.20418 12.22896 14.28097 3.81796 -39.88315 -70.81775 2 2 0 0 1 0 0 0 0 0 0 0 1 0 0 1 0 0 0 0 0 4 0 0 9 4 0 0 1 0 1 0 1 0 1 0 0 0 0 1 0 1 0 0 0 1 0 0 0 0 0 1 0 0 1 0 1 0 0 9 0 9 1 10 1 0.833 0 1 0 0 0 673 7 7 0 8 0 15 17 1.0 0.5 2.0 9.0 0.9 10.0 1.0 0.0 0.0 1.0 0.0 0.0 0.0 0.0 0.0 0.0 1.0 0.0 0.0 0.0 0.0 0.0 0.0 0.0 0.0 0.0 0.0 0.0 0.0 0.0 0.0 0.0 0.0 0.0 0.0 0.0 0.0 0.0 0.0 0.0 0.0 0.0 0.0 0.0 0.0 0.0 0.0 0.0 0.0 0.0 0.0 0.0 0.0 0.0 0.0 0.0 0.0 0.0 0.0 0.0 0.0 0.0 0.0 0.0 0.0 0.0
