252.861225776 252.507154736 251.809164975 250.787323578 249.471142468 247.898886376 246.116673824 244.17739078 242.139440774 240.065358889 2 0 2 0 0 0 0 1 0 1 0 0 0 0 0 0 1 0 0 0 0 0 3 19 0 0 3 6 0 0 1 0 1 0 1 0 130 0 0 0 1 0 0 0 1 0 0 0 0 0 1 0 0 0 0 1 0 1 0 0 0 1 0 0 19 0 20 1 4 0.167 0 0 0 0 1 89 13
238.020320058 236.070574525 234.281845013 232.717721099 231.438086517 230.497614563 229.944365446 229.818517422 230.151260824 230.96388074 2 2 2 0 1 0 0 0 0 0 0 0 0 1 0 0 0 0 0 1 0 0 3 18 1 0 3 5 1 0 1 0 1 0 1 0 0 0 0 0 1 0 0 0 0 1 0 0 0 0 1 0 0 0 0 1 0 0 1 0 0 1 0 1 18 1 19 2 3 0.333 0 1 0 0 0 88 7
232.267050192 234.06035127 236.332036884 239.059040727 242.207237758 245.731952193 249.578704645 253.684184922 257.977432043 262.381198509 2 2 2 0 0 0 0 1 0 0 1 0 0 0 0 0 0 0 1 0 0 0 3 17 2 0 3 4 2 0 1 0 1 0 1 0 0 0 0 0 1 0 0 0 0 1 0 0 0 0 1 0 0 0 0 1 0 0 1 0 0 1 0 2 17 2 18 3 2 0.5 0 0 0 0 1 17 14
266.81347172 271.189121909 275.421642981 279.424950424 283.115198882 286.412581272 289.243071325 291.540072269 293.245935974 294.313319244 2 2 2 0 0 0 1 0 0 0 0 0 0 1 0 0 0 0 0 1 0 0 3 16 3 0 3 3 3 0 1 0 1 0 1 0 0 0 0 0 1 0 0 0 0 1 0 0 0 0 1 0 0 0 0 1 0 0 1 0 0 1 0 3 16 3 17 4 1 0.667 0 0 0 1 0 4 14
294.706346998 294.401555808 293.38859555 291.670671705 289.264716055 286.201278946 282.524142018 278.289655955 273.565813554 268.431073885 2 2 2 0 0 0 0 1 0 0 0 0 1 0 0 0 1 0 0 0 0 0 3 15 4 0 3 2 4 0 1 0 1 0 1 0 0 0 0 0 1 0 0 0 0 1 0 0 0 0 1 0 0 0 0 1 0 0 1 0 0 1 0 4 15 4 16 1 6 0.125 0 0 0 0 1 65 17
262.972958567 257.286446033 251.472194033 245.634624375 239.879907077 234.313883444 229.039969251 224.157079963 219.757619916 215.925576467 2 2 2 0 1 0 0 0 0 0 0 0 0 1 0 0 0 0 1 0 0 0 3 14 5 0 3 1 5 0 1 0 1 0 1 0 0 0 0 0 1 0 0 0 0 1 0 0 0 0 1 0 0 0 0 1 0 0 1 0 0 1 0 5 14 5 15 2 5 0.25 0 1 0 0 0 407 17
212.734758403 210.247215397 208.511871964 207.563405453 207.421392939 208.089746809 209.556453198 211.793621603 214.757847835 218.390886308 2 2 2 0 0 0 1 0 0 0 1 0 0 0 1 0 0 0 0 0 0 0 3 13 6 0 3 0 6 0 1 0 1 1 0 127.85699 0 0 127.85699 0 1 0 0 0 0 1 0 0 0 0 1 0 0 0 0 1 0 0 1 0 0 0 1 6 13 6 14 3 4 0.375 0 0 0 1 0 2 4
222.620621502 227.362322405 232.520158048 237.988946874 243.656107868 249.403777145 255.111050117 260.656306602 265.91957426 270.784884634 2 2 2 1 0 0 0 0 0 0 0 0 1 0 1 0 0 0 0 0 0 0 2 12 7 0 2 0 7 1 0 0 1 1 0 131.381 127.85699 127.85699 131.381 0 1 0 0 0 0 1 0 0 0 0 1 0 0 0 0 0 1 0 1 0 0 0 1 7 12 7 13 4 3 0.5 1 0 0 0 0 1143 5
275.14257588 278.891496942 281.941069521 284.213166642 285.643769872 286.184371281 285.80309098 284.485486341 282.235034856 279.07327876 2 2 2 1 0 0 0 0 1 0 0 0 0 0 0 0 1 0 0 0 0 1 1 11 8 1 1 3 0 1 0 1 0 0 1 129.905 131.381 131.381 129.905 0 1 0 0 0 0 1 0 0 0 0 1 0 0 0 0 0 1 0 0 1 0 1 0 8 11 8 12 5 2 0.625 1 0 0 0 0 332 5
275.03962604 270.190809 264.600008235 258.355656303 251.559941672 244.3270394 236.781100389 229.054035892 221.283138044 213.608580572 2 2 1 0 1 0 0 0 1 0 0 0 0 0 0 0 0 1 0 0 0 2 1 10 9 2 1 2 0 0 1 1 0 0 1 0 129.905 129.905 0 0 1 0 0 0 0 1 0 0 0 0 1 0 0 0 0 1 0 0 0 1 0 1 0 9 10 9 11 6 1 0.75 0 1 0 0 0 1452 8
206.170846334 199.108129962 192.553764599 186.633721471 181.464229854 177.149562888 173.78003174 171.430226768 170.157539806 170.000996445 1 2 2 0 0 1 0 0 0 0 1 0 0 0 0 0 0 0 0 1 0 2 1 9 10 2 1 1 1 0 1 0 1 0 1 0 0 0 0 0 1 0 0 0 0 1 0 0 0 0 1 0 0 0 0 1 0 0 1 0 0 1 0 10 9 10 10 1 10 0.083 0 0 1 0 0 54 19
170.980421393 173.095953721 176.327922238 180.637084384 185.965225199 192.236106037 199.35674608 207.219013367 215.701496138 224.671619965 2 1 2 0 0 0 0 1 0 0 0 1 0 0 1 0 0 0 0 0 0 2 1 8 11 2 1 0 2 0 1 0 1 1 0 123.571 0 0 123.571 0 1 0 0 0 0 1 0 0 0 0 1 0 0 0 0 1 0 0 1 0 0 0 1 11 8 11 9 2 9 0.167 0 0 0 0 1 117 8
233.987971449 243.502785307 253.064548554 262.520673276 271.720188131 280.516398415 288.769465111 296.348854886 303.135615521 309.02443455 2 2 2 1 0 0 0 0 0 0 0 0 0 1 0 0 0 0 0 1 0 2 0 7 12 2 0 7 3 1 0 0 1 0 1 126.571 123.571 123.571 126.571 0 1 0 0 0 0 1 0 0 0 0 1 0 0 0 0 0 1 0 1 0 0 1 0 12 7 12 8 3 8 0.25 1 0 0 0 0 1555 8
313.92544311 317.765731822 320.490551087 322.064174199 322.470408132 321.712743593 319.814142806 316.816470405 312.7795796 307.780072307 2 2 2 0 0 0 0 1 1 0 0 0 0 0 0 0 0 0 0 1 0 3 0 6 13 3 0 6 0 0 1 1 0 0 1 0 126.571 126.571 0 0 1 0 0 0 0 1 0 0 0 0 1 0 0 0 0 1 0 0 0 1 0 1 0 13 6 13 7 4 7 0.333 0 0 0 0 1 1873 12
301.909758114 295.273842629 287.988880807 280.180535254 271.981183078 263.527417583 254.957492965 246.408761029 238.015148914 229.904725784 2 2 2 0 0 0 0 1 0 0 0 0 0 1 0 0 1 0 0 0 0 3 0 5 14 3 0 5 1 0 1 0 1 0 1 0 0 0 0 0 1 0 0 0 0 1 0 0 0 0 1 0 0 0 0 1 0 0 1 0 0 1 0 14 5 14 6 5 6 0.417 0 0 0 0 1 180 12
222.197404519 215.0028216 208.41843474 202.527873374 197.399572058 193.085711145 189.621483029 187.024695759 185.2957192 184.417772186 2 2 2 0 1 0 0 0 0 0 0 0 0 1 0 0 0 0 1 0 0 3 0 4 15 3 0 4 2 0 1 0 1 0 1 0 0 0 0 0 1 0 0 0 0 1 0 0 0 0 1 0 0 0 0 1 0 0 1 0 0 1 0 15 4 15 5 6 5 0.5 0 1 0 0 0 162 5
184.357542403 185.0661243 186.480254094 188.523815264 191.109582664 194.141168908 197.515132832 201.123206856 204.854597952 208.598315669 2 2 2 0 0 0 1 0 0 0 1 0 0 0 0 0 0 0 1 0 0 3 0 3 16 3 0 3 3 0 1 0 1 0 1 0 0 0 0 0 1 0 0 0 0 1 0 0 0 0 1 0 0 0 0 1 0 0 1 0 0 1 0 16 3 16 4 7 4 0.583 0 0 0 1 0 1243 5
212.245480418 215.691565816 218.838530475 221.596797046 223.887039604 225.641744504 226.806514546 227.341091617 227.220078745 226.433348667 2 2 2 0 0 0 1 0 0 0 0 0 1 0 0 0 0 0 0 1 0 3 0 2 17 3 0 2 4 0 1 0 1 0 1 0 0 0 0 0 1 0 0 0 0 1 0 0 0 0 1 0 0 0 0 1 0 0 1 0 0 1 0 17 2 17 3 8 3 0.667 0 0 0 1 0 2 4
224.986132402 222.898787812 220.206254647 216.957208856 213.212935065 209.045941724 204.538348629 199.780081034 194.866908405 189.89836896 2 2 2 0 0 0 0 1 0 0 0 0 1 0 0 0 1 0 0 0 0 3 0 1 18 3 0 1 5 0 1 0 1 0 1 0 0 0 0 0 1 0 0 0 0 1 0 0 0 0 0 0 1 0 0 1 0 0 1 0 0 1 0 18 1 18 2 9 2 0.75 0 0 0 0 1 512 5
184.975623312 180.199281908 175.667251374 171.472644378 167.701796265 164.43242941 161.73200318 159.656283507 158.248161535 157.536745664 2 2 0 0 1 0 0 0 0 0 0 0 0 1 0 1 0 0 0 0 0 3 0 0 19 3 0 0 6 0 1 0 1 0 1 110 0 0 0 0 0 0 1 0 0 1 0 0 0 1 0 0 0 0 0 1 0 0 1 0 1 0 0 19 0 19 1 10 1 0.833 0 1 0 0 0 68 5
