95.707 118.317 118.327 118.341 118.351 116.966 104.691 78.769 38.328 -4.489 2 0 2 0 0 0 0 1 0 1 0 0 0 0 0 0 0 1 0 0 0 0 3 23 0 0 3 6 0 0 1 0 1 0 1 0 130 0 0 0 1 0 0 0 1 0 0 0 0 0 1 0 0 0 0 1 0 1 0 0 0 1 0 0 23 0 24 1 13 0.067 0 0 0 0 1 15 8
-33.794 -50.2 -68.332 -78.803 -84.652 -86.337 -85.073 -81.474 -75.299 -61.329 2 2 2 0 0 1 0 0 0 0 0 0 0 1 0 0 0 0 0 1 0 0 3 22 1 0 3 5 1 0 1 0 1 0 1 0 0 0 0 0 1 0 0 0 0 1 0 0 0 0 1 0 0 0 0 1 0 0 1 0 0 1 0 1 22 1 23 2 12 0.133 0 0 1 0 0 192 8
-32.807 -5.98 6.965 37.305 67.1 69.68 58.586 32.453 3.656 -28.481 2 2 2 0 0 0 0 1 0 0 0 1 0 0 0 0 0 1 0 0 0 0 3 21 2 0 3 4 2 0 1 0 1 0 1 0 0 0 0 0 1 0 0 0 0 1 0 0 0 0 1 0 0 0 0 1 0 0 1 0 0 1 0 2 21 2 22 3 11 0.2 0 0 0 0 1 17 14
-55.982 -54.111 -44.479 -34.386 -23.05 -13.467 -13.493 -24.005 -30.156 -39.002 2 2 2 0 0 1 0 0 0 0 0 0 0 1 0 0 0 0 0 1 0 0 3 20 3 0 3 3 3 0 1 0 1 0 1 0 0 0 0 0 1 0 0 0 0 1 0 0 0 0 1 0 0 0 0 1 0 0 1 0 0 1 0 3 20 3 21 4 10 0.267 0 0 1 0 0 138 17
-43.203 -17.701 32.443 68.11 73.45 71.874 62.377 43.658 21.852 -1.109 2 2 2 0 0 0 0 1 0 0 0 1 0 0 0 0 1 0 0 0 0 0 3 19 4 0 3 2 4 0 1 0 1 0 1 0 0 0 0 0 1 0 0 0 0 1 0 0 0 0 1 0 0 0 0 1 0 0 1 0 0 1 0 4 19 4 20 5 9 0.333 0 0 0 0 1 280 8
-31.039 -57.377 -62.025 -68.94 -82.659 -91.277 -95.69 -117.663 -184.315 -155.549 2 2 2 0 1 0 0 0 0 0 0 0 0 1 0 0 0 1 0 0 0 0 3 18 5 0 3 1 5 0 1 0 1 0 1 0 0 0 0 0 1 0 0 0 0 1 0 0 0 0 1 0 0 0 0 1 0 0 1 0 0 1 0 5 18 5 19 6 8 0.4 0 1 0 0 0 110 8
-130.315 -115.914 -70.759 -50.988 -46.364 -41.728 -31.283 -15.052 2.183 10.678 2 2 2 0 0 1 0 0 0 0 1 0 0 0 1 0 0 0 0 0 0 0 3 17 6 0 3 0 6 0 1 0 1 1 0 129 0 0 129 0 1 0 0 0 0 1 0 0 0 0 1 0 0 0 0 1 0 0 1 0 0 0 1 6 17 6 18 7 7 0.467 0 0 1 0 0 122 12
15.174 24.682 37.28 49.889 62.5 72.293 75.689 79.552 81.757 77.282 2 2 2 1 0 0 0 0 0 0 0 1 0 0 1 0 0 0 0 0 0 0 2 16 7 0 2 0 7 1 0 0 1 1 0 132.60001 129 129 132.60001 0 1 0 0 0 0 1 0 0 0 0 1 0 0 0 0 0 1 0 1 0 0 0 1 7 16 7 17 8 6 0.533 1 0 0 0 0 637 12
77.985 96.001 111.045 112.14 112.834 115.996 114.274 112.466 112.602 94.167 2 2 2 1 0 0 0 0 1 0 0 0 0 0 0 0 0 1 0 0 0 1 1 15 8 1 1 2 0 1 0 1 0 0 1 131.2 132.60001 132.60001 131.2 0 1 0 0 0 0 1 0 0 0 0 1 0 0 0 0 0 1 0 0 1 0 1 0 8 15 8 16 9 5 0.6 1 0 0 0 0 753 8
75.321 67.115 36.899 -10.863 -40.917 -49.956 -42.452 -20.982 3.164 10.693 2 2 2 0 0 1 0 0 1 0 0 0 0 0 0 0 1 0 0 0 0 2 1 14 9 2 1 1 0 0 1 1 0 0 1 0 131.2 131.2 0 0 1 0 0 0 0 1 0 0 0 0 1 0 0 0 0 1 0 0 0 1 0 1 0 9 14 9 15 10 4 0.667 0 0 1 0 0 145 8
7.664 1.577 -4.467 -15.364 -40.184 -69.966 -82.46 -83.256 -82.681 -76.688 2 2 2 0 1 0 0 0 0 0 0 1 0 0 1 0 0 0 0 0 0 2 1 13 10 2 1 0 1 0 1 0 1 1 0 125.8 0 0 125.8 0 1 0 0 0 0 1 0 0 0 0 1 0 0 0 0 1 0 0 1 0 0 0 1 10 13 10 14 11 3 0.733 0 1 0 0 0 1242 5
-40.666 -8.761 11.984 18.139 21.327 26.821 30.403 35.291 38.128 15.006 2 2 2 1 0 0 0 0 0 0 1 0 0 0 0 0 0 0 1 0 0 2 0 12 11 2 0 12 2 1 0 0 1 0 1 128.8 125.8 125.8 128.8 0 1 0 0 0 0 1 0 0 0 0 1 0 0 0 0 0 1 0 1 0 0 1 0 11 12 11 13 12 2 0.8 1 0 0 0 0 1713 5
-10.971 -15.724 -37.52 -52.409 -64.617 -72.827 -78.4 -84.57 -94.51 -95.221 2 2 2 0 0 0 1 0 1 0 0 0 0 0 0 0 0 1 0 0 0 3 0 11 12 3 0 11 0 0 1 1 0 0 1 0 128.8 128.8 0 0 1 0 0 0 0 1 0 0 0 0 1 0 0 0 0 1 0 0 0 1 0 1 0 12 11 12 12 13 1 0.867 0 0 0 1 0 2 9
-14.553 -23.563 -27.7 -27.985 -29.181 -29.26 -22.974 -0.732 33.803 45.719 2 2 2 0 0 1 0 0 0 0 0 0 1 0 0 0 0 0 0 1 0 3 0 10 13 3 0 10 1 0 1 0 1 0 1 0 0 0 0 0 1 0 0 0 0 1 0 0 0 0 1 0 0 0 0 1 0 0 1 0 0 1 0 13 10 13 11 1 11 0.077 0 0 1 0 0 170 5
10.055 14.534 46.326 81.023 111.678 125.856 118.663 95.377 64.449 38.262 2 2 2 0 0 0 0 1 0 0 0 1 0 0 0 0 1 0 0 0 0 3 0 9 14 3 0 9 2 0 1 0 1 0 1 0 0 0 0 0 1 0 0 0 0 1 0 0 0 0 1 0 0 0 0 1 0 0 1 0 0 1 0 14 9 14 10 2 10 0.154 0 0 0 0 1 451 5
15.622 14.531 15.129 -5.882 -53.673 -79.933 -82.083 -85.815 -84.586 -76.995 2 2 1 0 1 0 0 0 0 0 0 0 0 1 0 0 0 1 0 0 0 3 0 8 15 3 0 8 3 0 1 0 1 0 1 0 0 0 0 0 1 0 0 0 0 1 0 0 0 0 1 0 0 0 0 1 0 0 1 0 0 1 0 15 8 15 9 3 9 0.231 0 1 0 0 0 50 3
-70.079 -67.502 -64.676 -61.727 -58.208 -54.766 -47.906 -39.499 -26.917 -12.923 1 2 2 0 0 1 0 0 0 0 1 0 0 0 0 0 0 0 0 1 0 3 0 7 16 3 0 7 4 0 1 0 1 0 1 0 0 0 0 0 1 0 0 0 0 1 0 0 0 0 1 0 0 0 0 1 0 0 1 0 0 1 0 16 7 16 8 4 8 0.308 0 0 1 0 0 462 3
-0.383 16.484 41.403 66.51 91.612 110.975 112.597 98.194 74.942 54.183 2 1 2 0 0 0 0 1 0 0 0 1 0 0 0 0 0 0 0 1 0 3 0 6 17 3 0 6 5 0 1 0 1 0 1 0 0 0 0 0 1 0 0 0 0 1 0 0 0 0 1 0 0 0 0 1 0 0 1 0 0 1 0 17 6 17 7 5 7 0.385 0 0 0 0 1 171 5
43.649 35.039 24.637 10.798 0.213 -5.346 -5.851 -3.908 0.457 4.505 2 2 2 0 0 0 0 1 0 0 0 0 0 1 0 0 0 0 0 1 0 3 0 5 18 3 0 5 6 0 1 0 1 0 1 0 0 0 0 0 1 0 0 0 0 1 0 0 0 0 1 0 0 0 0 1 0 0 1 0 0 1 0 18 5 18 6 6 6 0.462 0 0 0 0 1 35 5
11.16 39.458 58.882 55.391 43.243 22.303 1.079 -15.392 -27.53 -31.867 2 2 2 0 0 0 0 1 0 0 0 0 0 1 0 0 0 1 0 0 0 3 0 4 19 3 0 4 7 0 1 0 1 0 1 0 0 0 0 0 1 0 0 0 0 1 0 0 0 0 1 0 0 0 0 1 0 0 1 0 0 1 0 19 4 19 5 7 5 0.538 0 0 0 0 1 1538 5
-29.457 -25.116 -20.901 -22.651 -44.602 -55.514 -52.329 -45.385 -22.292 8.121 2 2 2 0 0 1 0 0 0 0 0 0 0 1 0 0 1 0 0 0 0 3 0 3 20 3 0 3 8 0 1 0 1 0 1 0 0 0 0 0 1 0 0 0 0 1 0 0 0 0 1 0 0 0 0 1 0 0 1 0 0 1 0 20 3 20 4 8 4 0.615 0 0 1 0 0 417 5
5.286 -1.51 0.979 5.54 9.918 10.862 -3.851 -34.027 -52.912 -59.282 2 2 2 0 1 0 0 0 0 0 0 1 0 0 0 0 0 0 0 1 0 3 0 2 21 3 0 2 9 0 1 0 1 0 1 0 0 0 0 0 1 0 0 0 0 1 0 0 0 0 1 0 0 0 0 1 0 0 1 0 0 1 0 21 2 21 3 9 3 0.692 0 1 0 0 0 266 6
-60.674 -57.522 -38.252 14.764 79.442 100.339 104.115 103.682 92.383 64.261 2 2 2 0 0 0 0 1 0 0 1 0 0 0 0 0 0 1 0 0 0 3 0 1 22 3 0 1 10 0 1 0 1 0 1 0 0 0 0 0 1 0 0 0 0 1 0 0 0 0 0 0 1 0 0 1 0 0 1 0 0 1 0 22 1 22 2 10 2 0.769 0 0 0 0 1 153 6
20.222 -9.796 -26.339 -34.79 -44.212 -48.135 -47.589 -41.031 -33.275 -26.554 2 2 0 0 0 1 0 0 0 0 0 0 0 1 0 1 0 0 0 0 0 3 0 0 23 3 0 0 11 0 1 0 1 0 1 110 0 0 0 0 0 0 1 0 0 1 0 0 0 1 0 0 0 0 0 1 0 0 1 0 1 0 0 23 0 23 1 11 1 0.846 0 0 1 0 0 204 7
