99.185 99.289 99.498 92.259 70.455 68.399 69.568 73.912 76.538 71.011 2 0 2 1 0 0 0 0 0 1 0 0 0 0 0 0 1 0 0 0 0 0 2 16 0 0 2 3 0 1 0 0 1 0 1 137.459 134.459 0 137.459 0 1 0 0 0 1 0 0 0 0 0 1 0 0 0 0 0 1 1 0 0 0 1 0 0 16 0 17 1 5 0.143 1 0 0 0 0 245 5
56.189 31.488 5.955 -19.504 -44.693 -79.965 -104.942 -113.003 -114.043 -109.736 2 2 2 0 1 0 0 0 1 0 0 0 0 0 0 0 0 0 1 0 0 0 2 15 1 0 2 2 0 0 1 1 0 0 1 0 137.459 137.459 0 0 1 0 0 0 0 1 0 0 0 0 1 0 0 0 0 1 0 0 0 1 0 1 0 1 15 1 16 2 4 0.286 0 1 0 0 0 100 5
-96.288 -92.356 -90.622 -88.779 -85.89 -81.214 -73.584 -67.226 -58.862 -48.961 2 2 2 0 0 0 1 0 0 0 1 0 0 0 0 0 0 0 0 1 0 0 2 14 2 0 2 1 1 0 1 0 1 0 1 0 0 0 0 0 1 0 0 0 0 1 0 0 0 0 1 0 0 0 0 1 0 0 1 0 0 1 0 2 14 2 15 3 3 0.429 0 0 0 1 0 2 4
-40.797 -10.011 47.332 59.069 57.728 37.013 1.386 -29.77 -43.104 -38.197 2 2 2 0 0 0 0 1 0 0 0 0 1 0 1 0 0 0 0 0 0 0 2 13 3 0 2 0 2 0 1 0 1 1 0 130.13499 0 0 130.13499 0 1 0 0 0 0 1 0 0 0 0 1 0 0 0 0 1 0 0 1 0 0 0 1 3 13 3 14 4 2 0.571 0 0 0 0 1 207 5
-17.928 7.316 33.87 51.346 51.413 54.041 55.616 56.895 50.008 45.557 2 2 2 1 0 0 0 0 0 0 0 0 0 1 0 0 1 0 0 0 0 0 1 12 4 0 1 10 3 1 0 0 1 0 1 133.13499 130.13499 130.13499 133.13499 0 1 0 0 0 0 1 0 0 0 0 1 0 0 0 0 0 1 0 1 0 0 1 0 4 12 4 13 5 1 0.714 1 0 0 0 0 1470 5
18.739 19.083 19.355 19.557 12.74 -27.429 -46.987 -47.043 -37.681 -22.48 2 2 2 0 1 0 0 0 1 0 0 0 0 0 0 0 0 0 0 1 0 1 1 11 5 1 1 9 0 0 1 1 0 0 1 0 133.13499 133.13499 0 0 1 0 0 0 0 1 0 0 0 0 1 0 0 0 0 1 0 0 0 1 0 1 0 5 11 5 12 1 12 0.071 0 1 0 0 0 1010 12
-12.782 17.773 71.984 99.21 113.812 118.563 111.15 87.853 59.895 34.933 2 2 2 0 0 0 0 1 0 0 1 0 0 0 0 0 1 0 0 0 0 1 1 10 6 1 1 8 1 0 1 0 1 0 1 0 0 0 0 0 1 0 0 0 0 1 0 0 0 0 1 0 0 0 0 1 0 0 1 0 0 1 0 6 10 6 11 2 11 0.143 0 0 0 0 1 124 12
16.828 1.055 -17.8 -38.757 -63.07 -79.186 -80.551 -79.969 -79.091 -75.793 2 2 2 0 1 0 0 0 0 0 0 0 0 1 0 0 0 1 0 0 0 1 1 9 7 1 1 7 2 0 1 0 1 0 1 0 0 0 0 0 1 0 0 0 0 1 0 0 0 0 1 0 0 0 0 1 0 0 1 0 0 1 0 7 9 7 10 3 10 0.214 0 1 0 0 0 9 16
-71.005 -64.929 -58.363 -51.755 -45.816 -43.809 -42.347 -35.863 -16.724 -1.066 2 2 2 0 0 1 0 0 0 0 1 0 0 0 0 0 0 0 0 1 0 1 1 8 8 1 1 6 3 0 1 0 1 0 1 0 0 0 0 0 1 0 0 0 0 1 0 0 0 0 1 0 0 0 0 1 0 0 1 0 0 1 0 8 8 8 9 4 9 0.286 0 0 1 0 0 198 8
10.57 26.181 41.864 50.822 28.178 4.075 -13.113 -21.09 -21.437 -18.169 2 2 2 0 0 0 0 1 0 0 0 1 0 0 0 0 0 0 0 1 0 1 1 7 9 1 1 5 4 0 1 0 1 0 1 0 0 0 0 0 1 0 0 0 0 1 0 0 0 0 1 0 0 0 0 1 0 0 1 0 0 1 0 9 7 9 8 5 8 0.357 0 0 0 0 1 586 8
-25.353 -34.844 -0.962 65.825 113.663 119.259 115.644 102.265 79.776 53.992 2 2 2 0 0 0 0 1 0 0 0 0 0 1 0 0 1 0 0 0 0 1 1 6 10 1 1 4 5 0 1 0 1 0 1 0 0 0 0 0 1 0 0 0 0 1 0 0 0 0 1 0 0 0 0 1 0 0 1 0 0 1 0 10 6 10 7 6 7 0.429 0 0 0 0 1 610 5
24.788 0.37 -15.827 -26.487 -47.25 -65.391 -71.748 -75.979 -74.953 -54.619 2 2 2 0 1 0 0 0 0 0 0 0 0 1 0 0 0 1 0 0 0 1 1 5 11 1 1 3 6 0 1 0 1 0 1 0 0 0 0 0 1 0 0 0 0 1 0 0 0 0 1 0 0 0 0 1 0 0 1 0 0 1 0 11 5 11 6 7 6 0.5 0 1 0 0 0 809 5
-38.596 -33.373 -28.293 -23.209 -18.962 -14.841 8.264 49.907 91.176 102.03 2 2 2 0 0 1 0 0 0 0 1 0 0 0 0 0 1 0 0 0 0 1 1 4 12 1 1 2 7 0 1 0 1 0 1 0 0 0 0 0 1 0 0 0 0 1 0 0 0 0 1 0 0 0 0 1 0 0 1 0 0 1 0 12 4 12 5 8 5 0.571 0 0 1 0 0 1257 5
94.319 76.514 57.087 37.618 19.469 4.364 -30.025 -53.593 -56.462 -48.588 2 2 2 0 1 0 0 0 0 0 0 1 0 0 0 0 0 0 1 0 0 1 1 3 13 1 1 1 8 0 1 0 1 0 1 0 0 0 0 0 1 0 0 0 0 1 0 0 0 0 1 0 0 0 0 1 0 0 1 0 0 1 0 13 3 13 4 9 4 0.643 0 1 0 0 0 82 11
-39.041 -38.935 -42.031 -47.152 -50.665 -51.452 -50.425 -44.331 -35.429 -20.714 2 2 2 0 0 0 1 0 0 0 1 0 0 0 1 0 0 0 0 0 0 1 1 2 14 1 1 0 9 0 1 0 1 1 0 118.243 0 0 118.243 0 1 0 0 0 0 1 0 0 0 0 1 0 0 0 0 1 0 0 1 0 0 0 1 14 2 14 3 10 3 0.714 0 0 0 1 0 2 18
3.099 30.897 44.402 46.813 48.487 48.946 48.731 50.665 55.127 56.178 2 2 2 1 0 0 0 0 0 0 0 0 1 0 0 0 0 0 0 1 0 1 0 1 15 1 0 1 10 1 0 0 1 0 1 121.243 118.243 118.243 121.243 0 1 0 0 0 0 1 0 0 0 0 0 0 1 0 0 0 1 0 1 0 0 1 0 15 1 15 2 11 2 0.786 1 0 0 0 0 334 8
56.005 51.415 45.962 40.53 31.296 -16.306 -113.176 -140.185 -110.472 21.806 2 2 0 0 0 0 0 1 1 0 0 0 0 0 0 1 0 0 0 0 0 2 0 0 16 2 0 0 0 0 1 1 0 0 1 110 121.243 121.243 0 0 0 0 1 0 0 1 0 0 0 1 0 0 0 0 0 1 0 0 0 1 1 0 0 16 0 16 1 12 1 0.857 0 0 0 0 1 586 8
