222.649361566 222.629691632 222.590387887 222.531522505 222.453203577 222.355574904 222.23881572 222.103140354 221.948797816 221.776071326 2 0 2 0 0 0 0 1 0 1 0 0 0 0 0 0 0 1 0 0 0 0 4 19 0 0 4 8 0 0 1 0 1 0 1 0 130 0 0 0 1 0 0 0 1 0 0 0 0 0 1 0 0 0 0 1 0 1 0 0 0 1 0 0 19 0 20 1 3 0.2 0 0 0 0 1 89 12
221.585277768 221.376767086 221.150921614 220.908155339 220.648913112 220.373669787 220.082929311 219.777223751 219.457112268 219.123180035 2 2 2 0 0 1 0 0 0 0 0 0 0 1 0 0 1 0 0 0 0 0 4 18 1 0 4 7 1 0 1 0 1 0 1 0 0 0 0 0 1 0 0 0 0 1 0 0 0 0 1 0 0 0 0 1 0 0 1 0 0 1 0 1 18 1 19 2 2 0.4 0 0 1 0 0 2499 5
218.776037104 218.416317222 218.044676603 217.661792643 217.268362606 216.865102256 216.452744455 216.032037722 215.603744765 215.168640967 2 2 1 0 1 0 0 0 0 0 0 1 0 0 0 0 0 0 0 1 0 0 4 17 2 0 4 6 2 0 1 0 1 0 1 0 0 0 0 0 1 0 0 0 0 1 0 0 0 0 1 0 0 0 0 1 0 0 1 0 0 1 0 2 17 2 18 3 1 0.6 0 1 0 0 0 1018 5
214.727512859 214.281156555 213.830376168 213.375982208 212.918789957 212.459617833 211.999285742 211.538613421 211.078418778 210.619516222 1 2 2 0 0 0 0 1 0 0 1 0 0 0 0 0 1 0 0 0 0 0 4 16 3 0 4 5 3 0 1 0 1 0 1 0 0 0 0 0 1 0 0 0 0 1 0 0 0 0 1 0 0 0 0 1 0 0 1 0 0 1 0 3 16 3 17 1 4 0.167 0 0 0 0 1 1065 5
210.162715007 209.708817571 209.258617883 208.812899804 208.372435466 207.937983655 207.51028823 207.090076558 206.678057979 206.274922297 2 1 2 0 1 0 0 0 0 0 0 0 0 1 0 0 0 1 0 0 0 0 4 15 4 0 4 4 4 0 1 0 1 0 1 0 0 0 0 0 1 0 0 0 0 1 0 0 0 0 1 0 0 0 0 1 0 0 1 0 0 1 0 4 15 4 16 2 3 0.333 0 1 0 0 0 1091 5
205.881338313 205.497952389 205.125387049 204.764239638 204.415081007 204.078454262 203.754873564 203.444822974 203.148755367 202.867091403 2 2 2 0 0 1 0 0 0 0 1 0 0 0 0 0 0 1 0 0 0 0 4 14 5 0 4 3 5 0 1 0 1 0 1 0 0 0 0 0 1 0 0 0 0 1 0 0 0 0 1 0 0 0 0 1 0 0 1 0 0 1 0 5 14 5 15 3 2 0.5 0 0 1 0 0 2172 5
202.600218556 202.348490218 202.112224859 201.891705272 201.687177876 201.498852101 201.326899846 201.171455021 201.032613159 200.910431114 2 2 1 0 0 1 0 0 0 0 0 1 0 0 0 0 0 1 0 0 0 0 4 13 6 0 4 2 6 0 1 0 1 0 1 0 0 0 0 0 1 0 0 0 0 1 0 0 0 0 1 0 0 0 0 1 0 0 1 0 0 1 0 6 13 6 14 4 1 0.667 0 0 1 0 0 2491 5
200.804926841 200.716079261 200.643828205 200.588074445 200.548679814 200.525467405 200.518221863 200.526689759 200.550580047 200.589564616 1 2 2 0 0 1 0 0 0 0 0 1 0 0 0 0 1 0 0 0 0 0 4 12 7 0 4 1 7 0 1 0 1 0 1 0 0 0 0 0 1 0 0 0 0 1 0 0 0 0 1 0 0 0 0 1 0 0 1 0 0 1 0 7 12 7 13 1 4 0.167 0 0 1 0 0 2368 5
200.643278916 200.711322678 200.793260705 200.888623761 200.996909525 201.117583636 201.25008081 201.393806031 201.548135819 201.71241957 2 1 2 0 1 0 0 0 0 0 0 1 0 0 1 0 0 0 0 0 0 0 4 11 8 0 4 0 8 0 1 0 1 1 0 126.707 0 0 126.707 0 1 0 0 0 0 1 0 0 0 0 1 0 0 0 0 1 0 0 1 0 0 0 1 8 11 8 12 2 3 0.333 0 1 0 0 0 2499 5
201.885980958 202.068119411 202.258111646 202.455213263 202.658660397 202.867671424 203.081448719 203.299180455 203.520042448 203.74320004 2 2 2 1 0 0 0 0 0 0 1 0 0 0 0 0 0 1 0 0 0 0 3 10 9 0 3 1 9 1 0 0 1 0 1 129.707 126.707 126.707 129.707 0 1 0 0 0 0 1 0 0 0 0 1 0 0 0 0 0 1 0 1 0 0 1 0 9 10 9 11 3 2 0.5 1 0 0 0 0 1567 5
203.967810017 204.193022555 204.417983196 204.641834839 204.863719757 205.082781616 205.298167514 205.509030009 205.714529159 205.913834545 2 2 2 0 0 1 0 0 1 0 0 0 0 0 1 0 0 0 0 0 0 1 3 9 10 1 3 0 0 0 1 1 0 1 0 124.756 129.707 129.707 124.756 0 1 0 0 0 0 1 0 0 0 0 1 0 0 0 0 1 0 0 0 1 0 0 1 10 9 10 10 4 1 0.667 0 0 1 0 0 268 5
206.10612729 206.290602059 206.466469036 206.63295588 206.789309647 206.934798678 207.068714446 207.190373362 207.299118525 207.394321429 2 2 2 1 0 0 0 0 0 0 0 1 0 0 0 0 1 0 0 0 0 1 2 8 11 1 2 2 1 1 0 0 1 0 1 127.756 124.756 124.756 127.756 0 1 0 0 0 0 1 0 0 0 0 1 0 0 0 0 0 1 0 1 0 0 1 0 11 8 11 9 1 3 0.2 1 0 0 0 0 627 8
207.475383597 207.541738169 207.592851411 207.628224159 207.64739319 207.64993251 207.635454565 207.603611362 207.55409551 207.48664116 2 2 2 0 1 0 0 0 1 0 0 0 0 0 0 0 0 0 1 0 0 2 2 7 12 2 2 1 0 0 1 1 0 0 1 0 127.756 127.756 0 0 1 0 0 0 0 1 0 0 0 0 1 0 0 0 0 1 0 0 0 1 0 1 0 12 7 12 8 2 2 0.4 0 1 0 0 0 232 8
207.401024854 207.297066287 207.17462895 207.033620695 206.873994178 206.695747208 206.498922988 206.283610246 206.04994326 205.798101775 2 2 2 0 0 0 1 0 0 0 1 0 0 0 1 0 0 0 0 0 0 2 2 6 13 2 2 0 1 0 1 0 1 1 0 121.829 0 0 121.829 0 1 0 0 0 0 1 0 0 0 0 1 0 0 0 0 1 0 0 1 0 0 0 1 13 6 13 7 3 1 0.6 0 0 0 1 0 4 10
205.528310812 205.240840362 204.936004979 204.614163261 204.275717221 203.921111556 203.55083281 203.165408427 202.765405715 202.351430695 2 2 2 1 0 0 0 0 0 0 0 0 1 0 0 0 0 1 0 0 0 2 1 5 14 2 1 2 2 1 0 0 1 0 1 124.829 121.829 121.829 124.829 0 1 0 0 0 0 1 0 0 0 0 1 0 0 0 0 0 1 0 1 0 0 1 0 14 5 14 6 1 6 0.125 1 0 0 0 0 389 1
201.924126865 201.484173864 201.032286042 200.569210949 200.09572773 199.612645441 199.120801294 198.621058818 198.114305956 197.601453095 2 2 2 0 0 1 0 0 1 0 0 0 0 0 0 0 1 0 0 0 0 3 1 4 15 3 1 1 0 0 1 1 0 0 1 0 124.829 124.829 0 0 1 0 0 0 0 1 0 0 0 0 1 0 0 0 0 1 0 0 0 1 0 1 0 15 4 15 5 2 5 0.25 0 0 1 0 0 200 1
197.083431038 196.561188918 196.035692062 195.507919808 194.978863283 194.449523147 193.920907306 193.394028599 192.869902471 192.34954463 2 2 2 0 1 0 0 0 0 0 0 1 0 0 1 0 0 0 0 0 0 3 1 3 16 3 1 0 1 0 1 0 1 1 0 118.902 0 0 118.902 0 1 0 0 0 0 1 0 0 0 0 1 0 0 0 0 1 0 0 1 0 0 0 1 16 3 16 4 3 4 0.375 0 1 0 0 0 56 5
191.833968698 191.32418386 190.821192522 190.325987973 189.839552065 189.362852923 188.896842667 188.442455186 188.000603935 187.572179788 2 2 2 1 0 0 0 0 0 0 1 0 0 0 0 0 0 1 0 0 0 3 0 2 17 3 0 2 2 1 0 0 1 0 1 121.902 118.902 118.902 121.902 0 1 0 0 0 0 1 0 0 0 0 1 0 0 0 0 0 1 0 1 0 0 1 0 17 2 17 3 4 3 0.5 1 0 0 0 0 342 5
187.158048933 186.759050827 186.375996213 186.009665197 185.660805398 185.330130174 185.018316929 184.7260055 184.453796632 184.202250551 2 2 2 0 0 1 0 0 1 0 0 0 0 0 0 0 0 0 0 1 0 4 0 1 18 4 0 1 0 0 1 1 0 0 1 0 121.902 121.902 0 0 1 0 0 0 0 1 0 0 0 0 0 0 1 0 0 1 0 0 0 1 0 1 0 18 1 18 2 5 2 0.625 0 0 1 0 0 81 5
183.971885625 183.763177128 183.576556106 183.412408348 183.271073462 183.152844065 183.05796508 182.986633155 182.938996188 182.915152976 2 2 0 0 0 0 0 1 0 0 0 1 0 0 0 1 0 0 0 0 0 4 0 0 19 4 0 0 1 0 1 0 1 0 1 110 0 0 0 0 0 0 1 0 0 1 0 0 0 1 0 0 0 0 0 1 0 0 1 0 1 0 0 19 0 19 1 6 1 0.75 0 0 0 0 1 271 5
