338.95756642 337.768541957 335.420333206 331.971753096 327.508879424 322.142559573 316.00520528 309.246976785 302.031474405 294.531070449 2 0 1 1 0 0 0 0 0 1 0 0 0 0 0 0 0 0 0 1 0 0 6 14 0 0 6 4 0 1 0 0 1 0 1 137.375 134.375 0 137.375 0 1 0 0 0 1 0 0 0 0 0 1 0 0 0 0 0 1 1 0 0 0 1 0 0 14 0 15 1 15 0.059 1 0 0 0 0 80 25
286.922025065 279.379535612 272.072870459 265.16073454 258.787005838 253.076969355 248.134158642 244.037894997 240.841591811 238.571866906 1 2 2 0 0 0 0 1 1 0 0 0 0 0 0 0 0 0 0 1 0 0 6 13 1 0 6 3 0 0 1 1 0 0 1 0 137.375 137.375 0 0 1 0 0 0 0 1 0 0 0 0 1 0 0 0 0 1 0 0 0 1 0 1 0 1 13 1 14 2 14 0.118 0 0 0 0 1 970 14
237.228479857 236.785085219 237.190766887 238.372294618 240.23702154 242.676322207 245.569454851 248.787719507 252.198776015 255.670982644 2 1 2 0 0 0 0 1 0 0 0 0 0 1 0 0 0 0 0 1 0 0 6 12 2 0 6 2 1 0 1 0 1 0 1 0 0 0 0 0 1 0 0 0 0 1 0 0 0 0 1 0 0 0 0 1 0 0 1 0 0 1 0 2 12 2 13 3 13 0.176 0 0 0 0 1 570 14
259.077617444 262.300850133 265.235342341 267.791367798 269.897361198 271.501824322 272.574539901 273.107066912 273.112514698 272.62461671 2 2 2 0 0 0 0 1 0 0 0 0 0 1 0 0 0 0 0 1 0 0 6 11 3 0 6 1 2 0 1 0 1 0 1 0 0 0 0 0 1 0 0 0 0 1 0 0 0 0 1 0 0 0 0 1 0 0 1 0 0 1 0 3 11 3 12 4 12 0.235 0 0 0 0 1 33 3
271.696147097 270.396743912 268.810220915 267.031465078 265.163028619 263.311532275 261.584000426 260.084248511 258.909438985 258.146914147 2 2 2 0 0 0 0 1 0 0 0 0 0 1 1 0 0 0 0 0 0 0 6 10 4 0 6 0 3 0 1 0 1 1 0 128.75 0 0 128.75 0 1 0 0 0 0 1 0 0 0 0 1 0 0 0 0 1 0 0 1 0 0 0 1 4 10 4 11 5 11 0.294 0 0 0 0 1 71 3
257.871402721 258.142682667 259.003765819 260.479651207 262.576673992 265.2824566 268.566448425 272.381021298 276.663070172 281.336052996 2 2 2 1 0 0 0 0 0 0 0 0 0 1 1 0 0 0 0 0 0 0 5 9 5 0 5 0 4 1 0 0 1 1 0 132.125 128.75 128.75 132.125 0 1 0 0 0 0 1 0 0 0 0 1 0 0 0 0 0 1 0 1 0 0 0 1 5 9 5 10 6 10 0.353 1 0 0 0 0 372 3
286.312390799 291.496139138 296.785835507 302.077424152 307.267160177 312.254398608 316.944181075 321.249542683 325.093473998 328.410487377 2 2 2 1 0 0 0 0 1 0 0 0 0 0 1 0 0 0 0 0 0 1 4 8 6 1 4 0 0 1 0 1 0 1 0 130.875 132.125 132.125 130.875 0 1 0 0 0 0 1 0 0 0 0 1 0 0 0 0 0 1 0 0 1 0 0 1 6 8 6 9 7 9 0.412 1 0 0 0 0 224 3
331.147752623 333.265783485 334.738673263 335.553894058 335.711689549 335.224104866 334.113708889 332.412073537 330.158081219 327.39613526 2 2 2 1 0 0 0 0 1 0 0 0 0 0 1 0 0 0 0 0 0 2 3 7 7 2 3 0 0 1 0 1 0 1 0 129.625 130.875 130.875 129.625 0 1 0 0 0 0 1 0 0 0 0 1 0 0 0 0 0 1 0 0 1 0 0 1 7 7 7 8 8 8 0.471 1 0 0 0 0 43 3
324.174348778 320.542785217 316.55181864 312.250674245 307.686199674 302.901906062 297.937304761 292.827551944 287.603399327 282.291435584 2 2 2 1 0 0 0 0 1 0 0 0 0 0 0 0 0 1 0 0 0 3 2 6 8 3 2 3 0 1 0 1 0 0 1 128 129.625 129.625 128 0 1 0 0 0 0 1 0 0 0 0 1 0 0 0 0 0 1 0 0 1 0 1 0 8 6 8 7 9 7 0.529 1 0 0 0 0 224 3
276.914590276 271.492860712 266.04421258 260.585597799 255.134028104 249.707640652 244.326692353 239.014422887 233.797732079 228.707625477 2 2 2 0 0 1 0 0 1 0 0 0 0 0 0 0 0 0 0 1 0 4 2 5 9 4 2 2 0 0 1 1 0 0 1 0 128 128 0 0 1 0 0 0 0 1 0 0 0 0 1 0 0 0 0 1 0 0 0 1 0 1 0 9 5 9 6 10 6 0.588 0 0 1 0 0 791 5
223.779392111 219.052490188 214.570129437 210.378552403 206.526030681 203.061605346 200.03361314 197.488050784 195.466838691 194.006052011 2 2 2 0 0 0 0 1 0 0 0 1 0 0 0 0 0 0 0 1 0 4 2 4 10 4 2 1 1 0 1 0 1 0 1 0 0 0 0 0 1 0 0 0 0 1 0 0 0 0 1 0 0 0 0 1 0 0 1 0 0 1 0 10 4 10 5 11 5 0.647 0 0 0 0 1 808 5
193.134190944 192.870563556 193.223852745 194.190934566 195.756007949 197.890086242 200.550889146 203.683160058 207.219418973 211.081145488 2 2 2 0 0 0 0 1 0 0 0 0 0 1 1 0 0 0 0 0 0 4 2 3 11 4 2 0 2 0 1 0 1 1 0 120 0 0 120 0 1 0 0 0 0 1 0 0 0 0 1 0 0 0 0 1 0 0 1 0 0 0 1 11 3 11 4 12 4 0.706 0 0 0 0 1 879 8
215.180370653 219.421641011 223.704303758 227.925048978 231.980634038 235.770706675 239.200637616 242.184270836 244.646500021 246.525583441 2 2 2 1 0 0 0 0 0 0 0 0 0 1 1 0 0 0 0 0 0 4 1 2 12 4 1 0 3 1 0 0 1 1 0 123.375 120 120 123.375 0 1 0 0 0 0 1 0 0 0 0 1 0 0 0 0 0 1 0 1 0 0 0 1 12 2 12 3 13 3 0.765 1 0 0 0 0 490 8
247.775116198 248.365588453 248.285470563 247.54178051 246.160105297 244.184065416 241.674229554 238.706504777 235.370044886 231.764735824 2 2 2 1 0 0 0 0 1 0 0 0 0 0 0 0 0 0 0 1 0 5 0 1 13 5 0 1 0 1 0 1 0 0 1 121.75 123.375 123.375 121.75 0 1 0 0 0 0 1 0 0 0 0 0 0 1 0 0 0 1 0 0 1 0 1 0 13 1 13 2 14 2 0.824 1 0 0 0 0 116 5
227.998331487 224.183325384 220.433653047 216.861326382 213.573104257 210.667303189 208.230848236 206.336657042 205.041439805 204.383984939 2 2 0 0 0 0 0 1 1 0 0 0 0 0 0 1 0 0 0 0 0 6 0 0 14 6 0 0 0 0 1 1 0 0 1 110 121.75 121.75 0 0 0 0 1 0 0 1 0 0 0 1 0 0 0 0 0 1 0 0 0 1 1 0 0 14 0 14 1 15 1 0.882 0 0 0 0 1 583 5
