103.225 103.315 103.493 103.76 102.045 87.611 72.177 47.157 12.717 -18.867 2 0 2 0 0 0 0 1 0 1 0 0 0 0 0 0 1 0 0 0 0 0 2 11 0 0 2 1 0 0 1 0 1 0 1 0 130 0 0 0 1 0 0 0 1 0 0 0 0 0 1 0 0 0 0 1 0 1 0 0 0 1 0 0 11 0 12 1 3 0.2 0 0 0 0 1 2499 1
-47.153 -76.257 -85.246 -97.249 -113.962 -128.651 -141.481 -140.744 -132.318 -118.129 2 2 2 0 1 0 0 0 0 0 0 0 0 1 1 0 0 0 0 0 0 0 2 10 1 0 2 0 1 0 1 0 1 1 0 131.29601 0 0 131.29601 0 1 0 0 0 0 1 0 0 0 0 1 0 0 0 0 1 0 0 1 0 0 0 1 1 10 1 11 2 2 0.4 0 1 0 0 0 2499 1
-79.837 -29.1 -5.793 4.674 11.629 13.283 15.819 21.068 14.944 -21.178 2 2 2 1 0 0 0 0 0 0 1 0 0 0 0 0 0 0 0 1 0 0 1 9 2 0 1 6 2 1 0 0 1 0 1 134.29601 131.29601 131.29601 134.29601 0 1 0 0 0 0 1 0 0 0 0 1 0 0 0 0 0 1 0 1 0 0 1 0 2 9 2 10 3 1 0.6 1 0 0 0 0 620 1
89.161 90.356 91.514 92.632 93.706 94.577 88.285 73.581 49.582 18.521 2 2 2 0 0 0 0 1 1 0 0 0 0 0 0 0 0 1 0 0 0 1 1 8 3 1 1 5 0 0 1 1 0 0 1 0 134.29601 134.29601 0 0 1 0 0 0 0 1 0 0 0 0 1 0 0 0 0 1 0 0 0 1 0 1 0 3 8 3 9 1 9 0.091 0 0 0 0 1 1248 8
-17.615 -37.435 -44.275 -48.733 -53.074 -52.632 -47.394 -37.954 -18.628 -6.642 2 2 2 0 0 1 0 0 0 0 0 0 0 1 0 0 0 1 0 0 0 1 1 7 4 1 1 4 1 0 1 0 1 0 1 0 0 0 0 0 1 0 0 0 0 1 0 0 0 0 1 0 0 0 0 1 0 0 1 0 0 1 0 4 7 4 8 2 8 0.182 0 0 1 0 0 52 8
-5.037 -6.089 -7.485 -10.111 -38.633 -59.274 -54.383 -28.406 20.066 48.808 2 2 2 0 0 1 0 0 0 0 0 1 0 0 0 0 0 1 0 0 0 1 1 6 5 1 1 3 2 0 1 0 1 0 1 0 0 0 0 0 1 0 0 0 0 1 0 0 0 0 1 0 0 0 0 1 0 0 1 0 0 1 0 5 6 5 7 3 7 0.273 0 0 1 0 0 1221 1
50.095 47.932 46.172 35.507 8.314 -11.024 -16.347 -12.542 -3.2 1.571 2 2 2 0 0 1 0 0 0 0 0 1 0 0 0 0 0 0 0 1 0 1 1 5 6 1 1 2 3 0 1 0 1 0 1 0 0 0 0 0 1 0 0 0 0 1 0 0 0 0 1 0 0 0 0 1 0 0 1 0 0 1 0 6 5 6 6 4 6 0.364 0 0 1 0 0 13 1
9.246 25.609 43.486 60.169 64.708 56.142 33.087 8.325 -15.489 -40.57 2 2 2 0 0 0 0 1 0 0 0 1 0 0 0 0 0 1 0 0 0 1 1 4 7 1 1 1 4 0 1 0 1 0 1 0 0 0 0 0 1 0 0 0 0 1 0 0 0 0 1 0 0 0 0 1 0 0 1 0 0 1 0 7 4 7 5 5 5 0.455 0 0 0 0 1 180 5
-59.258 -72.126 -81.605 -83.453 -81.058 -82.35 -84.268 -77.854 -47.513 -25.914 2 2 2 0 0 1 0 0 0 0 0 0 0 1 1 0 0 0 0 0 0 1 1 3 8 1 1 0 5 0 1 0 1 1 0 120.926 0 0 120.926 0 1 0 0 0 0 1 0 0 0 0 1 0 0 0 0 1 0 0 1 0 0 0 1 8 3 8 4 6 4 0.545 0 0 1 0 0 32 5
-15.931 1.013 23.111 45.232 67.57 96.569 107.386 108.925 108.757 96.349 2 2 2 1 0 0 0 0 0 0 0 1 0 0 0 0 0 1 0 0 0 1 0 2 9 1 0 2 6 1 0 0 1 0 1 123.926 120.926 120.926 123.926 0 1 0 0 0 0 1 0 0 0 0 1 0 0 0 0 0 1 0 1 0 0 1 0 9 2 9 3 7 3 0.636 1 0 0 0 0 1933 1
70.952 48.636 26.311 3.234 -27.374 -50.898 -57.509 -52.242 -34.443 -14.425 2 2 2 0 0 1 0 0 1 0 0 0 0 0 0 0 0 0 0 1 0 2 0 1 10 2 0 1 0 0 1 1 0 0 1 0 123.926 123.926 0 0 1 0 0 0 0 1 0 0 0 0 0 0 1 0 0 1 0 0 0 1 0 1 0 10 1 10 2 8 2 0.727 0 0 1 0 0 2154 1
-0.152 28.171 59.495 83.354 76.599 27.837 -49.04 -84.722 -109.433 -137.065 2 2 0 0 0 0 0 1 0 0 0 1 0 0 0 1 0 0 0 0 0 2 0 0 11 2 0 0 1 0 1 0 1 0 1 110 0 0 0 0 0 0 1 0 0 1 0 0 0 1 0 0 0 0 0 1 0 0 1 0 1 0 0 11 0 11 1 9 1 0.818 0 0 0 0 1 2499 1
