-5.71999 -2.00398 -1.93498 0.30775 -14.64474 -23.40901 -30.66393 -25.189 -14.97742 -2.89428 2 0 2 0 0 1 0 0 0 1 0 0 0 0 0 0 1 0 0 0 0 0 3 20 0 0 3 8 0 0 1 0 1 0 1 0 1 0 0 0 1 0 0 0 0 0 1 0 0 0 0 1 0 1 0 0 0 1 0 0 20 0 21 1 12 0.071 0 0 1 0 0 142 7 0 8 0 0 1 15 2 1 3 0 0.0 0.0 2.0 0.0 0.0 12.0 0.0 1.0 1.0 0.0 0.0 0.0 0.0 0.0 0.0 0.0 0.0 0.0 0.0 0.0 0.0 0.0 1.0 0.0 0.0 0.0 1.0 0.0 0.0 0.0 0.0 0.0 0.0 0.0 0.0 0.0 0.0 0.0 0.0 0.0 0.0 0.0 0.0 0.0 0.0 0.0 0.0 0.0 0.0 0.0 0.0 0.0 0.0 0.0 0.0 0.0 0.0 0.0 0.0 0.0 0.0 0.0 0.0 0.0 0.0 0.0
-9.48543 -7.62584 2.90126 17.01109 26.51468 17.01814 12.07037 5.93702 -10.31311 -22.33442 2 2 2 0 1 0 0 0 0 0 0 1 0 0 0 0 0 0 1 0 0 0 3 19 1 0 3 7 1 0 1 0 1 0 1 0 1 0 0 0 0 1 0 0 0 0 1 0 0 0 0 1 0 0 1 0 0 1 0 1 19 1 20 2 11 0.143 0 1 0 0 0 435 7 0 8 0 1 23 4 1 4 0 0 0.0 0.0 2.0 1.0 0.0833333333333 12.0 0.0 1.0 1.0 0.0 0.0 0.0 0.0 0.0 0.0 0.0 0.0 0.0 0.0 0.0 0.0 0.0 1.0 0.0 0.0 0.0 1.0 0.0 0.0 0.0 0.0 0.0 0.0 0.0 0.0 0.0 0.0 0.0 0.0 0.0 0.0 0.0 0.0 0.0 0.0 0.0 0.0 0.0 0.0 0.0 0.0 0.0 0.0 0.0 0.0 0.0 0.0 0.0 0.0 0.0 0.0 0.0 0.0 0.0 0.0 0.0
-14.37823 -10.61366 -11.25117 -1.66971 -2.59941 -6.96062 -11.443 -17.5764 -14.03044 -12.60586 2 2 2 0 0 0 1 0 0 0 1 0 0 0 0 0 1 0 0 0 0 0 3 18 2 0 3 6 2 0 1 0 1 0 1 0 1 0 0 0 0 1 0 0 0 0 1 0 0 0 0 1 0 0 1 0 0 1 0 2 18 2 19 3 10 0.214 0 0 0 1 0 4 8 7 3 1 0 20 8 7 0 0 0 0.0 0.0 2.0 2.0 0.166666666667 12.0 0.0 0.0 0.0 0.0 0.0 0.0 0.0 0.0 0.0 0.0 0.0 0.0 0.0 0.0 0.0 0.0 0.0 0.0 0.0 0.0 0.0 1.0 0.0 0.0 0.0 0.0 0.0 0.0 0.0 0.0 0.0 0.0 0.0 0.0 0.0 0.0 0.0 0.0 0.0 0.0 0.0 0.0 0.0 0.0 0.0 0.0 0.0 0.0 0.0 0.0 0.0 0.0 0.0 0.0 0.0 0.0 0.0 0.0 0.0 0.0
-12.90526 -4.69152 3.05527 19.68513 17.54224 17.5789 12.45722 10.2019 9.67067 7.80809 2 2 2 0 1 0 0 0 0 0 0 0 1 0 0 0 0 1 0 0 0 0 3 17 3 0 3 5 3 0 1 0 1 0 1 0 1 0 0 0 0 1 0 0 0 0 1 0 0 0 0 1 0 0 1 0 0 1 0 3 17 3 18 4 9 0.286 0 1 0 0 0 3457 3 8 1 2 0 1 13 2 0 0 0 0.0 0.0 2.0 3.0 0.25 12.0 0.0 0.0 0.0 0.0 0.0 0.0 0.0 1.0 0.0 0.0 0.0 0.0 0.0 0.0 0.0 0.0 0.0 0.0 0.0 0.0 0.0 0.0 0.0 0.0 0.0 0.0 0.0 0.0 0.0 0.0 0.0 0.0 0.0 0.0 0.0 0.0 0.0 0.0 0.0 0.0 0.0 0.0 0.0 0.0 0.0 0.0 0.0 0.0 0.0 0.0 0.0 0.0 0.0 0.0 0.0 0.0 0.0 0.0 0.0 0.0
19.19603 17.8316 20.1411 21.25343 26.08474 35.91475 52.90385 62.07266 76.15391 78.381 2 2 2 0 0 1 0 0 0 0 1 0 0 0 0 0 1 0 0 0 0 0 3 16 4 0 3 4 4 0 1 0 1 0 1 0 1 0 0 0 0 1 0 0 0 0 1 0 0 0 0 1 0 0 1 0 0 1 0 4 16 4 17 5 8 0.357 0 0 1 0 0 269 3 8 1 2 1 4 8 7 0 0 0 0.0 0.0 2.0 4.0 0.333333333333 12.0 0.0 0.0 0.0 0.0 0.0 0.0 0.0 1.0 0.0 0.0 0.0 0.0 0.0 0.0 0.0 0.0 0.0 0.0 0.0 0.0 0.0 0.0 0.0 0.0 0.0 0.0 0.0 0.0 0.0 0.0 0.0 0.0 0.0 0.0 0.0 0.0 0.0 0.0 0.0 0.0 0.0 0.0 0.0 0.0 0.0 0.0 0.0 0.0 0.0 0.0 0.0 0.0 0.0 0.0 0.0 0.0 0.0 0.0 0.0 0.0
83.47838 75.96486 67.0919 60.05399 43.95516 22.68354 7.60835 -4.56256 -2.54585 -4.06938 2 2 2 0 1 0 0 0 0 0 0 1 0 0 0 0 0 0 0 1 0 0 3 15 5 0 3 3 5 0 1 0 1 0 1 0 1 0 0 0 0 1 0 0 0 0 1 0 0 0 0 1 0 0 1 0 0 1 0 5 15 5 16 6 7 0.429 0 1 0 0 0 260 1 3 1 3 0 18 13 2 0 0 0 0.0 0.0 2.0 5.0 0.416666666667 12.0 0.0 0.0 0.0 0.0 0.0 0.0 1.0 0.0 0.0 0.0 0.0 1.0 0.0 0.0 0.0 0.0 0.0 0.0 0.0 0.0 0.0 0.0 0.0 0.0 0.0 0.0 0.0 0.0 0.0 0.0 0.0 0.0 0.0 0.0 0.0 0.0 0.0 0.0 0.0 0.0 0.0 0.0 0.0 0.0 0.0 0.0 0.0 0.0 0.0 0.0 0.0 0.0 0.0 0.0 0.0 0.0 0.0 0.0 0.0 0.0
-34.64585 -34.24873 -30.73669 -24.10665 -16.92461 -14.19257 -1.60166 0.40267 -4.81143 -1.46131 2 2 2 0 0 0 0 1 0 0 1 0 0 0 0 0 1 0 0 0 0 0 3 14 6 0 3 2 6 0 1 0 1 0 1 0 1 0 0 0 0 1 0 0 0 0 1 0 0 0 0 1 0 0 1 0 0 1 0 6 14 6 15 7 6 0.5 0 0 0 0 1 759 1 1 7 4 0 9 24 6 0 0 0 0.0 0.0 2.0 6.0 0.5 12.0 0.0 0.0 0.0 0.0 0.0 0.0 0.0 0.0 0.0 0.0 1.0 0.0 0.0 0.0 0.0 0.0 0.0 1.0 0.0 0.0 0.0 0.0 0.0 0.0 0.0 0.0 0.0 0.0 0.0 0.0 0.0 0.0 0.0 0.0 0.0 0.0 0.0 0.0 0.0 0.0 0.0 0.0 0.0 0.0 0.0 0.0 0.0 0.0 0.0 0.0 0.0 0.0 0.0 0.0 0.0 0.0 0.0 0.0 0.0 0.0
-8.55576 -12.28068 -21.83328 -21.76991 -23.11112 -9.5155 -0.79012 12.47431 22.69807 44.6194 2 2 2 0 1 0 0 0 0 0 0 0 0 1 0 0 1 0 0 0 0 0 3 13 7 0 3 1 7 0 1 0 1 0 1 0 1 0 0 0 0 1 0 0 0 0 1 0 0 0 0 1 0 0 1 0 0 1 0 7 13 7 14 8 5 0.571 0 1 0 0 0 187 1 1 7 4 1 19 36 9 0 0 0 0.0 0.0 2.0 7.0 0.583333333333 12.0 0.0 0.0 0.0 0.0 0.0 0.0 0.0 0.0 0.0 0.0 1.0 0.0 0.0 0.0 0.0 0.0 0.0 1.0 0.0 0.0 0.0 0.0 0.0 0.0 0.0 0.0 0.0 0.0 0.0 0.0 0.0 0.0 0.0 0.0 0.0 0.0 0.0 0.0 0.0 0.0 0.0 0.0 0.0 0.0 0.0 0.0 0.0 0.0 0.0 0.0 0.0 0.0 0.0 0.0 0.0 0.0 0.0 0.0 0.0 0.0
7.15408 -4.66202 -14.85071 -12.69155 -7.22543 14.10516 14.14044 1.98117 -8.49989 -0.78887 2 2 2 0 1 0 0 0 0 0 1 0 0 0 1 0 0 0 0 0 0 0 3 12 8 0 3 0 8 0 1 0 1 1 0 0 1 0 0 0 0 1 0 0 0 0 1 0 0 0 0 1 0 0 1 0 0 0 1 8 12 8 13 9 4 0.643 0 1 0 0 0 418 7 1 1 5 0 14 2 1 2 0 0 0.0 0.0 2.0 8.0 0.666666666667 12.0 0.0 0.0 0.0 1.0 0.0 0.0 0.0 0.0 0.0 0.0 0.0 0.0 0.0 0.0 0.0 0.0 1.0 0.0 0.0 0.0 0.0 0.0 0.0 0.0 0.0 0.0 0.0 0.0 0.0 0.0 0.0 0.0 0.0 0.0 0.0 0.0 0.0 0.0 0.0 0.0 0.0 0.0 0.0 0.0 0.0 0.0 0.0 0.0 0.0 0.0 0.0 0.0 0.0 0.0 0.0 0.0 0.0 0.0 0.0 0.0
0.8504 11.0875 22.38639 20.96821 12.87629 7.33423 8.85185 7.30924 12.45988 18.46128 2 2 2 1 0 0 0 0 0 0 1 0 0 0 0 0 0 1 0 0 0 0 2 11 9 0 2 4 9 1 0 0 1 0 1 0 1 0 0 0 0 1 0 0 0 0 1 0 0 0 0 0 1 0 1 0 0 1 0 9 11 9 12 10 3 0.714 1 0 0 0 0 1277 7 1 1 5 1 16 2 1 2 0 0 0.0 0.0 2.0 9.0 0.75 12.0 0.0 0.0 0.0 1.0 0.0 0.0 0.0 0.0 0.0 0.0 0.0 0.0 0.0 0.0 0.0 0.0 1.0 0.0 0.0 0.0 0.0 0.0 0.0 0.0 0.0 0.0 0.0 0.0 0.0 0.0 0.0 0.0 0.0 0.0 0.0 0.0 0.0 0.0 0.0 0.0 0.0 0.0 0.0 0.0 0.0 0.0 0.0 0.0 0.0 0.0 0.0 0.0 0.0 0.0 0.0 0.0 0.0 0.0 0.0 0.0
28.71571 25.00171 17.15326 14.55479 -12.42086 -22.17947 -29.44618 -15.98609 14.62695 37.16902 2 2 2 0 0 1 0 0 1 0 0 0 0 0 0 0 1 0 0 0 0 1 2 10 10 1 2 3 0 0 1 1 0 0 1 0 1 0 0 0 0 1 0 0 0 0 1 0 0 0 0 1 0 0 0 1 0 1 0 10 10 10 11 11 2 0.786 0 0 1 0 0 1012 1 7 7 6 0 23 8 7 0 0 0 0.0 0.0 2.0 10.0 0.833333333333 12.0 0.0 0.0 0.0 0.0 0.0 0.0 0.0 0.0 0.0 0.0 0.0 0.0 0.0 0.0 0.0 0.0 0.0 1.0 0.0 0.0 0.0 0.0 0.0 0.0 0.0 0.0 0.0 0.0 0.0 0.0 0.0 0.0 0.0 0.0 0.0 0.0 0.0 0.0 0.0 0.0 0.0 0.0 0.0 0.0 0.0 0.0 0.0 0.0 0.0 0.0 0.0 0.0 0.0 0.0 0.0 0.0 0.0 0.0 0.0 0.0
41.46869 28.84947 7.93112 -13.84724 -22.43647 -13.55557 -15.98866 -28.64977 -37.52528 -46.12422 2 2 2 0 1 0 0 0 0 0 0 1 0 0 0 0 1 0 0 0 0 1 2 9 11 1 2 2 1 0 1 0 1 0 1 0 1 0 0 0 0 1 0 0 0 0 1 0 0 0 0 1 0 0 1 0 0 1 0 11 9 11 10 12 1 0.857 0 1 0 0 0 311 1 7 7 6 1 4 26 6 3 0 0 0.0 0.0 2.0 11.0 0.916666666667 12.0 0.0 0.0 0.0 0.0 0.0 0.0 0.0 0.0 0.0 0.0 0.0 0.0 0.0 0.0 0.0 0.0 0.0 1.0 0.0 0.0 0.0 0.0 0.0 0.0 0.0 0.0 0.0 0.0 0.0 0.0 0.0 0.0 0.0 0.0 0.0 0.0 0.0 0.0 0.0 0.0 0.0 0.0 0.0 0.0 0.0 0.0 0.0 0.0 0.0 0.0 0.0 0.0 0.0 0.0 0.0 0.0 0.0 0.0 0.0 0.0
34.586 30.154 26.731 27.535 35.40241 27.28644 25.96692 12.57853 5.18942 6.70014 2 2 2 0 1 0 0 0 0 0 1 0 0 0 0 0 0 1 0 0 0 1 2 8 12 1 2 1 2 0 1 0 1 0 1 0 1 0 0 0 0 1 0 0 0 0 1 0 0 0 0 1 0 0 1 0 0 1 0 12 8 12 9 1 9 0.091 0 1 0 0 0 940 7 1 1 7 0 1 24 6 0 0 0 1.0 0.5 2.0 0.0 0.0 9.0 0.0 0.0 0.0 1.0 0.0 0.0 0.0 0.0 0.0 0.0 0.0 0.0 0.0 0.0 0.0 0.0 1.0 0.0 0.0 0.0 0.0 0.0 0.0 0.0 0.0 0.0 0.0 0.0 0.0 0.0 0.0 0.0 0.0 0.0 0.0 0.0 0.0 0.0 0.0 0.0 0.0 0.0 0.0 0.0 0.0 0.0 0.0 0.0 0.0 0.0 0.0 0.0 0.0 0.0 0.0 0.0 0.0 0.0 0.0 0.0
-0.39099 -5.40085 -3.27058 -9.43562 -7.72829 -10.24431 -6.6938 -15.99604 -13.09987 -8.52254 2 2 2 0 0 1 0 0 0 0 1 0 0 0 1 0 0 0 0 0 0 1 2 7 13 1 2 0 3 0 1 0 1 1 0 0 1 0 0 0 0 1 0 0 0 0 1 0 0 0 0 1 0 0 1 0 0 0 1 13 7 13 8 2 8 0.182 0 0 1 0 0 1592 1 7 7 8 0 11 8 7 0 0 0 1.0 0.5 2.0 1.0 0.111111111111 9.0 0.0 0.0 0.0 0.0 0.0 0.0 0.0 0.0 0.0 0.0 0.0 0.0 0.0 0.0 0.0 0.0 0.0 1.0 0.0 0.0 0.0 0.0 0.0 0.0 0.0 0.0 0.0 0.0 0.0 0.0 0.0 0.0 0.0 0.0 0.0 0.0 0.0 0.0 0.0 0.0 0.0 0.0 0.0 0.0 0.0 0.0 0.0 0.0 0.0 0.0 0.0 0.0 0.0 0.0 0.0 0.0 0.0 0.0 0.0 0.0
-13.75118 -34.90916 -54.67641 -24.82089 17.0522 11.08706 12.61511 12.56219 13.00519 -3.43276 2 2 2 1 0 0 0 0 0 0 0 1 0 0 0 0 0 0 0 1 0 1 1 6 14 1 1 2 4 1 0 0 1 0 1 0 1 0 0 0 0 1 0 0 0 0 1 0 0 0 0 0 1 0 1 0 0 1 0 14 6 14 7 3 7 0.273 1 0 0 0 0 612 7 1 3 9 0 16 25 6 1 0 0 1.0 0.5 2.0 2.0 0.222222222222 9.0 0.0 0.0 0.0 1.0 0.0 0.0 0.0 0.0 0.0 0.0 0.0 0.0 0.0 0.0 0.0 0.0 1.0 0.0 0.0 0.0 0.0 0.0 0.0 0.0 0.0 0.0 0.0 0.0 0.0 0.0 0.0 0.0 0.0 0.0 0.0 0.0 0.0 0.0 0.0 0.0 0.0 0.0 0.0 0.0 0.0 0.0 0.0 0.0 0.0 0.0 0.0 0.0 0.0 0.0 0.0 0.0 0.0 0.0 0.0 0.0
-85.48617 -87.39053 -58.81554 -27.24349 6.27307 38.62197 55.91974 61.08134 42.98462 21.42663 2 2 2 0 0 0 0 1 1 0 0 0 0 0 0 0 1 0 0 0 0 2 1 5 15 2 1 1 0 0 1 1 0 0 1 0 1 0 0 0 0 1 0 0 0 0 1 0 0 0 0 1 0 0 0 1 0 1 0 15 5 15 6 4 6 0.364 0 0 0 0 1 2118 3 7 1 10 0 3 24 6 0 0 0 1.0 0.5 2.0 3.0 0.333333333333 9.0 0.0 0.0 0.0 0.0 0.0 0.0 0.0 1.0 0.0 0.0 0.0 0.0 0.0 0.0 0.0 0.0 0.0 0.0 0.0 0.0 0.0 0.0 0.0 0.0 0.0 0.0 0.0 0.0 0.0 0.0 0.0 0.0 0.0 0.0 0.0 0.0 0.0 0.0 0.0 0.0 0.0 0.0 0.0 0.0 0.0 0.0 0.0 0.0 0.0 0.0 0.0 0.0 0.0 0.0 0.0 0.0 0.0 0.0 0.0 0.0
-9.57493 -12.00724 -14.21797 -8.87662 -9.0496 -15.60815 -16.96785 -18.22177 -23.6139 -36.90538 2 2 2 0 1 0 0 0 0 0 0 0 0 1 1 0 0 0 0 0 0 2 1 4 16 2 1 0 1 0 1 0 1 1 0 0 1 0 0 0 0 1 0 0 0 0 1 0 0 0 0 1 0 0 1 0 0 0 1 16 4 16 5 5 5 0.455 0 1 0 0 0 27 3 7 1 10 1 2 11 7 4 5 0 1.0 0.5 2.0 4.0 0.444444444444 9.0 0.0 0.0 0.0 0.0 0.0 0.0 0.0 1.0 0.0 0.0 0.0 0.0 0.0 0.0 0.0 0.0 0.0 0.0 0.0 0.0 0.0 0.0 0.0 0.0 0.0 0.0 0.0 0.0 0.0 0.0 0.0 0.0 0.0 0.0 0.0 0.0 0.0 0.0 0.0 0.0 0.0 0.0 0.0 0.0 0.0 0.0 0.0 0.0 0.0 0.0 0.0 0.0 0.0 0.0 0.0 0.0 0.0 0.0 0.0 0.0
-72.44291 -90.96235 -91.40075 -79.08696 -64.1225 -53.55965 -49.23761 -54.01771 -51.68437 -39.33829 2 2 2 1 0 0 0 0 0 0 1 0 0 0 0 0 0 1 0 0 0 2 0 3 17 2 0 3 2 1 0 0 1 0 1 0 1 0 0 0 0 1 0 0 0 0 1 0 0 0 0 0 1 0 1 0 0 1 0 17 3 17 4 6 4 0.545 1 0 0 0 0 31 1 3 1 11 0 11 11 7 4 5 0 1.0 0.5 2.0 5.0 0.555555555556 9.0 0.0 0.0 0.0 0.0 0.0 0.0 0.0 0.0 0.0 0.0 0.0 1.0 0.0 0.0 0.0 0.0 0.0 0.0 0.0 0.0 0.0 0.0 0.0 0.0 0.0 0.0 0.0 0.0 0.0 0.0 0.0 0.0 0.0 0.0 0.0 0.0 0.0 0.0 0.0 0.0 0.0 0.0 0.0 0.0 0.0 0.0 0.0 0.0 0.0 0.0 0.0 0.0 0.0 0.0 0.0 0.0 0.0 0.0 0.0 0.0
-39.74911 -72.47564 -113.2825 -114.6633 -77.7714 -34.41927 -21.64019 -26.6847 -28.90193 -30.58846 2 2 2 0 0 1 0 0 1 0 0 0 0 0 0 0 0 1 0 0 0 3 0 2 18 3 0 2 0 0 1 1 0 0 1 0 1 0 0 0 0 1 0 0 0 0 1 0 0 0 0 1 0 0 0 1 0 1 0 18 2 18 3 7 3 0.636 0 0 1 0 0 203 1 3 1 11 1 10 26 6 3 0 0 1.0 0.5 2.0 6.0 0.666666666667 9.0 0.0 0.0 0.0 0.0 0.0 0.0 0.0 0.0 0.0 0.0 0.0 1.0 0.0 0.0 0.0 0.0 0.0 0.0 0.0 0.0 0.0 0.0 0.0 0.0 0.0 0.0 0.0 0.0 0.0 0.0 0.0 0.0 0.0 0.0 0.0 0.0 0.0 0.0 0.0 0.0 0.0 0.0 0.0 0.0 0.0 0.0 0.0 0.0 0.0 0.0 0.0 0.0 0.0 0.0 0.0 0.0 0.0 0.0 0.0 0.0
-9.5931 -4.66081 -11.55107 -4.4416 4.97429 -1.31893 -18.12211 -26.98405 -32.02836 -27.8987 2 2 2 0 0 1 0 0 0 0 0 1 0 0 0 0 1 0 0 0 0 3 0 1 19 3 0 1 1 0 1 0 1 0 1 0 1 0 0 0 0 1 0 0 0 0 0 0 0 1 0 1 0 0 1 0 0 1 0 19 1 19 2 8 2 0.727 0 0 1 0 0 81 1 1 0 12 0 8 21 2 4 5 0 1.0 0.5 2.0 7.0 0.777777777778 9.0 1.0 0.0 0.0 0.0 0.0 0.0 1.0 0.0 0.0 0.0 1.0 0.0 0.0 0.0 0.0 0.0 0.0 1.0 0.0 0.0 0.0 0.0 0.0 0.0 0.0 0.0 0.0 0.0 0.0 0.0 0.0 0.0 0.0 0.0 0.0 0.0 0.0 0.0 0.0 0.0 0.0 0.0 0.0 0.0 0.0 0.0 0.0 0.0 0.0 0.0 0.0 0.0 0.0 0.0 0.0 0.0 0.0 0.0 0.0 0.0
-23.63266 -24.32844 -30.29254 -11.36019 -2.22256 6.23312 9.15066 -14.13877 -47.40539 -63.42295 2 2 0 0 1 0 0 0 0 0 0 1 0 0 0 1 0 0 0 0 0 3 0 0 20 3 0 0 2 0 1 0 1 0 1 0 0 0 0 1 0 1 0 0 0 1 0 0 0 0 0 1 0 0 1 0 1 0 0 20 0 20 1 9 1 0.818 0 1 0 0 0 652 1 1 0 12 1 5 21 2 4 5 0 1.0 0.5 2.0 8.0 0.888888888889 9.0 1.0 0.0 0.0 0.0 0.0 0.0 1.0 0.0 0.0 0.0 1.0 0.0 0.0 0.0 0.0 0.0 0.0 1.0 0.0 0.0 0.0 0.0 0.0 0.0 0.0 0.0 0.0 0.0 0.0 0.0 0.0 0.0 0.0 0.0 0.0 0.0 0.0 0.0 0.0 0.0 0.0 0.0 0.0 0.0 0.0 0.0 0.0 0.0 0.0 0.0 0.0 0.0 0.0 0.0 0.0 0.0 0.0 0.0 0.0 0.0
