227.475930539 227.66245816 228.034884089 228.591934217 229.331659244 230.251390497 231.347683611 232.616252234 234.051894315 235.648413973 2 0 2 0 1 0 0 0 0 1 0 0 0 0 1 0 0 0 0 0 0 0 5 21 0 0 5 0 0 0 1 0 1 1 0 133.696 130 0 133.696 0 1 0 0 0 1 0 0 0 0 0 1 0 0 0 0 1 0 1 0 0 0 0 1 0 21 0 22 1 6 0.125 0 1 0 0 0 115 5
237.398542195 239.293859871 241.324726826 243.480220528 245.748088156 248.114715543 250.565116312 253.082944191 255.650531106 258.248953168 2 2 2 1 0 0 0 0 0 0 1 0 0 0 0 0 0 0 0 1 0 0 4 20 1 0 4 1 1 1 0 0 1 0 1 136.696 133.696 133.696 136.696 0 1 0 0 0 0 1 0 0 0 0 1 0 0 0 0 0 1 0 1 0 0 1 0 1 20 1 21 2 5 0.25 1 0 0 0 0 194 5
260.858126139 263.456931329 266.023372268 268.534761761 270.967938269 273.299509826 275.506122973 277.564753557 279.453015547 281.14948344 2 2 2 0 0 0 0 1 1 0 0 0 0 0 1 0 0 0 0 0 0 1 4 19 2 1 4 0 0 0 1 1 0 1 0 131.957 136.696 136.696 131.957 0 1 0 0 0 0 1 0 0 0 0 1 0 0 0 0 1 0 0 0 1 0 0 1 2 19 2 20 3 4 0.375 0 0 0 0 1 309 5
282.634023305 283.888127058 284.89524418 285.641104848 286.114028277 286.305210026 286.208982102 285.823039887 285.148630215 284.19069538 2 2 2 1 0 0 0 0 0 0 0 0 0 1 0 0 0 0 0 1 0 1 3 18 3 1 3 2 1 1 0 0 1 0 1 134.957 131.957 131.957 134.957 0 1 0 0 0 0 1 0 0 0 0 1 0 0 0 0 0 1 0 1 0 0 1 0 3 18 3 19 4 3 0.5 1 0 0 0 0 137 5
282.957968385 281.463015391 279.722222094 277.755721565 275.587262035 273.24401404 270.75631739 268.157369439 265.482857204 262.770536923 2 2 2 0 0 0 0 1 1 0 0 0 0 0 0 0 0 0 0 1 0 2 3 17 4 2 3 1 0 0 1 1 0 0 1 0 134.957 134.957 0 0 1 0 0 0 0 1 0 0 0 0 1 0 0 0 0 1 0 0 0 1 0 1 0 4 17 4 18 5 2 0.625 0 0 0 0 1 5 14
260.059765638 257.390990377 254.805201412 252.343356876 250.045786757 247.951584906 246.097998157 244.519822016 243.248812582 242.313124372 2 2 1 0 0 0 0 1 0 0 0 0 0 1 1 0 0 0 0 0 0 2 3 16 5 2 3 0 1 0 1 0 1 1 0 129.34801 0 0 129.34801 0 1 0 0 0 0 1 0 0 0 0 1 0 0 0 0 1 0 0 1 0 0 0 1 5 16 5 17 6 1 0.75 0 0 0 0 1 33 14
241.736783647 241.539206522 241.734770723 242.332449252 243.335513469 244.741312222 246.541132623 248.720146939 251.257448841 254.126180904 1 2 2 1 0 0 0 0 0 0 0 0 0 1 0 0 0 0 0 1 0 2 2 15 6 2 2 2 2 1 0 0 1 0 1 134.34801 129.34801 129.34801 134.34801 0 1 0 0 0 0 1 0 0 0 0 1 0 0 0 0 0 1 0 1 0 0 1 0 6 15 6 16 1 11 0.077 1 0 0 0 0 234 1
257.293753913 260.722157072 264.368356788 268.184780273 272.119878775 276.11876392 280.123909346 284.075908614 287.914279348 291.578302575 2 1 2 0 0 0 0 1 1 0 0 0 0 0 0 0 0 0 0 1 0 3 2 14 7 3 2 1 0 0 1 1 0 0 1 0 134.34801 134.34801 0 0 1 0 0 0 0 1 0 0 0 0 1 0 0 0 0 1 0 0 0 1 0 1 0 7 14 7 15 2 10 0.154 0 0 0 0 1 559 1
295.007885493 298.144435274 300.931731063 303.316781145 305.250652152 306.689257413 307.594091879 307.932901644 307.680276862 306.818157787 2 2 2 0 0 0 0 1 0 0 0 0 0 1 1 0 0 0 0 0 0 3 2 13 8 3 2 0 1 0 1 0 1 1 0 127.174 0 0 127.174 0 1 0 0 0 0 1 0 0 0 0 1 0 0 0 0 1 0 0 1 0 0 0 1 8 13 8 14 3 9 0.231 0 0 0 0 1 933 1
305.336244842 303.232304861 300.512367134 297.190804392 293.290295571 288.841668888 283.883625554 278.462346254 272.630984319 266.449051247 2 2 2 1 0 0 0 0 0 0 0 0 0 1 0 0 0 0 0 1 0 3 1 12 9 3 1 9 2 1 0 0 1 0 1 130.174 127.174 127.174 130.174 0 1 0 0 0 0 1 0 0 0 0 1 0 0 0 0 0 1 0 1 0 0 1 0 9 12 9 13 4 8 0.308 1 0 0 0 0 164 5
259.981701985 253.298928923 246.474675109 239.585878493 232.711460247 225.931271165 219.325010999 212.971136147 206.94577148 201.321642214 2 2 2 0 0 0 0 1 1 0 0 0 0 0 0 0 1 0 0 0 0 4 1 11 10 4 1 8 0 0 1 1 0 0 1 0 130.174 130.174 0 0 1 0 0 0 0 1 0 0 0 0 1 0 0 0 0 1 0 0 0 1 0 1 0 10 11 10 12 5 7 0.385 0 0 0 0 1 75 5
196.167041645 191.544850167 187.511620432 184.116742676 181.401703184 179.399447604 178.133859404 177.619362112 177.860652248 178.852567958 2 2 2 0 1 0 0 0 0 0 0 0 0 1 0 0 0 0 0 1 0 4 1 10 11 4 1 7 1 0 1 0 1 0 1 0 0 0 0 0 1 0 0 0 0 1 0 0 0 0 1 0 0 0 0 1 0 0 1 0 0 1 0 11 10 11 11 6 6 0.462 0 1 0 0 0 210 5
180.580096389 183.018520805 186.133706374 189.882521469 194.213389308 199.066962759 204.376913243 210.07082293 216.071167784 222.296377589 2 2 2 0 0 0 0 1 0 0 1 0 0 0 0 0 0 0 0 1 0 4 1 9 12 4 1 6 2 0 1 0 1 0 1 0 0 0 0 0 1 0 0 0 0 1 0 0 0 0 1 0 0 0 0 1 0 0 1 0 0 1 0 12 9 12 10 7 5 0.538 0 0 0 0 1 833 5
228.661957844 235.081657409 241.468664996 247.736817076 253.801799505 259.582325173 265.001270255 269.98675216 274.473133092 278.401934155 2 2 2 0 0 0 0 1 0 0 0 0 0 1 0 0 0 0 0 1 0 4 1 8 13 4 1 5 3 0 1 0 1 0 1 0 0 0 0 0 1 0 0 0 0 1 0 0 0 0 1 0 0 0 0 1 0 0 1 0 0 1 0 13 8 13 9 8 4 0.615 0 0 0 0 1 1478 1
281.722646236 284.393425364 286.38166196 287.664415216 288.228705875 288.071662748 287.200520541 285.632468755 283.394353706 280.522237906 2 2 2 0 0 0 0 1 0 0 0 0 0 1 0 0 0 0 0 1 0 4 1 7 14 4 1 4 4 0 1 0 1 0 1 0 0 0 0 0 1 0 0 0 0 1 0 0 0 0 1 0 0 0 0 1 0 0 1 0 0 1 0 14 7 14 8 9 3 0.692 0 0 0 0 1 277 1
277.060823237 273.062746419 268.587757229 263.701791727 258.475954384 252.985424394 247.308302667 241.524416911 235.7141029 229.956980417 2 2 2 0 0 0 0 1 0 0 0 0 0 1 0 0 0 0 0 1 0 4 1 6 15 4 1 3 5 0 1 0 1 0 1 0 0 0 0 0 1 0 0 0 0 1 0 0 0 0 1 0 0 0 0 1 0 0 1 0 0 1 0 15 6 15 7 10 2 0.769 0 0 0 0 1 1874 1
224.330742476 218.909976256 213.765033725 208.960969222 204.556560227 200.603426342 197.145260003 194.21718075 191.845223007 190.045965286 2 2 2 0 0 0 0 1 0 0 0 0 0 1 0 0 0 0 0 1 0 4 1 5 16 4 1 2 6 0 1 0 1 0 1 0 0 0 0 0 1 0 0 0 0 1 0 0 0 0 1 0 0 0 0 1 0 0 1 0 0 1 0 16 5 16 6 11 1 0.846 0 0 0 0 1 347 1
188.826306565 188.183393345 188.104698553 188.568251152 189.543012979 190.989397057 192.859919445 195.099974622 197.648722482 200.440073265 2 2 2 0 0 0 0 1 0 0 0 0 0 1 0 0 0 1 0 0 0 4 1 4 17 4 1 1 7 0 1 0 1 0 1 0 0 0 0 0 1 0 0 0 0 1 0 0 0 0 1 0 0 0 0 1 0 0 1 0 0 1 0 17 4 17 5 1 5 0.143 0 0 0 0 1 103 8
203.403755243 206.466448668 209.552968457 212.587477293 215.494710359 218.201192704 220.636430323 222.734056444 224.432915164 225.678065534 2 2 2 0 0 1 0 0 0 0 0 0 0 1 1 0 0 0 0 0 0 4 1 3 18 4 1 0 8 0 1 0 1 1 0 118.478 0 0 118.478 0 1 0 0 0 0 1 0 0 0 0 1 0 0 0 0 1 0 0 1 0 0 0 1 18 3 18 4 2 4 0.286 0 0 1 0 0 37 8
226.421690412 226.623895847 226.253388448 225.28802006 223.715191117 221.532106223 218.74587778 215.37347585 211.441524809 206.985949714 2 2 2 1 0 0 0 0 0 0 0 1 0 0 0 0 0 0 0 1 0 4 0 2 19 4 0 2 9 1 0 0 1 0 1 121.478 118.478 118.478 121.478 0 1 0 0 0 0 1 0 0 0 0 1 0 0 0 0 0 1 0 1 0 0 1 0 19 2 19 3 3 3 0.429 1 0 0 0 0 1214 5
202.051477652 196.691001572 190.964816258 184.93973806 178.688121844 172.28679019 165.815891268 159.357702905 152.995401243 146.811812908 2 2 2 0 0 0 0 1 1 0 0 0 0 0 0 0 0 1 0 0 0 5 0 1 20 5 0 1 0 0 1 1 0 0 1 0 121.478 121.478 0 0 1 0 0 0 0 1 0 0 0 0 0 0 1 0 0 1 0 0 0 1 0 1 0 20 1 20 2 4 2 0.571 0 0 0 0 1 1045 5
140.888169897 135.302886376 130.130376213 125.439929495 121.294665344 117.75057719 114.855685241 112.649309217 111.16147259 110.412447521 2 2 0 0 0 1 0 0 0 0 0 0 0 1 0 1 0 0 0 0 0 5 0 0 21 5 0 0 1 0 1 0 1 0 1 110 0 0 0 0 0 0 1 0 0 1 0 0 0 1 0 0 0 0 0 1 0 0 1 0 1 0 0 21 0 21 1 5 1 0.714 0 0 1 0 0 40 15
