296.204379936 296.116500004 295.940914313 295.677970771 295.328190153 294.892264799 294.371056887 293.765596275 293.077077937 292.306858978 2 0 2 0 0 0 0 1 0 1 0 0 0 0 0 0 0 0 0 1 0 0 3 21 0 0 3 1 0 0 1 0 1 0 1 0 130 0 0 0 1 0 0 0 1 0 0 0 0 0 1 0 0 0 0 1 0 1 0 0 0 1 0 0 21 0 22 1 15 0.059 0 0 0 0 1 49 12
291.456455256 290.527537609 289.521927698 288.441593483 287.288644346 286.065325863 284.77401425 283.417210502 281.997534227 280.517717207 2 2 2 0 0 0 0 1 0 0 0 0 0 1 1 0 0 0 0 0 0 0 3 20 1 0 3 0 1 0 1 0 1 1 0 132.87199 0 0 132.87199 0 1 0 0 0 0 1 0 0 0 0 1 0 0 0 0 1 0 0 1 0 0 0 1 1 20 1 21 2 14 0.118 0 0 0 0 1 400 14
278.980596693 277.389108464 275.746279653 274.055221383 272.319121206 270.541235393 268.724881074 266.873428268 264.990291808 263.078923199 2 2 2 1 0 0 0 0 0 0 0 0 0 1 0 0 0 0 0 1 0 0 2 19 2 0 2 9 2 1 0 0 1 0 1 135.87199 132.87199 132.87199 135.87199 0 1 0 0 0 0 1 0 0 0 0 1 0 0 0 0 0 1 0 1 0 0 1 0 2 19 2 20 3 13 0.176 1 0 0 0 0 1092 1
261.142802418 259.185429689 257.210317252 255.220981138 253.220932994 251.213671961 249.202676635 247.191397131 245.18324727 243.181596918 2 2 2 0 0 0 0 1 1 0 0 0 0 0 0 0 0 1 0 0 0 1 2 18 3 1 2 8 0 0 1 1 0 0 1 0 135.87199 135.87199 0 0 1 0 0 0 0 1 0 0 0 0 1 0 0 0 0 1 0 0 0 1 0 1 0 3 18 3 19 4 12 0.235 0 0 0 0 1 1929 1
241.189764481 239.21100959 237.248525993 235.305434665 233.384777161 231.489509224 229.622494672 227.786499565 225.984186685 224.218110326 2 2 2 0 0 1 0 0 0 0 0 0 0 1 0 0 0 0 0 1 0 1 2 17 4 1 2 7 1 0 1 0 1 0 1 0 0 0 0 0 1 0 0 0 0 1 0 0 0 0 1 0 0 0 0 1 0 0 1 0 0 1 0 4 17 4 18 5 11 0.294 0 0 1 0 0 217 5
222.490711414 220.804312969 219.16111592 217.563195272 216.012496652 214.510833221 213.059882974 211.661186423 210.316144671 209.026017874 2 2 2 0 0 0 0 1 0 0 0 1 0 0 0 0 1 0 0 0 0 1 2 16 5 1 2 6 2 0 1 0 1 0 1 0 0 0 0 0 1 0 0 0 0 1 0 0 0 0 1 0 0 0 0 1 0 0 1 0 0 1 0 5 16 5 17 6 10 0.353 0 0 0 0 1 360 5
207.79192411 206.61483862 205.495593464 204.434877553 203.433237075 202.491076301 201.60865877 200.786108844 200.023413629 199.320425243 2 2 2 0 1 0 0 0 0 0 0 0 0 1 0 0 0 0 1 0 0 1 2 15 6 1 2 5 3 0 1 0 1 0 1 0 0 0 0 0 1 0 0 0 0 1 0 0 0 0 1 0 0 0 0 1 0 0 1 0 0 1 0 6 15 6 16 7 9 0.412 0 1 0 0 0 45 15
198.676863438 198.09231855 197.566254772 197.098013742 196.68681842 196.331777252 196.031888602 195.786045436 195.593040238 195.451570149 2 2 2 0 0 0 1 0 0 0 1 0 0 0 0 0 0 1 0 0 0 1 2 14 7 1 2 4 4 0 1 0 1 0 1 0 0 0 0 0 1 0 0 0 0 1 0 0 0 0 1 0 0 0 0 1 0 0 1 0 0 1 0 7 14 7 15 8 8 0.471 0 0 0 1 0 2 4
195.36024231 195.317579378 195.322025221 195.37195075 195.465659886 195.601395627 195.777346211 195.991651349 196.242408504 196.5276792 2 2 2 0 0 1 0 0 0 0 0 0 1 0 0 0 0 1 0 0 0 1 2 13 8 1 2 3 5 0 1 0 1 0 1 0 0 0 0 0 1 0 0 0 0 1 0 0 0 0 1 0 0 0 0 1 0 0 1 0 0 1 0 8 13 8 14 9 7 0.529 0 0 1 0 0 452 5
196.84549535 197.193865563 197.570781436 197.974223789 198.402168841 198.852594299 199.32348535 199.812840522 200.318677427 200.839038333 2 2 2 0 0 1 0 0 0 0 0 1 0 0 0 0 1 0 0 0 0 1 2 12 9 1 2 2 6 0 1 0 1 0 1 0 0 0 0 0 1 0 0 0 0 1 0 0 0 0 1 0 0 0 0 1 0 0 1 0 0 1 0 9 12 9 13 10 6 0.588 0 0 1 0 0 269 5
201.371995582 201.915656817 202.468170011 203.027728289 203.592574521 204.161005685 204.731376973 205.302105648 205.871674628 206.438635798 2 2 2 0 1 0 0 0 0 0 0 1 0 0 0 0 0 0 0 1 0 1 2 11 10 1 2 1 7 0 1 0 1 0 1 0 0 0 0 0 1 0 0 0 0 1 0 0 0 0 1 0 0 0 0 1 0 0 1 0 0 1 0 10 11 10 12 11 5 0.647 0 1 0 0 0 237 1
207.001613039 207.559304961 208.110487352 208.654015314 209.188825112 209.713935698 210.228449948 210.731555575 211.222525748 211.700719396 2 2 2 0 0 0 0 1 0 0 1 0 0 0 1 0 0 0 0 0 0 1 2 10 11 1 2 0 8 0 1 0 1 1 0 124.362 0 0 124.362 0 1 0 0 0 0 1 0 0 0 0 1 0 0 0 0 1 0 0 1 0 0 0 1 11 10 11 11 12 4 0.706 0 0 0 0 1 178 1
212.165581214 212.616641372 213.053514923 213.475900931 213.883581305 214.276419369 214.654358158 215.017418457 215.365696591 215.699361981 2 2 2 1 0 0 0 0 0 0 0 0 0 1 0 0 0 1 0 0 0 1 1 9 12 1 1 6 9 1 0 0 1 0 1 127.362 124.362 124.362 127.362 0 1 0 0 0 0 1 0 0 0 0 1 0 0 0 0 0 1 0 1 0 0 1 0 12 9 12 10 13 3 0.765 1 0 0 0 0 1144 1
216.018654467 216.323881421 216.615414657 216.89368715 217.159189577 217.412466708 217.654113634 217.884771876 218.105125372 218.315896363 2 2 2 0 0 1 0 0 1 0 0 0 0 0 0 0 0 1 0 0 0 2 1 8 13 2 1 5 0 0 1 1 0 0 1 0 127.362 127.362 0 0 1 0 0 0 0 1 0 0 0 0 1 0 0 0 0 1 0 0 0 1 0 1 0 13 8 13 9 14 2 0.824 0 0 1 0 0 13 5
218.517841194 218.711746049 218.898422627 219.078703785 219.253439161 219.42349079 219.589728727 219.753026707 219.914257842 220.074290369 2 2 2 0 0 1 0 0 0 0 0 1 0 0 0 0 0 0 0 1 0 2 1 7 14 2 1 4 1 0 1 0 1 0 1 0 0 0 0 0 1 0 0 0 0 1 0 0 0 0 1 0 0 0 0 1 0 0 1 0 0 1 0 14 7 14 8 15 1 0.882 0 0 1 0 0 181 5
220.233983488 220.394183268 220.555718669 220.719397675 220.886003553 221.056291257 221.230983984 221.410769897 221.596299022 221.788180331 2 2 2 0 0 0 0 1 0 0 0 1 0 0 0 0 0 0 0 1 0 2 1 6 15 2 1 3 2 0 1 0 1 0 1 0 0 0 0 0 1 0 0 0 0 1 0 0 0 0 1 0 0 0 0 1 0 0 1 0 0 1 0 15 6 15 7 1 7 0.111 0 0 0 0 1 257 5
221.986979019 222.193213991 222.407355557 222.62982334 222.860984419 223.1011517 223.350582515 223.609477468 223.877979516 224.156173299 2 2 2 0 0 0 0 1 0 0 0 0 0 1 0 0 0 0 0 1 0 2 1 5 16 2 1 2 3 0 1 0 1 0 1 0 0 0 0 0 1 0 0 0 0 1 0 0 0 0 1 0 0 0 0 1 0 0 1 0 0 1 0 16 5 16 6 2 6 0.222 0 0 0 0 1 1691 5
224.444084707 224.741680696 225.048869345 225.365500155 225.691364586 226.02619683 226.369674815 226.721421433 227.08100599 227.447945869 2 2 2 0 0 0 0 1 0 0 0 0 0 1 0 0 1 0 0 0 0 2 1 4 17 2 1 1 4 0 1 0 1 0 1 0 0 0 0 0 1 0 0 0 0 1 0 0 0 0 1 0 0 0 0 1 0 0 1 0 0 1 0 17 4 17 5 3 5 0.333 0 0 0 0 1 65 17
227.8217084 228.201712919 228.58733303 228.977899034 229.372700531 229.770989181 230.171981615 230.574862471 230.978787563 231.382887157 2 2 2 0 1 0 0 0 0 0 0 0 0 1 1 0 0 0 0 0 0 2 1 3 18 2 1 0 5 0 1 0 1 1 0 118.404 0 0 118.404 0 1 0 0 0 0 1 0 0 0 0 1 0 0 0 0 1 0 0 1 0 0 0 1 18 3 18 4 4 4 0.444 0 1 0 0 0 407 17
231.786269343 232.188023492 232.587223783 232.982932787 233.374205094 233.760090967 234.139640012 234.51190485 234.875944766 235.230829346 2 2 2 1 0 0 0 0 0 0 1 0 0 0 0 0 0 0 0 1 0 2 0 2 19 2 0 2 6 1 0 0 1 0 1 121.404 118.404 118.404 121.404 0 1 0 0 0 0 1 0 0 0 0 1 0 0 0 0 0 1 0 1 0 0 1 0 19 2 19 3 5 3 0.556 1 0 0 0 0 1202 5
235.575642056 235.909483776 236.23147626 236.540765517 236.836525097 237.117959263 237.384306056 237.634840213 237.868875962 238.085769646 2 2 2 0 0 0 0 1 1 0 0 0 0 0 0 0 0 0 1 0 0 3 0 1 20 3 0 1 0 0 1 1 0 0 1 0 121.404 121.404 0 0 1 0 0 0 0 1 0 0 0 0 0 0 1 0 0 1 0 0 0 1 0 1 0 20 1 20 2 6 2 0.667 0 0 0 0 1 1061 5
238.284922196 238.465781428 238.627844162 238.770658148 238.893823803 238.99699574 239.079884089 239.142255615 239.183934601 239.20480353 2 2 0 0 0 0 1 0 0 0 0 0 0 1 0 1 0 0 0 0 0 3 0 0 21 3 0 0 1 0 1 0 1 0 1 110 0 0 0 0 0 0 1 0 0 1 0 0 0 1 0 0 0 0 0 1 0 0 1 0 1 0 0 21 0 21 1 7 1 0.778 0 0 0 1 0 2 26
