12.61401 18.697 18.9221 14.07104 31.24672 25.18241 26.33028 27.97445 21.34408 26.8582 2 0 2 0 0 0 0 1 0 1 0 0 0 0 0 0 0 0 0 1 0 0 1 6 0 0 1 2 0 0 1 0 1 0 1 0 1 0 0 0 1 0 0 0 0 0 1 0 0 0 0 1 0 1 0 0 0 1 0 0 6 0 7 1 7 0.111 0 0 0 0 1 1265 7 0 7 0 0 23 24 0.0 0.0 2.0 0.0 0.0 7.0 0.0 1.0 0.0 0.0 0.0 0.0 0.0 0.0 0.0 0.0 0.0 0.0 0.0 0.0 0.0 0.0 0.0 0.0 0.0 0.0 0.0 0.0 0.0 0.0 0.0 0.0 0.0 0.0 0.0 0.0 0.0 0.0 0.0 0.0 1.0 0.0 0.0 0.0 0.0 0.0 0.0 0.0 0.0 0.0 0.0 0.0 0.0 0.0 0.0 0.0 0.0 0.0 0.0 0.0 0.0 0.0 0.0 0.0 0.0 0.0
19.36778 -8.09736 -46.93912 -62.59071 -56.82047 -57.43581 -46.84347 -34.22086 -31.76537 -16.99712 2 2 2 0 0 0 0 1 0 0 0 0 0 1 0 0 1 0 0 0 0 0 1 5 1 0 1 1 1 0 1 0 1 0 1 0 1 0 0 0 0 1 0 0 0 0 1 0 0 0 0 1 0 0 1 0 0 1 0 1 5 1 6 2 6 0.222 0 0 0 0 1 28 7 0 7 0 1 2 3 0.0 0.0 2.0 1.0 0.142857142857 7.0 0.0 1.0 0.0 0.0 0.0 0.0 0.0 0.0 0.0 0.0 0.0 0.0 0.0 0.0 0.0 0.0 0.0 0.0 0.0 0.0 0.0 0.0 0.0 0.0 0.0 0.0 0.0 0.0 0.0 0.0 0.0 0.0 0.0 0.0 1.0 0.0 0.0 0.0 0.0 0.0 0.0 0.0 0.0 0.0 0.0 0.0 0.0 0.0 0.0 0.0 0.0 0.0 0.0 0.0 0.0 0.0 0.0 0.0 0.0 0.0
-7.81683 -12.72114 -11.37417 -7.22602 8.78537 9.51738 5.7831 3.51614 4.16105 6.23885 2 2 2 0 1 0 0 0 0 0 0 0 0 1 1 0 0 0 0 0 0 0 1 4 2 0 1 0 2 0 1 0 1 1 0 0 1 0 0 0 0 1 0 0 0 0 1 0 0 0 0 1 0 0 1 0 0 0 1 2 4 2 5 3 5 0.333 0 1 0 0 0 9 7 7 1 1 0 23 7 0.0 0.0 2.0 2.0 0.285714285714 7.0 0.0 0.0 1.0 0.0 0.0 0.0 0.0 0.0 0.0 0.0 0.0 0.0 0.0 0.0 0.0 0.0 1.0 0.0 0.0 0.0 0.0 0.0 0.0 0.0 0.0 0.0 0.0 0.0 0.0 0.0 0.0 0.0 0.0 0.0 0.0 1.0 0.0 0.0 0.0 0.0 0.0 0.0 0.0 0.0 0.0 0.0 0.0 0.0 0.0 0.0 0.0 0.0 0.0 0.0 0.0 0.0 0.0 0.0 0.0 0.0
-8.22676 -3.9118 -9.89698 -9.36138 -24.05429 -28.92095 -20.16516 -20.72695 -15.18306 -15.30344 2 2 2 1 0 0 0 0 0 0 1 0 0 0 0 0 0 0 0 1 0 0 0 3 3 0 0 6 3 1 0 0 1 0 1 0 1 0 0 0 0 1 0 0 0 0 1 0 0 0 0 0 1 0 1 0 0 1 0 3 3 3 4 4 4 0.444 1 0 0 0 0 77 1 7 7 2 0 4 35 0.0 0.0 2.0 3.0 0.428571428571 7.0 0.0 0.0 0.0 0.0 0.0 0.0 0.0 0.0 0.0 0.0 0.0 0.0 0.0 0.0 0.0 0.0 0.0 1.0 0.0 0.0 0.0 0.0 0.0 0.0 0.0 0.0 0.0 0.0 0.0 0.0 0.0 0.0 0.0 0.0 0.0 0.0 0.0 0.0 0.0 0.0 0.0 0.0 0.0 0.0 0.0 0.0 0.0 0.0 0.0 0.0 0.0 0.0 0.0 0.0 0.0 0.0 0.0 0.0 0.0 0.0
-29.70018 -28.01737 -41.65989 -48.39311 -67.95823 -83.78978 -86.44291 -80.99925 -51.71683 -30.86694 2 2 2 0 0 0 0 1 1 0 0 0 0 0 0 0 1 0 0 0 0 1 0 2 4 1 0 5 0 0 1 1 0 0 1 0 1 0 0 0 0 1 0 0 0 0 1 0 0 0 0 1 0 0 0 1 0 1 0 4 2 4 3 5 3 0.556 0 0 0 0 1 312 1 7 7 2 1 22 24 0.0 0.0 2.0 4.0 0.571428571429 7.0 0.0 0.0 0.0 0.0 0.0 0.0 0.0 0.0 0.0 0.0 0.0 0.0 0.0 0.0 0.0 0.0 0.0 1.0 0.0 0.0 0.0 0.0 0.0 0.0 0.0 0.0 0.0 0.0 0.0 0.0 0.0 0.0 0.0 0.0 0.0 0.0 0.0 0.0 0.0 0.0 0.0 0.0 0.0 0.0 0.0 0.0 0.0 0.0 0.0 0.0 0.0 0.0 0.0 0.0 0.0 0.0 0.0 0.0 0.0 0.0
-21.2206 -21.26899 -15.97099 -7.02342 3.34968 17.50581 28.11158 21.87689 11.92951 -10.72024 2 2 2 0 1 0 0 0 0 0 0 0 0 1 0 0 0 0 0 1 0 1 0 1 5 1 0 4 1 0 1 0 1 0 1 0 1 0 0 0 0 1 0 0 0 0 0 0 1 0 0 1 0 0 1 0 0 1 0 5 1 5 2 6 2 0.667 0 1 0 0 0 660 7 1 11 3 0 12 34 0.0 0.0 2.0 5.0 0.714285714286 7.0 0.0 0.0 0.0 1.0 0.0 0.0 0.0 0.0 0.0 0.0 0.0 0.0 0.0 0.0 0.0 0.0 0.0 0.0 0.0 0.0 0.0 0.0 0.0 0.0 0.0 0.0 0.0 0.0 0.0 0.0 0.0 0.0 0.0 0.0 1.0 0.0 0.0 0.0 0.0 0.0 0.0 0.0 0.0 0.0 0.0 0.0 0.0 0.0 0.0 0.0 0.0 0.0 0.0 0.0 0.0 0.0 0.0 0.0 0.0 0.0
-67.17111 -55.6197 -27.11582 7.28791 43.91153 43.925 21.411 -3.10951 -21.88577 -35.30908 2 2 2 0 0 0 0 1 0 0 1 0 0 0 0 0 0 0 0 1 0 1 0 0 6 1 0 3 2 0 1 0 1 0 1 0 0 0 1 0 0 1 0 0 0 0 1 0 0 0 0 1 0 0 1 0 0 1 0 6 0 6 1 7 1 0.778 0 0 0 0 1 917 7 1 11 3 1 10 27 0.0 0.0 2.0 6.0 0.857142857143 7.0 0.0 0.0 0.0 1.0 0.0 0.0 0.0 0.0 0.0 0.0 0.0 0.0 0.0 0.0 0.0 0.0 0.0 0.0 0.0 0.0 0.0 0.0 0.0 0.0 0.0 0.0 0.0 0.0 0.0 0.0 0.0 0.0 0.0 0.0 1.0 0.0 0.0 0.0 0.0 0.0 0.0 0.0 0.0 0.0 0.0 0.0 0.0 0.0 0.0 0.0 0.0 0.0 0.0 0.0 0.0 0.0 0.0 0.0 0.0 0.0
-69.423 -76.896 -84.63197 -103.64908 -111.90917 -113.94335 -105.59837 -95.1954 -70.59803 -61.13725 2 2 2 0 0 0 0 1 0 0 0 0 0 1 0 0 0 0 0 1 0 0 4 9 0 0 4 2 3 0 1 0 1 0 1 0 1 0 0 0 0 0 0 1 0 0 1 0 0 0 0 1 0 0 1 0 0 1 0 0 9 0 10 1 10 0.083 0 0 0 0 1 49 11 7 13 4 0 5 19 1.0 0.5 2.0 0.0 0.0 10.0 0.0 0.0 0.0 0.0 0.0 0.0 0.0 0.0 0.0 0.0 0.0 0.0 0.0 0.0 0.0 0.0 0.0 0.0 0.0 0.0 0.0 0.0 0.0 0.0 0.0 0.0 0.0 0.0 0.0 0.0 0.0 1.0 0.0 0.0 0.0 0.0 0.0 0.0 0.0 0.0 0.0 0.0 0.0 0.0 0.0 0.0 0.0 0.0 0.0 0.0 0.0 0.0 0.0 0.0 0.0 0.0 0.0 0.0 0.0 0.0
-34.52339 -38.52319 -15.395 13.97491 45.80615 78.3906 109.991 122.24707 105.00317 88.07751 2 2 2 0 0 0 0 1 0 0 0 0 0 1 0 0 1 0 0 0 0 0 4 8 1 0 4 1 4 0 1 0 1 0 1 0 1 0 0 0 0 1 0 0 0 0 1 0 0 0 0 1 0 0 1 0 0 1 0 1 8 1 9 2 9 0.167 0 0 0 0 1 65 13 11 7 5 0 17 13 1.0 0.5 2.0 1.0 0.1 10.0 0.0 0.0 0.0 0.0 0.0 0.0 0.0 0.0 0.0 0.0 0.0 0.0 0.0 0.0 0.0 0.0 0.0 0.0 0.0 1.0 0.0 0.0 0.0 0.0 0.0 0.0 0.0 0.0 0.0 0.0 0.0 0.0 0.0 0.0 0.0 0.0 0.0 0.0 0.0 0.0 0.0 0.0 0.0 0.0 0.0 0.0 0.0 0.0 0.0 0.0 0.0 0.0 0.0 0.0 0.0 0.0 0.0 0.0 0.0 0.0
77.10429 50.85138 28.79647 4.05426 -14.77469 -27.45891 -27.19661 -18.4597 -7.98209 2.98789 2 2 2 0 1 0 0 0 0 0 0 0 0 1 1 0 0 0 0 0 0 0 4 7 2 0 4 0 5 0 1 0 1 1 0 0 1 0 0 0 0 1 0 0 0 0 1 0 0 0 0 1 0 0 1 0 0 0 1 2 7 2 8 3 8 0.25 0 1 0 0 0 407 13 11 7 5 1 5 13 1.0 0.5 2.0 2.0 0.2 10.0 0.0 0.0 0.0 0.0 0.0 0.0 0.0 0.0 0.0 0.0 0.0 0.0 0.0 0.0 0.0 0.0 0.0 0.0 0.0 1.0 0.0 0.0 0.0 0.0 0.0 0.0 0.0 0.0 0.0 0.0 0.0 0.0 0.0 0.0 0.0 0.0 0.0 0.0 0.0 0.0 0.0 0.0 0.0 0.0 0.0 0.0 0.0 0.0 0.0 0.0 0.0 0.0 0.0 0.0 0.0 0.0 0.0 0.0 0.0 0.0
4.54954 1.94819 -5.52914 -11.13049 -10.35534 -11.61312 -12.80989 -12.1068 -14.11901 -27.2837 2 2 2 1 0 0 0 0 0 0 1 0 0 0 0 0 0 1 0 0 0 0 3 6 3 0 3 1 6 1 0 0 1 0 1 0 1 0 0 0 0 1 0 0 0 0 1 0 0 0 0 0 1 0 1 0 0 1 0 3 6 3 7 4 7 0.333 1 0 0 0 0 1555 7 13 7 6 0 3 3 1.0 0.5 2.0 3.0 0.3 10.0 0.0 0.0 0.0 0.0 0.0 0.0 0.0 0.0 0.0 0.0 0.0 0.0 0.0 0.0 0.0 0.0 0.0 0.0 1.0 0.0 0.0 0.0 0.0 0.0 0.0 0.0 0.0 0.0 0.0 1.0 1.0 0.0 0.0 0.0 0.0 0.0 0.0 0.0 0.0 0.0 0.0 0.0 0.0 0.0 0.0 0.0 0.0 0.0 0.0 0.0 0.0 0.0 0.0 0.0 0.0 0.0 0.0 0.0 0.0 0.0
-44.33759 -32.16921 -22.91506 -11.85864 -2.645 1.71302 -6.79206 -7.02125 -17.94806 -26.83262 2 2 2 0 0 1 0 0 1 0 0 0 0 0 1 0 0 0 0 0 0 1 3 5 4 1 3 0 0 0 1 1 0 1 0 0 1 0 0 0 0 1 0 0 0 0 1 0 0 0 0 1 0 0 0 1 0 0 1 4 5 4 6 5 6 0.417 0 0 1 0 0 464 7 13 7 6 1 8 16 1.0 0.5 2.0 4.0 0.4 10.0 0.0 0.0 0.0 0.0 0.0 0.0 0.0 0.0 0.0 0.0 0.0 0.0 0.0 0.0 0.0 0.0 0.0 0.0 1.0 0.0 0.0 0.0 0.0 0.0 0.0 0.0 0.0 0.0 0.0 1.0 1.0 0.0 0.0 0.0 0.0 0.0 0.0 0.0 0.0 0.0 0.0 0.0 0.0 0.0 0.0 0.0 0.0 0.0 0.0 0.0 0.0 0.0 0.0 0.0 0.0 0.0 0.0 0.0 0.0 0.0
-20.92302 -19.4873 -21.73901 -20.72502 -16.3544 -4.86097 -3.39628 -5.75405 0.4141 6.96105 2 2 2 1 0 0 0 0 0 0 0 1 0 0 0 0 1 0 0 0 0 1 2 4 5 1 2 2 1 1 0 0 1 0 1 0 1 0 0 0 0 1 0 0 0 0 1 0 0 0 0 0 1 0 1 0 0 1 0 5 4 5 5 6 5 0.5 1 0 0 0 0 528 7 7 2 7 0 15 19 1.0 0.5 2.0 5.0 0.5 10.0 0.0 0.0 1.0 0.0 1.0 0.0 0.0 0.0 0.0 0.0 0.0 0.0 0.0 0.0 0.0 0.0 0.0 0.0 0.0 0.0 0.0 0.0 0.0 0.0 0.0 0.0 0.0 0.0 1.0 0.0 0.0 0.0 0.0 0.0 0.0 1.0 0.0 0.0 0.0 0.0 0.0 0.0 0.0 0.0 0.0 0.0 0.0 0.0 0.0 0.0 0.0 0.0 0.0 0.0 0.0 0.0 0.0 0.0 0.0 0.0
-8.42489 -12.31855 -1.22982 -5.97393 -18.34372 -15.28424 -31.17772 -64.3451 -64.75009 -69.0682 2 2 2 0 1 0 0 0 1 0 0 0 0 0 0 0 0 0 0 1 0 2 2 3 6 2 2 1 0 0 1 1 0 0 1 0 1 0 0 0 0 1 0 0 0 0 1 0 0 0 0 1 0 0 0 1 0 1 0 6 3 6 4 7 4 0.583 0 1 0 0 0 110 7 7 2 7 1 20 13 1.0 0.5 2.0 6.0 0.6 10.0 0.0 0.0 1.0 0.0 1.0 0.0 0.0 0.0 0.0 0.0 0.0 0.0 0.0 0.0 0.0 0.0 0.0 0.0 0.0 0.0 0.0 0.0 0.0 0.0 0.0 0.0 0.0 0.0 1.0 0.0 0.0 0.0 0.0 0.0 0.0 1.0 0.0 0.0 0.0 0.0 0.0 0.0 0.0 0.0 0.0 0.0 0.0 0.0 0.0 0.0 0.0 0.0 0.0 0.0 0.0 0.0 0.0 0.0 0.0 0.0
-66.19493 -52.18853 -47.93308 -50.28991 -53.79239 -44.59021 -26.08287 -15.93555 -19.4788 -22.56013 2 2 2 0 0 0 0 1 0 0 1 0 0 0 1 0 0 0 0 0 0 2 2 2 7 2 2 0 1 0 1 0 1 1 0 0 1 0 0 0 0 1 0 0 0 0 1 0 0 0 0 1 0 0 1 0 0 0 1 7 2 7 3 8 3 0.667 0 0 0 0 1 212 2 7 7 8 0 10 26 1.0 0.5 2.0 7.0 0.7 10.0 0.0 0.0 0.0 0.0 0.0 1.0 0.0 0.0 0.0 0.0 0.0 0.0 0.0 0.0 0.0 0.0 0.0 0.0 0.0 0.0 0.0 0.0 0.0 0.0 0.0 0.0 0.0 0.0 0.0 0.0 0.0 0.0 0.0 0.0 0.0 0.0 0.0 0.0 0.0 0.0 0.0 0.0 0.0 0.0 0.0 0.0 0.0 0.0 0.0 0.0 0.0 0.0 0.0 0.0 0.0 0.0 0.0 0.0 0.0 0.0
-11.18327 -4.90275 -10.18801 -7.61491 -11.67147 -17.6453 -17.08947 -21.02655 -13.92239 -11.2839 2 2 2 1 0 0 0 0 0 0 0 0 0 1 1 0 0 0 0 0 0 2 1 1 8 2 1 0 2 1 0 0 1 1 0 0 1 0 0 0 0 1 0 0 0 0 0 0 0 1 0 0 1 0 1 0 0 0 1 8 1 8 2 9 2 0.75 1 0 0 0 0 241 7 2 0 9 0 4 11 1.0 0.5 2.0 8.0 0.8 10.0 1.0 0.0 0.0 1.0 0.0 0.0 0.0 0.0 0.0 0.0 0.0 0.0 0.0 0.0 0.0 0.0 0.0 0.0 0.0 0.0 0.0 0.0 0.0 0.0 0.0 0.0 0.0 0.0 0.0 0.0 0.0 0.0 0.0 0.0 0.0 0.0 0.0 0.0 0.0 0.0 0.0 0.0 0.0 0.0 0.0 0.0 0.0 0.0 0.0 0.0 0.0 0.0 0.0 0.0 0.0 0.0 0.0 0.0 0.0 0.0
-6.78649 -20.64211 -18.63758 -12.41605 -11.72169 -10.37791 -6.47583 -10.63975 -3.84617 -23.5806 2 2 0 1 0 0 0 0 1 0 0 0 0 0 0 1 0 0 0 0 0 3 0 0 9 3 0 0 0 1 0 1 0 0 1 0 0 0 0 1 0 1 0 0 0 1 0 0 0 0 0 0 1 0 0 1 1 0 0 9 0 9 1 10 1 0.833 1 0 0 0 0 87 7 2 0 9 1 15 20 1.0 0.5 2.0 9.0 0.9 10.0 1.0 0.0 0.0 1.0 0.0 0.0 0.0 0.0 0.0 0.0 0.0 0.0 0.0 0.0 0.0 0.0 0.0 0.0 0.0 0.0 0.0 0.0 0.0 0.0 0.0 0.0 0.0 0.0 0.0 0.0 0.0 0.0 0.0 0.0 0.0 0.0 0.0 0.0 0.0 0.0 0.0 0.0 0.0 0.0 0.0 0.0 0.0 0.0 0.0 0.0 0.0 0.0 0.0 0.0 0.0 0.0 0.0 0.0 0.0 0.0
