14.974 14.966 14.952 13.974 10.181 23.124 54.161 85.277 110.542 114.405 2 0 2 0 0 1 0 0 0 1 0 0 0 0 0 0 1 0 0 0 0 0 2 21 0 0 2 3 0 0 1 0 1 0 1 0 130 0 0 0 1 0 0 0 1 0 0 0 0 0 1 0 0 0 0 1 0 1 0 0 0 1 0 0 21 0 22 1 2 0.25 0 0 1 0 0 210 5
110.407 91.418 55.147 9.487 -30.177 -52.562 -71.246 -81.354 -82.792 -81.388 2 2 2 0 1 0 0 0 0 0 0 1 0 0 0 0 0 1 0 0 0 0 2 20 1 0 2 2 1 0 1 0 1 0 1 0 0 0 0 0 1 0 0 0 0 1 0 0 0 0 1 0 0 0 0 1 0 0 1 0 0 1 0 1 20 1 21 2 1 0.5 0 1 0 0 0 230 5
-41.47 -38.67 -38.725 -38.775 -39.15 -55.993 -71.498 -64.966 -30.978 10.696 2 2 2 0 0 1 0 0 0 0 1 0 0 0 0 0 1 0 0 0 0 0 2 19 2 0 2 1 2 0 1 0 1 0 1 0 0 0 0 0 1 0 0 0 0 1 0 0 0 0 1 0 0 0 0 1 0 0 1 0 0 1 0 2 19 2 20 1 2 0.25 0 0 1 0 0 348 5
39.225 42.536 26.162 -14.663 -63.444 -96.515 -106.202 -112.094 -118.73 -126.109 2 2 2 0 1 0 0 0 0 0 0 1 0 0 1 0 0 0 0 0 0 0 2 18 3 0 2 0 3 0 1 0 1 1 0 131.17 0 0 131.17 0 1 0 0 0 0 1 0 0 0 0 1 0 0 0 0 1 0 0 1 0 0 0 1 3 18 3 19 2 1 0.5 0 1 0 0 0 230 5
35.685 35.534 29.388 21.464 20.508 23.414 26.34 27.215 31.105 36.745 2 2 2 1 0 0 0 0 0 0 1 0 0 0 0 0 0 0 0 1 0 0 1 17 4 0 1 13 4 1 0 0 1 0 1 134.17 131.17 131.17 134.17 0 1 0 0 0 0 1 0 0 0 0 1 0 0 0 0 0 1 0 1 0 0 1 0 4 17 4 18 1 7 0.111 1 0 0 0 0 80 12
52.408 82.887 111.629 129.392 131.294 121.684 98.774 71.537 36.398 1.346 2 2 2 0 0 0 0 1 1 0 0 0 0 0 0 0 1 0 0 0 0 1 1 16 5 1 1 12 0 0 1 1 0 0 1 0 134.17 134.17 0 0 1 0 0 0 0 1 0 0 0 0 1 0 0 0 0 1 0 0 0 1 0 1 0 5 16 5 17 2 6 0.222 0 0 0 0 1 95 12
-23.709 -26.485 -35.379 -56.174 -75.407 -87.593 -93.765 -93.645 -83.445 -66.67 2 2 2 0 1 0 0 0 0 0 0 0 0 1 0 0 0 0 0 1 0 1 1 15 6 1 1 11 1 0 1 0 1 0 1 0 0 0 0 0 1 0 0 0 0 1 0 0 0 0 1 0 0 0 0 1 0 0 1 0 0 1 0 6 15 6 16 3 5 0.333 0 1 0 0 0 113 12
-38.787 -11.389 5.142 -1.121 -22.958 -35.679 -42.056 -44.33 -44.816 -39.487 2 2 2 0 0 0 0 1 0 0 1 0 0 0 0 0 0 0 0 1 0 1 1 14 7 1 1 10 2 0 1 0 1 0 1 0 0 0 0 0 1 0 0 0 0 1 0 0 0 0 1 0 0 0 0 1 0 0 1 0 0 1 0 7 14 7 15 4 4 0.444 0 0 0 0 1 49 12
-33.2 -19.228 14.352 48.609 87.035 118.589 124.501 118.32 100.303 69.163 2 2 2 0 0 0 0 1 0 0 0 0 0 1 0 0 0 0 0 1 0 1 1 13 8 1 1 9 3 0 1 0 1 0 1 0 0 0 0 0 1 0 0 0 0 1 0 0 0 0 1 0 0 0 0 1 0 0 1 0 0 1 0 8 13 8 14 5 3 0.556 0 0 0 0 1 363 5
55.792 53.508 51.632 49.723 45.786 32.826 17.288 8.301 -11.927 -26.809 2 2 2 0 0 0 0 1 0 0 0 0 0 1 0 0 1 0 0 0 0 1 1 12 9 1 1 8 4 0 1 0 1 0 1 0 0 0 0 0 1 0 0 0 0 1 0 0 0 0 1 0 0 0 0 1 0 0 1 0 0 1 0 9 12 9 13 6 2 0.667 0 0 0 0 1 419 5
-23.086 -15.097 -20.616 -34.29 -57.072 -75.243 -81.445 -78.915 -64.797 -61.961 2 2 2 0 1 0 0 0 0 0 0 0 0 1 0 0 0 0 0 1 0 1 1 11 10 1 1 7 5 0 1 0 1 0 1 0 0 0 0 0 1 0 0 0 0 1 0 0 0 0 1 0 0 0 0 1 0 0 1 0 0 1 0 10 11 10 12 7 1 0.778 0 1 0 0 0 240 5
9.505 9.034 5.053 -12.837 -24.995 -37.639 -49.742 -54.593 -46.062 -35.821 2 2 2 0 0 0 0 1 0 0 1 0 0 0 0 0 0 1 0 0 0 1 1 10 11 1 1 6 6 0 1 0 1 0 1 0 0 0 0 0 1 0 0 0 0 1 0 0 0 0 1 0 0 0 0 1 0 0 1 0 0 1 0 11 10 11 11 1 11 0.077 0 0 0 0 1 255 5
-43.385 -44.726 -43.142 -41.682 -40.631 -41.39 -47.09 -46.081 -39.616 -34.251 2 2 2 0 0 1 0 0 0 0 0 0 0 1 0 0 0 0 0 1 0 1 1 9 12 1 1 5 7 0 1 0 1 0 1 0 0 0 0 0 1 0 0 0 0 1 0 0 0 0 1 0 0 0 0 1 0 0 1 0 0 1 0 12 9 12 10 2 10 0.154 0 0 1 0 0 7 2
-31.3 -9.009 23.722 56.515 87.151 112.961 119.006 111.292 98.006 90.004 2 2 2 0 0 0 0 1 0 0 0 1 0 0 0 0 0 0 0 1 0 1 1 8 13 1 1 4 8 0 1 0 1 0 1 0 0 0 0 0 1 0 0 0 0 1 0 0 0 0 1 0 0 0 0 1 0 0 1 0 0 1 0 13 8 13 9 3 9 0.231 0 0 0 0 1 49 5
81.62 78.731 82.784 96.738 109.051 108.382 98.382 73.214 43.728 24.401 2 2 2 0 0 0 0 1 0 0 0 0 0 1 0 0 1 0 0 0 0 1 1 7 14 1 1 3 9 0 1 0 1 0 1 0 0 0 0 0 1 0 0 0 0 1 0 0 0 0 1 0 0 0 0 1 0 0 1 0 0 1 0 14 7 14 8 4 8 0.308 0 0 0 0 1 53 5
11.715 3.52 -4.621 -12.706 -27.894 -52.322 -67.594 -77.703 -90.097 -99.178 2 2 2 0 1 0 0 0 0 0 0 0 0 1 0 0 0 0 0 1 0 1 1 6 15 1 1 2 10 0 1 0 1 0 1 0 0 0 0 0 1 0 0 0 0 1 0 0 0 0 1 0 0 0 0 1 0 0 1 0 0 1 0 15 6 15 7 5 7 0.385 0 1 0 0 0 27 21
-113.488 -122.122 -108.225 -83.187 -46.803 -34.082 -36.562 -45.994 -56.14 -60.067 2 2 2 0 0 0 0 1 0 0 1 0 0 0 0 0 0 1 0 0 0 1 1 5 16 1 1 1 11 0 1 0 1 0 1 0 0 0 0 0 1 0 0 0 0 1 0 0 0 0 1 0 0 0 0 1 0 0 1 0 0 1 0 16 5 16 6 6 6 0.462 0 0 0 0 1 148 5
-44.732 -40.861 -45.236 -47.194 -46.945 -41.264 -34.641 -31.658 -10.513 25.963 2 2 2 0 0 1 0 0 0 0 0 0 0 1 1 0 0 0 0 0 0 1 1 4 17 1 1 0 12 0 1 0 1 1 0 119.255 0 0 119.255 0 1 0 0 0 0 1 0 0 0 0 1 0 0 0 0 1 0 0 1 0 0 0 1 17 4 17 5 7 5 0.538 0 0 1 0 0 291 5
37.1 48.662 60.381 72.114 84.474 106.38 123.962 133.597 139.509 123.942 2 2 2 1 0 0 0 0 0 0 0 1 0 0 0 0 1 0 0 0 0 1 0 3 18 1 0 3 13 1 0 0 1 0 1 122.255 119.255 119.255 122.255 0 1 0 0 0 0 1 0 0 0 0 1 0 0 0 0 0 1 0 1 0 0 1 0 18 3 18 4 8 4 0.615 1 0 0 0 0 55 8
95.439 76.28 62.758 52.277 8.274 -48.991 -59.724 -86.264 -127.335 -125.693 2 2 2 0 1 0 0 0 1 0 0 0 0 0 0 0 0 0 0 1 0 2 0 2 19 2 0 2 0 0 1 1 0 0 1 0 122.255 122.255 0 0 1 0 0 0 0 1 0 0 0 0 1 0 0 0 0 1 0 0 0 1 0 1 0 19 2 19 3 9 3 0.692 0 1 0 0 0 161 8
-103.541 -59.206 22.652 66.281 69.326 62.484 47.127 21.874 -4.141 -14.289 2 2 2 0 0 0 0 1 0 0 1 0 0 0 0 0 0 1 0 0 0 2 0 1 20 2 0 1 1 0 1 0 1 0 1 0 0 0 0 0 1 0 0 0 0 1 0 0 0 0 0 0 1 0 0 1 0 0 1 0 0 1 0 20 1 20 2 10 2 0.769 0 0 0 0 1 271 5
-20.808 -25.743 -34.224 -42.318 -42.039 -39.527 -31.823 -20.099 8.836 24.212 2 2 0 0 0 1 0 0 0 0 0 0 0 1 0 1 0 0 0 0 0 2 0 0 21 2 0 0 2 0 1 0 1 0 1 110 0 0 0 0 0 0 1 0 0 1 0 0 0 1 0 0 0 0 0 1 0 0 1 0 1 0 0 21 0 21 1 11 1 0.846 0 0 1 0 0 735 5
