28.464 28.331 28.103 21.796 1.818 -16.519 -18.927 -17.755 -16.818 -24.83 2 0 2 1 0 0 0 0 0 1 0 0 0 0 0 0 0 0 0 1 0 0 1 12 0 0 1 8 0 1 0 0 1 0 1 137.286 134.286 0 137.286 0 1 0 0 0 1 0 0 0 0 0 1 0 0 0 0 0 1 1 0 0 0 1 0 0 12 0 13 1 7 0.111 1 0 0 0 0 21 17
-29.916 -15.32 3.853 8.961 5.233 -0.319 -8.277 -10.396 -14.429 -15.643 2 2 2 0 0 0 0 1 1 0 0 0 0 0 0 0 0 0 1 0 0 0 1 11 1 0 1 7 0 0 1 1 0 0 1 0 137.286 137.286 0 0 1 0 0 0 0 1 0 0 0 0 1 0 0 0 0 1 0 0 0 1 0 1 0 1 11 1 12 2 6 0.222 0 0 0 0 1 25 13
-3.538 9.734 15.307 12.243 9.158 10.906 13.022 13.374 11.317 1.523 2 2 2 0 0 0 1 0 0 0 0 0 0 1 0 0 0 1 0 0 0 0 1 10 2 0 1 6 1 0 1 0 1 0 1 0 0 0 0 0 1 0 0 0 0 1 0 0 0 0 1 0 0 0 0 1 0 0 1 0 0 1 0 2 10 2 11 3 5 0.333 0 0 0 1 0 20 13
-4.274 2.555 11.575 14.593 6.376 -9.724 -20.773 -27.962 -20.991 5.432 2 2 1 0 0 1 0 0 0 0 0 0 1 0 0 0 1 0 0 0 0 0 1 9 3 0 1 5 2 0 1 0 1 0 1 0 0 0 0 0 1 0 0 0 0 1 0 0 0 0 1 0 0 0 0 1 0 0 1 0 0 1 0 3 9 3 10 4 4 0.444 0 0 1 0 0 1852 5
33.685 43.031 39.077 20.741 -15.73 -60.356 -92.305 -99.295 -90.562 -66.868 1 2 2 0 1 0 0 0 0 0 0 1 0 0 0 0 0 0 0 1 0 0 1 8 4 0 1 4 3 0 1 0 1 0 1 0 0 0 0 0 1 0 0 0 0 1 0 0 0 0 1 0 0 0 0 1 0 0 1 0 0 1 0 4 8 4 9 5 3 0.556 0 1 0 0 0 2499 5
-18.875 24.546 66.987 102.774 124.97 127.783 111.639 72.554 29.493 -4.794 2 1 2 0 0 0 0 1 0 0 1 0 0 0 0 0 0 0 1 0 0 0 1 7 5 0 1 3 4 0 1 0 1 0 1 0 0 0 0 0 1 0 0 0 0 1 0 0 0 0 1 0 0 0 0 1 0 0 1 0 0 1 0 5 7 5 8 6 2 0.667 0 0 0 0 1 760 5
-29.402 -42.682 -48.868 -62.887 -83.764 -99.899 -108.56 -114.817 -122.975 -126.315 2 2 2 0 0 0 1 0 0 0 0 0 0 1 0 0 0 0 0 1 0 0 1 6 6 0 1 2 5 0 1 0 1 0 1 0 0 0 0 0 1 0 0 0 0 1 0 0 0 0 1 0 0 0 0 1 0 0 1 0 0 1 0 6 6 6 7 7 1 0.778 0 0 0 1 0 204 5
92.648 91.096 90.961 92.227 94.811 98.174 96.73 81.176 53.751 33.795 2 2 2 0 0 0 0 1 0 0 0 0 1 0 0 0 0 1 0 0 0 0 1 5 7 0 1 1 6 0 1 0 1 0 1 0 0 0 0 0 1 0 0 0 0 1 0 0 0 0 1 0 0 0 0 1 0 0 1 0 0 1 0 7 5 7 6 1 6 0.125 0 0 0 0 1 65 12
-3.334 -31.602 -53.038 -73.054 -80.793 -76.394 -69.478 -63.278 -45.067 -27.053 2 2 2 0 0 1 0 0 0 0 0 0 0 1 1 0 0 0 0 0 0 0 1 4 8 0 1 0 7 0 1 0 1 1 0 122.143 0 0 122.143 0 1 0 0 0 0 1 0 0 0 0 1 0 0 0 0 1 0 0 1 0 0 0 1 8 4 8 5 2 5 0.25 0 0 1 0 0 154 12
-15.768 -2.713 26.506 47.25 47.246 47.263 43.451 40.063 37.562 26.986 2 2 2 1 0 0 0 0 0 0 0 1 0 0 0 0 0 0 0 1 0 0 0 3 9 0 0 3 8 1 0 0 1 0 1 125.143 122.143 122.143 125.143 0 1 0 0 0 0 1 0 0 0 0 1 0 0 0 0 0 1 0 1 0 0 1 0 9 3 9 4 3 4 0.375 1 0 0 0 0 99 8
11.274 10.487 12.095 10.82 -3.078 -22.934 -42.95 -53.538 -47.813 -35.493 2 2 2 0 0 0 0 1 1 0 0 0 0 0 0 0 0 1 0 0 0 1 0 2 10 1 0 2 0 0 1 1 0 0 1 0 125.143 125.143 0 0 1 0 0 0 0 1 0 0 0 0 1 0 0 0 0 1 0 0 0 1 0 1 0 10 2 10 3 4 3 0.5 0 0 0 0 1 8 12
-20.766 -5.58 8.63 21.594 22.032 -1.823 -4.626 -4.829 -4.386 5.119 2 2 2 0 0 1 0 0 0 0 0 0 0 1 0 0 0 0 1 0 0 1 0 1 11 1 0 1 1 0 1 0 1 0 1 0 0 0 0 0 1 0 0 0 0 1 0 0 0 0 0 0 1 0 0 1 0 0 1 0 0 1 0 11 1 11 2 5 2 0.625 0 0 1 0 0 34 8
21.314 33.849 40.973 39.141 30.408 14.756 -11.563 -36.662 -40.541 -41.622 2 2 0 0 0 0 1 0 0 0 0 1 0 0 0 1 0 0 0 0 0 1 0 0 12 1 0 0 2 0 1 0 1 0 1 110 0 0 0 0 0 0 1 0 0 1 0 0 0 1 0 0 0 0 0 1 0 0 1 0 1 0 0 12 0 12 1 6 1 0.75 0 0 0 1 0 4 26
