329.200093262 328.702832468 327.71167951 326.233349283 324.277858323 321.858458137 318.991546825 315.696559416 311.995837476 307.914478643 2 0 2 0 0 0 0 1 0 1 0 0 0 0 0 0 0 1 0 0 0 0 4 23 0 0 4 6 0 0 1 0 1 0 1 0 130 0 0 0 1 0 0 0 1 0 0 0 0 0 1 0 0 0 0 1 0 1 0 0 0 1 0 0 23 0 24 1 3 0.2 0 0 0 0 1 328 14
303.480166863 298.722984215 293.675205342 288.371075586 282.846574096 277.139163233 271.287525771 265.331291455 259.310754617 253.266584648 2 2 2 0 0 1 0 0 0 0 0 0 0 1 0 0 0 1 0 0 0 0 4 22 1 0 4 5 1 0 1 0 1 0 1 0 0 0 0 0 1 0 0 0 0 1 0 0 0 0 1 0 0 0 0 1 0 0 1 0 0 1 0 1 22 1 23 2 2 0.4 0 0 1 0 0 52 14
247.239531213 241.270126194 235.398384442 229.663505449 224.10357816 218.755291155 213.653650474 208.831707362 204.320298224 200.147799038 2 2 2 0 0 1 0 0 0 0 0 1 0 0 0 0 1 0 0 0 0 0 4 21 2 0 4 4 2 0 1 0 1 0 1 0 0 0 0 0 1 0 0 0 0 1 0 0 0 0 1 0 0 0 0 1 0 0 1 0 0 1 0 2 21 2 22 3 1 0.6 0 0 1 0 0 394 8
196.339896424 192.919377526 189.905940746 187.316029277 185.162689238 183.455454059 182.200256586 181.399370177 181.051379836 181.15118419 2 2 2 0 1 0 0 0 0 0 0 1 0 0 0 0 0 0 0 1 0 0 4 20 3 0 4 3 3 0 1 0 1 0 1 0 0 0 0 0 1 0 0 0 0 1 0 0 0 0 1 0 0 0 0 1 0 0 1 0 0 1 0 3 20 3 21 1 9 0.091 0 1 0 0 0 1298 1
181.69002887 182.655571552 184.031978685 185.800053573 187.937395216 190.418587003 193.215414024 196.297107478 199.630614343 203.180890198 2 2 2 0 0 0 0 1 0 0 1 0 0 0 0 0 1 0 0 0 0 0 4 19 4 0 4 2 4 0 1 0 1 0 1 0 0 0 0 0 1 0 0 0 0 1 0 0 0 0 1 0 0 0 0 1 0 0 1 0 0 1 0 4 19 4 20 2 8 0.182 0 0 0 0 1 2499 1
206.911212781 210.783513644 214.758724986 218.797138564 222.858773366 226.903748581 230.892658281 234.786944131 238.549262383 242.143841427 2 2 2 0 1 0 0 0 0 0 0 0 0 1 0 0 0 0 0 1 0 0 4 18 5 0 4 1 5 0 1 0 1 0 1 0 0 0 0 0 1 0 0 0 0 1 0 0 0 0 1 0 0 0 0 1 0 0 1 0 0 1 0 5 18 5 19 3 7 0.273 0 1 0 0 0 1336 1
245.53682615 248.69660548 251.594119547 254.203143094 256.500541926 258.466499448 260.084710583 261.34254071 262.231147557 262.745564388 2 2 2 0 0 0 0 1 0 0 1 0 0 0 1 0 0 0 0 0 0 0 4 17 6 0 4 0 6 0 1 0 1 1 0 129.118 0 0 129.118 0 1 0 0 0 0 1 0 0 0 0 1 0 0 0 0 1 0 0 1 0 0 0 1 6 17 6 18 4 6 0.364 0 0 0 0 1 146 5
262.884743197 262.651557068 262.052761249 261.098912999 259.804250664 258.186532935 256.26683969 254.069336257 251.621003377 248.951335571 2 2 2 1 0 0 0 0 0 0 0 0 0 1 0 0 0 1 0 0 0 0 3 16 7 0 3 4 7 1 0 0 1 0 1 132.118 129.118 129.118 132.118 0 1 0 0 0 0 1 0 0 0 0 1 0 0 0 0 0 1 0 1 0 0 1 0 7 16 7 17 5 5 0.455 1 0 0 0 0 2242 5
246.092010983 243.076536158 239.939869502 236.71802751 233.447678034 230.165725107 226.908889954 223.713292932 220.614041177 217.644826707 2 2 2 0 0 1 0 0 1 0 0 0 0 0 0 0 1 0 0 0 0 1 3 15 8 1 3 3 0 0 1 1 0 0 1 0 132.118 132.118 0 0 1 0 0 0 0 1 0 0 0 0 1 0 0 0 0 1 0 0 0 1 0 1 0 8 15 8 16 6 4 0.545 0 0 1 0 0 151 5
214.837539686 212.221901389 209.825121249 207.671582122 205.782557606 204.175964917 202.866156446 201.86375267 201.17551865 200.804285837 2 2 2 0 1 0 0 0 0 0 0 1 0 0 0 0 0 1 0 0 0 1 3 14 9 1 3 2 1 0 1 0 1 0 1 0 0 0 0 0 1 0 0 0 0 1 0 0 0 0 1 0 0 0 0 1 0 0 1 0 0 1 0 9 14 9 15 7 3 0.636 0 1 0 0 0 499 8
200.748920395 201.004338686 201.561570039 202.407866324 203.526857314 204.898750259 206.50057153 208.306447696 210.287922882 212.414308808 2 2 2 0 0 1 0 0 0 0 1 0 0 0 0 0 1 0 0 0 0 1 3 13 10 1 3 1 2 0 1 0 1 0 1 0 0 0 0 0 1 0 0 0 0 1 0 0 0 0 1 0 0 0 0 1 0 0 1 0 0 1 0 10 13 10 14 8 2 0.727 0 0 1 0 0 640 8
214.653063466 216.970194029 219.330679272 221.698906465 224.039117544 226.315859169 228.49443121 230.54132818 232.424668179 234.114604019 2 2 2 0 1 0 0 0 0 0 0 1 0 0 1 0 0 0 0 0 0 1 3 12 11 1 3 0 3 0 1 0 1 1 0 125.196 0 0 125.196 0 1 0 0 0 0 1 0 0 0 0 1 0 0 0 0 1 0 0 1 0 0 0 1 11 12 11 13 9 1 0.818 0 1 0 0 0 22 8
235.583711386 236.80734915 237.763987215 238.43549768 238.807405519 238.869095427 238.61397201 238.039571065 237.147620254 235.94404811 2 2 2 1 0 0 0 0 0 0 1 0 0 0 0 0 0 0 0 1 0 1 2 11 12 1 2 4 4 1 0 0 1 0 1 128.196 125.196 125.196 128.196 0 1 0 0 0 0 1 0 0 0 0 1 0 0 0 0 0 1 0 1 0 0 1 0 12 11 12 12 1 7 0.111 1 0 0 0 0 74 5
234.438940927 232.646447746 230.58463426 228.275287129 225.743670784 223.018239441 220.130307564 217.113682605 214.004264295 210.839615218 2 2 2 0 0 0 0 1 1 0 0 0 0 0 0 0 0 0 1 0 0 2 2 10 13 2 2 3 0 0 1 1 0 0 1 0 128.196 128.196 0 0 1 0 0 0 0 1 0 0 0 0 1 0 0 0 0 1 0 0 0 1 0 1 0 13 10 13 11 2 6 0.222 0 0 0 0 1 516 5
207.658507801 204.500453137 201.405217356 198.412331416 195.560600328 192.887617849 190.429292666 188.219391971 186.289108144 184.666654033 2 2 2 0 0 0 1 0 0 0 0 0 0 1 0 0 1 0 0 0 0 2 2 9 14 2 2 2 1 0 1 0 1 0 1 0 0 0 0 0 1 0 0 0 0 1 0 0 0 0 1 0 0 0 0 1 0 0 1 0 0 1 0 14 9 14 10 3 5 0.333 0 0 0 1 0 2 4
183.376891955 182.441001202 181.876188331 181.695444072 181.907350068 182.515938118 183.520603912 184.916076624 186.692445007 188.835239965 2 2 2 0 1 0 0 0 0 0 0 0 1 0 0 0 0 0 0 1 0 2 2 8 15 2 2 1 2 0 1 0 1 0 1 0 0 0 0 0 1 0 0 0 0 1 0 0 0 0 1 0 0 0 0 1 0 0 1 0 0 1 0 15 8 15 9 4 4 0.444 0 1 0 0 0 279 5
191.325572864 194.14032817 197.252408287 200.631027859 204.242054141 208.048389474 212.010391366 216.086325185 220.232844063 224.405490236 2 2 2 0 0 0 0 1 0 0 1 0 0 0 1 0 0 0 0 0 0 2 2 7 16 2 2 0 3 0 1 0 1 1 0 121.275 0 0 121.275 0 1 0 0 0 0 1 0 0 0 0 1 0 0 0 0 1 0 0 1 0 0 0 1 16 7 16 8 5 3 0.556 0 0 0 0 1 425 5
228.559211771 232.648888413 236.629860157 240.45845208 244.092489012 247.491793717 250.61866244 253.438311957 255.919292563 258.03386189 2 2 2 1 0 0 0 0 0 0 0 0 0 1 0 0 1 0 0 0 0 2 1 6 17 2 1 4 4 1 0 0 1 0 1 124.275 121.275 121.275 124.275 0 1 0 0 0 0 1 0 0 0 0 1 0 0 0 0 0 1 0 1 0 0 1 0 17 6 17 7 6 2 0.667 1 0 0 0 0 890 5
259.758314865 261.073265706 261.963878382 262.420042642 262.436493359 262.012871635 261.153726855 259.868459579 258.171205916 256.080664746 2 2 2 0 1 0 0 0 1 0 0 0 0 0 0 0 0 0 0 1 0 3 1 5 18 3 1 3 0 0 1 1 0 0 1 0 124.275 124.275 0 0 1 0 0 0 0 1 0 0 0 0 1 0 0 0 0 1 0 0 0 1 0 1 0 18 5 18 6 7 1 0.778 0 1 0 0 0 951 5
253.619869878 250.815909892 247.699599104 244.30510369 240.669527546 236.832463015 232.835512015 228.721783483 224.535373378 220.320833665 2 2 2 0 0 0 0 1 0 0 1 0 0 0 0 0 0 1 0 0 0 3 1 4 19 3 1 2 1 0 1 0 1 0 1 0 0 0 0 0 1 0 0 0 0 1 0 0 0 0 1 0 0 0 0 1 0 0 1 0 0 1 0 19 4 19 5 1 3 0.2 0 0 0 0 1 241 12
216.122636884 211.984642936 207.949574714 204.058509087 200.350389565 196.861566689 193.625371853 190.671729851 188.026814935 185.712754654 2 2 2 0 0 1 0 0 0 0 0 0 0 1 0 0 1 0 0 0 0 3 1 3 20 3 1 1 2 0 1 0 1 0 1 0 0 0 0 0 1 0 0 0 0 1 0 0 0 0 1 0 0 0 0 1 0 0 1 0 0 1 0 20 3 20 4 2 2 0.4 0 0 1 0 0 172 8
183.747385108 182.144060629 180.911520216 180.053812301 179.570278733 179.455598093 179.699887692 180.288862904 181.204051702 182.423061636 2 2 2 0 1 0 0 0 0 0 0 1 0 0 1 0 0 0 0 0 0 3 1 2 21 3 1 0 3 0 1 0 1 1 0 117.353 0 0 117.353 0 1 0 0 0 0 1 0 0 0 0 1 0 0 0 0 1 0 0 1 0 0 0 1 21 2 21 3 3 1 0.6 0 1 0 0 0 172 8
183.919895756 185.665313421 187.627231347 189.771159715 192.060667767 194.457872892 196.923946944 199.419633307 201.905768075 204.343798686 2 2 2 1 0 0 0 0 0 0 1 0 0 0 0 0 0 0 0 1 0 3 0 1 22 3 0 1 4 1 0 0 1 0 1 120.353 117.353 117.353 120.353 0 1 0 0 0 0 1 0 0 0 0 0 0 1 0 0 0 1 0 1 0 0 1 0 22 1 22 2 1 2 0.25 1 0 0 0 0 2030 8
206.696293365 208.92743487 211.003492206 212.8932643 214.568489938 216.004218741 217.179138431 218.075854201 218.681116623 218.985995176 2 2 0 0 0 0 0 1 1 0 0 0 0 0 0 1 0 0 0 0 0 4 0 0 23 4 0 0 0 0 1 1 0 0 1 110 120.353 120.353 0 0 0 0 1 0 0 1 0 0 0 1 0 0 0 0 0 1 0 0 0 1 1 0 0 23 0 23 1 2 1 0.5 0 0 0 0 1 10 8
