68.32 63.073 41.485 24.315 13.237 3.036 -7.887 -15.436 -17.627 -33.221 2 0 2 0 0 0 0 1 0 1 0 0 0 0 0 0 0 1 0 0 0 0 1 14 0 0 1 6 0 0 1 0 1 0 1 0 130 0 0 0 1 0 0 0 1 0 0 0 0 0 1 0 0 0 0 1 0 1 0 0 0 1 0 0 14 0 15 1 8 0.1 0 0 0 0 1 5 14
-58.614 -56.454 -53.22 -50.125 -46.763 -43.38 -41.054 -38.023 -31.138 -2.625 2 2 2 0 0 1 0 0 0 0 0 0 0 1 0 0 0 0 0 1 0 0 1 13 1 0 1 5 1 0 1 0 1 0 1 0 0 0 0 0 1 0 0 0 0 1 0 0 0 0 1 0 0 0 0 1 0 0 1 0 0 1 0 1 13 1 14 2 7 0.2 0 0 1 0 0 1951 8
49.769 66.884 69.349 69.998 65.791 56.215 45.729 29.692 16.405 -1.513 2 2 2 0 0 0 0 1 0 0 0 1 0 0 0 0 0 0 1 0 0 0 1 12 2 0 1 4 2 0 1 0 1 0 1 0 0 0 0 0 1 0 0 0 0 1 0 0 0 0 1 0 0 0 0 1 0 0 1 0 0 1 0 2 12 2 13 3 6 0.3 0 0 0 0 1 28 8
-22.442 -14.963 -9.85 -22.239 -35.127 -40.883 -42.059 -39.611 -34.614 -35.967 2 2 2 0 0 0 1 0 0 0 0 0 0 1 0 0 0 0 0 1 0 0 1 11 3 0 1 3 3 0 1 0 1 0 1 0 0 0 0 0 1 0 0 0 0 1 0 0 0 0 1 0 0 0 0 1 0 0 1 0 0 1 0 3 11 3 12 4 5 0.4 0 0 0 1 0 2 9
-35.164 -21.116 4.572 31.105 50.996 53.826 49.086 40.656 30.063 11.544 2 2 2 0 0 0 0 1 0 0 0 0 1 0 0 0 0 0 0 1 0 0 1 10 4 0 1 2 4 0 1 0 1 0 1 0 0 0 0 0 1 0 0 0 0 1 0 0 0 0 1 0 0 0 0 1 0 0 1 0 0 1 0 4 10 4 11 5 4 0.5 0 0 0 0 1 25 13
-5.102 1.342 11.625 11.952 3.993 -7.124 -16.585 -23.659 -32.601 -37.496 2 2 2 0 0 0 0 1 0 0 0 0 0 1 0 0 0 1 0 0 0 0 1 9 5 0 1 1 5 0 1 0 1 0 1 0 0 0 0 0 1 0 0 0 0 1 0 0 0 0 1 0 0 0 0 1 0 0 1 0 0 1 0 5 9 5 10 6 3 0.6 0 0 0 0 1 548 7
-38.672 -36.939 -31.238 -24.178 -17.144 -12.974 -23.609 -27.135 -27.16 -28.964 2 2 2 0 0 1 0 0 0 0 0 0 0 1 1 0 0 0 0 0 0 0 1 8 6 0 1 0 6 0 1 0 1 1 0 125.909 0 0 125.909 0 1 0 0 0 0 1 0 0 0 0 1 0 0 0 0 1 0 0 1 0 0 0 1 6 8 6 9 7 2 0.7 0 0 1 0 0 40 5
-8.28 37.255 63.115 67.323 68.343 67.629 70.157 71.38 72.798 58.712 2 2 2 1 0 0 0 0 0 0 0 1 0 0 0 0 1 0 0 0 0 0 0 7 7 0 0 7 7 1 0 0 1 0 1 128.909 125.909 125.909 128.909 0 1 0 0 0 0 1 0 0 0 0 1 0 0 0 0 0 1 0 1 0 0 1 0 7 7 7 8 8 1 0.8 1 0 0 0 0 214 5
8.508 7.477 -1.482 -14.794 -23.282 -32.931 -44.152 -54.448 -64.169 -67.872 2 2 2 0 1 0 0 0 1 0 0 0 0 0 0 0 0 0 1 0 0 1 0 6 8 1 0 6 0 0 1 1 0 0 1 0 128.909 128.909 0 0 1 0 0 0 0 1 0 0 0 0 1 0 0 0 0 1 0 0 0 1 0 1 0 8 6 8 7 1 7 0.111 0 1 0 0 0 22 17
-67.097 -65.827 -60.855 -54.801 -53.193 -49.712 -37.367 -22.159 -9.441 4.413 2 2 2 0 0 0 1 0 0 0 1 0 0 0 0 0 0 0 0 1 0 1 0 5 9 1 0 5 1 0 1 0 1 0 1 0 0 0 0 0 1 0 0 0 0 1 0 0 0 0 1 0 0 0 0 1 0 0 1 0 0 1 0 9 5 9 6 2 6 0.222 0 0 0 1 0 23 17
21.229 58.055 97.004 109.933 110.007 106.336 94.844 74.838 49.515 24.934 2 2 2 0 0 0 0 1 0 0 0 0 1 0 0 0 0 1 0 0 0 1 0 4 10 1 0 4 2 0 1 0 1 0 1 0 0 0 0 0 1 0 0 0 0 1 0 0 0 0 1 0 0 0 0 1 0 0 1 0 0 1 0 10 4 10 5 3 5 0.333 0 0 0 0 1 147 8
-4.146 -24.402 -26.894 -28.683 -30.507 -32.179 -33.883 -36.922 -49.041 -55.897 2 2 2 0 0 1 0 0 0 0 0 0 0 1 0 0 0 0 1 0 0 1 0 3 11 1 0 3 3 0 1 0 1 0 1 0 0 0 0 0 1 0 0 0 0 1 0 0 0 0 1 0 0 0 0 1 0 0 1 0 0 1 0 11 3 11 4 4 4 0.444 0 0 1 0 0 396 17
-55.703 -53.113 -49.059 -43.891 -38.019 -33.362 -23.952 -3.646 11.948 11.533 2 2 2 0 0 0 1 0 0 0 0 1 0 0 0 0 0 0 0 1 0 1 0 2 12 1 0 2 4 0 1 0 1 0 1 0 0 0 0 0 1 0 0 0 0 1 0 0 0 0 1 0 0 0 0 1 0 0 1 0 0 1 0 12 2 12 3 5 3 0.556 0 0 0 1 0 261 17
5.721 16.178 38.272 60.748 83.208 99.298 97.568 79.062 54.217 17.933 2 2 2 0 0 0 0 1 0 0 0 0 1 0 0 0 0 0 1 0 0 1 0 1 13 1 0 1 5 0 1 0 1 0 1 0 0 0 0 0 1 0 0 0 0 1 0 0 0 0 0 0 1 0 0 1 0 0 1 0 0 1 0 13 1 13 2 6 2 0.667 0 0 0 0 1 117 8
-22.47 -51.059 -56.883 -61.122 -75.161 -82.744 -84.439 -12.384 69.584 69.982 2 2 0 0 0 0 1 0 0 0 0 0 0 1 0 1 0 0 0 0 0 1 0 0 14 1 0 0 6 0 1 0 1 0 1 110 0 0 0 0 0 0 1 0 0 1 0 0 0 1 0 0 0 0 0 1 0 0 1 0 1 0 0 14 0 14 1 7 1 0.778 0 0 0 1 0 4 26
