31.943 35.879 41.441 47.645 56.962 62.758 69.103 72.539 72.992 66.459 2 0 2 1 0 0 0 0 0 1 0 0 0 0 0 0 1 0 0 0 0 0 4 17 0 0 4 3 0 1 0 0 1 0 1 137.487 134.487 0 137.487 0 1 0 0 0 1 0 0 0 0 0 1 0 0 0 0 0 1 1 0 0 0 1 0 0 17 0 18 1 6 0.125 1 0 0 0 0 1072 1
56.052 41.884 20.137 -2.258 -43.672 -77.582 -95.921 -103.039 -102.221 -93.616 2 2 2 0 1 0 0 0 1 0 0 0 0 0 0 0 0 0 0 1 0 0 4 16 1 0 4 2 0 0 1 1 0 0 1 0 137.487 137.487 0 0 1 0 0 0 0 1 0 0 0 0 1 0 0 0 0 1 0 0 0 1 0 1 0 1 16 1 17 2 5 0.25 0 1 0 0 0 237 1
-66.091 -39.36 -16.087 4.581 12.029 10.824 4.18 -9.281 -18.272 -21.491 2 2 2 0 0 0 0 1 0 0 1 0 0 0 0 0 0 0 0 1 0 0 4 15 2 0 4 1 1 0 1 0 1 0 1 0 0 0 0 0 1 0 0 0 0 1 0 0 0 0 1 0 0 0 0 1 0 0 1 0 0 1 0 2 15 2 16 3 4 0.375 0 0 0 0 1 608 1
-24.524 -21.969 -14.067 -9.978 -11.939 -18.717 -28.652 -40.649 -49.586 -55.883 2 2 2 0 0 0 0 1 0 0 0 0 0 1 1 0 0 0 0 0 0 0 4 14 3 0 4 0 2 0 1 0 1 1 0 130.38499 0 0 130.38499 0 1 0 0 0 0 1 0 0 0 0 1 0 0 0 0 1 0 0 1 0 0 0 1 3 14 3 15 4 3 0.5 0 0 0 0 1 178 1
-57.766 -53.133 -38.269 -12.284 12.076 26.575 32.128 33.846 35.775 32.151 2 2 2 1 0 0 0 0 0 0 0 0 0 1 1 0 0 0 0 0 0 0 3 13 4 0 3 0 3 1 0 0 1 1 0 133.87199 130.38499 130.38499 133.87199 0 1 0 0 0 0 1 0 0 0 0 1 0 0 0 0 0 1 0 1 0 0 0 1 4 13 4 14 5 2 0.625 1 0 0 0 0 1471 1
26.914 29.255 32.264 38.131 41.392 38.659 37.502 38.364 36.12 75.692 2 2 2 1 0 0 0 0 1 0 0 0 0 0 0 0 1 0 0 0 0 1 2 12 5 1 2 4 0 1 0 1 0 0 1 132.35899 133.87199 133.87199 132.35899 0 1 0 0 0 0 1 0 0 0 0 1 0 0 0 0 0 1 0 0 1 0 1 0 5 12 5 13 6 1 0.75 1 0 0 0 0 335 1
2.404 1.46 -2.77 -13.986 -25.148 -33.266 -39.802 -45.235 -47.833 -47.983 2 2 2 0 1 0 0 0 1 0 0 0 0 0 0 0 0 0 0 1 0 2 2 11 6 2 2 3 0 0 1 1 0 0 1 0 132.35899 132.35899 0 0 1 0 0 0 0 1 0 0 0 0 1 0 0 0 0 1 0 0 0 1 0 1 0 6 11 6 12 1 12 0.071 0 1 0 0 0 229 8
-41.914 -29.121 -4.026 24.414 58.011 81.955 71.656 50.179 30.486 14.626 2 2 2 0 0 0 0 1 0 0 1 0 0 0 0 0 0 1 0 0 0 2 2 10 7 2 2 2 1 0 1 0 1 0 1 0 0 0 0 0 1 0 0 0 0 1 0 0 0 0 1 0 0 0 0 1 0 0 1 0 0 1 0 7 10 7 11 2 11 0.143 0 0 0 0 1 910 8
-4.081 -10.161 -6.937 -2.57 1.564 3.026 4.567 19.099 50.864 56.196 2 2 2 0 0 1 0 0 0 0 0 0 0 1 0 0 1 0 0 0 0 2 2 9 8 2 2 1 2 0 1 0 1 0 1 0 0 0 0 0 1 0 0 0 0 1 0 0 0 0 1 0 0 0 0 1 0 0 1 0 0 1 0 8 9 8 10 3 10 0.214 0 0 1 0 0 874 1
43.608 26.416 9.413 -7.963 -42.213 -82.204 -101.038 -117.419 -114.532 -90.836 2 2 2 0 1 0 0 0 0 0 0 1 0 0 1 0 0 0 0 0 0 2 2 8 9 2 2 0 3 0 1 0 1 1 0 124.231 0 0 124.231 0 1 0 0 0 0 1 0 0 0 0 1 0 0 0 0 1 0 0 1 0 0 0 1 9 8 9 9 4 9 0.286 0 1 0 0 0 1142 1
-59.544 -32.762 -6.592 17.297 37.325 43.566 45.661 46.866 47.749 48.71 2 2 2 1 0 0 0 0 0 0 1 0 0 0 0 0 0 0 0 1 0 2 1 7 10 2 1 3 4 1 0 0 1 0 1 127.231 124.231 124.231 127.231 0 1 0 0 0 0 1 0 0 0 0 1 0 0 0 0 0 1 0 1 0 0 1 0 10 7 10 8 5 8 0.357 1 0 0 0 0 872 1
49.9 52.266 55.657 59.105 62.316 64.869 64.154 44.365 10.752 -33.999 2 2 2 0 0 0 0 1 1 0 0 0 0 0 0 0 1 0 0 0 0 3 1 6 11 3 1 2 0 0 1 1 0 0 1 0 127.231 127.231 0 0 1 0 0 0 0 1 0 0 0 0 1 0 0 0 0 1 0 0 0 1 0 1 0 11 6 11 7 6 7 0.429 0 0 0 0 1 901 5
-45.798 -47.645 -51.253 -56.087 -67.31 -86.213 -98.093 -99.95 -94.34 -81.472 2 2 2 0 1 0 0 0 0 0 0 0 0 1 0 0 0 1 0 0 0 3 1 5 12 3 1 1 1 0 1 0 1 0 1 0 0 0 0 0 1 0 0 0 0 1 0 0 0 0 1 0 0 0 0 1 0 0 1 0 0 1 0 12 5 12 6 7 6 0.5 0 1 0 0 0 92 5
-69.681 -55.891 -42.096 -34.366 -46.641 -46.369 -42.182 -33.574 -17.466 3.504 2 2 2 0 0 1 0 0 0 0 1 0 0 0 1 0 0 0 0 0 0 3 1 4 13 3 1 0 2 0 1 0 1 1 0 120.128 0 0 120.128 0 1 0 0 0 0 1 0 0 0 0 1 0 0 0 0 1 0 0 1 0 0 0 1 13 4 13 5 8 5 0.571 0 0 1 0 0 541 5
29.644 47.332 65.066 84.047 100.586 112.178 118.541 125.47 130.259 125.547 2 2 2 1 0 0 0 0 0 0 0 1 0 0 0 0 1 0 0 0 0 3 0 3 14 3 0 3 3 1 0 0 1 0 1 123.128 120.128 120.128 123.128 0 1 0 0 0 0 1 0 0 0 0 1 0 0 0 0 0 1 0 1 0 0 1 0 14 3 14 4 9 4 0.643 1 0 0 0 0 2018 1
91.111 68.939 61.215 51.689 31.525 1.149 -25.478 -43.971 -43.835 -25.74 2 2 2 0 1 0 0 0 1 0 0 0 0 0 0 0 0 0 0 1 0 4 0 2 15 4 0 2 0 0 1 1 0 0 1 0 123.128 123.128 0 0 1 0 0 0 0 1 0 0 0 0 1 0 0 0 0 1 0 0 0 1 0 1 0 15 2 15 3 10 3 0.714 0 1 0 0 0 2499 1
-19.053 -17.193 -6.468 6.131 18.699 28.175 23.377 -5.42 -18.113 -25.633 2 2 2 0 0 0 0 1 0 0 1 0 0 0 0 0 0 0 0 1 0 4 0 1 16 4 0 1 1 0 1 0 1 0 1 0 0 0 0 0 1 0 0 0 0 1 0 0 0 0 0 0 1 0 0 1 0 0 1 0 0 1 0 16 1 16 2 11 2 0.786 0 0 0 0 1 39 8
-10.633 6.559 15.201 11.687 -3.544 -30.107 -70.521 -92.318 -102.595 -105.092 2 2 0 0 0 0 0 1 0 0 0 0 0 1 0 1 0 0 0 0 0 4 0 0 17 4 0 0 2 0 1 0 1 0 1 110 0 0 0 0 0 0 1 0 0 1 0 0 0 1 0 0 0 0 0 1 0 0 1 0 1 0 0 17 0 17 1 12 1 0.857 0 0 0 0 1 321 8
