359.636485 362.366346 360.141703333 347.95257 332.973113333 311.512352 286.311633333 270.389142 265.236981667 241.184022 2 0 2 0 0 0 0 1 0 1 0 0 0 0 1 0 0 0 0 0 0 0 5 20 0 0 5 0 0 0 1 0 1 1 0 133.66701 130 0 133.66701 0 1 0 0 0 1 0 0 0 0 0 1 0 0 0 0 1 0 1 0 0 0 0 1 0 20 0 21 1 2 0.25 0 0 0 0 1 124 8 8
233.299721429 251.59444 273.662771429 295.731098333 322.57668 335.069788333 336.613154286 339.044063333 335.308715714 327.62928 2 2 2 1 0 0 0 0 0 0 0 0 0 1 0 0 1 0 0 0 0 0 4 19 1 0 4 4 1 1 0 0 1 0 1 136.66701 133.66701 133.66701 136.66701 0 1 0 0 0 0 1 0 0 0 0 1 0 0 0 0 0 1 0 1 0 0 1 0 1 19 1 20 2 1 0.5 1 0 0 0 0 349 8 8
253.936952 252.59302 252.59302 252.59302 251.822282 234.23897 194.158248333 166.308578 154.18189 154.213208 2 2 2 0 1 0 0 0 1 0 0 0 0 0 0 0 0 0 0 1 0 1 4 18 2 1 4 3 0 0 1 1 0 0 1 0 136.66701 136.66701 0 0 1 0 0 0 0 1 0 0 0 0 1 0 0 0 0 1 0 0 0 1 0 1 0 2 18 2 19 1 8 0.1 0 1 0 0 0 1075 3 3
162.92184 179.485253333 196.897748333 214.310248333 230.80376 236.45212 225.80953 205.591091667 197.010368333 197.099398333 2 2 2 0 0 0 0 1 0 0 1 0 0 0 0 0 0 1 0 0 0 1 4 17 3 1 4 2 1 0 1 0 1 0 1 0 0 0 0 0 1 0 0 0 0 1 0 0 0 0 1 0 0 0 0 1 0 0 1 0 0 1 0 3 17 3 18 2 7 0.2 0 0 0 0 1 1550 3 3
199.749994286 201.261206667 202.522677143 203.781421429 202.145105714 189.944883333 190.118392857 205.667281429 235.57581 269.70216 2 2 2 0 0 1 0 0 0 0 0 0 0 1 0 0 1 0 0 0 0 1 4 16 4 1 4 1 2 0 1 0 1 0 1 0 0 0 0 0 1 0 0 0 0 1 0 0 0 0 1 0 0 0 0 1 0 0 1 0 0 1 0 4 16 4 17 3 6 0.3 0 0 1 0 0 431 3 3
273.298897143 265.408617143 256.782375714 248.632551429 228.984994286 174.109431429 145.365028571 134.529322857 132.240808571 151.393565714 2 2 2 0 1 0 0 0 0 0 0 1 0 0 1 0 0 0 0 0 0 1 4 15 5 1 4 0 3 0 1 0 1 1 0 129.222 0 0 129.222 0 1 0 0 0 0 1 0 0 0 0 1 0 0 0 0 1 0 0 1 0 0 0 1 5 15 5 16 4 5 0.4 0 1 0 0 0 417 3 3
192.696298333 228.609848333 264.470378333 291.785008333 297.939248571 297.458938333 295.837075 296.278005 296.389705 288.998805 2 2 2 1 0 0 0 0 0 0 1 0 0 0 1 0 0 0 0 0 0 1 3 14 6 1 3 0 4 1 0 0 1 1 0 132.7775 129.222 129.222 132.7775 0 1 0 0 0 0 1 0 0 0 0 1 0 0 0 0 0 1 0 1 0 0 0 1 6 14 6 15 5 4 0.5 1 0 0 0 0 358 4 4
288.456298333 305.945044 314.26388 312.825682 303.473076667 293.592683333 290.94913 293.646201667 300.089014 303.149511667 2 2 2 1 0 0 0 0 1 0 0 0 0 0 0 0 0 0 0 1 0 2 2 13 7 2 2 1 0 1 0 1 0 0 1 131.33299 132.7775 132.7775 131.33299 0 1 0 0 0 0 1 0 0 0 0 1 0 0 0 0 0 1 0 0 1 0 1 0 7 13 7 14 6 3 0.6 1 0 0 0 0 126 4 4
307.527398333 321.800454286 338.294448333 340.582083333 314.275457143 272.234751667 236.88512 202.429045 184.354428571 182.807986667 2 2 2 0 0 0 0 1 1 0 0 0 0 0 1 0 0 0 0 0 0 3 2 12 8 3 2 0 0 0 1 1 0 1 0 126.556 131.33299 131.33299 126.556 0 1 0 0 0 0 1 0 0 0 0 1 0 0 0 0 1 0 0 0 1 0 0 1 8 12 8 13 7 2 0.7 0 0 0 0 1 771 9 9
189.02383 224.67454625 258.16088375 269.80098375 274.167212222 274.47551 274.08165375 277.68728625 282.42994125 283.20654375 2 2 2 1 0 0 0 0 0 0 0 0 0 1 0 0 1 0 0 0 0 3 1 11 9 3 1 9 1 1 0 0 1 0 1 129.556 126.556 126.556 129.556 0 1 0 0 0 0 1 0 0 0 0 1 0 0 0 0 0 1 0 1 0 0 1 0 9 11 9 12 8 1 0.8 1 0 0 0 0 43 8 8
242.696001667 242.696 242.696 242.523596667 228.14364 207.999045 192.86487 184.788936 176.14974 170.951828333 2 2 2 0 1 0 0 0 1 0 0 0 0 0 0 0 0 1 0 0 0 4 1 10 10 4 1 8 0 0 1 1 0 0 1 0 129.556 129.556 0 0 1 0 0 0 0 1 0 0 0 0 1 0 0 0 0 1 0 0 0 1 0 1 0 10 10 10 11 1 2 0.25 0 1 0 0 0 142 4 4
173.6125125 175.692832222 172.93993875 170.90945 170.693617778 175.6200325 186.30194 201.50788125 223.392084444 233.47730625 2 2 2 0 0 1 0 0 0 0 1 0 0 0 0 0 1 0 0 0 0 4 1 9 11 4 1 7 1 0 1 0 1 0 1 0 0 0 0 0 1 0 0 0 0 1 0 0 0 0 1 0 0 0 0 1 0 0 1 0 0 1 0 11 9 11 10 2 1 0.5 0 0 1 0 0 112 4 4
216.79301 216.79301 216.79301 216.79301 216.79301 212.704385 188.90341 169.732171667 165.027034286 166.574223333 2 2 2 0 1 0 0 0 0 0 0 1 0 0 0 0 0 0 0 1 0 4 1 8 12 4 1 6 2 0 1 0 1 0 1 0 0 0 0 0 1 0 0 0 0 1 0 0 0 0 1 0 0 0 0 1 0 0 1 0 0 1 0 12 8 12 9 1 9 0.091 0 1 0 0 0 1075 3 3
183.035881429 206.6308 230.187408571 253.744007143 276.349767143 283.934738571 271.124527143 250.504984286 238.504487143 216.045772857 2 2 2 0 0 0 0 1 0 0 1 0 0 0 0 0 0 1 0 0 0 4 1 7 13 4 1 5 3 0 1 0 1 0 1 0 0 0 0 0 1 0 0 0 0 1 0 0 0 0 1 0 0 0 0 1 0 0 1 0 0 1 0 13 7 13 8 2 8 0.182 0 0 0 0 1 1550 3 3
206.878222857 211.113141429 215.898572857 220.503602857 221.32004 211.082622857 210.999442857 232.239895714 271.852237143 302.74964 2 2 2 0 0 1 0 0 0 0 0 0 0 1 0 0 0 1 0 0 0 4 1 6 14 4 1 4 4 0 1 0 1 0 1 0 0 0 0 0 1 0 0 0 0 1 0 0 0 0 1 0 0 0 0 1 0 0 1 0 0 1 0 14 6 14 7 3 7 0.273 0 0 1 0 0 431 3 3
300.17304 291.1920475 282.339115714 276.139377143 242.07120875 199.95168125 185.442651429 183.480024286 192.47633375 209.767171429 2 2 2 0 0 1 0 0 0 0 0 1 0 0 0 0 1 0 0 0 0 4 1 5 15 4 1 3 5 0 1 0 1 0 1 0 0 0 0 0 1 0 0 0 0 1 0 0 0 0 1 0 0 0 0 1 0 0 1 0 0 1 0 15 5 15 6 4 6 0.364 0 0 1 0 0 417 3 3
231.17991875 242.263417778 232.979605 224.15787875 220.167062222 193.56719 170.1644775 146.61078125 135.438786667 143.00194 2 2 2 0 1 0 0 0 0 0 0 1 0 0 0 0 0 0 0 1 0 4 1 4 16 4 1 2 6 0 1 0 1 0 1 0 0 0 0 0 1 0 0 0 0 1 0 0 0 0 1 0 0 0 0 1 0 0 1 0 0 1 0 16 4 16 5 5 5 0.455 0 1 0 0 0 809 3 3
175.173401667 209.950357143 249.93556 280.635501429 292.406596667 292.198821667 279.26318 246.139346667 216.074358571 196.467403333 2 2 2 0 0 0 0 1 0 0 1 0 0 0 0 0 0 0 0 1 0 4 1 3 17 4 1 1 7 0 1 0 1 0 1 0 0 0 0 0 1 0 0 0 0 1 0 0 0 0 1 0 0 0 0 1 0 0 1 0 0 1 0 17 3 17 4 6 4 0.545 0 0 0 0 1 124 3 3
189.585083333 193.369505 201.710828333 208.375025 207.943685 194.427836667 177.482908333 160.163141667 154.310171667 168.977936667 2 2 2 0 0 0 0 1 0 0 0 0 0 1 1 0 0 0 0 0 0 4 1 2 18 4 1 0 8 0 1 0 1 1 0 117.667 0 0 117.667 0 1 0 0 0 0 1 0 0 0 0 1 0 0 0 0 1 0 0 1 0 0 0 1 18 2 18 3 7 3 0.636 0 0 0 0 1 219 3 3
197.198176 232.82887 254.368568 254.801978 253.840598333 256.849138 260.916242 267.449244 272.62968 261.723628 2 2 2 1 0 0 0 0 0 0 0 0 0 1 0 0 0 1 0 0 0 4 0 1 19 4 0 1 9 1 0 0 1 0 1 120.667 117.667 117.667 120.667 0 1 0 0 0 0 1 0 0 0 0 0 0 1 0 0 0 1 0 1 0 0 1 0 19 1 19 2 8 2 0.727 1 0 0 0 0 358 4 4
244.30076 237.461951818 231.523048 188.973254 125.960229091 128.738701 136.593362 140.277973 154.783417273 172.241052 2 2 0 0 0 1 0 0 1 0 0 0 0 0 0 1 0 0 0 0 0 5 0 0 20 5 0 0 0 0 1 1 0 0 1 110 120.667 120.667 0 0 0 0 1 0 0 1 0 0 0 1 0 0 0 0 0 1 0 0 0 1 1 0 0 20 0 20 1 9 1 0.818 0 0 1 0 0 330 4 4
