14.272 13.54 11.955 -4.884 -27.146 -26.761 -8.919 16.659 45.665 63.699 2 0 2 0 0 1 0 0 0 1 0 0 0 0 0 0 0 1 0 0 0 0 2 15 0 0 2 1 0 0 1 0 1 0 1 0 130 0 0 0 1 0 0 0 1 0 0 0 0 0 1 0 0 0 0 1 0 1 0 0 0 1 0 0 15 0 16 1 8 0.1 0 0 1 0 0 1449 12
53.435 32.419 12.207 -7.395 -38.528 -68.85 -79.414 -76.314 -63.073 -51.923 2 2 2 0 0 1 0 0 0 0 0 1 0 0 1 0 0 0 0 0 0 0 2 14 1 0 2 0 1 0 1 0 1 1 0 132.14301 0 0 132.14301 0 1 0 0 0 0 1 0 0 0 0 1 0 0 0 0 1 0 0 1 0 0 0 1 1 14 1 15 2 7 0.2 0 0 1 0 0 1449 12
-35.916 -7.661 15.205 20.294 21.449 25.111 30.764 39.53 47.761 52.301 2 2 2 1 0 0 0 0 0 0 0 1 0 0 0 0 0 0 0 1 0 0 1 13 2 0 1 5 2 1 0 0 1 0 1 135.14301 132.14301 132.14301 135.14301 0 1 0 0 0 0 1 0 0 0 0 1 0 0 0 0 0 1 0 1 0 0 1 0 2 13 2 14 3 6 0.3 1 0 0 0 0 871 8
50.834 53.932 58.487 61.994 43.474 4.563 -17.96 -31.784 -36.421 -44.706 2 2 2 0 0 0 0 1 1 0 0 0 0 0 0 0 0 1 0 0 0 1 1 12 3 1 1 4 0 0 1 1 0 0 1 0 135.14301 135.14301 0 0 1 0 0 0 0 1 0 0 0 0 1 0 0 0 0 1 0 0 0 1 0 1 0 3 12 3 13 4 5 0.4 0 0 0 0 1 295 8
-76.352 -110.772 -112.243 -71.123 -35.637 -30.922 -15.668 16.906 49.246 65.863 2 2 2 0 0 1 0 0 0 0 0 0 0 1 0 0 0 1 0 0 0 1 1 11 4 1 1 3 1 0 1 0 1 0 1 0 0 0 0 0 1 0 0 0 0 1 0 0 0 0 1 0 0 0 0 1 0 0 1 0 0 1 0 4 11 4 12 5 4 0.5 0 0 1 0 0 122 3
62.346 54.616 46.975 33.742 8.223 -9.079 -11.587 -0.566 22.174 35.945 2 2 2 0 0 1 0 0 0 0 0 1 0 0 0 0 1 0 0 0 0 1 1 10 5 1 1 2 2 0 1 0 1 0 1 0 0 0 0 0 1 0 0 0 0 1 0 0 0 0 1 0 0 0 0 1 0 0 1 0 0 1 0 5 10 5 11 6 3 0.6 0 0 1 0 0 1741 3
35.426 31.982 27.802 23.575 19.692 -11.747 -53.877 -73.077 -80.769 -84.292 2 2 2 0 1 0 0 0 0 0 0 1 0 0 0 0 0 0 0 1 0 1 1 9 6 1 1 1 3 0 1 0 1 0 1 0 0 0 0 0 1 0 0 0 0 1 0 0 0 0 1 0 0 0 0 1 0 0 1 0 0 1 0 6 9 6 10 7 2 0.7 0 1 0 0 0 969 5
-51.062 10.9 52.179 47.381 19.151 -20.219 -53.651 -132.03 -138.991 9.407 2 2 2 0 0 0 0 1 0 0 1 0 0 0 1 0 0 0 0 0 0 1 1 8 7 1 1 0 4 0 1 0 1 1 0 125.286 0 0 125.286 0 1 0 0 0 0 1 0 0 0 0 1 0 0 0 0 1 0 0 1 0 0 0 1 7 8 7 9 8 1 0.8 0 0 0 0 1 2499 5
76.888 70.068 63.416 57.081 51.526 59.748 69.541 68.792 66.942 59.433 2 2 2 1 0 0 0 0 0 0 0 0 0 1 0 0 0 1 0 0 0 1 0 7 8 1 0 7 5 1 0 0 1 0 1 128.286 125.286 125.286 128.286 0 1 0 0 0 0 1 0 0 0 0 1 0 0 0 0 0 1 0 1 0 0 1 0 8 7 8 8 1 4 0.167 1 0 0 0 0 854 3
36.84 2.063 -15.864 -26.988 -47.287 -81.424 -103.536 -108.578 -104.936 -96.599 2 2 2 0 0 1 0 0 1 0 0 0 0 0 0 0 0 0 0 1 0 2 0 6 9 2 0 6 0 0 1 1 0 0 1 0 128.286 128.286 0 0 1 0 0 0 0 1 0 0 0 0 1 0 0 0 0 1 0 0 0 1 0 1 0 9 6 9 7 2 3 0.333 0 0 1 0 0 543 5
-77.17 -47.008 -10.299 27.677 65.853 86.902 83.014 66.055 41.913 10.981 2 2 2 0 0 0 0 1 0 0 0 1 0 0 0 0 0 0 0 1 0 2 0 5 10 2 0 5 1 0 1 0 1 0 1 0 0 0 0 0 1 0 0 0 0 1 0 0 0 0 1 0 0 0 0 1 0 0 1 0 0 1 0 10 5 10 6 3 2 0.5 0 0 0 0 1 2499 8
4.092 15.197 43.782 88.36 94.345 61.518 12.887 -80.952 -108.962 -114.747 2 2 2 0 0 0 0 1 0 0 0 0 0 1 0 0 1 0 0 0 0 2 0 4 11 2 0 4 2 0 1 0 1 0 1 0 0 0 0 0 1 0 0 0 0 1 0 0 0 0 1 0 0 0 0 1 0 0 1 0 0 1 0 11 4 11 5 4 1 0.667 0 0 0 0 1 1765 8
13.093 10.372 7.546 4.298 -10.235 -43.416 -59.787 -73.488 -83.847 -62.899 2 2 2 0 1 0 0 0 0 0 0 0 0 1 0 0 0 0 0 1 0 2 0 3 12 2 0 3 3 0 1 0 1 0 1 0 0 0 0 0 1 0 0 0 0 1 0 0 0 0 1 0 0 0 0 1 0 0 1 0 0 1 0 12 3 12 4 1 4 0.167 0 1 0 0 0 1705 8
-18.827 0.662 55.986 91.133 95.138 87.893 66.251 34.421 3.227 -9.745 2 2 2 0 0 0 0 1 0 0 1 0 0 0 0 0 1 0 0 0 0 2 0 2 13 2 0 2 4 0 1 0 1 0 1 0 0 0 0 0 1 0 0 0 0 1 0 0 0 0 1 0 0 0 0 1 0 0 1 0 0 1 0 13 2 13 3 2 3 0.333 0 0 0 0 1 301 8
-9.226 -2.36 5.75 10.329 4.586 -4.383 -34.96 -80.334 -54.594 -8.865 2 2 2 0 1 0 0 0 0 0 0 0 0 1 0 0 0 1 0 0 0 2 0 1 14 2 0 1 5 0 1 0 1 0 1 0 0 0 0 0 1 0 0 0 0 1 0 0 0 0 0 0 1 0 0 1 0 0 1 0 0 1 0 14 1 14 2 3 2 0.5 0 1 0 0 0 447 5
-2.089 -16.361 -33.269 -54.321 -29.457 -6.579 4.399 31.354 76.429 73.844 2 2 0 0 0 1 0 0 0 0 1 0 0 0 0 1 0 0 0 0 0 2 0 0 15 2 0 0 6 0 1 0 1 0 1 110 0 0 0 0 0 0 1 0 0 1 0 0 0 1 0 0 0 0 0 1 0 0 1 0 1 0 0 15 0 15 1 4 1 0.667 0 0 1 0 0 81 5
