20.812 20.148 13.588 10.731 15.55 29.912 50.247 66.288 71.803 71.11 2 0 2 0 0 1 0 0 0 1 0 0 0 0 0 0 0 1 0 0 0 0 1 17 0 0 1 12 0 0 1 0 1 0 1 0 130 0 0 0 1 0 0 0 1 0 0 0 0 0 1 0 0 0 0 1 0 1 0 0 0 1 0 0 17 0 18 1 11 0.077 0 0 1 0 0 282 12
63.095 35.368 1.486 -17.525 -23.222 -24.516 -25.472 -24.727 -20.381 -13.445 2 2 2 0 0 1 0 0 0 0 0 1 0 0 0 0 1 0 0 0 0 0 1 16 1 0 1 11 1 0 1 0 1 0 1 0 0 0 0 0 1 0 0 0 0 1 0 0 0 0 1 0 0 0 0 1 0 0 1 0 0 1 0 1 16 1 17 2 10 0.154 0 0 1 0 0 9 12
-11.285 -15.705 -12.848 -17.679 -35.975 -54.254 -64.868 -66.27 -60.8 -54.503 2 2 2 0 1 0 0 0 0 0 0 1 0 0 0 0 0 1 0 0 0 0 1 15 2 0 1 10 2 0 1 0 1 0 1 0 0 0 0 0 1 0 0 0 0 1 0 0 0 0 1 0 0 0 0 1 0 0 1 0 0 1 0 2 15 2 16 3 9 0.231 0 1 0 0 0 2077 8
-46.107 -35.179 -24.219 -17.63 -29.674 -33.855 -18.42 28.234 63.998 71.31 2 2 2 0 0 1 0 0 0 0 1 0 0 0 0 0 0 1 0 0 0 0 1 14 3 0 1 9 3 0 1 0 1 0 1 0 0 0 0 0 1 0 0 0 0 1 0 0 0 0 1 0 0 0 0 1 0 0 1 0 0 1 0 3 14 3 15 4 8 0.308 0 0 1 0 0 1184 8
47.758 5.539 -22.291 -38.266 -48.745 -50.832 -47.722 -32.996 -20.172 -11.194 2 2 2 0 0 1 0 0 0 0 0 1 0 0 0 0 0 1 0 0 0 0 1 13 4 0 1 8 4 0 1 0 1 0 1 0 0 0 0 0 1 0 0 0 0 1 0 0 0 0 1 0 0 0 0 1 0 0 1 0 0 1 0 4 13 4 14 5 7 0.385 0 0 1 0 0 2291 8
-11.463 -18.386 -18.141 -18.27 -18.583 -15.738 -8.285 2.702 20.268 31.04 2 2 2 0 0 1 0 0 0 0 0 1 0 0 0 0 0 0 0 1 0 0 1 12 5 0 1 7 5 0 1 0 1 0 1 0 0 0 0 0 1 0 0 0 0 1 0 0 0 0 1 0 0 0 0 1 0 0 1 0 0 1 0 5 12 5 13 6 6 0.462 0 0 1 0 0 52 14
38.735 61.517 93.407 125.338 150.179 151.59 138.33 111.483 74.116 35.884 2 2 2 0 0 0 0 1 0 0 0 1 0 0 0 0 1 0 0 0 0 0 1 11 6 0 1 6 6 0 1 0 1 0 1 0 0 0 0 0 1 0 0 0 0 1 0 0 0 0 1 0 0 0 0 1 0 0 1 0 0 1 0 6 11 6 12 7 5 0.538 0 0 0 0 1 1509 12
30.204 27.329 18.778 -3.217 -26.868 -49.32 -61.705 -62.023 -57.852 -54.382 2 2 2 0 1 0 0 0 0 0 0 0 0 1 0 0 0 0 1 0 0 0 1 10 7 0 1 5 7 0 1 0 1 0 1 0 0 0 0 0 1 0 0 0 0 1 0 0 0 0 1 0 0 0 0 1 0 0 1 0 0 1 0 7 10 7 11 8 4 0.615 0 1 0 0 0 1164 8
-51.135 -45.979 -41.593 -41.336 -43.211 -44.093 -43.712 -42.666 -37.143 -24.274 2 2 2 0 0 0 1 0 0 0 1 0 0 0 0 0 0 1 0 0 0 0 1 9 8 0 1 4 8 0 1 0 1 0 1 0 0 0 0 0 1 0 0 0 0 1 0 0 0 0 1 0 0 0 0 1 0 0 1 0 0 1 0 8 9 8 10 9 3 0.692 0 0 0 1 0 2 9
-21.547 -24.7 -25.735 -26.822 -27.949 -31.43 -53.043 -74.255 -62.424 -35.447 2 2 2 0 0 1 0 0 0 0 0 0 1 0 0 0 0 0 0 1 0 0 1 8 9 0 1 3 9 0 1 0 1 0 1 0 0 0 0 0 1 0 0 0 0 1 0 0 0 0 1 0 0 0 0 1 0 0 1 0 0 1 0 9 8 9 9 10 2 0.769 0 0 1 0 0 2499 5
-17.444 7.196 33.564 57.502 47.013 -5.157 -46.036 -70.797 -63.314 16.417 2 2 2 0 0 0 0 1 0 0 0 1 0 0 0 0 0 0 0 1 0 0 1 7 10 0 1 2 10 0 1 0 1 0 1 0 0 0 0 0 1 0 0 0 0 1 0 0 0 0 1 0 0 0 0 1 0 0 1 0 0 1 0 10 7 10 8 11 1 0.846 0 0 0 0 1 399 5
121.538 119.812 118.16 116.59 115.112 113.327 99.549 68.506 30.07 -20.1 2 2 2 0 0 0 0 1 0 0 0 0 0 1 0 0 0 0 0 1 0 0 1 6 11 0 1 1 11 0 1 0 1 0 1 0 0 0 0 0 1 0 0 0 0 1 0 0 0 0 1 0 0 0 0 1 0 0 1 0 0 1 0 11 6 11 7 1 6 0.125 0 0 0 0 1 2499 8
-63.182 -40.722 2.153 -2.678 -23.719 -42.208 -58.846 -72.349 -76.859 -71.168 2 2 2 0 0 0 0 1 0 0 0 0 0 1 1 0 0 0 0 0 0 0 1 5 12 0 1 0 12 0 1 0 1 1 0 121.154 0 0 121.154 0 1 0 0 0 0 1 0 0 0 0 1 0 0 0 0 1 0 0 1 0 0 0 1 12 5 12 6 2 5 0.25 0 0 0 0 1 2499 8
-66.473 -50.775 -21.375 8.665 39.982 53.786 57.027 65.563 76.294 82.133 2 2 2 1 0 0 0 0 0 0 0 0 0 1 0 0 0 1 0 0 0 0 0 4 13 0 0 4 13 1 0 0 1 0 1 124.154 121.154 121.154 124.154 0 1 0 0 0 0 1 0 0 0 0 1 0 0 0 0 0 1 0 1 0 0 1 0 13 4 13 5 3 4 0.375 1 0 0 0 0 135 5
77.697 56.175 26.424 8.231 -26.169 -58.967 -68.39 -61.235 -45.106 -28.326 2 2 2 0 0 1 0 0 1 0 0 0 0 0 0 0 0 0 1 0 0 1 0 3 14 1 0 3 0 0 1 1 0 0 1 0 124.154 124.154 0 0 1 0 0 0 0 1 0 0 0 0 1 0 0 0 0 1 0 0 0 1 0 1 0 14 3 14 4 4 3 0.5 0 0 1 0 0 406 5
-17.943 -12.024 -14.394 -20.106 -22.411 -25.678 -27.359 -25.696 -22.607 -18.314 2 2 2 0 0 0 1 0 0 0 0 1 0 0 0 0 1 0 0 0 0 1 0 2 15 1 0 2 1 0 1 0 1 0 1 0 0 0 0 0 1 0 0 0 0 1 0 0 0 0 1 0 0 0 0 1 0 0 1 0 0 1 0 15 2 15 3 5 2 0.625 0 0 0 1 0 2 9
-15.865 -15.203 -13.418 -12.291 -19.451 -37.378 -63.328 -81.929 -81.72 -79.738 2 2 2 0 1 0 0 0 0 0 0 0 1 0 0 0 0 0 0 1 0 1 0 1 16 1 0 1 2 0 1 0 1 0 1 0 0 0 0 0 1 0 0 0 0 1 0 0 0 0 0 0 1 0 0 1 0 0 1 0 0 1 0 16 1 16 2 6 1 0.75 0 1 0 0 0 120 5
99.151 102.835 102.747 96.746 77.584 55.824 29.907 2.728 -6.089 -6.036 2 2 0 0 0 0 0 1 0 0 1 0 0 0 0 1 0 0 0 0 0 1 0 0 17 1 0 0 3 0 1 0 1 0 1 110 0 0 0 0 0 0 1 0 0 1 0 0 0 1 0 0 0 0 0 1 0 0 1 0 1 0 0 17 0 17 1 1 1 0.333 0 0 0 0 1 14 5
