12.73493 13.07662 8.00864 0.28285 7.98123 3.37082 -6.39526 -12.36538 -15.47175 -24.61405 2 0 2 0 1 0 0 0 0 1 0 0 0 0 1 0 0 0 0 0 0 0 2 11 0 0 2 0 0 0 1 0 1 1 0 0 1 0 0 0 1 0 0 0 0 0 1 0 0 0 0 1 0 1 0 0 0 0 1 0 11 0 12 1 12 0.071 0 1 0 0 0 120 3 0 1 0 0 20 3 0.0 0.0 1.0 0.0 0.0 12.0 0.0 0.0 0.0 0.0 0.0 0.0 0.0 1.0 0.0 0.0 0.0 0.0 0.0 0.0 0.0 0.0 0.0 0.0 0.0 0.0 0.0 0.0 0.0 0.0 0.0 0.0 0.0 0.0 0.0 0.0 0.0 0.0 0.0 0.0 0.0 0.0 0.0 0.0 0.0 0.0 0.0 0.0 0.0 0.0 0.0 0.0 0.0 0.0 0.0 0.0 0.0 0.0 0.0 0.0 0.0 0.0 0.0 0.0 0.0 0.0
-13.04255 14.80202 31.59518 6.057 1.96178 -1.84812 3.13936 3.61427 -1.0065 5.67922 2 2 2 1 0 0 0 0 0 0 1 0 0 0 0 0 1 0 0 0 0 0 1 10 1 0 1 4 1 1 0 0 1 0 1 0 1 0 0 0 0 1 0 0 0 0 1 0 0 0 0 0 1 0 1 0 0 1 0 1 10 1 11 2 11 0.143 1 0 0 0 0 332 1 3 9 1 0 1 3 0.0 0.0 1.0 1.0 0.0833333333333 12.0 0.0 0.0 0.0 0.0 0.0 0.0 1.0 0.0 0.0 0.0 0.0 0.0 0.0 0.0 0.0 0.0 0.0 0.0 0.0 1.0 0.0 0.0 0.0 0.0 0.0 0.0 0.0 0.0 0.0 0.0 0.0 0.0 0.0 0.0 0.0 0.0 0.0 0.0 0.0 0.0 0.0 0.0 0.0 0.0 0.0 0.0 0.0 0.0 0.0 0.0 0.0 0.0 0.0 0.0 0.0 0.0 0.0 0.0 0.0 0.0
20.37175 21.95728 10.00027 8.3925 8.67528 16.44345 -10.71074 -3.22948 5.37901 24.04241 2 2 2 0 1 0 0 0 1 0 0 0 0 0 0 0 0 0 0 1 0 1 1 9 2 1 1 3 0 0 1 1 0 0 1 0 1 0 0 0 0 1 0 0 0 0 1 0 0 0 0 1 0 0 0 1 0 1 0 2 9 2 10 3 10 0.214 0 1 0 0 0 1010 9 1 7 2 0 6 10 0.0 0.0 1.0 2.0 0.166666666667 12.0 0.0 0.0 0.0 0.0 0.0 0.0 0.0 0.0 0.0 0.0 0.0 0.0 0.0 0.0 0.0 0.0 0.0 0.0 0.0 0.0 0.0 0.0 0.0 0.0 0.0 0.0 0.0 1.0 0.0 0.0 0.0 0.0 0.0 0.0 0.0 0.0 0.0 0.0 0.0 0.0 0.0 0.0 0.0 0.0 0.0 0.0 0.0 0.0 0.0 0.0 0.0 0.0 0.0 0.0 0.0 0.0 0.0 0.0 0.0 0.0
19.80771 25.08744 39.23767 37.2762 40.38192 39.40279 51.01112 39.92366 39.87108 28.904 2 2 2 0 0 0 0 1 0 0 1 0 0 0 0 0 0 0 0 1 0 1 1 8 3 1 1 2 1 0 1 0 1 0 1 0 1 0 0 0 0 1 0 0 0 0 1 0 0 0 0 1 0 0 1 0 0 1 0 3 8 3 9 4 9 0.286 0 0 0 0 1 124 9 1 7 2 1 2 21 0.0 0.0 1.0 3.0 0.25 12.0 0.0 0.0 0.0 0.0 0.0 0.0 0.0 0.0 0.0 0.0 0.0 0.0 0.0 0.0 0.0 0.0 0.0 0.0 0.0 0.0 0.0 0.0 0.0 0.0 0.0 0.0 0.0 1.0 0.0 0.0 0.0 0.0 0.0 0.0 0.0 0.0 0.0 0.0 0.0 0.0 0.0 0.0 0.0 0.0 0.0 0.0 0.0 0.0 0.0 0.0 0.0 0.0 0.0 0.0 0.0 0.0 0.0 0.0 0.0 0.0
27.0188 21.31749 26.0963 30.2997 44.71484 46.37785 24.56313 5.57991 -0.38328 7.46623 2 2 2 0 0 0 0 1 0 0 0 0 0 1 0 0 0 0 1 0 0 1 1 7 4 1 1 1 2 0 1 0 1 0 1 0 1 0 0 0 0 1 0 0 0 0 1 0 0 0 0 1 0 0 1 0 0 1 0 4 7 4 8 5 8 0.357 0 0 0 0 1 10 7 9 6 3 0 11 13 0.0 0.0 1.0 4.0 0.333333333333 12.0 0.0 0.0 0.0 0.0 0.0 0.0 0.0 0.0 0.0 0.0 0.0 0.0 0.0 0.0 0.0 0.0 0.0 0.0 0.0 0.0 0.0 0.0 0.0 0.0 0.0 0.0 0.0 0.0 0.0 0.0 0.0 0.0 0.0 0.0 0.0 0.0 0.0 0.0 0.0 1.0 0.0 0.0 0.0 0.0 0.0 0.0 0.0 0.0 0.0 0.0 0.0 0.0 0.0 0.0 0.0 0.0 0.0 0.0 0.0 0.0
-9.57439 -2.90032 -4.76175 -1.80639 -0.05473 4.10546 5.88119 5.80022 3.20071 -2.63617 2 2 2 0 0 0 1 0 0 0 0 0 0 1 1 0 0 0 0 0 0 1 1 6 5 1 1 0 3 0 1 0 1 1 0 0 1 0 0 0 0 1 0 0 0 0 1 0 0 0 0 1 0 0 1 0 0 0 1 5 6 5 7 6 7 0.429 0 0 0 1 0 20 6 7 3 4 0 4 8 0.0 0.0 1.0 5.0 0.416666666667 12.0 0.0 0.0 0.0 0.0 0.0 0.0 0.0 0.0 0.0 0.0 0.0 0.0 0.0 1.0 0.0 0.0 0.0 0.0 0.0 0.0 0.0 0.0 0.0 0.0 0.0 0.0 0.0 0.0 0.0 0.0 0.0 0.0 0.0 0.0 0.0 0.0 0.0 0.0 0.0 0.0 0.0 0.0 0.0 0.0 0.0 0.0 0.0 0.0 0.0 0.0 0.0 0.0 0.0 0.0 0.0 0.0 0.0 0.0 0.0 0.0
-5.02793 -3.09631 0.44762 -2.38312 -6.25276 -2.55509 13.37167 18.49233 12.3776 18.33463 2 2 2 1 0 0 0 0 0 0 0 0 1 0 0 0 0 0 1 0 0 1 0 5 6 1 0 5 4 1 0 0 1 0 1 0 1 0 0 0 0 1 0 0 0 0 1 0 0 0 0 0 1 0 1 0 0 1 0 6 5 6 6 7 6 0.5 1 0 0 0 0 1650 3 6 1 5 0 14 35 0.0 0.0 1.0 6.0 0.5 12.0 0.0 0.0 0.0 0.0 0.0 0.0 0.0 1.0 0.0 0.0 0.0 0.0 0.0 0.0 0.0 0.0 0.0 0.0 0.0 0.0 0.0 0.0 0.0 0.0 0.0 0.0 0.0 0.0 0.0 0.0 0.0 0.0 0.0 0.0 0.0 0.0 0.0 0.0 0.0 0.0 0.0 0.0 0.0 0.0 0.0 0.0 0.0 0.0 0.0 0.0 0.0 0.0 0.0 0.0 0.0 0.0 0.0 0.0 0.0 0.0
20.44773 10.28915 -13.99547 -27.21712 -34.06731 -33.81232 -24.68713 2.9533 20.80956 31.95021 2 2 2 0 0 0 1 0 1 0 0 0 0 0 0 0 0 1 0 0 0 2 0 4 7 2 0 4 0 0 1 1 0 0 1 0 1 0 0 0 0 1 0 0 0 0 1 0 0 0 0 1 0 0 0 1 0 1 0 7 4 7 5 8 5 0.571 0 0 0 1 0 112 3 6 1 5 1 18 21 0.0 0.0 1.0 7.0 0.583333333333 12.0 0.0 0.0 0.0 0.0 0.0 0.0 0.0 1.0 0.0 0.0 0.0 0.0 0.0 0.0 0.0 0.0 0.0 0.0 0.0 0.0 0.0 0.0 0.0 0.0 0.0 0.0 0.0 0.0 0.0 0.0 0.0 0.0 0.0 0.0 0.0 0.0 0.0 0.0 0.0 0.0 0.0 0.0 0.0 0.0 0.0 0.0 0.0 0.0 0.0 0.0 0.0 0.0 0.0 0.0 0.0 0.0 0.0 0.0 0.0 0.0
42.19127 33.96521 26.16041 23.35507 14.96152 -3.3232 -10.41377 -11.3908 -9.09021 -0.42105 2 2 2 0 0 1 0 0 0 0 0 0 1 0 0 0 1 0 0 0 0 2 0 3 8 2 0 3 1 0 1 0 1 0 1 0 1 0 0 0 0 1 0 0 0 0 1 0 0 0 0 1 0 0 1 0 0 1 0 8 3 8 4 9 4 0.643 0 0 1 0 0 720 1 3 4 6 0 5 37 0.0 0.0 1.0 8.0 0.666666666667 12.0 0.0 0.0 0.0 0.0 0.0 0.0 1.0 0.0 1.0 0.0 0.0 0.0 1.0 0.0 0.0 1.0 0.0 0.0 1.0 0.0 0.0 0.0 0.0 0.0 0.0 0.0 1.0 0.0 0.0 0.0 0.0 0.0 0.0 0.0 0.0 0.0 0.0 0.0 1.0 0.0 0.0 0.0 0.0 0.0 0.0 0.0 0.0 0.0 0.0 0.0 0.0 0.0 0.0 0.0 0.0 0.0 0.0 0.0 0.0 0.0
4.66039 13.8792 25.37295 28.61233 16.82915 -20.03367 -28.63442 -46.88446 -71.23207 -68.35985 2 2 2 0 1 0 0 0 0 0 0 1 0 0 0 0 0 0 1 0 0 2 0 2 9 2 0 2 2 0 1 0 1 0 1 0 1 0 0 0 0 1 0 0 0 0 1 0 0 0 0 1 0 0 1 0 0 1 0 9 2 9 3 10 3 0.714 0 1 0 0 0 728 1 3 4 6 1 2 21 0.0 0.0 1.0 9.0 0.75 12.0 0.0 0.0 0.0 0.0 0.0 0.0 1.0 0.0 1.0 0.0 0.0 0.0 1.0 0.0 0.0 1.0 0.0 0.0 1.0 0.0 0.0 0.0 0.0 0.0 0.0 0.0 1.0 0.0 0.0 0.0 0.0 0.0 0.0 0.0 0.0 0.0 0.0 0.0 1.0 0.0 0.0 0.0 0.0 0.0 0.0 0.0 0.0 0.0 0.0 0.0 0.0 0.0 0.0 0.0 0.0 0.0 0.0 0.0 0.0 0.0
-53.70049 -42.17743 -20.39274 -1.74202 0.87249 -1.3921 -1.64587 1.58408 1.22361 1.20564 2 2 2 0 0 0 1 0 0 0 1 0 0 0 0 0 0 1 0 0 0 2 0 1 10 2 0 1 3 0 1 0 1 0 1 0 1 0 0 0 0 1 0 0 0 0 0 0 0 1 0 1 0 0 1 0 0 1 0 10 1 10 2 11 2 0.786 0 0 0 1 0 2 4 1 1 7 0 2 8 0.0 0.0 1.0 10.0 0.833333333333 12.0 0.0 0.0 0.0 0.0 0.0 0.0 0.0 0.0 0.0 1.0 0.0 0.0 0.0 0.0 0.0 0.0 0.0 0.0 0.0 0.0 0.0 0.0 0.0 0.0 0.0 0.0 0.0 0.0 0.0 0.0 0.0 0.0 0.0 0.0 0.0 0.0 0.0 0.0 0.0 0.0 0.0 0.0 0.0 0.0 0.0 0.0 0.0 0.0 0.0 0.0 0.0 0.0 0.0 0.0 0.0 0.0 0.0 0.0 0.0 0.0
-9.81567 -0.28442 9.28394 10.64814 13.09364 3.86276 2.30186 -6.62668 -22.52775 -42.7656 2 2 0 0 0 1 0 0 0 0 0 0 1 0 0 1 0 0 0 0 0 2 0 0 11 2 0 0 4 0 1 0 1 0 1 0 0 0 0 1 0 1 0 0 0 1 0 0 0 0 0 1 0 0 1 0 1 0 0 11 0 11 1 12 1 0.857 0 0 1 0 0 6 1 4 0 8 0 21 10 0.0 0.0 1.0 11.0 0.916666666667 12.0 1.0 1.0 0.0 0.0 0.0 0.0 0.0 0.0 0.0 0.0 0.0 0.0 0.0 0.0 1.0 0.0 0.0 0.0 0.0 0.0 0.0 0.0 0.0 0.0 0.0 0.0 0.0 0.0 0.0 0.0 0.0 0.0 0.0 0.0 0.0 0.0 0.0 0.0 0.0 0.0 0.0 0.0 0.0 0.0 0.0 0.0 0.0 0.0 0.0 0.0 0.0 0.0 0.0 0.0 0.0 0.0 0.0 0.0 0.0 0.0
