32.653 58.486 77.63 77.4 69.959 54.251 40.503 32.27 29.919 32.838 2 0 2 0 0 0 0 1 0 1 0 0 0 0 0 0 0 0 0 1 0 0 4 23 0 0 4 4 0 0 1 0 1 0 1 0 130 0 0 0 1 0 0 0 1 0 0 0 0 0 1 0 0 0 0 1 0 1 0 0 0 1 0 0 23 0 24 1 9 0.091 0 0 0 0 1 1028 13
48.564 60.77 61.575 60.936 57.711 49.773 38.236 24.383 8.721 -4.442 2 2 2 0 0 0 0 1 0 0 0 0 0 1 0 0 0 0 0 1 0 0 4 22 1 0 4 3 1 0 1 0 1 0 1 0 0 0 0 0 1 0 0 0 0 1 0 0 0 0 1 0 0 0 0 1 0 0 1 0 0 1 0 1 22 1 23 2 8 0.182 0 0 0 0 1 71 13
-12.981 -20.903 -24.289 -24.496 -24.528 -26.14 -32.219 -44.696 -55.072 -66.378 2 2 2 0 0 0 0 1 0 0 0 0 0 1 0 0 0 1 0 0 0 0 4 21 2 0 4 2 2 0 1 0 1 0 1 0 0 0 0 0 1 0 0 0 0 1 0 0 0 0 1 0 0 0 0 1 0 0 1 0 0 1 0 2 21 2 22 3 7 0.273 0 0 0 0 1 3 6
-87.297 -94.523 -98.045 -105.309 -107.453 -104.961 -96.067 -84.918 -71.986 -46.72 2 2 2 0 0 1 0 0 0 0 0 0 0 1 0 0 0 0 0 1 0 0 4 20 3 0 4 1 3 0 1 0 1 0 1 0 0 0 0 0 1 0 0 0 0 1 0 0 0 0 1 0 0 0 0 1 0 0 1 0 0 1 0 3 20 3 21 4 6 0.364 0 0 1 0 0 6 5
-34.153 -19.346 1.136 1.329 -14.641 -30.722 -43.18 -48.249 -45.841 -40.202 2 2 2 0 0 0 0 1 0 0 0 1 0 0 1 0 0 0 0 0 0 0 4 19 4 0 4 0 4 0 1 0 1 1 0 130.60001 0 0 130.60001 0 1 0 0 0 0 1 0 0 0 0 1 0 0 0 0 1 0 0 1 0 0 0 1 4 19 4 20 5 5 0.455 0 0 0 0 1 163 27
-24.662 15.247 42.612 42.024 36.093 38.771 42.543 44.444 45.985 44.297 2 2 2 1 0 0 0 0 0 0 0 0 0 1 0 0 0 0 0 1 0 0 3 18 5 0 3 2 5 1 0 0 1 0 1 133.60001 130.60001 130.60001 133.60001 0 1 0 0 0 0 1 0 0 0 0 1 0 0 0 0 0 1 0 1 0 0 1 0 5 18 5 19 6 4 0.545 1 0 0 0 0 116 8
41.585 43.232 44.871 44.238 32.377 14.961 2.248 -6.123 -8.531 -7.304 2 2 2 0 0 0 0 1 1 0 0 0 0 0 0 0 0 0 0 1 0 1 3 17 6 1 3 1 0 0 1 1 0 0 1 0 133.60001 133.60001 0 0 1 0 0 0 0 1 0 0 0 0 1 0 0 0 0 1 0 0 0 1 0 1 0 6 17 6 18 7 3 0.636 0 0 0 0 1 5 14
-3.671 -0.868 3.447 4.761 0.7 -10.128 -19.296 -29.977 -37.512 -40.724 2 2 2 0 0 0 0 1 0 0 0 0 0 1 1 0 0 0 0 0 0 1 3 16 7 1 3 0 1 0 1 0 1 1 0 128.2 0 0 128.2 0 1 0 0 0 0 1 0 0 0 0 1 0 0 0 0 1 0 0 1 0 0 0 1 7 16 7 17 8 2 0.727 0 0 0 0 1 3 6
-31.552 -7.127 19.186 27.296 12.978 4.719 1.22 0.092 -0.773 -1.442 2 2 2 1 0 0 0 0 0 0 0 0 0 1 0 0 0 0 0 1 0 1 2 15 8 1 2 1 2 1 0 0 1 0 1 131.2 128.2 128.2 131.2 0 1 0 0 0 0 1 0 0 0 0 1 0 0 0 0 0 1 0 1 0 0 1 0 8 15 8 16 9 1 0.818 1 0 0 0 0 2126 7
45.319 44.466 43.498 25.929 -8.332 -22.636 -32.92 -36.937 -40.686 -49.448 2 2 1 0 0 0 0 1 1 0 0 0 0 0 1 0 0 0 0 0 0 2 2 14 9 2 2 0 0 0 1 1 0 1 0 126.60001 131.2 131.2 126.60001 0 1 0 0 0 0 1 0 0 0 0 1 0 0 0 0 1 0 0 0 1 0 0 1 9 14 9 15 1 1 0.333 0 0 0 0 1 5 14
7.776 15.861 33.044 42.357 47.682 51.291 52.595 54.169 56.682 57.526 1 2 2 1 0 0 0 0 0 0 0 0 0 1 1 0 0 0 0 0 0 2 1 13 10 2 1 0 1 1 0 0 1 1 0 131.39999 126.60001 126.60001 131.39999 0 1 0 0 0 0 1 0 0 0 0 1 0 0 0 0 0 1 0 1 0 0 0 1 10 13 10 14 1 8 0.1 1 0 0 0 0 234 1
58.299 58.922 59.256 59.358 59.35 60.05 61.179 61.43 57.509 48.612 2 1 2 1 0 0 0 0 1 0 0 0 0 0 0 0 0 1 0 0 0 3 0 12 11 3 0 12 0 1 0 1 0 0 1 129.2 131.39999 131.39999 129.2 0 1 0 0 0 0 1 0 0 0 0 1 0 0 0 0 0 1 0 0 1 0 1 0 11 12 11 13 2 7 0.2 1 0 0 0 0 186 1
30.107 -2.52 -33.469 -59.308 -73.96 -72.679 -65.497 -54.944 -40.878 -23.47 2 2 2 0 0 1 0 0 1 0 0 0 0 0 0 0 1 0 0 0 0 4 0 11 12 4 0 11 0 0 1 1 0 0 1 0 129.2 129.2 0 0 1 0 0 0 0 1 0 0 0 0 1 0 0 0 0 1 0 0 0 1 0 1 0 12 11 12 12 3 6 0.3 0 0 1 0 0 634 1
-42.306 -82.629 -82.615 -54.5 -30.823 -43.711 -76.703 -104.479 -108.286 -79.72 2 2 2 0 1 0 0 0 0 0 0 1 0 0 0 0 0 0 1 0 0 4 0 10 13 4 0 10 1 0 1 0 1 0 1 0 0 0 0 0 1 0 0 0 0 1 0 0 0 0 1 0 0 0 0 1 0 0 1 0 0 1 0 13 10 13 11 4 5 0.4 0 1 0 0 0 118 1
-54.286 -24.012 6.682 28.022 22.919 1.567 -11.666 -21.852 -29.745 -29.711 2 2 2 0 0 0 1 0 0 0 1 0 0 0 0 0 0 1 0 0 0 4 0 9 14 4 0 9 2 0 1 0 1 0 1 0 0 0 0 0 1 0 0 0 0 1 0 0 0 0 1 0 0 0 0 1 0 0 1 0 0 1 0 14 9 14 10 5 4 0.5 0 0 0 1 0 15 15
-25.656 -22.392 -16.808 -10.993 -5.666 -13.85 -27.375 -27.802 -12.137 32.356 2 2 2 0 0 1 0 0 0 0 0 0 1 0 0 0 0 0 0 1 0 4 0 8 15 4 0 8 3 0 1 0 1 0 1 0 0 0 0 0 1 0 0 0 0 1 0 0 0 0 1 0 0 0 0 1 0 0 1 0 0 1 0 15 8 15 9 6 3 0.6 0 0 1 0 0 1268 3
57.5 84.17 113.392 125.7 121.056 96.736 62.136 27.045 2.483 -4.221 2 2 2 0 0 0 0 1 0 0 0 1 0 0 0 0 0 0 1 0 0 4 0 7 16 4 0 7 4 0 1 0 1 0 1 0 0 0 0 0 1 0 0 0 0 1 0 0 0 0 1 0 0 0 0 1 0 0 1 0 0 1 0 16 7 16 8 7 2 0.7 0 0 0 0 1 2499 3
-3.029 -8.839 -24.036 -40.844 -48.144 -51.211 -51.083 -40.814 6.167 28.063 2 2 2 0 0 0 1 0 0 0 0 0 0 1 0 0 1 0 0 0 0 4 0 6 17 4 0 6 5 0 1 0 1 0 1 0 0 0 0 0 1 0 0 0 0 1 0 0 0 0 1 0 0 0 0 1 0 0 1 0 0 1 0 17 6 17 7 8 1 0.8 0 0 0 1 0 2 4
6.28 7.812 8.689 7.621 2.237 -11.503 -29.009 -42.91 -49.548 -32.826 2 2 2 0 1 0 0 0 0 0 0 0 1 0 0 0 0 1 0 0 0 4 0 5 18 4 0 5 6 0 1 0 1 0 1 0 0 0 0 0 1 0 0 0 0 1 0 0 0 0 1 0 0 0 0 1 0 0 1 0 0 1 0 18 5 18 6 1 6 0.125 0 1 0 0 0 115 1
94.237 133.521 84.581 19.35 -16.328 -27.052 -28.791 -26.298 -14.196 9.312 2 2 2 0 0 1 0 0 0 0 1 0 0 0 0 0 0 1 0 0 0 4 0 4 19 4 0 4 7 0 1 0 1 0 1 0 0 0 0 0 1 0 0 0 0 1 0 0 0 0 1 0 0 0 0 1 0 0 1 0 0 1 0 19 4 19 5 2 5 0.25 0 0 1 0 0 13 1
17.156 17.42 17.895 18.358 18.792 14.184 -0.546 -1.195 3.092 13.757 2 2 2 0 0 1 0 0 0 0 0 1 0 0 0 0 0 1 0 0 0 4 0 3 20 4 0 3 8 0 1 0 1 0 1 0 0 0 0 0 1 0 0 0 0 1 0 0 0 0 1 0 0 0 0 1 0 0 1 0 0 1 0 20 3 20 4 3 4 0.375 0 0 1 0 0 1268 5
24.384 26.804 16.247 -2.421 -12.762 -13.357 -9.409 -2.577 5.864 9.502 2 2 2 0 0 1 0 0 0 0 0 1 0 0 0 0 0 0 0 1 0 4 0 2 21 4 0 2 9 0 1 0 1 0 1 0 0 0 0 0 1 0 0 0 0 1 0 0 0 0 1 0 0 0 0 1 0 0 1 0 0 1 0 21 2 21 3 4 3 0.5 0 0 1 0 0 972 5
18.163 46.17 78.063 101.265 101.795 91.044 63.203 20.571 -21.456 -45.903 2 2 2 0 0 0 0 1 0 0 0 1 0 0 0 0 0 0 0 1 0 4 0 1 22 4 0 1 10 0 1 0 1 0 1 0 0 0 0 0 1 0 0 0 0 1 0 0 0 0 0 0 1 0 0 1 0 0 1 0 0 1 0 22 1 22 2 5 2 0.625 0 0 0 0 1 2499 5
-48.242 -48.837 -49.612 -50.401 -55.476 -70.484 -73.628 -73.51 -73.602 -73.652 2 2 0 0 0 0 0 1 0 0 0 0 0 1 0 1 0 0 0 0 0 4 0 0 23 4 0 0 11 0 1 0 1 0 1 110 0 0 0 0 0 0 1 0 0 1 0 0 0 1 0 0 0 0 0 1 0 0 1 0 1 0 0 23 0 23 1 6 1 0.75 0 0 0 0 1 15 5
