-59.95498 -77.81009 -112.50633 -122.57446 -124.38768 -123.68738 -110.72583 -104.9682 -88.85429 -62.69619 2 0 2 0 0 0 0 1 0 1 0 0 0 0 1 0 0 0 0 0 0 0 1 13 0 0 1 0 0 0 1 0 1 1 0 0 1 0 0 0 1 0 0 0 0 0 1 0 0 0 0 1 0 1 0 0 0 0 1 0 13 0 14 1 14 0.063 0 0 0 0 1 300 9 0 9 0 0 2 4 0.0 0.0 1.0 0.0 0.0 14.0 0.0 0.0 0.0 0.0 0.0 0.0 0.0 0.0 0.0 0.0 0.0 0.0 0.0 0.0 0.0 0.0 0.0 0.0 0.0 0.0 0.0 0.0 0.0 0.0 0.0 0.0 0.0 1.0 0.0 0.0 0.0 0.0 0.0 0.0 0.0 0.0 0.0 0.0 0.0 0.0 0.0 0.0 0.0 0.0 0.0 0.0 0.0 0.0 0.0 0.0 0.0 0.0 0.0 0.0 0.0 0.0 0.0 0.0 0.0 0.0
-45.01137 -38.81444 -29.17863 -16.82884 -11.48444 1.91541 9.77954 7.53613 5.64775 -0.47056 2 2 2 1 0 0 0 0 0 0 0 0 0 1 0 0 0 1 0 0 0 0 0 12 1 0 0 12 1 1 0 0 1 0 1 0 1 0 0 0 0 1 0 0 0 0 1 0 0 0 0 0 1 0 1 0 0 1 0 1 12 1 13 2 13 0.125 1 0 0 0 0 730 9 9 9 1 0 12 13 0.0 0.0 1.0 1.0 0.0714285714286 14.0 0.0 0.0 0.0 0.0 0.0 0.0 0.0 0.0 0.0 0.0 0.0 0.0 0.0 0.0 0.0 0.0 0.0 0.0 0.0 0.0 0.0 0.0 0.0 0.0 0.0 0.0 0.0 1.0 0.0 0.0 0.0 0.0 0.0 0.0 0.0 0.0 0.0 0.0 0.0 0.0 0.0 0.0 0.0 0.0 0.0 0.0 0.0 0.0 0.0 0.0 0.0 0.0 0.0 0.0 0.0 0.0 0.0 0.0 0.0 0.0
18.03417 13.35872 19.64127 21.93732 1.37756 -15.37423 -15.39322 -23.13752 -37.45761 -39.01485 2 2 2 0 0 1 0 0 1 0 0 0 0 0 0 0 0 1 0 0 0 1 0 11 2 1 0 11 0 0 1 1 0 0 1 0 1 0 0 0 0 1 0 0 0 0 1 0 0 0 0 1 0 0 0 1 0 1 0 2 11 2 12 3 12 0.188 0 0 1 0 0 1147 9 9 9 1 1 10 3 0.0 0.0 1.0 2.0 0.142857142857 14.0 0.0 0.0 0.0 0.0 0.0 0.0 0.0 0.0 0.0 0.0 0.0 0.0 0.0 0.0 0.0 0.0 0.0 0.0 0.0 0.0 0.0 0.0 0.0 0.0 0.0 0.0 0.0 1.0 0.0 0.0 0.0 0.0 0.0 0.0 0.0 0.0 0.0 0.0 0.0 0.0 0.0 0.0 0.0 0.0 0.0 0.0 0.0 0.0 0.0 0.0 0.0 0.0 0.0 0.0 0.0 0.0 0.0 0.0 0.0 0.0
-29.9617 -26.33687 -17.11911 -7.30644 -6.53456 -3.30017 -11.86794 -27.71147 -39.19725 -40.66041 2 2 2 0 0 1 0 0 0 0 0 1 0 0 0 0 1 0 0 0 0 1 0 10 3 1 0 10 1 0 1 0 1 0 1 0 1 0 0 0 0 1 0 0 0 0 1 0 0 0 0 1 0 0 1 0 0 1 0 3 10 3 11 4 11 0.25 0 0 1 0 0 282 9 9 7 2 0 18 9 0.0 0.0 1.0 3.0 0.214285714286 14.0 0.0 0.0 0.0 0.0 0.0 0.0 0.0 0.0 0.0 0.0 0.0 0.0 0.0 0.0 0.0 0.0 0.0 0.0 0.0 0.0 0.0 0.0 0.0 0.0 0.0 0.0 0.0 0.0 0.0 0.0 0.0 0.0 0.0 0.0 0.0 0.0 0.0 0.0 0.0 0.0 0.0 0.0 0.0 0.0 0.0 0.0 0.0 0.0 0.0 0.0 0.0 1.0 0.0 0.0 0.0 0.0 0.0 0.0 0.0 0.0
-40.55831 -39.36273 -30.84798 -27.18839 -24.60704 -18.94817 -15.34286 -3.03339 2.47487 6.16216 2 2 2 0 1 0 0 0 0 0 0 1 0 0 0 0 0 0 0 1 0 1 0 9 4 1 0 9 2 0 1 0 1 0 1 0 1 0 0 0 0 1 0 0 0 0 1 0 0 0 0 1 0 0 1 0 0 1 0 4 9 4 10 5 10 0.313 0 1 0 0 0 9 9 9 7 2 1 23 7 0.0 0.0 1.0 4.0 0.285714285714 14.0 0.0 0.0 0.0 0.0 0.0 0.0 0.0 0.0 0.0 0.0 0.0 0.0 0.0 0.0 0.0 0.0 0.0 0.0 0.0 0.0 0.0 0.0 0.0 0.0 0.0 0.0 0.0 0.0 0.0 0.0 0.0 0.0 0.0 0.0 0.0 0.0 0.0 0.0 0.0 0.0 0.0 0.0 0.0 0.0 0.0 0.0 0.0 0.0 0.0 0.0 0.0 1.0 0.0 0.0 0.0 0.0 0.0 0.0 0.0 0.0
3.6466 -6.5229 -3.41299 -10.59606 -20.12029 -20.62965 -17.53894 -17.40644 -19.76786 -22.23706 2 2 2 0 0 0 0 1 0 0 1 0 0 0 0 0 0 1 0 0 0 1 0 8 5 1 0 8 3 0 1 0 1 0 1 0 1 0 0 0 0 1 0 0 0 0 1 0 0 0 0 1 0 0 1 0 0 1 0 5 8 5 9 6 9 0.375 0 0 0 0 1 101 7 9 1 3 0 2 35 0.0 0.0 1.0 5.0 0.357142857143 14.0 0.0 1.0 0.0 0.0 0.0 0.0 0.0 0.0 0.0 0.0 0.0 0.0 0.0 0.0 0.0 0.0 1.0 0.0 0.0 0.0 0.0 0.0 0.0 0.0 0.0 0.0 1.0 0.0 0.0 0.0 0.0 0.0 0.0 0.0 0.0 0.0 0.0 0.0 0.0 0.0 0.0 0.0 0.0 0.0 0.0 0.0 0.0 0.0 0.0 0.0 1.0 0.0 0.0 0.0 0.0 0.0 0.0 0.0 0.0 0.0
-19.47951 -25.75433 -35.83106 -31.55305 -17.75287 -10.11387 -2.82084 -5.1085 -14.96654 -6.71658 2 2 2 0 0 1 0 0 0 0 0 0 0 1 0 0 0 0 0 1 0 1 0 7 6 1 0 7 4 0 1 0 1 0 1 0 1 0 0 0 0 1 0 0 0 0 1 0 0 0 0 1 0 0 1 0 0 1 0 6 7 6 8 7 8 0.438 0 0 1 0 0 1211 7 9 1 3 1 23 3 0.0 0.0 1.0 6.0 0.428571428571 14.0 0.0 1.0 0.0 0.0 0.0 0.0 0.0 0.0 0.0 0.0 0.0 0.0 0.0 0.0 0.0 0.0 1.0 0.0 0.0 0.0 0.0 0.0 0.0 0.0 0.0 0.0 1.0 0.0 0.0 0.0 0.0 0.0 0.0 0.0 0.0 0.0 0.0 0.0 0.0 0.0 0.0 0.0 0.0 0.0 0.0 0.0 0.0 0.0 0.0 0.0 1.0 0.0 0.0 0.0 0.0 0.0 0.0 0.0 0.0 0.0
-1.71253 -4.3406 -11.3255 -16.73509 3.98954 24.96875 41.03313 52.26416 51.13149 37.42807 2 2 2 0 0 0 0 1 0 0 0 1 0 0 0 0 0 1 0 0 0 1 0 6 7 1 0 6 5 0 1 0 1 0 1 0 1 0 0 0 0 1 0 0 0 0 1 0 0 0 0 1 0 0 1 0 0 1 0 7 6 7 7 8 7 0.5 0 0 0 0 1 153 1 7 7 4 0 22 4 0.0 0.0 1.0 7.0 0.5 14.0 0.0 0.0 0.0 0.0 0.0 0.0 0.0 0.0 0.0 0.0 0.0 0.0 0.0 0.0 0.0 0.0 0.0 0.0 0.0 1.0 0.0 0.0 0.0 0.0 0.0 0.0 0.0 0.0 0.0 0.0 0.0 0.0 0.0 0.0 0.0 0.0 0.0 0.0 0.0 0.0 0.0 0.0 0.0 0.0 0.0 0.0 0.0 0.0 0.0 0.0 0.0 0.0 0.0 0.0 0.0 0.0 0.0 0.0 0.0 0.0
22.17613 9.03272 -2.79995 -2.90082 -3.26159 -3.5434 -9.35606 -12.5059 -12.83909 -18.71838 2 2 2 0 0 1 0 0 0 0 0 0 0 1 0 0 1 0 0 0 0 1 0 5 8 1 0 5 6 0 1 0 1 0 1 0 1 0 0 0 0 1 0 0 0 0 1 0 0 0 0 1 0 0 1 0 0 1 0 8 5 8 6 9 6 0.563 0 0 1 0 0 1275 1 7 7 4 1 20 35 0.0 0.0 1.0 8.0 0.571428571429 14.0 0.0 0.0 0.0 0.0 0.0 0.0 0.0 0.0 0.0 0.0 0.0 0.0 0.0 0.0 0.0 0.0 0.0 0.0 0.0 1.0 0.0 0.0 0.0 0.0 0.0 0.0 0.0 0.0 0.0 0.0 0.0 0.0 0.0 0.0 0.0 0.0 0.0 0.0 0.0 0.0 0.0 0.0 0.0 0.0 0.0 0.0 0.0 0.0 0.0 0.0 0.0 0.0 0.0 0.0 0.0 0.0 0.0 0.0 0.0 0.0
-25.76036 -25.39044 -17.75958 -10.49439 -18.87993 -26.39379 -18.22732 -8.26952 0.24593 -0.84925 2 2 2 0 1 0 0 0 0 0 0 1 0 0 0 0 0 1 0 0 0 1 0 4 9 1 0 4 7 0 1 0 1 0 1 0 1 0 0 0 0 1 0 0 0 0 1 0 0 0 0 1 0 0 1 0 0 1 0 9 4 9 5 10 5 0.625 0 1 0 0 0 240 7 1 4 5 0 4 2 0.0 0.0 1.0 9.0 0.642857142857 14.0 0.0 0.0 0.0 0.0 0.0 0.0 0.0 0.0 1.0 0.0 0.0 0.0 0.0 0.0 0.0 1.0 0.0 0.0 1.0 0.0 0.0 0.0 0.0 0.0 0.0 0.0 0.0 0.0 0.0 0.0 0.0 0.0 0.0 0.0 0.0 0.0 0.0 0.0 0.0 0.0 0.0 0.0 0.0 0.0 0.0 0.0 0.0 0.0 0.0 0.0 0.0 0.0 0.0 0.0 0.0 0.0 0.0 0.0 0.0 0.0
-8.33874 -7.99762 -5.03444 3.37843 1.84639 5.12804 0.13404 -4.23602 -3.24589 -2.28513 2 2 2 0 0 1 0 0 0 0 1 0 0 0 0 0 0 0 1 0 0 1 0 3 10 1 0 3 8 0 1 0 1 0 1 0 1 0 0 0 0 1 0 0 0 0 1 0 0 0 0 1 0 0 1 0 0 1 0 10 3 10 4 11 4 0.688 0 0 1 0 0 722 7 1 4 5 1 4 8 0.0 0.0 1.0 10.0 0.714285714286 14.0 0.0 0.0 0.0 0.0 0.0 0.0 0.0 0.0 1.0 0.0 0.0 0.0 0.0 0.0 0.0 1.0 0.0 0.0 1.0 0.0 0.0 0.0 0.0 0.0 0.0 0.0 0.0 0.0 0.0 0.0 0.0 0.0 0.0 0.0 0.0 0.0 0.0 0.0 0.0 0.0 0.0 0.0 0.0 0.0 0.0 0.0 0.0 0.0 0.0 0.0 0.0 0.0 0.0 0.0 0.0 0.0 0.0 0.0 0.0 0.0
1.22698 -2.14721 3.60588 19.95523 25.47452 28.73198 36.67548 35.16355 36.12692 34.86092 2 2 2 0 0 0 1 0 0 0 0 1 0 0 0 0 0 0 0 1 0 1 0 2 11 1 0 2 9 0 1 0 1 0 1 0 1 0 0 0 0 1 0 0 0 0 1 0 0 0 0 1 0 0 1 0 0 1 0 11 2 11 3 12 3 0.75 0 0 0 1 0 2 4 7 1 6 0 2 8 0.0 0.0 1.0 11.0 0.785714285714 14.0 0.0 0.0 0.0 0.0 0.0 0.0 0.0 0.0 0.0 1.0 0.0 0.0 0.0 0.0 0.0 0.0 0.0 0.0 0.0 0.0 0.0 0.0 0.0 0.0 0.0 0.0 0.0 0.0 0.0 0.0 0.0 0.0 0.0 0.0 0.0 0.0 0.0 0.0 0.0 0.0 0.0 0.0 0.0 0.0 0.0 0.0 0.0 0.0 0.0 0.0 0.0 0.0 0.0 0.0 0.0 0.0 0.0 0.0 0.0 0.0
20.91417 -0.56936 -16.90717 -43.265 -62.9935 -68.126 -54.70601 -31.49852 -19.74958 -13.35045 2 2 2 0 0 0 0 1 0 0 0 0 1 0 0 0 0 0 0 1 0 1 0 1 12 1 0 1 10 0 1 0 1 0 1 0 1 0 0 0 0 1 0 0 0 0 0 0 0 1 0 1 0 0 1 0 0 1 0 12 1 12 2 13 2 0.813 0 0 0 0 1 171 1 4 0 7 0 15 20 0.0 0.0 1.0 12.0 0.857142857143 14.0 1.0 0.0 0.0 0.0 0.0 0.0 0.0 0.0 0.0 0.0 0.0 0.0 0.0 0.0 1.0 0.0 0.0 1.0 0.0 0.0 0.0 0.0 0.0 0.0 0.0 0.0 0.0 0.0 0.0 0.0 0.0 0.0 0.0 0.0 0.0 0.0 0.0 0.0 0.0 0.0 0.0 0.0 0.0 0.0 0.0 0.0 0.0 0.0 0.0 0.0 0.0 0.0 0.0 0.0 0.0 0.0 0.0 0.0 0.0 0.0
-20.86197 -31.1366 -37.00539 -23.94045 -5.07139 17.15129 32.4302 18.32461 -30.9498 -55.07645 2 2 0 0 0 0 0 1 0 0 0 0 0 1 0 1 0 0 0 0 0 1 0 0 13 1 0 0 11 0 1 0 1 0 1 0 0 0 0 1 0 1 0 0 0 1 0 0 0 0 0 1 0 0 1 0 1 0 0 13 0 13 1 14 1 0.875 0 0 0 0 1 545 1 4 0 7 1 19 16 0.0 0.0 1.0 13.0 0.928571428571 14.0 1.0 0.0 0.0 0.0 0.0 0.0 0.0 0.0 0.0 0.0 0.0 0.0 0.0 0.0 1.0 0.0 0.0 1.0 0.0 0.0 0.0 0.0 0.0 0.0 0.0 0.0 0.0 0.0 0.0 0.0 0.0 0.0 0.0 0.0 0.0 0.0 0.0 0.0 0.0 0.0 0.0 0.0 0.0 0.0 0.0 0.0 0.0 0.0 0.0 0.0 0.0 0.0 0.0 0.0 0.0 0.0 0.0 0.0 0.0 0.0
