158.204 122.837 88.061 56.57482 14.7641 12.91808 30.37912 45.06509 63.183 71.38897 2 0 2 1 0 0 0 0 0 1 0 0 0 0 1 0 0 0 0 0 0 0 6 9 0 0 6 0 0 1 0 0 1 1 0 0 1 0 0 0 1 0 0 0 0 0 1 0 0 0 0 0 1 1 0 0 0 0 1 0 9 0 10 1 10 0.083 1 0 0 0 0 104 1 0 1 0 0 11 4 0.0 0.0 3.0 0.0 0.0 10.0 0.0 0.0 0.0 0.0 0.0 0.0 0.0 0.0 0.0 0.0 0.0 0.0 0.0 0.0 0.0 0.0 0.0 0.0 0.0 0.0 0.0 0.0 0.0 0.0 0.0 0.0 0.0 0.0 0.0 1.0 0.0 0.0 0.0 0.0 0.0 0.0 0.0 0.0 0.0 0.0 0.0 0.0 0.0 0.0 0.0 0.0 0.0 0.0 0.0 0.0 0.0 0.0 0.0 0.0 0.0 0.0 0.0 0.0 0.0 0.0
104.58319 94.67448 83.42277 89.39044 94.31092 109.04551 113.52606 121.41249 118.86632 109.8503 2 2 2 1 0 0 0 0 1 0 0 0 0 0 0 0 1 0 0 0 0 0 5 8 1 0 5 1 0 1 0 1 0 0 1 0 1 0 0 0 0 1 0 0 0 0 1 0 0 0 0 0 1 0 0 1 0 1 0 1 8 1 9 2 9 0.167 1 0 0 0 0 164 1 0 1 0 1 2 35 0.0 0.0 3.0 1.0 0.1 10.0 0.0 0.0 0.0 0.0 0.0 0.0 0.0 0.0 0.0 0.0 0.0 0.0 0.0 0.0 0.0 0.0 0.0 0.0 0.0 0.0 0.0 0.0 0.0 0.0 0.0 0.0 0.0 0.0 0.0 1.0 0.0 0.0 0.0 0.0 0.0 0.0 0.0 0.0 0.0 0.0 0.0 0.0 0.0 0.0 0.0 0.0 0.0 0.0 0.0 0.0 0.0 0.0 0.0 0.0 0.0 0.0 0.0 0.0 0.0 0.0
105.90396 68.03191 19.51753 -31.88133 -102.42901 -127.93019 -135.64012 -149.84796 -151.94179 -145.02681 2 2 2 0 1 0 0 0 1 0 0 0 0 0 1 0 0 0 0 0 0 1 5 7 2 1 5 0 0 0 1 1 0 1 0 0 1 0 0 0 0 1 0 0 0 0 1 0 0 0 0 1 0 0 0 1 0 0 1 2 7 2 8 3 8 0.25 0 1 0 0 0 210 1 0 1 0 2 11 11 0.0 0.0 3.0 2.0 0.2 10.0 0.0 0.0 0.0 0.0 0.0 0.0 0.0 0.0 0.0 0.0 0.0 0.0 0.0 0.0 0.0 0.0 0.0 0.0 0.0 0.0 0.0 0.0 0.0 0.0 0.0 0.0 0.0 0.0 0.0 1.0 0.0 0.0 0.0 0.0 0.0 0.0 0.0 0.0 0.0 0.0 0.0 0.0 0.0 0.0 0.0 0.0 0.0 0.0 0.0 0.0 0.0 0.0 0.0 0.0 0.0 0.0 0.0 0.0 0.0 0.0
-93.38331 -53.49646 -17.50596 13.07563 27.68158 50.00701 61.62003 70.4315 76.2036 90.0808 2 2 2 1 0 0 0 0 0 0 1 0 0 0 0 0 0 1 0 0 0 1 4 6 3 1 4 2 1 1 0 0 1 0 1 0 1 0 0 0 0 1 0 0 0 0 1 0 0 0 0 0 1 0 1 0 0 1 0 3 6 3 7 4 7 0.333 1 0 0 0 0 2902 1 1 1 1 0 17 7 0.0 0.0 3.0 3.0 0.3 10.0 0.0 0.0 0.0 0.0 0.0 0.0 0.0 0.0 0.0 0.0 0.0 0.0 0.0 0.0 0.0 0.0 0.0 0.0 0.0 0.0 0.0 0.0 0.0 0.0 0.0 0.0 0.0 0.0 0.0 1.0 0.0 0.0 0.0 0.0 0.0 0.0 0.0 0.0 0.0 0.0 0.0 0.0 0.0 0.0 0.0 0.0 0.0 0.0 0.0 0.0 0.0 0.0 0.0 0.0 0.0 0.0 0.0 0.0 0.0 0.0
95.86817 75.32941 48.26349 29.83959 10.05955 2.96313 3.44174 22.50568 38.41828 51.21442 2 2 2 0 0 1 0 0 1 0 0 0 0 0 0 0 0 0 0 1 0 2 4 5 4 2 4 1 0 0 1 1 0 0 1 0 1 0 0 0 0 1 0 0 0 0 1 0 0 0 0 1 0 0 0 1 0 1 0 4 5 4 6 5 6 0.417 0 0 1 0 0 308 1 1 1 1 1 13 11 0.0 0.0 3.0 4.0 0.4 10.0 0.0 0.0 0.0 0.0 0.0 0.0 0.0 0.0 0.0 0.0 0.0 0.0 0.0 0.0 0.0 0.0 0.0 0.0 0.0 0.0 0.0 0.0 0.0 0.0 0.0 0.0 0.0 0.0 0.0 1.0 0.0 0.0 0.0 0.0 0.0 0.0 0.0 0.0 0.0 0.0 0.0 0.0 0.0 0.0 0.0 0.0 0.0 0.0 0.0 0.0 0.0 0.0 0.0 0.0 0.0 0.0 0.0 0.0 0.0 0.0
63.36913 68.95466 71.16701 77.70706 67.32016 37.16554 17.83179 0.85994 2.88138 15.41601 2 2 2 0 0 0 0 1 0 0 0 1 0 0 1 0 0 0 0 0 0 2 4 4 5 2 4 0 1 0 1 0 1 1 0 0 1 0 0 0 0 1 0 0 0 0 1 0 0 0 0 1 0 0 1 0 0 0 1 5 4 5 5 6 5 0.5 0 0 0 0 1 67 1 1 1 1 2 11 13 0.0 0.0 3.0 5.0 0.5 10.0 0.0 0.0 0.0 0.0 0.0 0.0 0.0 0.0 0.0 0.0 0.0 0.0 0.0 0.0 0.0 0.0 0.0 0.0 0.0 0.0 0.0 0.0 0.0 0.0 0.0 0.0 0.0 0.0 0.0 1.0 0.0 0.0 0.0 0.0 0.0 0.0 0.0 0.0 0.0 0.0 0.0 0.0 0.0 0.0 0.0 0.0 0.0 0.0 0.0 0.0 0.0 0.0 0.0 0.0 0.0 0.0 0.0 0.0 0.0 0.0
36.40959 57.25436 60.94559 63.26098 68.138 86.31067 111.70722 141.68509 150.95041 141.90682 2 2 1 1 0 0 0 0 0 0 0 0 0 1 1 0 0 0 0 0 0 2 3 3 6 2 3 0 2 1 0 0 1 1 0 0 1 0 0 0 0 1 0 0 0 0 1 0 0 0 0 0 1 0 1 0 0 0 1 6 3 6 4 7 4 0.583 1 0 0 0 0 77 1 1 1 2 0 4 35 0.0 0.0 3.0 6.0 0.6 10.0 0.0 0.0 0.0 0.0 0.0 0.0 0.0 0.0 0.0 0.0 0.0 1.0 0.0 0.0 0.0 0.0 0.0 0.0 0.0 0.0 0.0 0.0 0.0 0.0 0.0 0.0 0.0 0.0 0.0 0.0 0.0 0.0 0.0 0.0 0.0 0.0 0.0 0.0 0.0 0.0 0.0 0.0 0.0 0.0 0.0 0.0 0.0 0.0 0.0 0.0 0.0 0.0 0.0 0.0 0.0 0.0 0.0 0.0 0.0 0.0
112.11532 85.56355 55.56607 37.20967 30.96412 34.38936 46.8841 57.2829 70.46164 73.48106 1 2 2 1 0 0 0 0 1 0 0 0 0 0 1 0 0 0 0 0 0 3 2 2 7 3 2 0 0 1 0 1 0 1 0 0 1 0 0 0 0 1 0 0 0 0 1 0 0 0 0 0 1 0 0 1 0 0 1 7 2 7 3 8 3 0.667 1 0 0 0 0 175 1 1 1 2 1 0 4 0.0 0.0 3.0 7.0 0.7 10.0 0.0 0.0 0.0 0.0 0.0 0.0 0.0 0.0 0.0 0.0 0.0 1.0 0.0 0.0 0.0 0.0 0.0 0.0 0.0 0.0 0.0 0.0 0.0 0.0 0.0 0.0 0.0 0.0 0.0 0.0 0.0 0.0 0.0 0.0 0.0 0.0 0.0 0.0 0.0 0.0 0.0 0.0 0.0 0.0 0.0 0.0 0.0 0.0 0.0 0.0 0.0 0.0 0.0 0.0 0.0 0.0 0.0 0.0 0.0 0.0
63.21714 47.80621 51.69089 56.66627 67.07258 73.85574 90.84686 97.52363 101.30473 74.29405 2 1 2 1 0 0 0 0 1 0 0 0 0 0 1 0 0 0 0 0 0 4 1 1 8 4 1 0 0 1 0 1 0 1 0 0 1 0 0 0 0 1 0 0 0 0 0 0 1 0 0 0 1 0 0 1 0 0 1 8 1 8 2 9 2 0.75 1 0 0 0 0 137 1 1 7 3 0 5 13 0.0 0.0 3.0 8.0 0.8 10.0 0.0 1.0 0.0 0.0 0.0 0.0 0.0 0.0 0.0 0.0 1.0 0.0 0.0 0.0 0.0 0.0 0.0 0.0 0.0 0.0 0.0 0.0 0.0 0.0 0.0 0.0 0.0 0.0 1.0 0.0 0.0 0.0 0.0 0.0 0.0 0.0 0.0 0.0 0.0 0.0 0.0 0.0 0.0 0.0 0.0 0.0 0.0 0.0 1.0 0.0 0.0 0.0 0.0 0.0 0.0 0.0 0.0 0.0 0.0 0.0
40.42082 52.66274 43.73998 12.81642 -2.34658 -22.58429 -26.87147 -36.06279 -39.61845 -34.31591 2 2 2 1 0 0 0 0 1 0 0 0 0 0 1 0 0 0 0 0 0 5 0 0 9 5 0 0 0 1 0 1 0 1 0 0 0 0 1 0 0 1 0 0 0 0 1 0 0 0 0 0 1 0 0 1 0 0 1 9 0 9 1 10 1 0.833 1 0 0 0 0 116 1 1 7 3 1 4 30 0.0 0.0 3.0 9.0 0.9 10.0 0.0 1.0 0.0 0.0 0.0 0.0 0.0 0.0 0.0 0.0 1.0 0.0 0.0 0.0 0.0 0.0 0.0 0.0 0.0 0.0 0.0 0.0 0.0 0.0 0.0 0.0 0.0 0.0 1.0 0.0 0.0 0.0 0.0 0.0 0.0 0.0 0.0 0.0 0.0 0.0 0.0 0.0 0.0 0.0 0.0 0.0 0.0 0.0 1.0 0.0 0.0 0.0 0.0 0.0 0.0 0.0 0.0 0.0 0.0 0.0
1.24998 7.34009 24.34223 39.55817 62.69989 90.64503 111.55766 120.67489 126.948 121.16126 2 2 2 1 0 0 0 0 1 0 0 0 0 0 0 0 0 0 0 1 0 0 1 6 0 0 1 4 0 1 0 1 0 0 1 0 1 0 0 0 0 0 0 1 0 0 1 0 0 0 0 0 1 0 0 1 0 1 0 0 6 0 7 1 6 0.125 1 0 0 0 0 726 7 1 1 4 0 23 13 1.0 0.333333333333 3.0 0.0 0.0 6.0 0.0 0.0 0.0 0.0 0.0 0.0 0.0 0.0 0.0 0.0 0.0 0.0 0.0 0.0 0.0 0.0 1.0 0.0 0.0 0.0 0.0 0.0 0.0 0.0 0.0 0.0 0.0 0.0 0.0 0.0 0.0 0.0 0.0 0.0 0.0 0.0 0.0 0.0 0.0 0.0 0.0 0.0 0.0 0.0 0.0 0.0 0.0 0.0 0.0 1.0 0.0 0.0 0.0 0.0 0.0 0.0 0.0 0.0 0.0 0.0
91.42752 66.93627 29.60682 3.61972 -11.0613 -15.97148 -35.6371 -21.5183 -10.59551 14.84861 2 2 2 0 0 0 0 1 1 0 0 0 0 0 0 0 0 1 0 0 0 0 1 5 1 0 1 3 0 0 1 1 0 0 1 0 1 0 0 0 0 1 0 0 0 0 1 0 0 0 0 1 0 0 0 1 0 1 0 1 5 1 6 2 5 0.25 0 0 0 0 1 721 7 1 1 4 1 6 3 1.0 0.333333333333 3.0 1.0 0.166666666667 6.0 0.0 0.0 0.0 0.0 0.0 0.0 0.0 0.0 0.0 0.0 0.0 0.0 0.0 0.0 0.0 0.0 1.0 0.0 0.0 0.0 0.0 0.0 0.0 0.0 0.0 0.0 0.0 0.0 0.0 0.0 0.0 0.0 0.0 0.0 0.0 0.0 0.0 0.0 0.0 0.0 0.0 0.0 0.0 0.0 0.0 0.0 0.0 0.0 0.0 1.0 0.0 0.0 0.0 0.0 0.0 0.0 0.0 0.0 0.0 0.0
15.07831 19.9475 26.15401 37.51276 49.04022 42.088 30.46647 26.44388 27.8047 28.82264 2 2 2 0 0 1 0 0 0 0 0 0 0 1 0 0 0 0 0 1 0 0 1 4 2 0 1 2 1 0 1 0 1 0 1 0 1 0 0 0 0 1 0 0 0 0 1 0 0 0 0 1 0 0 1 0 0 1 0 2 4 2 5 3 4 0.375 0 0 1 0 0 268 1 7 4 5 0 8 34 1.0 0.333333333333 3.0 2.0 0.333333333333 6.0 0.0 0.0 0.0 0.0 0.0 0.0 0.0 0.0 0.0 0.0 0.0 0.0 0.0 0.0 0.0 0.0 0.0 0.0 0.0 0.0 0.0 0.0 0.0 0.0 0.0 0.0 0.0 0.0 0.0 1.0 1.0 0.0 0.0 0.0 0.0 0.0 0.0 0.0 0.0 0.0 0.0 0.0 0.0 0.0 0.0 0.0 0.0 0.0 0.0 0.0 0.0 0.0 0.0 0.0 0.0 0.0 0.0 0.0 0.0 0.0
-17.7798 0.75635 52.45082 85.23687 87.18741 80.58888 47.10357 -6.47492 -60.31331 -107.99703 2 2 2 0 0 0 0 1 0 0 0 1 0 0 0 0 0 0 1 0 0 0 1 3 3 0 1 1 2 0 1 0 1 0 1 0 1 0 0 0 0 1 0 0 0 0 1 0 0 0 0 1 0 0 1 0 0 1 0 3 3 3 4 4 3 0.5 0 0 0 0 1 401 1 7 4 5 1 16 35 1.0 0.333333333333 3.0 3.0 0.5 6.0 0.0 0.0 0.0 0.0 0.0 0.0 0.0 0.0 0.0 0.0 0.0 0.0 0.0 0.0 0.0 0.0 0.0 0.0 0.0 0.0 0.0 0.0 0.0 0.0 0.0 0.0 0.0 0.0 0.0 1.0 1.0 0.0 0.0 0.0 0.0 0.0 0.0 0.0 0.0 0.0 0.0 0.0 0.0 0.0 0.0 0.0 0.0 0.0 0.0 0.0 0.0 0.0 0.0 0.0 0.0 0.0 0.0 0.0 0.0 0.0
-123.4203 -126.67727 -120.39945 -119.05652 -102.05217 -73.37422 -49.24195 -27.69075 -18.76107 -14.28927 2 2 2 0 0 0 1 0 0 0 0 0 0 1 1 0 0 0 0 0 0 0 1 2 4 0 1 0 3 0 1 0 1 1 0 0 1 0 0 0 0 1 0 0 0 0 1 0 0 0 0 1 0 0 1 0 0 0 1 4 2 4 3 5 2 0.625 0 0 0 1 0 2 4 1 1 6 0 2 8 1.0 0.333333333333 3.0 4.0 0.666666666667 6.0 0.0 0.0 0.0 0.0 0.0 0.0 0.0 0.0 0.0 0.0 0.0 0.0 0.0 0.0 0.0 0.0 0.0 0.0 0.0 0.0 0.0 0.0 0.0 0.0 0.0 0.0 0.0 0.0 0.0 0.0 0.0 1.0 0.0 0.0 0.0 0.0 0.0 0.0 0.0 0.0 0.0 0.0 0.0 0.0 0.0 0.0 0.0 0.0 0.0 0.0 0.0 0.0 0.0 0.0 0.0 0.0 0.0 0.0 0.0 0.0
2.45232 25.65163 45.2513 76.30793 96.5515 102.38327 103.22747 111.97306 102.59451 69.09129 2 2 2 1 0 0 0 0 0 0 0 0 1 0 0 0 0 1 0 0 0 0 0 1 5 0 0 1 4 1 0 0 1 0 1 0 1 0 0 0 0 1 0 0 0 0 0 0 0 1 0 0 1 0 1 0 0 1 0 5 1 5 2 6 1 0.75 1 0 0 0 0 579 1 4 0 7 0 16 13 1.0 0.333333333333 3.0 5.0 0.833333333333 6.0 1.0 0.0 0.0 0.0 0.0 0.0 0.0 0.0 0.0 0.0 0.0 0.0 0.0 0.0 0.0 0.0 0.0 1.0 0.0 0.0 0.0 0.0 0.0 0.0 0.0 0.0 0.0 0.0 1.0 0.0 0.0 0.0 0.0 0.0 0.0 0.0 0.0 0.0 0.0 0.0 0.0 0.0 0.0 0.0 0.0 0.0 0.0 0.0 0.0 0.0 0.0 0.0 0.0 0.0 0.0 0.0 0.0 0.0 0.0 0.0
-13.92098 -27.92298 -49.22498 -81.4935 -140.6538 -171.86725 -172.21793 -182.82325 -174.70097 -160.27962 2 2 0 0 0 1 0 0 1 0 0 0 0 0 0 1 0 0 0 0 0 1 0 0 6 1 0 0 0 0 1 1 0 0 1 0 0 0 0 1 0 1 0 0 0 1 0 0 0 0 0 1 0 0 0 1 1 0 0 6 0 6 1 1 1 0.333 0 0 1 0 0 293 1 4 0 7 1 13 13 2.0 0.666666666667 3.0 0.0 0.0 1.0 1.0 0.0 0.0 0.0 0.0 0.0 0.0 0.0 0.0 0.0 0.0 0.0 0.0 0.0 0.0 0.0 0.0 1.0 0.0 0.0 0.0 0.0 0.0 0.0 0.0 0.0 0.0 0.0 1.0 0.0 0.0 0.0 0.0 0.0 0.0 0.0 0.0 0.0 0.0 0.0 0.0 0.0 0.0 0.0 0.0 0.0 0.0 0.0 0.0 0.0 0.0 0.0 0.0 0.0 0.0 0.0 0.0 0.0 0.0 0.0
