4.868 8.596 1.597 -6.028 -14.24 -26.227 -35.612 -41.371 -40.506 -38.919 2 0 2 0 0 0 0 1 0 1 0 0 0 0 1 0 0 0 0 0 0 0 2 16 0 0 2 0 0 0 1 0 1 1 0 133.37801 130 0 133.37801 0 1 0 0 0 1 0 0 0 0 0 1 0 0 0 0 1 0 1 0 0 0 0 1 0 16 0 17 1 17 0.053 0 0 0 0 1 17 14
-37.181 -13.952 17.551 45.058 51.125 54.621 62.425 68.915 76.631 66.438 2 2 2 1 0 0 0 0 0 0 0 0 0 1 0 0 1 0 0 0 0 0 1 15 1 0 1 13 1 1 0 0 1 0 1 136.37801 133.37801 133.37801 136.37801 0 1 0 0 0 0 1 0 0 0 0 1 0 0 0 0 0 1 0 1 0 0 1 0 1 15 1 16 2 16 0.105 1 0 0 0 0 618 1
45.433 30.064 13.317 -28.604 -66.254 -84.855 -89.727 -86.442 -70.554 -50.739 2 2 2 0 1 0 0 0 1 0 0 0 0 0 0 0 0 0 0 1 0 1 1 14 2 1 1 12 0 0 1 1 0 0 1 0 136.37801 136.37801 0 0 1 0 0 0 0 1 0 0 0 0 1 0 0 0 0 1 0 0 0 1 0 1 0 2 14 2 15 3 15 0.158 0 1 0 0 0 741 1
-30.09 -16.164 10.895 35.239 42.86 46.623 46.342 41.844 32.3 18.584 2 2 2 0 0 0 0 1 0 0 1 0 0 0 0 0 1 0 0 0 0 1 1 13 3 1 1 11 1 0 1 0 1 0 1 0 0 0 0 0 1 0 0 0 0 1 0 0 0 0 1 0 0 0 0 1 0 0 1 0 0 1 0 3 13 3 14 4 14 0.211 0 0 0 0 1 166 5
8.929 8.377 10.277 11.201 1.004 -19.189 -34.435 -37.154 -35.385 -31.398 2 2 2 0 1 0 0 0 0 0 0 0 0 1 0 0 0 1 0 0 0 1 1 12 4 1 1 10 2 0 1 0 1 0 1 0 0 0 0 0 1 0 0 0 0 1 0 0 0 0 1 0 0 0 0 1 0 0 1 0 0 1 0 4 12 4 13 5 13 0.263 0 1 0 0 0 142 5
-23.126 -10.706 0.55 -0.321 -10.289 -16.314 -10.783 -1.476 24.347 56.37 2 2 2 0 0 1 0 0 0 0 1 0 0 0 0 0 1 0 0 0 0 1 1 11 5 1 1 9 3 0 1 0 1 0 1 0 0 0 0 0 1 0 0 0 0 1 0 0 0 0 1 0 0 0 0 1 0 0 1 0 0 1 0 5 11 5 12 6 12 0.316 0 0 1 0 0 276 5
52.055 49.458 50.762 52.52 54.115 53.783 40.044 11.446 -10.162 -22.753 2 2 2 0 1 0 0 0 0 0 0 1 0 0 0 0 0 1 0 0 0 1 1 10 6 1 1 8 4 0 1 0 1 0 1 0 0 0 0 0 1 0 0 0 0 1 0 0 0 0 1 0 0 0 0 1 0 0 1 0 0 1 0 6 10 6 11 7 11 0.368 0 1 0 0 0 273 8
-19.277 -16.666 -18.661 -22.796 -26.704 -29.416 -28.255 -23.862 -17.172 -8.99 2 2 2 0 0 1 0 0 0 0 1 0 0 0 0 0 0 0 1 0 0 1 1 9 7 1 1 7 5 0 1 0 1 0 1 0 0 0 0 0 1 0 0 0 0 1 0 0 0 0 1 0 0 0 0 1 0 0 1 0 0 1 0 7 9 7 10 8 10 0.421 0 0 1 0 0 42 8
0.937 -0.68 -5.349 -12.635 -21.068 -28.725 -31.931 -32.958 -31.77 -26.57 2 2 2 0 0 0 1 0 0 0 0 1 0 0 0 0 1 0 0 0 0 1 1 8 8 1 1 6 6 0 1 0 1 0 1 0 0 0 0 0 1 0 0 0 0 1 0 0 0 0 1 0 0 0 0 1 0 0 1 0 0 1 0 8 8 8 9 9 9 0.474 0 0 0 1 0 4 10
-20.123 -9.523 3.226 12.824 0.104 -24.745 -51.697 -63.356 -65.586 -59.487 2 2 2 0 1 0 0 0 0 0 0 0 1 0 0 0 0 0 0 1 0 1 1 7 9 1 1 5 7 0 1 0 1 0 1 0 0 0 0 0 1 0 0 0 0 1 0 0 0 0 1 0 0 0 0 1 0 0 1 0 0 1 0 9 7 9 8 10 8 0.526 0 1 0 0 0 266 5
-34.448 -8.061 18.209 42.422 61.647 71.299 71.497 59.343 47.353 42.528 2 2 2 0 0 0 0 1 0 0 1 0 0 0 0 0 0 0 0 1 0 1 1 6 10 1 1 4 8 0 1 0 1 0 1 0 0 0 0 0 1 0 0 0 0 1 0 0 0 0 1 0 0 0 0 1 0 0 1 0 0 1 0 10 6 10 7 11 7 0.579 0 0 0 0 1 225 5
34.975 -40.303 -65.627 -29.15 99.174 122.646 106.432 83.002 56.315 28.979 2 2 2 0 0 0 0 1 0 0 0 0 0 1 0 0 0 0 1 0 0 1 1 5 11 1 1 3 9 0 1 0 1 0 1 0 0 0 0 0 1 0 0 0 0 1 0 0 0 0 1 0 0 0 0 1 0 0 1 0 0 1 0 11 5 11 6 12 6 0.632 0 0 0 0 1 39 5
7.743 7.713 11.309 9.723 2.643 -0.987 -4.482 -6.639 -3.035 9.555 2 2 2 0 0 0 1 0 0 0 0 0 0 1 0 0 1 0 0 0 0 1 1 4 12 1 1 2 10 0 1 0 1 0 1 0 0 0 0 0 1 0 0 0 0 1 0 0 0 0 1 0 0 0 0 1 0 0 1 0 0 1 0 12 4 12 5 13 5 0.684 0 0 0 1 0 2 4
12.105 10.89 9.5 7.966 6.262 -7.037 -44.688 -64.362 -78.764 -84.242 2 2 2 0 1 0 0 0 0 0 0 0 1 0 0 0 0 1 0 0 0 1 1 3 13 1 1 1 11 0 1 0 1 0 1 0 0 0 0 0 1 0 0 0 0 1 0 0 0 0 1 0 0 0 0 1 0 0 1 0 0 1 0 13 3 13 4 14 4 0.737 0 1 0 0 0 405 5
-84.399 -82.706 -79.714 -80.366 -82.464 -77.849 -70.305 -67.634 -61.802 -46.585 2 2 2 0 0 1 0 0 0 0 1 0 0 0 1 0 0 0 0 0 0 1 1 2 14 1 1 0 12 0 1 0 1 1 0 118.243 0 0 118.243 0 1 0 0 0 0 1 0 0 0 0 1 0 0 0 0 1 0 0 1 0 0 0 1 14 2 14 3 15 3 0.789 0 0 1 0 0 2035 5
-36.149 -11.706 14.934 36.568 42.04 42.786 46.426 51.382 52.805 44.004 2 2 2 1 0 0 0 0 0 0 0 1 0 0 0 0 0 1 0 0 0 1 0 1 15 1 0 1 13 1 0 0 1 0 1 121.243 118.243 118.243 121.243 0 1 0 0 0 0 1 0 0 0 0 0 0 1 0 0 0 1 0 1 0 0 1 0 15 1 15 2 16 2 0.842 1 0 0 0 0 79 5
36.412 34.803 33.405 32.165 31.091 30.187 29.458 28.908 28.54 11.658 2 2 0 0 0 1 0 0 1 0 0 0 0 0 0 1 0 0 0 0 0 2 0 0 16 2 0 0 0 0 1 1 0 0 1 110 121.243 121.243 0 0 0 0 1 0 0 1 0 0 0 1 0 0 0 0 0 1 0 0 0 1 1 0 0 16 0 16 1 17 1 0.895 0 0 1 0 0 450 5
