47.67 27.799 1.15 -18.339 -37.139 -47.676 -57.374 -65.803 -70.069 -71.514 2 0 2 0 1 0 0 0 0 1 0 0 0 0 1 0 0 0 0 0 0 0 5 22 0 0 5 0 0 0 1 0 1 1 0 133.776 130 0 133.776 0 1 0 0 0 1 0 0 0 0 0 1 0 0 0 0 1 0 1 0 0 0 0 1 0 22 0 23 1 1 0.333 0 1 0 0 0 2139 5
40.428 44.937 42.066 39.225 36.467 35.157 37.865 40.025 38.895 29.865 2 2 2 1 0 0 0 0 0 0 1 0 0 0 0 0 0 1 0 0 0 0 4 21 1 0 4 4 1 1 0 0 1 0 1 136.776 133.776 133.776 136.776 0 1 0 0 0 0 1 0 0 0 0 1 0 0 0 0 0 1 0 1 0 0 1 0 1 21 1 22 1 14 0.063 1 0 0 0 0 381 5
21.115 10.282 -23.721 -61.179 -81.71 -87.289 -78.433 -40.959 9.08 43.253 2 2 2 0 0 1 0 0 1 0 0 0 0 0 0 0 0 0 0 1 0 1 4 20 2 1 4 3 0 0 1 1 0 0 1 0 136.776 136.776 0 0 1 0 0 0 0 1 0 0 0 0 1 0 0 0 0 1 0 0 0 1 0 1 0 2 20 2 21 2 13 0.125 0 0 1 0 0 1490 8
81.126 101.848 104.261 97.788 78.269 37.032 3.271 -14.222 -24.199 -25.172 2 2 2 0 0 0 0 1 0 0 0 1 0 0 0 0 0 0 1 0 0 1 4 19 3 1 4 2 1 0 1 0 1 0 1 0 0 0 0 0 1 0 0 0 0 1 0 0 0 0 1 0 0 0 0 1 0 0 1 0 0 1 0 3 19 3 20 3 12 0.188 0 0 0 0 1 453 8
-23.998 -22.391 -25.325 -28.274 -31.324 -33.219 -33.538 -32.933 -31.725 -28.329 2 2 2 0 0 0 1 0 0 0 0 0 0 1 0 0 0 0 0 1 0 1 4 18 4 1 4 1 2 0 1 0 1 0 1 0 0 0 0 0 1 0 0 0 0 1 0 0 0 0 1 0 0 0 0 1 0 0 1 0 0 1 0 4 18 4 19 4 11 0.25 0 0 0 1 0 16 10
-14.076 -3.885 -4.069 -9.876 -19.747 -29.539 -37.312 -46.741 -48.624 -46.295 2 2 2 0 0 0 0 1 0 0 0 0 1 0 1 0 0 0 0 0 0 1 4 17 5 1 4 0 3 0 1 0 1 1 0 129.694 0 0 129.694 0 1 0 0 0 0 1 0 0 0 0 1 0 0 0 0 1 0 0 1 0 0 0 1 5 17 5 18 5 10 0.313 0 0 0 0 1 89 13
-38.149 -30.987 -14.422 7.015 31.211 55.495 74.564 82.767 89.691 92.493 2 2 2 1 0 0 0 0 0 0 0 0 0 1 0 0 0 1 0 0 0 1 3 16 6 1 3 10 4 1 0 0 1 0 1 132.694 129.694 129.694 132.694 0 1 0 0 0 0 1 0 0 0 0 1 0 0 0 0 0 1 0 1 0 0 1 0 6 16 6 17 6 9 0.375 1 0 0 0 0 2453 8
96.641 97.844 84.122 39.115 -0.918 -39.178 -53.724 -36.845 -1.961 11.0 2 2 2 0 0 1 0 0 1 0 0 0 0 0 0 0 1 0 0 0 0 2 3 15 7 2 3 9 0 0 1 1 0 0 1 0 132.694 132.694 0 0 1 0 0 0 0 1 0 0 0 0 1 0 0 0 0 1 0 0 0 1 0 1 0 7 15 7 16 7 8 0.438 0 0 1 0 0 926 8
6.9 1.635 -3.349 -8.101 -12.676 -17.017 -23.441 -34.575 -52.386 -61.393 2 2 2 0 1 0 0 0 0 0 0 1 0 0 0 0 0 1 0 0 0 2 3 14 8 2 3 8 1 0 1 0 1 0 1 0 0 0 0 0 1 0 0 0 0 1 0 0 0 0 1 0 0 0 0 1 0 0 1 0 0 1 0 8 14 8 15 8 7 0.5 0 1 0 0 0 298 5
-55.116 -47.041 -46.218 -53.414 -49.332 -41.991 -35.304 -23.075 -2.01 15.943 2 2 2 0 0 1 0 0 0 0 1 0 0 0 0 0 0 0 1 0 0 2 3 13 9 2 3 7 2 0 1 0 1 0 1 0 0 0 0 0 1 0 0 0 0 1 0 0 0 0 1 0 0 0 0 1 0 0 1 0 0 1 0 9 13 9 14 9 6 0.563 0 0 1 0 0 1190 5
20.955 26.01 32.891 30.887 20.252 9.131 2.907 -0.702 -1.773 0.317 2 2 2 0 0 0 1 0 0 0 0 1 0 0 0 0 0 0 0 1 0 2 3 12 10 2 3 6 3 0 1 0 1 0 1 0 0 0 0 0 1 0 0 0 0 1 0 0 0 0 1 0 0 0 0 1 0 0 1 0 0 1 0 10 12 10 13 10 5 0.625 0 0 0 1 0 2 9
14.724 40.504 68.603 94.053 112.858 115.955 101.026 61.342 10.743 -19.861 2 2 2 0 0 0 0 1 0 0 0 0 1 0 0 0 1 0 0 0 0 2 3 11 11 2 3 5 4 0 1 0 1 0 1 0 0 0 0 0 1 0 0 0 0 1 0 0 0 0 1 0 0 0 0 1 0 0 1 0 0 1 0 11 11 11 12 11 4 0.688 0 0 0 0 1 2499 3
-31.454 -34.797 -37.555 -39.741 -48.978 -75.577 -99.951 -110.584 -110.317 -95.917 2 2 2 0 1 0 0 0 0 0 0 0 0 1 0 0 0 0 0 1 0 2 3 10 12 2 3 4 5 0 1 0 1 0 1 0 0 0 0 0 1 0 0 0 0 1 0 0 0 0 1 0 0 0 0 1 0 0 1 0 0 1 0 12 10 12 11 12 3 0.75 0 1 0 0 0 56 3
-72.765 -33.519 9.058 55.216 84.517 90.86 88.88 69.38 42.708 11.84 2 2 2 0 0 0 0 1 0 0 1 0 0 0 0 0 1 0 0 0 0 2 3 9 13 2 3 3 6 0 1 0 1 0 1 0 0 0 0 0 1 0 0 0 0 1 0 0 0 0 1 0 0 0 0 1 0 0 1 0 0 1 0 13 9 13 10 13 2 0.813 0 0 0 0 1 180 5
-5.189 -8.688 -13.414 -21.91 -26.214 -33.06 -43.222 -49.556 -46.619 9.17 2 2 2 0 1 0 0 0 0 0 0 0 0 1 0 0 0 0 0 1 0 2 3 8 14 2 3 2 7 0 1 0 1 0 1 0 0 0 0 0 1 0 0 0 0 1 0 0 0 0 1 0 0 0 0 1 0 0 1 0 0 1 0 14 8 14 9 14 1 0.875 0 1 0 0 0 187 5
-64.765 -13.476 65.816 58.238 39.009 25.854 13.873 4.679 -0.505 -5.729 2 2 2 0 0 0 0 1 0 0 1 0 0 0 0 0 0 0 0 1 0 2 3 7 15 2 3 1 8 0 1 0 1 0 1 0 0 0 0 0 1 0 0 0 0 1 0 0 0 0 1 0 0 0 0 1 0 0 1 0 0 1 0 15 7 15 8 1 4 0.167 0 0 0 0 1 5 14
-5.502 13.039 37.567 62.015 67.464 52.814 23.239 -8.19 -33.834 -46.409 2 2 2 0 0 0 0 1 0 0 0 0 0 1 1 0 0 0 0 0 0 2 3 6 16 2 3 0 9 0 1 0 1 1 0 120.714 0 0 120.714 0 1 0 0 0 0 1 0 0 0 0 1 0 0 0 0 1 0 0 1 0 0 0 1 16 6 16 7 2 3 0.333 0 0 0 0 1 826 5
-49.877 -40.258 -27.73 -12.618 -0.155 0.119 -3.968 -8.146 -11.191 -19.461 2 2 2 1 0 0 0 0 0 0 0 0 0 1 1 0 0 0 0 0 0 2 2 5 17 2 2 0 10 1 0 0 1 1 0 124.306 120.714 120.714 124.306 0 1 0 0 0 0 1 0 0 0 0 1 0 0 0 0 0 1 0 1 0 0 0 1 17 5 17 6 3 2 0.5 1 0 0 0 0 872 5
-25.535 -0.727 3.146 2.774 4.266 6.973 10.793 18.382 29.184 40.618 2 2 2 1 0 0 0 0 1 0 0 0 0 0 0 0 0 1 0 0 0 3 1 4 18 3 1 2 0 1 0 1 0 0 1 122.898 124.306 124.306 122.898 0 1 0 0 0 0 1 0 0 0 0 1 0 0 0 0 0 1 0 0 1 0 1 0 18 4 18 5 4 1 0.667 1 0 0 0 0 12 15
-47.831 -41.251 -34.484 -27.612 -19.371 -8.833 13.86 58.335 107.082 80.275 2 2 2 0 0 1 0 0 1 0 0 0 0 0 0 0 1 0 0 0 0 4 1 3 19 4 1 1 0 0 1 1 0 0 1 0 122.898 122.898 0 0 1 0 0 0 0 1 0 0 0 0 1 0 0 0 0 1 0 0 0 1 0 1 0 19 3 19 4 1 4 0.167 0 0 1 0 0 526 12
-30.402 -72.514 -63.547 -42.735 -22.473 -13.47 -19.724 -46.617 -49.848 -32.18 2 2 2 0 1 0 0 0 0 0 0 1 0 0 1 0 0 0 0 0 0 4 1 2 20 4 1 0 1 0 1 0 1 1 0 117.449 0 0 117.449 0 1 0 0 0 0 1 0 0 0 0 1 0 0 0 0 1 0 0 1 0 0 0 1 20 2 20 3 2 3 0.333 0 1 0 0 0 526 12
-3.086 25.756 56.136 71.304 72.801 76.129 78.539 82.352 85.521 77.304 2 2 2 1 0 0 0 0 0 0 1 0 0 0 0 0 0 1 0 0 0 4 0 1 21 4 0 1 2 1 0 0 1 0 1 120.449 117.449 117.449 120.449 0 1 0 0 0 0 1 0 0 0 0 0 0 1 0 0 0 1 0 1 0 0 1 0 21 1 21 2 3 2 0.5 1 0 0 0 0 2080 8
57.171 40.139 11.439 -31.096 -64.887 -74.879 -75.497 -76.877 -77.397 -79.415 2 2 0 0 0 1 0 0 1 0 0 0 0 0 0 1 0 0 0 0 0 5 0 0 22 5 0 0 0 0 1 1 0 0 1 110 120.449 120.449 0 0 0 0 1 0 0 1 0 0 0 1 0 0 0 0 0 1 0 0 0 1 1 0 0 22 0 22 1 4 1 0.667 0 0 1 0 0 755 8
