14.836 14.79 14.699 14.562 13.802 0.037 -17.451 -21.298 -29.651 -39.994 2 0 2 0 1 0 0 0 0 1 0 0 0 0 0 0 0 1 0 0 0 0 2 17 0 0 2 4 0 0 1 0 1 0 1 0 130 0 0 0 1 0 0 0 1 0 0 0 0 0 1 0 0 0 0 1 0 1 0 0 0 1 0 0 17 0 18 1 6 0.125 0 1 0 0 0 745 1
-41.448 -36.012 -35.462 -37.134 -38.129 -34.513 -27.132 -16.317 6.636 38.055 2 2 2 0 0 1 0 0 0 0 1 0 0 0 0 0 0 0 0 1 0 0 2 16 1 0 2 3 1 0 1 0 1 0 1 0 0 0 0 0 1 0 0 0 0 1 0 0 0 0 1 0 0 0 0 1 0 0 1 0 0 1 0 1 16 1 17 2 5 0.25 0 0 1 0 0 529 1
51.399 70.439 106.548 107.693 89.113 61.459 36.78 23.22 22.32 21.097 2 2 2 0 0 0 0 1 0 0 0 1 0 0 0 0 0 1 0 0 0 0 2 15 2 0 2 2 2 0 1 0 1 0 1 0 0 0 0 0 1 0 0 0 0 1 0 0 0 0 1 0 0 0 0 1 0 0 1 0 0 1 0 2 15 2 16 3 4 0.375 0 0 0 0 1 35 14
-11.59 -55.276 -97.383 -100.579 -58.589 -29.074 -25.309 -14.37 23.628 53.405 2 2 2 0 0 1 0 0 0 0 0 0 0 1 0 0 0 1 0 0 0 0 2 14 3 0 2 1 3 0 1 0 1 0 1 0 0 0 0 0 1 0 0 0 0 1 0 0 0 0 1 0 0 0 0 1 0 0 1 0 0 1 0 3 14 3 15 4 3 0.5 0 0 1 0 0 1489 5
53.687 46.404 30.256 0.9 -35.91 -47.845 -50.998 -44.472 -26.666 -5.475 2 2 2 0 0 1 0 0 0 0 0 1 0 0 1 0 0 0 0 0 0 0 2 13 4 0 2 0 4 0 1 0 1 1 0 129.35899 0 0 129.35899 0 1 0 0 0 0 1 0 0 0 0 1 0 0 0 0 1 0 0 1 0 0 0 1 4 13 4 14 5 2 0.625 0 0 1 0 0 616 5
-60.654 -136.973 -45.194 78.871 80.687 79.6 79.2 79.374 73.391 53.379 2 2 2 1 0 0 0 0 0 0 0 1 0 0 0 0 1 0 0 0 0 0 1 12 5 0 1 6 5 1 0 0 1 0 1 132.35899 129.35899 129.35899 132.35899 0 1 0 0 0 0 1 0 0 0 0 1 0 0 0 0 0 1 0 1 0 0 1 0 5 12 5 13 6 1 0.75 1 0 0 0 0 1136 5
-0.401 -0.417 -10.691 -33.588 -54.605 -62.651 -69.613 -76.3 -76.302 -72.87 2 2 2 0 1 0 0 0 1 0 0 0 0 0 0 0 0 0 0 1 0 1 1 11 6 1 1 5 0 0 1 1 0 0 1 0 132.35899 132.35899 0 0 1 0 0 0 0 1 0 0 0 0 1 0 0 0 0 1 0 0 0 1 0 1 0 6 11 6 12 1 12 0.071 0 1 0 0 0 2382 8
-53.874 -35.001 -16.634 0.503 17.854 22.246 11.14 0.168 -9.129 -15.971 2 2 2 0 0 0 0 1 0 0 1 0 0 0 0 0 0 0 0 1 0 1 1 10 7 1 1 4 1 0 1 0 1 0 1 0 0 0 0 0 1 0 0 0 0 1 0 0 0 0 1 0 0 0 0 1 0 0 1 0 0 1 0 7 10 7 11 2 11 0.143 0 0 0 0 1 117 8
-12.743 -2.369 18.691 93.868 128.946 136.05 123.854 85.403 36.909 9.527 2 2 2 0 0 0 0 1 0 0 0 0 0 1 0 0 0 0 0 1 0 1 1 9 8 1 1 3 2 0 1 0 1 0 1 0 0 0 0 0 1 0 0 0 0 1 0 0 0 0 1 0 0 0 0 1 0 0 1 0 0 1 0 8 9 8 10 3 10 0.214 0 0 0 0 1 619 12
2.298 8.622 19.626 30.625 40.012 43.237 39.149 20.505 -7.567 -33.733 2 2 2 0 0 0 0 1 0 0 0 0 0 1 0 0 0 1 0 0 0 1 1 8 9 1 1 2 3 0 1 0 1 0 1 0 0 0 0 0 1 0 0 0 0 1 0 0 0 0 1 0 0 0 0 1 0 0 1 0 0 1 0 9 8 9 9 4 9 0.286 0 0 0 0 1 1505 12
-34.594 -35.731 -42.551 -51.853 -55.907 -57.359 -58.587 -55.699 -42.078 -30.495 2 2 2 0 0 1 0 0 0 0 0 0 0 1 0 0 0 1 0 0 0 1 1 7 10 1 1 1 4 0 1 0 1 0 1 0 0 0 0 0 1 0 0 0 0 1 0 0 0 0 1 0 0 0 0 1 0 0 1 0 0 1 0 10 7 10 8 5 8 0.357 0 0 1 0 0 16 8
-33.649 -43.273 -47.536 -53.357 -62.978 -73.151 -80.413 -77.174 -63.023 -50.539 2 2 2 0 0 1 0 0 0 0 0 1 0 0 1 0 0 0 0 0 0 1 1 6 11 1 1 0 5 0 1 0 1 1 0 122.179 0 0 122.179 0 1 0 0 0 0 1 0 0 0 0 1 0 0 0 0 1 0 0 1 0 0 0 1 11 6 11 7 6 7 0.429 0 0 1 0 0 52 8
-40.822 -16.143 21.532 59.153 81.13 84.144 85.115 87.039 93.19 95.918 2 2 2 1 0 0 0 0 0 0 0 1 0 0 0 0 0 0 1 0 0 1 0 5 12 1 0 5 6 1 0 0 1 0 1 125.179 122.179 122.179 125.179 0 1 0 0 0 0 1 0 0 0 0 1 0 0 0 0 0 1 0 1 0 0 1 0 12 5 12 6 7 6 0.5 1 0 0 0 0 1607 5
81.589 70.505 64.304 51.088 25.158 0.436 -15.431 -28.369 -32.748 -31.521 2 2 2 0 0 0 1 0 1 0 0 0 0 0 0 0 0 0 0 1 0 2 0 4 13 2 0 4 0 0 1 1 0 0 1 0 125.179 125.179 0 0 1 0 0 0 0 1 0 0 0 0 1 0 0 0 0 1 0 0 0 1 0 1 0 13 4 13 5 8 5 0.571 0 0 0 1 0 1579 5
-18.448 7.881 34.036 46.028 40.256 25.214 2.595 -14.019 -28.601 -33.136 2 2 2 0 0 0 0 1 0 0 0 0 1 0 0 0 0 0 1 0 0 2 0 3 14 2 0 3 1 0 1 0 1 0 1 0 0 0 0 0 1 0 0 0 0 1 0 0 0 0 1 0 0 0 0 1 0 0 1 0 0 1 0 14 3 14 4 9 4 0.643 0 0 0 0 1 15 15
-34.04 -34.003 -33.89 -36.518 -38.914 -39.928 -38.607 -36.376 -33.437 -29.505 2 2 2 0 0 0 1 0 0 0 0 0 0 1 0 0 0 1 0 0 0 2 0 2 15 2 0 2 2 0 1 0 1 0 1 0 0 0 0 0 1 0 0 0 0 1 0 0 0 0 1 0 0 0 0 1 0 0 1 0 0 1 0 15 2 15 3 10 3 0.714 0 0 0 1 0 2 4
-23.858 -16.686 -12.662 -9.352 -2.321 5.487 5.933 22.876 64.5 87.416 2 2 2 0 0 1 0 0 0 0 0 0 1 0 0 0 1 0 0 0 0 2 0 1 16 2 0 1 3 0 1 0 1 0 1 0 0 0 0 0 1 0 0 0 0 1 0 0 0 0 0 0 1 0 0 1 0 0 1 0 0 1 0 16 1 16 2 11 2 0.786 0 0 1 0 0 547 5
81.436 73.528 65.599 54.124 12.75 -49.478 -90.104 -76.779 -44.691 -3.768 2 2 0 0 1 0 0 0 0 0 0 1 0 0 0 1 0 0 0 0 0 2 0 0 17 2 0 0 4 0 1 0 1 0 1 110 0 0 0 0 0 0 1 0 0 1 0 0 0 1 0 0 0 0 0 1 0 0 1 0 1 0 0 17 0 17 1 12 1 0.857 0 1 0 0 0 734 5
