209.69739772 209.66064449 209.587258469 209.477480255 209.331670038 209.150306766 208.933987016 208.683423596 208.399443863 208.082987767 2 0 2 0 0 1 0 0 0 1 0 0 0 0 0 0 1 0 0 0 0 0 1 16 0 0 1 8 0 0 1 0 1 0 1 0 130 0 0 0 1 0 0 0 1 0 0 0 0 0 1 0 0 0 0 1 0 1 0 0 0 1 0 0 16 0 17 1 15 0.059 0 0 1 0 0 27 14
207.735105617 207.356955575 206.949800873 206.515006763 206.054037202 205.568451264 205.059899299 204.530118828 203.98093019 203.414231932 2 2 2 0 1 0 0 0 0 0 0 1 0 0 0 0 0 1 0 0 0 0 1 15 1 0 1 7 1 0 1 0 1 0 1 0 0 0 0 0 1 0 0 0 0 1 0 0 0 0 1 0 0 0 0 1 0 0 1 0 0 1 0 1 15 1 16 2 14 0.118 0 1 0 0 0 156 5
202.831995968 202.236262489 201.629134646 201.012773014 200.389389831 199.761243041 199.13063013 198.499881779 197.87135534 197.247428149 2 2 2 0 0 1 0 0 0 0 1 0 0 0 0 0 0 1 0 0 0 0 1 14 2 0 1 6 2 0 1 0 1 0 1 0 0 0 0 0 1 0 0 0 0 1 0 0 0 0 1 0 0 0 0 1 0 0 1 0 0 1 0 2 14 2 15 3 13 0.176 0 0 1 0 0 384 5
196.630490681 196.022939578 195.42717054 194.845571115 194.280513397 193.734346644 193.209389841 192.707924223 192.232185777 191.784357749 2 2 2 0 0 1 0 0 0 0 0 1 0 0 0 0 0 0 1 0 0 0 1 13 3 0 1 5 3 0 1 0 1 0 1 0 0 0 0 0 1 0 0 0 0 1 0 0 0 0 1 0 0 0 0 1 0 0 1 0 0 1 0 3 13 3 14 4 12 0.235 0 0 1 0 0 764 5
191.366563164 190.980857394 190.629220795 190.313551418 190.035657846 189.797252157 189.599943043 189.445229122 189.334492448 189.268992252 2 2 2 0 0 0 1 0 0 0 0 1 0 0 0 0 1 0 0 0 0 0 1 12 4 0 1 4 4 0 1 0 1 0 1 0 0 0 0 0 1 0 0 0 0 1 0 0 0 0 1 0 0 0 0 1 0 0 1 0 0 1 0 4 12 4 13 5 11 0.294 0 0 0 1 0 411 5
189.249858952 189.278088428 189.354536611 189.479914405 189.654782952 189.879549282 190.15446236 190.479609549 190.854913523 191.28012964 2 2 2 0 1 0 0 0 0 0 0 0 1 0 0 0 0 1 0 0 0 0 1 11 5 0 1 3 5 0 1 0 1 0 1 0 0 0 0 0 1 0 0 0 0 1 0 0 0 0 1 0 0 0 0 1 0 0 1 0 0 1 0 5 11 5 12 6 10 0.353 0 1 0 0 0 357 8
191.754843786 192.278470736 192.850253014 193.469260292 194.134389335 194.844364496 195.59773878 196.392895492 197.228050451 198.101254807 2 2 2 0 0 1 0 0 0 0 1 0 0 0 0 0 0 0 0 1 0 0 1 10 6 0 1 2 6 0 1 0 1 0 1 0 0 0 0 0 1 0 0 0 0 1 0 0 0 0 1 0 0 0 0 1 0 0 1 0 0 1 0 6 10 6 11 7 9 0.412 0 0 1 0 0 430 8
199.01039844 199.953213947 200.92728123 201.930032653 202.958758792 204.010614754 205.082627051 206.171701027 207.274628824 208.388097848 2 2 2 0 0 0 0 1 0 0 0 1 0 0 0 0 0 0 0 1 0 0 1 9 7 0 1 1 7 0 1 0 1 0 1 0 0 0 0 0 1 0 0 0 0 1 0 0 0 0 1 0 0 0 0 1 0 0 1 0 0 1 0 7 9 7 10 8 8 0.471 0 0 0 0 1 63 5
209.508699751 210.632939871 211.757247136 212.877984378 213.991459055 215.093934335 216.181640505 217.250786692 218.297572836 219.318201889 2 2 2 0 0 0 0 1 0 0 0 0 0 1 1 0 0 0 0 0 0 0 1 8 8 0 1 0 8 0 1 0 1 1 0 124.73 0 0 124.73 0 1 0 0 0 0 1 0 0 0 0 1 0 0 0 0 1 0 0 1 0 0 0 1 8 8 8 9 9 7 0.529 0 0 0 0 1 575 5
220.308892209 221.265890086 222.185482379 223.064009213 223.897876689 224.683569563 225.41766386 226.09683936 226.717891916 227.277745567 2 2 2 1 0 0 0 0 0 0 0 0 0 1 0 0 0 0 0 1 0 0 0 7 9 0 0 7 9 1 0 0 1 0 1 127.73 124.73 124.73 127.73 0 1 0 0 0 0 1 0 0 0 0 1 0 0 0 0 0 1 0 1 0 0 1 0 9 7 9 8 10 6 0.588 1 0 0 0 0 245 8
227.773464386 228.202264024 228.561522904 228.84879302 229.061810294 229.198504452 229.257008377 229.235666894 229.133044949 228.947935154 2 2 2 0 0 0 0 1 1 0 0 0 0 0 0 0 0 1 0 0 0 1 0 6 10 1 0 6 0 0 1 1 0 0 1 0 127.73 127.73 0 0 1 0 0 0 0 1 0 0 0 0 1 0 0 0 0 1 0 0 0 1 0 1 0 10 6 10 7 11 5 0.647 0 0 0 0 1 563 8
228.679364651 228.326601264 227.889158918 227.366802282 226.759550622 226.067680837 225.291729651 224.432494956 223.491036283 222.468674389 2 2 2 0 0 1 0 0 0 0 0 0 0 1 0 0 0 0 1 0 0 1 0 5 11 1 0 5 1 0 1 0 1 0 1 0 0 0 0 0 1 0 0 0 0 1 0 0 0 0 1 0 0 0 0 1 0 0 1 0 0 1 0 11 5 11 6 12 4 0.706 0 0 1 0 0 1802 8
221.366989961 220.187821418 218.933261828 217.60565492 216.207590217 214.741897285 213.211639119 211.620104672 209.970800556 208.26744193 2 2 2 0 0 0 1 0 0 0 0 1 0 0 0 0 0 1 0 0 0 1 0 4 12 1 0 4 2 0 1 0 1 0 1 0 0 0 0 0 1 0 0 0 0 1 0 0 0 0 1 0 0 0 0 1 0 0 1 0 0 1 0 12 4 12 5 13 3 0.765 0 0 0 1 0 20 7
206.513942607 204.714404397 202.873105739 200.994489628 199.083150903 197.143822916 195.181363637 193.200741235 191.207019183 189.205340939 2 2 2 0 0 1 0 0 0 0 0 0 1 0 0 0 1 0 0 0 0 1 0 3 13 1 0 3 3 0 1 0 1 0 1 0 0 0 0 0 1 0 0 0 0 1 0 0 0 0 1 0 0 0 0 1 0 0 1 0 0 1 0 13 3 13 4 14 2 0.824 0 0 1 0 0 110 5
187.200914258 185.198995177 183.204871741 181.223847523 179.26122499 177.322288779 175.412288941 173.536424216 171.699825389 169.9075388 2 2 2 0 1 0 0 0 0 0 0 1 0 0 0 0 0 0 0 1 0 1 0 2 14 1 0 2 4 0 1 0 1 0 1 0 0 0 0 0 1 0 0 0 0 1 0 0 0 0 1 0 0 0 0 1 0 0 1 0 0 1 0 14 2 14 3 15 1 0.882 0 1 0 0 0 327 5
168.164510054 166.475568001 164.845409044 163.278581817 161.779472312 160.352289492 159.001051452 157.729572172 156.541448922 155.440050352 2 2 2 0 0 0 0 1 0 0 1 0 0 0 0 0 0 0 0 1 0 1 0 1 15 1 0 1 5 0 1 0 1 0 1 0 0 0 0 0 1 0 0 0 0 1 0 0 0 0 0 0 1 0 0 1 0 0 1 0 0 1 0 15 1 15 2 1 1 0.333 0 0 0 0 1 458 5
154.428505323 153.509692515 152.686230849 151.960470762 151.334486373 150.810068553 150.388718944 150.071644935 149.859755625 149.753658774 2 2 0 0 0 0 0 1 0 0 0 0 0 1 0 1 0 0 0 0 0 1 0 0 16 1 0 0 6 0 1 0 1 0 1 110 0 0 0 0 0 0 1 0 0 1 0 0 0 1 0 0 0 0 0 1 0 0 1 0 1 0 0 16 0 16 1 1 1 0.333 0 0 0 0 1 668 5
