246.946639594 247.704834795 249.204427962 251.412161222 254.278982529 257.741028666 261.72090516 266.129237516 270.866462806 275.824825855 2 0 2 0 0 1 0 0 0 1 0 0 0 0 0 0 0 1 0 0 0 0 4 18 0 0 4 5 0 0 1 0 1 0 1 0 130 0 0 0 1 0 0 0 1 0 0 0 0 0 1 0 0 0 0 1 0 1 0 0 0 1 0 0 18 0 19 1 19 0.048 0 0 1 0 0 46 5
280.890540204 285.946070782 290.872492843 295.551880244 299.86967562 303.716995466 306.992824475 309.606055806 311.477337086 312.540685914 2 2 2 0 0 1 0 0 0 0 0 1 0 0 0 0 0 0 0 1 0 0 4 17 1 0 4 4 1 0 1 0 1 0 1 0 0 0 0 0 1 0 0 0 0 1 0 0 0 0 1 0 0 0 0 1 0 0 1 0 0 1 0 1 17 1 18 2 18 0.095 0 0 1 0 0 469 5
312.744843316 312.054338864 310.450247018 307.9306204 304.510592225 300.222146655 295.113562496 289.248542082 282.705043408 275.573839394 2 2 2 0 0 0 0 1 0 0 0 1 0 0 0 0 0 0 0 1 0 0 4 16 2 0 4 3 2 0 1 0 1 0 1 0 0 0 0 0 1 0 0 0 0 1 0 0 0 0 1 0 0 0 0 1 0 0 1 0 0 1 0 2 16 2 17 3 17 0.143 0 0 0 0 1 93 5
267.956833457 259.965165277 251.717144632 243.336054412 234.947866275 226.678913925 218.653569555 210.991968673 203.807827294 197.206393353 2 2 2 0 0 0 0 1 0 0 0 0 0 1 0 0 0 1 0 0 0 0 4 15 3 0 4 2 3 0 1 0 1 0 1 0 0 0 0 0 1 0 0 0 0 1 0 0 0 0 1 0 0 0 0 1 0 0 1 0 0 1 0 3 15 3 16 4 16 0.19 0 0 0 0 1 301 5
191.282571264 186.119254859 181.785899529 178.337359461 175.813010375 174.23617237 173.61384142 173.93673186 175.179626026 177.302021178 2 2 2 0 0 1 0 0 0 0 0 0 0 1 0 0 1 0 0 0 0 0 4 14 4 0 4 1 4 0 1 0 1 0 1 0 0 0 0 0 1 0 0 0 0 1 0 0 0 0 1 0 0 0 0 1 0 0 1 0 0 1 0 4 14 4 15 5 15 0.238 0 0 1 0 0 1565 8
180.249058003 183.952709603 188.333204882 193.30065592 198.756855143 204.597205153 210.71274185 216.992210092 223.324150598 229.598957081 2 2 2 0 1 0 0 0 0 0 0 1 0 0 1 0 0 0 0 0 0 0 4 13 5 0 4 0 5 0 1 0 1 1 0 128.659 0 0 128.659 0 1 0 0 0 0 1 0 0 0 0 1 0 0 0 0 1 0 0 1 0 0 0 1 5 13 5 14 6 14 0.286 0 1 0 0 0 448 8
235.710863727 241.559825063 247.053252906 252.107578457 256.64961156 260.61767362 263.962485593 266.647797672 268.650752718 269.961980987 2 2 2 1 0 0 0 0 0 0 1 0 0 0 0 0 0 1 0 0 0 0 3 12 6 0 3 3 6 1 0 0 1 0 1 131.659 128.659 128.659 131.659 0 1 0 0 0 0 1 0 0 0 0 1 0 0 0 0 0 1 0 1 0 0 1 0 6 12 6 13 7 13 0.333 1 0 0 0 0 385 1
270.585429216 270.537932441 269.848542041 268.557628222 266.715779481 264.382525314 261.624911621 258.515960756 255.133049957 251.556242969 2 2 2 0 0 1 0 0 1 0 0 0 0 0 0 0 0 0 0 1 0 1 3 11 7 1 3 2 0 0 1 1 0 0 1 0 131.659 131.659 0 0 1 0 0 0 0 1 0 0 0 0 1 0 0 0 0 1 0 0 0 1 0 1 0 7 11 7 12 8 12 0.381 0 0 1 0 0 13 1
247.866609972 244.144570535 240.468293146 236.912183056 233.545487709 230.431045985 227.624203934 225.171915735 223.112044295 221.472871401 2 2 2 0 0 0 0 1 0 0 0 1 0 0 0 0 1 0 0 0 0 1 3 10 8 1 3 1 1 0 1 0 1 0 1 0 0 0 0 0 1 0 0 0 0 1 0 0 0 0 1 0 0 0 0 1 0 0 1 0 0 1 0 8 10 8 11 9 11 0.429 0 0 0 0 1 1204 3
220.272822679 219.520407924 219.214372751 219.344053103 219.889919927 220.824297552 222.112235868 223.712513513 225.57874692 227.660578314 2 2 2 0 1 0 0 0 0 0 0 0 0 1 1 0 0 0 0 0 0 1 3 9 9 1 3 0 2 0 1 0 1 1 0 124.756 0 0 124.756 0 1 0 0 0 0 1 0 0 0 0 1 0 0 0 0 1 0 0 1 0 0 0 1 9 9 9 10 10 10 0.476 0 1 0 0 0 1010 3
229.904914598 232.257188584 234.662614118 237.067407468 239.419948624 241.671858131 243.778967476 245.70216389 247.408093701 248.869711892 2 2 2 1 0 0 0 0 0 0 1 0 0 0 0 0 0 1 0 0 0 1 2 8 10 1 2 1 3 1 0 0 1 0 1 127.756 124.756 124.756 127.756 0 1 0 0 0 0 1 0 0 0 0 1 0 0 0 0 0 1 0 1 0 0 1 0 10 8 10 9 11 9 0.524 1 0 0 0 0 64 3
250.066669238 250.985532315 251.619835528 251.969968199 252.042903435 251.851779009 251.415343692 250.757285273 249.905458958 248.891036739 2 2 2 0 0 1 0 0 1 0 0 0 0 0 1 0 0 0 0 0 0 2 2 7 11 2 2 0 0 0 1 1 0 1 0 122.805 127.756 127.756 122.805 0 1 0 0 0 0 1 0 0 0 0 1 0 0 0 0 1 0 0 0 1 0 0 1 11 7 11 8 12 8 0.571 0 0 1 0 0 913 3
247.747599789 246.510196804 245.214391599 243.895323036 242.586799677 241.320450259 240.124949457 239.025336183 238.042439226 237.192422191 2 2 2 1 0 0 0 0 0 0 0 1 0 0 0 0 0 1 0 0 0 2 1 6 12 2 1 5 1 1 0 0 1 0 1 125.805 122.805 122.805 125.805 0 1 0 0 0 0 1 0 0 0 0 1 0 0 0 0 0 1 0 1 0 0 1 0 12 6 12 7 13 7 0.619 1 0 0 0 0 473 5
236.486456639 235.930529132 235.525384562 235.266604839 235.144818773 235.146035865 235.252093867 235.441207331 235.68860213 235.967219038 2 2 2 0 0 1 0 0 1 0 0 0 0 0 0 0 0 0 0 1 0 3 1 5 13 3 1 4 0 0 1 1 0 0 1 0 125.805 125.805 0 0 1 0 0 0 0 1 0 0 0 0 1 0 0 0 0 1 0 0 0 1 0 1 0 13 5 13 6 14 6 0.667 0 0 1 0 0 139 5
236.248468005 236.503013765 236.701572916 236.815702532 236.818560849 236.685621445 236.395323667 235.929643836 235.274573792 234.420495809 2 2 2 0 0 0 0 1 0 0 0 1 0 0 0 0 0 1 0 0 0 3 1 4 14 3 1 3 1 0 1 0 1 0 1 0 0 0 0 0 1 0 0 0 0 1 0 0 0 0 1 0 0 0 0 1 0 0 1 0 0 1 0 14 4 14 5 15 5 0.714 0 0 0 0 1 277 1
233.36244548 232.100257039 230.638588478 228.986826794 227.158876608 225.17283825 223.050584026 220.817243819 218.500613315 216.130499915 2 2 2 0 0 1 0 0 0 0 0 0 0 1 0 0 0 0 1 0 0 3 1 3 15 3 1 2 2 0 1 0 1 0 1 0 0 0 0 0 1 0 0 0 0 1 0 0 0 0 1 0 0 0 0 1 0 0 1 0 0 1 0 15 3 15 4 16 4 0.762 0 0 1 0 0 1851 1
213.738022831 211.354884867 209.01263395 206.741932616 204.571853359 202.529216978 200.637989937 198.91875519 197.388269069 196.059114624 2 2 2 0 0 0 1 0 0 0 0 1 0 0 0 0 0 0 0 1 0 3 1 2 16 3 1 1 3 0 1 0 1 0 1 0 0 0 0 0 1 0 0 0 0 1 0 0 0 0 1 0 0 0 0 1 0 0 1 0 0 1 0 16 2 16 3 17 3 0.81 0 0 0 1 0 2 26
194.939459428 194.032923225 193.338558101 192.850941073 192.560376252 192.453201024 192.512188209 192.717033785 193.044917727 193.471123751 2 2 2 0 0 0 0 1 0 0 0 0 1 0 1 0 0 0 0 0 0 3 1 1 17 3 1 0 4 0 1 0 1 1 0 116.951 0 0 116.951 0 1 0 0 0 0 1 0 0 0 0 0 0 1 0 0 1 0 0 1 0 0 0 1 17 1 17 2 18 2 0.857 0 0 0 0 1 360 26
193.969702332 194.514160381 195.078160314 195.636211092 196.164334039 196.640686882 197.046130556 197.364724722 197.584139725 197.695974828 2 2 0 1 0 0 0 0 0 0 0 0 0 1 0 1 0 0 0 0 0 3 0 0 18 3 0 0 5 1 0 0 1 0 1 119.951 116.951 116.951 0 0 0 0 1 0 0 1 0 0 0 1 0 0 0 0 0 0 1 0 1 0 1 0 0 18 0 18 1 19 1 0.905 1 0 0 0 0 96 8
