4.235 4.22 3.857 2.494 2.844 5.464 6.546 6.757 5.465 -4.993 2 0 2 1 0 0 0 0 0 1 0 0 0 0 1 0 0 0 0 0 0 0 3 11 0 0 3 0 0 1 0 0 1 1 0 137.51849 134.259 0 137.51849 0 1 0 0 0 1 0 0 0 0 0 1 0 0 0 0 0 1 1 0 0 0 0 1 0 11 0 12 1 12 0.071 1 0 0 0 0 647 8
-17.625 -16.555 -11.504 -6.059 0.512 4.349 3.716 3.089 -1.423 -9.363 2 2 2 1 0 0 0 0 1 0 0 0 0 0 1 0 0 0 0 0 0 0 2 10 1 0 2 0 0 1 0 1 0 1 0 136.037 137.51849 137.51849 136.037 0 1 0 0 0 0 1 0 0 0 0 1 0 0 0 0 0 1 0 0 1 0 0 1 1 10 1 11 2 11 0.143 1 0 0 0 0 1140 8
-10.843 -11.583 -12.378 -13.013 -12.642 -3.534 6.718 8.643 9.645 5.323 2 2 2 1 0 0 0 0 1 0 0 0 0 0 1 0 0 0 0 0 0 1 1 9 2 1 1 0 0 1 0 1 0 1 0 134.55551 136.037 136.037 134.55551 0 1 0 0 0 0 1 0 0 0 0 1 0 0 0 0 0 1 0 0 1 0 0 1 2 9 2 10 3 10 0.214 1 0 0 0 0 55 5
1.4 0.536 2.196 11.132 14.591 18.044 21.817 24.588 12.968 5.273 2 2 2 1 0 0 0 0 1 0 0 0 0 0 0 0 0 0 0 1 0 2 0 8 3 2 0 8 0 1 0 1 0 0 1 132.815 134.55551 134.55551 132.815 0 1 0 0 0 0 1 0 0 0 0 1 0 0 0 0 0 1 0 0 1 0 1 0 3 8 3 9 4 9 0.286 1 0 0 0 0 579 5
17.831 35.023 40.657 20.153 -4.635 -25.017 -34.844 -39.622 -37.917 -26.444 2 2 2 0 0 0 0 1 1 0 0 0 0 0 0 0 0 1 0 0 0 3 0 7 4 3 0 7 0 0 1 1 0 0 1 0 132.815 132.815 0 0 1 0 0 0 0 1 0 0 0 0 1 0 0 0 0 1 0 0 0 1 0 1 0 4 7 4 8 5 8 0.357 0 0 0 0 1 173 12
-6.369 -0.988 -1.473 -2.449 -3.6 -5.796 -21.263 -29.974 -12.089 16.397 2 2 2 0 0 1 0 0 0 0 0 0 0 1 0 0 0 1 0 0 0 3 0 6 5 3 0 6 1 0 1 0 1 0 1 0 0 0 0 0 1 0 0 0 0 1 0 0 0 0 1 0 0 0 0 1 0 0 1 0 0 1 0 5 6 5 7 6 7 0.429 0 0 1 0 0 1503 8
23.095 11.772 4.914 -16.227 -34.273 -38.85 -32.45 -20.116 -4.448 7.426 2 2 2 0 0 1 0 0 0 0 0 1 0 0 0 0 0 0 0 1 0 3 0 5 6 3 0 5 2 0 1 0 1 0 1 0 0 0 0 0 1 0 0 0 0 1 0 0 0 0 1 0 0 0 0 1 0 0 1 0 0 1 0 6 5 6 6 7 6 0.5 0 0 1 0 0 139 8
1.77 10.581 30.673 43.217 37.157 20.384 3.537 -8.206 -14.935 -17.924 2 2 2 0 0 0 0 1 0 0 0 1 0 0 0 0 0 0 0 1 0 3 0 4 7 3 0 4 3 0 1 0 1 0 1 0 0 0 0 0 1 0 0 0 0 1 0 0 0 0 1 0 0 0 0 1 0 0 1 0 0 1 0 7 4 7 5 8 5 0.571 0 0 0 0 1 328 8
-16.906 1.906 46.452 98.453 112.661 106.689 72.832 26.467 -14.55 -39.337 2 2 2 0 0 0 0 1 0 0 0 0 0 1 0 0 0 1 0 0 0 3 0 3 8 3 0 3 4 0 1 0 1 0 1 0 0 0 0 0 1 0 0 0 0 1 0 0 0 0 1 0 0 0 0 1 0 0 1 0 0 1 0 8 3 8 4 9 4 0.643 0 0 0 0 1 153 6
-53.773 -56.461 -58.647 -63.619 -65.772 -64.292 -59.395 -51.044 -37.966 -21.55 2 2 2 0 0 1 0 0 0 0 0 0 0 1 0 0 1 0 0 0 0 3 0 2 9 3 0 2 5 0 1 0 1 0 1 0 0 0 0 0 1 0 0 0 0 1 0 0 0 0 1 0 0 0 0 1 0 0 1 0 0 1 0 9 2 9 3 10 3 0.714 0 0 1 0 0 6 5
-2.473 18.731 31.258 30.636 20.866 8.404 -17.936 -49.197 -59.988 -32.776 2 2 2 0 1 0 0 0 0 0 0 1 0 0 0 0 0 0 0 1 0 3 0 1 10 3 0 1 6 0 1 0 1 0 1 0 0 0 0 0 1 0 0 0 0 1 0 0 0 0 0 0 1 0 0 1 0 0 1 0 0 1 0 10 1 10 2 11 2 0.786 0 1 0 0 0 24 15
5.895 27.164 47.647 68.885 78.785 64.485 25.604 -13.707 -30.496 -33.518 2 2 0 0 0 0 0 1 0 0 1 0 0 0 0 1 0 0 0 0 0 3 0 0 11 3 0 0 7 0 1 0 1 0 1 110 0 0 0 0 0 0 1 0 0 1 0 0 0 1 0 0 0 0 0 1 0 0 1 0 1 0 0 11 0 11 1 12 1 0.857 0 0 0 0 1 51 15
