388.759605405 387.641402351 385.416024566 382.105428659 377.742299805 372.369753064 366.040936881 358.818540354 350.774206391 341.987853492 2 0 2 1 0 0 0 0 0 1 0 0 0 0 0 0 0 0 0 1 0 0 1 18 0 0 1 5 0 1 0 0 1 0 1 137.5 134.5 0 137.5 0 1 0 0 0 1 0 0 0 0 0 1 0 0 0 0 0 1 1 0 0 0 1 0 0 18 0 19 1 13 0.067 1 0 0 0 0 473 5
332.546909552 322.5454619 312.083328603 301.265057048 290.198856812 278.995474894 267.767022514 256.625763776 245.682877617 235.047205537 2 2 2 0 0 0 0 1 1 0 0 0 0 0 0 0 1 0 0 0 0 0 1 17 1 0 1 4 0 0 1 1 0 0 1 0 137.5 137.5 0 0 1 0 0 0 0 1 0 0 0 0 1 0 0 0 0 1 0 0 0 1 0 1 0 1 17 1 18 2 12 0.133 0 0 0 0 1 1062 5
224.823998559 215.113677808 206.010623784 197.602010009 189.966697089 183.17420336 177.283768149 172.343523319 168.389788014 165.446500568 2 2 2 0 1 0 0 0 0 0 0 0 0 1 0 0 0 0 0 1 0 0 1 16 2 0 1 3 1 0 1 0 1 0 1 0 0 0 0 0 1 0 0 0 0 1 0 0 0 0 1 0 0 0 0 1 0 0 1 0 0 1 0 2 16 2 17 3 11 0.2 0 1 0 0 0 305 8
163.524800208 162.622769569 162.725347158 163.804416701 165.819077901 168.7161005 172.4305607 176.886656089 181.998692167 187.672230538 2 2 2 0 0 0 0 1 0 0 1 0 0 0 0 0 0 0 0 1 0 0 1 15 3 0 1 2 2 0 1 0 1 0 1 0 0 0 0 0 1 0 0 0 0 1 0 0 0 0 1 0 0 0 0 1 0 0 1 0 0 1 0 3 15 3 16 4 10 0.267 0 0 0 0 1 592 8
193.805385814 200.290255369 207.014463305 213.862797481 220.71891614 227.467098796 233.99401443 240.190478976 245.953173378 251.186293369 2 2 2 0 0 0 0 1 0 0 0 0 0 1 0 0 0 0 0 1 0 0 1 14 4 0 1 1 3 0 1 0 1 0 1 0 0 0 0 0 1 0 0 0 0 1 0 0 0 0 1 0 0 0 0 1 0 0 1 0 0 1 0 4 14 4 15 5 9 0.333 0 0 0 0 1 270 8
255.803102464 259.727360557 262.894601921 265.253238348 266.765465604 267.407954277 267.17230942 266.065287104 264.108759992 261.339428346 2 2 2 0 0 0 0 1 0 0 0 0 0 1 1 0 0 0 0 0 0 0 1 13 5 0 1 0 4 0 1 0 1 1 0 128.5 0 0 128.5 0 1 0 0 0 0 1 0 0 0 0 1 0 0 0 0 1 0 0 1 0 0 0 1 5 13 5 14 6 8 0.4 0 0 0 0 1 1847 8
257.808277248 253.579785415 248.730895436 243.349759751 237.53428095 231.390468981 225.030641544 218.571497207 212.132093557 205.831764924 2 2 1 1 0 0 0 0 0 0 0 0 0 1 0 0 0 1 0 0 0 0 0 12 6 0 0 12 5 1 0 0 1 0 1 131.5 128.5 128.5 131.5 0 1 0 0 0 0 1 0 0 0 0 1 0 0 0 0 0 1 0 1 0 0 1 0 6 12 6 13 7 7 0.467 1 0 0 0 0 2191 5
199.788015856 194.114427453 188.918614032 184.300267151 180.349322948 177.144286965 174.750748188 173.220110934 172.588569589 172.876347004 1 2 2 0 0 1 0 0 1 0 0 0 0 0 0 0 0 0 1 0 0 1 0 11 7 1 0 11 0 0 1 1 0 0 1 0 131.5 131.5 0 0 1 0 0 0 0 1 0 0 0 0 1 0 0 0 0 1 0 0 0 1 0 1 0 7 11 7 12 8 6 0.533 0 0 1 0 0 235 5
174.087212755 176.208292469 179.2101742 183.047312393 187.658724483 192.968969735 198.889394592 205.319623748 212.149271421 219.259843027 2 1 2 0 0 0 1 0 0 0 0 1 0 0 0 0 0 0 0 1 0 1 0 10 8 1 0 10 1 0 1 0 1 0 1 0 0 0 0 0 1 0 0 0 0 1 0 0 0 0 1 0 0 0 0 1 0 0 1 0 0 1 0 8 10 8 11 9 5 0.6 0 0 0 1 0 2 4
226.526793688 233.821706874 241.014553968 247.975993825 254.579670382 260.704466186 266.236670303 271.072020497 275.11758169 278.293425665 2 2 2 0 0 0 0 1 0 0 0 0 1 0 0 0 0 0 0 1 0 1 0 9 9 1 0 9 2 0 1 0 1 0 1 0 0 0 0 0 1 0 0 0 0 1 0 0 0 0 1 0 0 0 0 1 0 0 1 0 0 1 0 9 9 9 10 10 4 0.667 0 0 0 0 1 1825 5
280.534080544 281.789722773 282.027089119 281.230091349 279.400121839 276.556044122 272.733868332 267.986117423 262.380895887 256.000678327 2 2 2 0 0 0 0 1 0 0 0 0 0 1 0 0 0 1 0 0 0 1 0 8 10 1 0 8 3 0 1 0 1 0 1 0 0 0 0 0 1 0 0 0 0 1 0 0 0 0 1 0 0 0 0 1 0 0 1 0 0 1 0 10 8 10 9 11 3 0.733 0 0 0 0 1 759 5
248.940840517 241.307960491 233.217921506 224.793852481 216.163944554 207.459184692 198.811048793 190.349197409 182.199217041 174.480448985 2 2 2 0 0 1 0 0 0 0 0 0 0 1 0 0 0 0 0 1 0 1 0 7 11 1 0 7 4 0 1 0 1 0 1 0 0 0 0 0 1 0 0 0 0 1 0 0 0 0 1 0 0 0 0 1 0 0 1 0 0 1 0 11 7 11 8 12 2 0.8 0 0 1 0 0 376 8
167.303945882 160.770593563 154.969432425 149.976208643 145.852180933 142.643203554 140.379100786 139.073342427 138.723023933 139.30914896 2 2 2 0 0 0 0 1 0 0 0 1 0 0 0 0 1 0 0 0 0 1 0 6 12 1 0 6 5 0 1 0 1 0 1 0 0 0 0 0 1 0 0 0 0 1 0 0 0 0 1 0 0 0 0 1 0 0 1 0 0 1 0 12 6 12 7 13 1 0.867 0 0 0 0 1 197 8
140.79720614 143.138026314 146.268901041 150.114938286 154.590626689 159.601576016 165.046398179 170.818690764 176.809083345 182.907305987 2 2 2 0 1 0 0 0 0 0 0 0 0 1 0 0 0 0 1 0 0 1 0 5 13 1 0 5 6 0 1 0 1 0 1 0 0 0 0 0 1 0 0 0 0 1 0 0 0 0 1 0 0 0 0 1 0 0 1 0 0 1 0 13 5 13 6 1 6 0.125 0 1 0 0 0 22 17
189.004239308 194.993906243 200.775367235 206.254482921 211.345511422 215.972511065 220.070523604 223.586517755 226.480077973 228.723828758 2 2 2 0 0 0 1 0 0 0 1 0 0 0 0 0 0 0 0 1 0 1 0 4 14 1 0 4 7 0 1 0 1 0 1 0 0 0 0 0 1 0 0 0 0 1 0 0 0 0 1 0 0 0 0 1 0 0 1 0 0 1 0 14 4 14 5 2 5 0.25 0 0 0 1 0 23 17
230.303590316 231.218266975 231.479475205 231.110923432 230.147560774 228.634516456 226.625855717 224.183181546 221.374114416 218.270684362 2 2 2 0 0 0 0 1 0 0 0 0 1 0 0 0 0 0 0 1 0 1 0 3 15 1 0 3 8 0 1 0 1 0 1 0 0 0 0 0 1 0 0 0 0 1 0 0 0 0 1 0 0 0 0 1 0 0 1 0 0 1 0 15 3 15 4 3 4 0.375 0 0 0 0 1 166 5
214.947671126 211.480928724 207.945730639 204.415170925 200.958654821 197.640510096 194.518747333 191.643993723 189.058620835 186.79608232 2 2 2 0 0 0 0 1 0 0 0 0 0 1 0 0 0 1 0 0 0 1 0 2 16 1 0 2 9 0 1 0 1 0 1 0 0 0 0 0 1 0 0 0 0 1 0 0 0 0 1 0 0 0 0 1 0 0 1 0 0 1 0 16 2 16 3 4 3 0.5 0 0 0 0 1 280 5
184.880472656 183.326313007 182.138565182 181.312869508 180.835997536 180.686505695 180.835571668 181.247991271 181.883310216 182.697062251 2 2 2 0 0 1 0 0 0 0 0 0 0 1 0 0 0 0 0 1 0 1 0 1 17 1 0 1 10 0 1 0 1 0 1 0 0 0 0 0 1 0 0 0 0 1 0 0 0 0 0 0 1 0 0 1 0 0 1 0 0 1 0 17 1 17 2 5 2 0.625 0 0 1 0 0 3 17
183.642083034 184.669867561 185.73193825 186.781190736 187.773185187 188.667352377 189.428085916 190.025694801 190.43719382 190.646913207 2 2 0 0 0 0 0 1 0 0 0 1 0 0 0 1 0 0 0 0 0 1 0 0 18 1 0 0 11 0 1 0 1 0 1 110 0 0 0 0 0 0 1 0 0 1 0 0 0 1 0 0 0 0 0 1 0 0 1 0 1 0 0 18 0 18 1 6 1 0.75 0 0 0 0 1 390 17
