260.072966017 260.029299666 259.942000763 259.811136934 259.636809688 259.419154498 259.15834091 258.854572677 258.508087916 258.119159284 2 0 2 0 0 1 0 0 0 1 0 0 0 0 0 0 0 1 0 0 0 0 6 22 0 0 6 10 0 0 1 0 1 0 1 0 130 0 0 0 1 0 0 0 1 0 0 0 0 0 1 0 0 0 0 1 0 1 0 0 0 1 0 0 22 0 23 1 11 0.077 0 0 1 0 0 509 1
257.688094183 257.215234975 256.700959212 256.145679887 255.549845687 254.913941258 254.238487473 253.524041699 252.771198066 251.980587722 2 2 2 0 0 1 0 0 0 0 0 1 0 0 0 0 1 0 0 0 0 0 6 21 1 0 6 9 1 0 1 0 1 0 1 0 0 0 0 0 1 0 0 0 0 1 0 0 0 0 1 0 0 0 0 1 0 0 1 0 0 1 0 1 21 1 22 2 10 0.154 0 0 1 0 0 200 1
251.152879083 250.288778067 249.389028312 248.454411365 247.485746853 246.483892616 245.449744807 244.384237953 243.288344974 242.163077147 2 2 2 0 1 0 0 0 0 0 0 1 0 0 0 0 0 1 0 0 0 0 6 20 2 0 6 8 2 0 1 0 1 0 1 0 0 0 0 0 1 0 0 0 0 1 0 0 0 0 1 0 0 0 0 1 0 0 1 0 0 1 0 2 20 2 21 3 9 0.231 0 1 0 0 0 210 1
241.009484027 239.828653306 238.62171061 237.389819236 236.13417982 234.856029929 233.556643585 232.237330701 230.899436441 229.544340498 2 2 2 0 0 1 0 0 0 0 1 0 0 0 0 0 1 0 0 0 0 0 6 19 3 0 6 7 3 0 1 0 1 0 1 0 0 0 0 0 1 0 0 0 0 1 0 0 0 0 1 0 0 0 0 1 0 0 1 0 0 1 0 3 19 3 20 4 8 0.308 0 0 1 0 0 210 5
228.173456276 226.788229989 225.390139666 223.980694059 222.561431463 221.133918428 219.699748383 218.260540159 216.817936406 215.373601922 2 2 2 0 1 0 0 0 0 0 0 1 0 0 0 0 0 0 0 1 0 0 6 18 4 0 6 6 4 0 1 0 1 0 1 0 0 0 0 0 1 0 0 0 0 1 0 0 0 0 1 0 0 0 0 1 0 0 1 0 0 1 0 4 18 4 19 5 7 0.385 0 1 0 0 0 62 5
213.929221875 212.486499932 211.047156288 209.612925601 208.185554833 206.766801002 205.358428841 203.962208369 202.579912393 201.213313911 2 2 2 0 0 0 0 1 0 0 1 0 0 0 0 0 1 0 0 0 0 0 6 17 5 0 6 5 5 0 1 0 1 0 1 0 0 0 0 0 1 0 0 0 0 1 0 0 0 0 1 0 0 0 0 1 0 0 1 0 0 1 0 5 17 5 18 6 6 0.462 0 0 0 0 1 486 5
199.864183454 198.534286354 197.225379941 195.939210689 194.67751129 193.441997699 192.234366113 191.056289931 189.909416667 188.79536485 2 2 2 0 1 0 0 0 0 0 0 0 0 1 0 0 0 1 0 0 0 0 6 16 6 0 6 4 6 0 1 0 1 0 1 0 0 0 0 0 1 0 0 0 0 1 0 0 0 0 1 0 0 0 0 1 0 0 1 0 0 1 0 6 16 6 17 7 5 0.538 0 1 0 0 0 110 5
187.7157209 186.672035994 185.66582293 184.698552999 183.771652862 182.88650145 182.044426901 181.246703516 180.494548779 179.789120415 2 2 2 0 0 1 0 0 0 0 1 0 0 0 0 0 1 0 0 0 0 0 6 15 7 0 6 3 7 0 1 0 1 0 1 0 0 0 0 0 1 0 0 0 0 1 0 0 0 0 1 0 0 0 0 1 0 0 1 0 0 1 0 7 15 7 16 8 4 0.615 0 0 1 0 0 524 1
179.131513514 178.522757733 177.963814559 177.455574675 176.998855408 176.594398287 176.242866709 175.94484372 175.700829924 175.511241532 2 2 2 0 1 0 0 0 0 0 0 1 0 0 0 0 0 1 0 0 0 0 6 14 8 0 6 2 8 0 1 0 1 0 1 0 0 0 0 0 1 0 0 0 0 1 0 0 0 0 1 0 0 0 0 1 0 0 1 0 0 1 0 8 14 8 15 9 3 0.692 0 1 0 0 0 604 1
175.376408536 175.296573045 175.271887769 175.302414662 175.388123733 175.528892033 175.724502814 175.97464487 176.278912076 176.636803103 2 2 2 0 0 1 0 0 0 0 1 0 0 0 0 0 1 0 0 0 0 0 6 13 9 0 6 1 9 0 1 0 1 0 1 0 0 0 0 0 1 0 0 0 0 1 0 0 0 0 1 0 0 0 0 1 0 0 1 0 0 1 0 9 13 9 14 10 2 0.769 0 0 1 0 0 213 1
177.047721341 177.510975013 178.025777496 178.591247838 179.206411491 179.870201243 180.581458357 181.338933928 182.141290438 182.987103519 2 2 2 0 1 0 0 0 0 0 0 1 0 0 1 0 0 0 0 0 0 0 6 12 10 0 6 0 10 0 1 0 1 1 0 125.612 0 0 125.612 0 1 0 0 0 0 1 0 0 0 0 1 0 0 0 0 1 0 0 1 0 0 0 1 10 12 10 13 11 1 0.846 0 1 0 0 0 27 21
183.874863931 184.802979733 185.76977866 186.773510704 187.81235088 188.884402194 189.987698789 191.120209278 192.279840251 193.464439953 2 2 2 1 0 0 0 0 0 0 1 0 0 0 0 0 0 1 0 0 0 0 5 11 11 0 5 2 11 1 0 0 1 0 1 128.612 125.612 125.612 128.612 0 1 0 0 0 0 1 0 0 0 0 1 0 0 0 0 0 1 0 1 0 0 1 0 11 11 11 12 1 12 0.071 1 0 0 0 0 19 8
194.671802127 195.899670006 197.145740464 198.407668299 199.683070656 200.969531563 202.264606594 203.565827623 204.87070768 206.176745894 2 2 2 0 0 1 0 0 1 0 0 0 0 0 0 0 0 0 1 0 0 1 5 10 12 1 5 1 0 0 1 1 0 0 1 0 128.612 128.612 0 0 1 0 0 0 0 1 0 0 0 0 1 0 0 0 0 1 0 0 0 1 0 1 0 12 10 12 11 2 11 0.143 0 0 1 0 0 541 8
207.481432497 208.782253903 210.076697827 211.362258454 212.636441626 213.896770049 215.140788504 216.366069049 217.570216198 218.750872071 2 2 2 0 0 0 1 0 0 0 0 1 0 0 1 0 0 0 0 0 0 1 5 9 13 1 5 0 1 0 1 0 1 1 0 123.16299 0 0 123.16299 0 1 0 0 0 0 1 0 0 0 0 1 0 0 0 0 1 0 0 1 0 0 0 1 13 9 13 10 3 10 0.214 0 0 0 1 0 4 10
219.905721494 221.032497044 222.128984025 223.193025358 224.222526379 225.215459529 226.169868931 227.083874828 227.955677889 228.783563355 2 2 2 1 0 0 0 0 0 0 0 0 1 0 1 0 0 0 0 0 0 1 4 8 14 1 4 0 2 1 0 0 1 1 0 126.755 123.16299 123.16299 126.755 0 1 0 0 0 0 1 0 0 0 0 1 0 0 0 0 0 1 0 1 0 0 0 1 14 8 14 9 4 9 0.286 1 0 0 0 0 316 22
229.56590503 230.301169088 230.987917707 231.624812503 232.210617759 232.744203452 233.224548048 233.650741079 234.021985472 234.337599652 2 2 2 1 0 0 0 0 1 0 0 0 0 0 0 0 0 0 1 0 0 2 3 7 15 2 3 1 0 1 0 1 0 0 1 125.347 126.755 126.755 125.347 0 1 0 0 0 0 1 0 0 0 0 1 0 0 0 0 0 1 0 0 1 0 1 0 15 7 15 8 5 8 0.357 1 0 0 0 0 58 22
234.597019379 234.799799344 234.945614494 235.034261101 235.065657556 235.039844896 234.956987054 234.81737083 234.621405591 234.369622685 2 2 2 0 0 0 1 0 1 0 0 0 0 0 1 0 0 0 0 0 0 3 3 6 16 3 3 0 0 0 1 1 0 1 0 120.714 125.347 125.347 120.714 0 1 0 0 0 0 1 0 0 0 0 1 0 0 0 0 1 0 0 0 1 0 0 1 16 6 16 7 6 7 0.429 0 0 0 1 0 2 4
234.06267458 233.701333726 233.286491134 232.819154692 232.300447198 231.73160413 231.113971153 230.44900136 229.738252268 228.983382559 2 2 2 1 0 0 0 0 0 0 0 0 1 0 1 0 0 0 0 0 0 3 2 5 17 3 2 0 1 1 0 0 1 1 0 124.306 120.714 120.714 124.306 0 1 0 0 0 0 1 0 0 0 0 1 0 0 0 0 0 1 0 1 0 0 0 1 17 5 17 6 7 6 0.5 1 0 0 0 0 55 5
228.186148581 227.348400619 226.472078936 225.559209595 224.611900079 223.632334706 222.622769858 221.585529032 220.522997724 219.437618159 2 2 2 1 0 0 0 0 1 0 0 0 0 0 0 0 1 0 0 0 0 4 1 4 18 4 1 1 0 1 0 1 0 0 1 122.898 124.306 124.306 122.898 0 1 0 0 0 0 1 0 0 0 0 1 0 0 0 0 0 1 0 0 1 0 1 0 18 4 18 5 8 5 0.571 1 0 0 0 0 174 5
218.33188387 217.208334163 216.069548443 214.91814045 213.756752401 212.588049043 211.41471166 210.239432015 209.064906259 207.893828827 2 2 2 0 1 0 0 0 1 0 0 0 0 0 1 0 0 0 0 0 0 5 1 3 19 5 1 0 0 0 1 1 0 1 0 118.265 122.898 122.898 118.265 0 1 0 0 0 0 1 0 0 0 0 1 0 0 0 0 1 0 0 0 1 0 0 1 19 3 19 4 9 4 0.643 0 1 0 0 0 142 5
206.728886314 205.57275137 204.428076611 203.297488563 202.183581666 201.088912339 200.015993118 198.967286899 197.94520128 196.952083025 2 2 2 1 0 0 0 0 0 0 1 0 0 0 0 0 0 0 0 1 0 5 0 2 20 5 0 2 1 1 0 0 1 0 1 121.265 118.265 118.265 121.265 0 1 0 0 0 0 1 0 0 0 0 1 0 0 0 0 0 1 0 1 0 0 1 0 20 2 20 3 10 3 0.714 1 0 0 0 0 2499 5
195.990212669 195.061799259 194.168975263 193.313791651 192.498213157 191.724113738 190.99327224 190.307368282 189.667978366 189.076572223 2 2 2 0 0 0 0 1 1 0 0 0 0 0 0 0 0 0 0 1 0 6 0 1 21 6 0 1 0 0 1 1 0 0 1 0 121.265 121.265 0 0 1 0 0 0 0 1 0 0 0 0 0 0 1 0 0 1 0 0 0 1 0 1 0 21 1 21 2 11 2 0.786 0 0 0 0 1 14 5
188.534509408 188.043036146 187.603282437 187.216259437 186.882857111 186.603842161 186.379856247 186.211414497 186.098904308 186.042584447 2 2 0 0 0 0 0 1 0 0 0 0 0 1 0 1 0 0 0 0 0 6 0 0 22 6 0 0 1 0 1 0 1 0 1 110 0 0 0 0 0 0 1 0 0 1 0 0 0 1 0 0 0 0 0 1 0 0 1 0 1 0 0 22 0 22 1 12 1 0.857 0 0 0 0 1 39 5
