325.788320165 325.737659171 325.63596861 325.482516444 325.276217328 325.015647736 324.699065882 324.324436272 323.889458622 323.391600869 2 0 2 0 0 0 0 1 0 1 0 0 0 0 0 0 0 0 0 1 0 0 3 13 0 0 3 1 0 0 1 0 1 0 1 0 130 0 0 0 1 0 0 0 1 0 0 0 0 0 1 0 0 0 0 1 0 1 0 0 0 1 0 0 13 0 14 1 2 0.25 0 0 0 0 1 300 12
322.828135955 322.196182014 321.492745569 320.714767316 319.859170032 318.922908131 317.903018373 316.796671213 315.601222266 314.314263364 2 2 2 0 0 0 0 1 0 0 0 0 0 1 1 0 0 0 0 0 0 0 3 12 1 0 3 0 1 0 1 0 1 1 0 131.774 0 0 131.774 0 1 0 0 0 0 1 0 0 0 0 1 0 0 0 0 1 0 0 1 0 0 0 1 1 12 1 13 2 1 0.5 0 0 0 0 1 10 12
312.933672664 311.457663307 309.884830086 308.214193637 306.445241669 304.577966761 302.612900304 300.551142176 298.394385786 296.144938153 2 2 2 1 0 0 0 0 0 0 0 0 0 1 1 0 0 0 0 0 0 0 2 11 2 0 2 0 2 1 0 0 1 1 0 135.129 131.774 131.774 135.129 0 1 0 0 0 0 1 0 0 0 0 1 0 0 0 0 0 1 0 1 0 0 0 1 2 11 2 12 1 10 0.083 1 0 0 0 0 48 14
293.805734733 291.380348752 288.872994837 286.288526811 283.632429541 280.910804794 278.130351121 275.298337812 272.422573038 269.511366355 2 2 2 1 0 0 0 0 1 0 0 0 0 0 0 0 0 1 0 0 0 1 1 10 3 1 1 5 0 1 0 1 0 0 1 133.48399 135.129 135.129 133.48399 0 1 0 0 0 0 1 0 0 0 0 1 0 0 0 0 0 1 0 0 1 0 1 0 3 10 3 11 2 9 0.167 1 0 0 0 0 12 1
266.573485784 263.61810972 260.65477401 257.693314542 254.743805765 251.816495573 248.921737049 246.069917579 243.271385882 240.536377528 2 2 2 0 0 1 0 0 1 0 0 0 0 0 0 0 0 1 0 0 0 2 1 9 4 2 1 4 0 0 1 1 0 0 1 0 133.48399 133.48399 0 0 1 0 0 0 0 1 0 0 0 0 1 0 0 0 0 1 0 0 0 1 0 1 0 4 9 4 10 3 8 0.25 0 0 1 0 0 13 1
237.874939539 235.296854675 232.811566024 230.428102522 228.15500603 226.000260576 223.971224388 222.074565302 220.31620012 218.70123848 2 2 2 0 0 1 0 0 0 0 0 1 0 0 0 0 0 1 0 0 0 2 1 8 5 2 1 3 1 0 1 0 1 0 1 0 0 0 0 0 1 0 0 0 0 1 0 0 0 0 1 0 0 0 0 1 0 0 1 0 0 1 0 5 8 5 9 4 7 0.333 0 0 1 0 0 6 5
217.233931742 215.917627395 214.754729417 213.746665002 212.893858021 212.195709511 211.650585463 211.255812115 211.007678879 210.901449012 2 2 2 0 0 1 0 0 0 0 0 1 0 0 0 0 0 1 0 0 0 2 1 7 6 2 1 2 2 0 1 0 1 0 1 0 0 0 0 0 1 0 0 0 0 1 0 0 0 0 1 0 0 0 0 1 0 0 1 0 0 1 0 6 7 6 8 5 6 0.417 0 0 1 0 0 46 5
210.93137804 211.090739917 211.371860809 211.766160368 212.264200261 212.855739695 213.529797599 214.274721082 215.078259725 215.927645219 2 2 2 0 0 1 0 0 0 0 0 1 0 0 0 0 0 1 0 0 0 2 1 6 7 2 1 1 3 0 1 0 1 0 1 0 0 0 0 0 1 0 0 0 0 1 0 0 0 0 1 0 0 0 0 1 0 0 1 0 0 1 0 7 6 7 7 6 5 0.5 0 0 1 0 0 547 5
216.809675822 217.710805043 218.617233956 219.51500649 220.390107008 221.228559488 222.016527587 222.740414838 223.386964265 223.943356655 2 2 2 0 0 1 0 0 0 0 0 1 0 0 1 0 0 0 0 0 0 2 1 5 8 2 1 0 4 0 1 0 1 1 0 122.742 0 0 122.742 0 1 0 0 0 0 1 0 0 0 0 1 0 0 0 0 1 0 0 1 0 0 0 1 8 5 8 6 7 4 0.583 0 0 1 0 0 37 5
224.397306757 224.737156684 224.951965791 225.031596356 224.966794377 224.74926487 224.371741056 223.828046883 223.11315238 222.22322137 2 2 2 1 0 0 0 0 0 0 0 1 0 0 0 0 1 0 0 0 0 2 0 4 9 2 0 4 5 1 0 0 1 0 1 125.742 122.742 122.742 125.742 0 1 0 0 0 0 1 0 0 0 0 1 0 0 0 0 0 1 0 1 0 0 1 0 9 4 9 5 8 3 0.667 1 0 0 0 0 502 8
221.155651142 219.909103734 218.483528525 216.880175927 215.101601994 213.151663868 211.035506028 208.759537368 206.331399236 203.759924581 2 2 2 0 1 0 0 0 1 0 0 0 0 0 0 0 0 0 1 0 0 3 0 3 10 3 0 3 0 0 1 1 0 0 1 0 125.742 125.742 0 0 1 0 0 0 0 1 0 0 0 0 1 0 0 0 0 1 0 0 0 1 0 1 0 10 3 10 4 9 2 0.75 0 1 0 0 0 305 8
201.055088472 198.227950272 195.290587854 192.256024281 189.138147422 185.951623072 182.711802142 179.434622557 176.136506561 172.834254106 2 2 2 0 0 0 1 0 0 0 1 0 0 0 0 0 0 1 0 0 0 3 0 2 11 3 0 2 1 0 1 0 1 0 1 0 0 0 0 0 1 0 0 0 0 1 0 0 0 0 1 0 0 0 0 1 0 0 1 0 0 1 0 11 2 11 3 10 1 0.833 0 0 0 1 0 2 9
169.544933106 166.285767301 163.07402253 159.926892219 156.861382895 153.894200537 151.04163858 148.319468368 145.742832849 143.32614426 2 2 2 0 0 1 0 0 0 0 0 0 1 0 0 0 0 0 0 1 0 3 0 1 12 3 0 1 2 0 1 0 1 0 1 0 0 0 0 0 1 0 0 0 0 1 0 0 0 0 0 0 1 0 0 1 0 0 1 0 0 1 0 12 1 12 2 1 2 0.25 0 0 1 0 0 439 8
141.08298656 139.026023284 137.166911514 135.516222568 134.083369978 132.876545297 131.902662175 131.167309132 130.674711354 130.427701795 2 2 0 0 0 0 0 1 0 0 0 1 0 0 0 1 0 0 0 0 0 3 0 0 13 3 0 0 3 0 1 0 1 0 1 110 0 0 0 0 0 0 1 0 0 1 0 0 0 1 0 0 0 0 0 1 0 0 1 0 1 0 0 13 0 13 1 2 1 0.5 0 0 0 0 1 71 8
