232.790052032 234.090705166 236.664485347 240.456916728 245.387713741 251.352459862 258.224788364 265.859017386 274.093181764 282.752395568 2 0 2 1 0 0 0 0 0 1 0 0 0 0 1 0 0 0 0 0 0 0 2 17 0 0 2 0 0 1 0 0 1 1 0 137.94751 134.474 0 137.94751 0 1 0 0 0 1 0 0 0 0 0 1 0 0 0 0 0 1 1 0 0 0 0 1 0 17 0 18 1 9 0.091 1 0 0 0 0 840 5
291.652472185 300.603723449 309.414855659 317.896878579 325.866943633 333.152029494 339.592397102 345.044741681 349.38497648 352.510591537 2 2 2 1 0 0 0 0 1 0 0 0 0 0 0 0 0 0 0 1 0 0 1 16 1 0 1 10 0 1 0 1 0 0 1 136.42101 137.94751 137.94751 136.42101 0 1 0 0 0 0 1 0 0 0 0 1 0 0 0 0 0 1 0 0 1 0 1 0 1 16 1 17 2 8 0.182 1 0 0 0 0 1739 5
354.342540546 354.826619696 353.934313873 351.663097602 348.036190282 343.101777381 336.931720946 329.619793908 321.279482845 312.041412969 2 2 2 0 0 0 0 1 1 0 0 0 0 0 0 0 0 0 0 1 0 1 1 15 2 1 1 9 0 0 1 1 0 0 1 0 136.42101 136.42101 0 0 1 0 0 0 0 1 0 0 0 0 1 0 0 0 0 1 0 0 0 1 0 1 0 2 15 2 16 3 7 0.273 0 0 0 0 1 965 5
302.050456861 291.4625948 280.44159917 269.155618422 257.773737245 246.462589038 235.383094447 224.687395722 214.516051113 204.995546523 2 2 2 0 0 0 0 1 0 0 0 0 0 1 0 0 1 0 0 0 0 1 1 14 3 1 1 8 1 0 1 0 1 0 1 0 0 0 0 0 1 0 0 0 0 1 0 0 0 0 1 0 0 0 0 1 0 0 1 0 0 1 0 3 14 3 15 4 6 0.364 0 0 0 0 1 1069 5
196.23617344 188.330312909 181.351155272 175.351874791 170.365267377 166.403848708 163.460399325 161.508933043 160.506055534 160.392671336 2 2 2 0 1 0 0 0 0 0 0 0 0 1 0 0 1 0 0 0 0 1 1 13 4 1 1 7 2 0 1 0 1 0 1 0 0 0 0 0 1 0 0 0 0 1 0 0 0 0 1 0 0 0 0 1 0 0 1 0 0 1 0 4 13 4 14 5 5 0.455 0 1 0 0 0 128 5
161.09599013 162.531776962 164.6067864 167.221317403 170.271824115 173.653517777 177.262896551 181.000143171 184.771334881 188.490415967 2 2 2 0 1 0 0 0 0 0 1 0 0 0 0 0 0 1 0 0 0 1 1 12 5 1 1 6 3 0 1 0 1 0 1 0 0 0 0 0 1 0 0 0 0 1 0 0 0 0 1 0 0 0 0 1 0 0 1 0 0 1 0 5 12 5 13 6 4 0.545 0 1 0 0 0 45 15
192.08089017 195.477198234 198.625754485 201.485625586 204.028844056 206.240358704 208.117633416 209.669914674 210.917196388 211.888918051 2 2 2 0 0 1 0 0 0 0 1 0 0 0 0 0 0 1 0 0 0 1 1 11 6 1 1 5 4 0 1 0 1 0 1 0 0 0 0 0 1 0 0 0 0 1 0 0 0 0 1 0 0 0 0 1 0 0 1 0 0 1 0 6 11 6 12 7 3 0.636 0 0 1 0 0 253 5
212.622438561 213.161333252 213.553565544 213.849587122 214.100421597 214.355786204 214.662304285 215.061858068 215.590126829 216.275349884 2 2 2 0 0 1 0 0 0 0 0 1 0 0 0 0 0 0 1 0 0 1 1 10 7 1 1 4 5 0 1 0 1 0 1 0 0 0 0 0 1 0 0 0 0 1 0 0 0 0 1 0 0 0 0 1 0 0 1 0 0 1 0 7 10 7 11 8 2 0.727 0 0 1 0 0 841 5
217.137347228 218.186823256 219.424970902 220.843385132 222.424286061 224.141043401 225.958985619 227.836469376 229.726177624 231.576608543 2 2 2 0 0 0 1 0 0 0 0 1 0 0 0 0 0 0 0 1 0 1 1 9 8 1 1 3 6 0 1 0 1 0 1 0 0 0 0 0 1 0 0 0 0 1 0 0 0 0 1 0 0 0 0 1 0 0 1 0 0 1 0 8 9 8 10 9 1 0.818 0 0 0 1 0 23 5
233.33371218 234.942627647 236.349470887 237.503121585 238.356957704 238.870487421 239.010830882 238.754008089 238.085994336 237.003510692 2 2 2 0 0 0 0 1 0 0 0 0 1 0 0 0 1 0 0 0 0 1 1 8 9 1 1 2 7 0 1 0 1 0 1 0 0 0 0 0 1 0 0 0 0 1 0 0 0 0 1 0 0 0 0 1 0 0 1 0 0 1 0 9 8 9 9 1 1 0.333 0 0 0 0 1 33 12
235.514524069 233.63843906 231.405971977 228.858705942 226.048334475 223.035609387 219.889016809 216.683212615 213.497255183 210.412679114 2 2 2 0 1 0 0 0 0 0 0 0 0 1 0 0 0 0 0 1 0 1 1 7 10 1 1 1 8 0 1 0 1 0 1 0 0 0 0 0 1 0 0 0 0 1 0 0 0 0 1 0 0 0 0 1 0 0 1 0 0 1 0 10 7 10 8 1 4 0.167 0 1 0 0 0 254 12
207.511458154 204.873908966 202.576589451 200.690246024 199.277863578 198.392869756 198.077541766 198.361659301 199.261441287 200.778797419 2 2 2 0 0 0 0 1 0 0 1 0 0 0 1 0 0 0 0 0 0 1 1 6 11 1 1 0 9 0 1 0 1 1 0 121.842 0 0 121.842 0 1 0 0 0 0 1 0 0 0 0 1 0 0 0 0 1 0 0 1 0 0 0 1 11 6 11 7 2 3 0.333 0 0 0 0 1 516 7
202.900917743 205.600215305 208.834628138 212.548277923 216.672473728 221.127040528 225.821943936 230.659175013 235.534852251 240.341492124 2 2 2 1 0 0 0 0 0 0 0 0 0 1 0 0 0 0 1 0 0 1 0 5 12 1 0 5 10 1 0 0 1 0 1 124.842 121.842 121.842 124.842 0 1 0 0 0 0 1 0 0 0 0 1 0 0 0 0 0 1 0 1 0 0 1 0 12 5 12 6 3 2 0.5 1 0 0 0 0 869 5
244.970395046 249.314090334 253.268781878 256.736735787 259.628552274 261.865266469 263.380226655 264.120703512 264.049190193 263.144360334 2 2 1 0 0 0 1 0 1 0 0 0 0 0 0 0 0 0 0 1 0 2 0 4 13 2 0 4 0 0 1 1 0 0 1 0 124.842 124.842 0 0 1 0 0 0 0 1 0 0 0 0 1 0 0 0 0 1 0 0 0 1 0 1 0 13 4 13 5 4 1 0.667 0 0 0 1 0 841 5
261.401659213 258.833511997 255.469142206 251.354002926 246.548832597 241.128356388 235.179662697 228.800292326 222.09608485 215.178832721 1 2 2 0 0 0 0 1 0 0 0 0 1 0 0 0 0 0 0 1 0 2 0 3 14 2 0 3 1 0 1 0 1 0 1 0 0 0 0 0 1 0 0 0 0 1 0 0 0 0 1 0 0 0 0 1 0 0 1 0 0 1 0 14 3 14 4 1 4 0.167 0 0 0 0 1 374 8
208.16379837 201.167153035 194.303397997 187.682829511 181.409107679 175.576987183 170.270263869 165.559986101 161.502973399 158.140677495 2 1 2 0 0 0 0 1 0 0 0 0 0 1 0 0 0 1 0 0 0 2 0 2 15 2 0 2 2 0 1 0 1 0 1 0 0 0 0 0 1 0 0 0 0 1 0 0 0 0 1 0 0 0 0 1 0 0 1 0 0 1 0 15 2 15 3 2 3 0.333 0 0 0 0 1 1458 8
155.498412704 153.584973556 152.392648282 151.89762717 152.060795218 152.828889208 154.135990476 155.905316513 158.051267265 160.481675834 2 2 2 0 0 1 0 0 0 0 0 0 0 1 0 0 0 0 0 1 0 2 0 1 16 2 0 1 3 0 1 0 1 0 1 0 0 0 0 0 1 0 0 0 0 1 0 0 0 0 0 0 1 0 0 1 0 0 1 0 0 1 0 16 1 16 2 3 2 0.5 0 0 1 0 0 85 8
163.100208319 165.808853916 168.510444226 171.111140043 173.522824673 175.665345187 177.468546709 178.874049938 179.836728369 180.325849069 2 2 0 0 0 0 0 1 0 0 0 1 0 0 0 1 0 0 0 0 0 2 0 0 17 2 0 0 4 0 1 0 1 0 1 110 0 0 0 0 0 0 1 0 0 1 0 0 0 1 0 0 0 0 0 1 0 0 1 0 1 0 0 17 0 17 1 4 1 0.667 0 0 0 0 1 486 8
