22.14931 21.86973 27.12947 28.17491 28.80639 14.24309 2.62435 -5.76041 -3.79244 9.19786 2 0 2 0 0 0 0 1 0 1 0 0 0 0 0 0 0 1 0 0 0 0 2 13 0 0 2 5 0 0 1 0 1 0 1 0 1 0 0 0 1 0 0 0 0 0 1 0 0 0 0 1 0 1 0 0 0 1 0 0 13 0 14 1 14 0.063 0 0 0 0 1 3 9 0 7 0 0 23 13 0.0 0.0 1.0 0.0 0.0 14.0 0.0 0.0 0.0 0.0 0.0 0.0 0.0 0.0 0.0 0.0 0.0 0.0 0.0 0.0 0.0 0.0 0.0 0.0 0.0 0.0 0.0 0.0 0.0 0.0 0.0 0.0 0.0 1.0 0.0 0.0 0.0 0.0 0.0 0.0 0.0 0.0 0.0 0.0 0.0 0.0 0.0 0.0 0.0 0.0 0.0 0.0 0.0 0.0 0.0 0.0 0.0 0.0 0.0 0.0 0.0 0.0 0.0 0.0 0.0 0.0
37.61709 34.40393 36.48276 34.12123 38.9978 40.75794 48.32094 40.10759 16.95968 -12.90607 2 2 2 0 0 1 0 0 0 0 0 0 0 1 0 0 1 0 0 0 0 0 2 12 1 0 2 4 1 0 1 0 1 0 1 0 1 0 0 0 0 1 0 0 0 0 1 0 0 0 0 1 0 0 1 0 0 1 0 1 12 1 13 2 13 0.125 0 0 1 0 0 482 9 0 7 0 1 16 13 0.0 0.0 1.0 1.0 0.0714285714286 14.0 0.0 0.0 0.0 0.0 0.0 0.0 0.0 0.0 0.0 0.0 0.0 0.0 0.0 0.0 0.0 0.0 0.0 0.0 0.0 0.0 0.0 0.0 0.0 0.0 0.0 0.0 0.0 1.0 0.0 0.0 0.0 0.0 0.0 0.0 0.0 0.0 0.0 0.0 0.0 0.0 0.0 0.0 0.0 0.0 0.0 0.0 0.0 0.0 0.0 0.0 0.0 0.0 0.0 0.0 0.0 0.0 0.0 0.0 0.0 0.0
-1.07481 5.60651 14.34025 12.17642 1.99097 -7.3225 -15.28897 -18.68993 -9.50128 -8.74536 2 2 2 0 1 0 0 0 0 0 0 1 0 0 0 0 0 0 0 1 0 0 2 11 2 0 2 3 2 0 1 0 1 0 1 0 1 0 0 0 0 1 0 0 0 0 1 0 0 0 0 1 0 0 1 0 0 1 0 2 11 2 12 3 12 0.188 0 1 0 0 0 3195 7 9 1 1 0 2 24 0.0 0.0 1.0 2.0 0.142857142857 14.0 0.0 0.0 0.0 0.0 0.0 0.0 0.0 0.0 1.0 0.0 0.0 0.0 0.0 0.0 0.0 1.0 1.0 0.0 0.0 0.0 0.0 0.0 0.0 0.0 0.0 0.0 1.0 0.0 0.0 0.0 0.0 0.0 0.0 0.0 0.0 0.0 0.0 0.0 0.0 0.0 0.0 0.0 0.0 0.0 0.0 0.0 0.0 0.0 0.0 0.0 0.0 0.0 0.0 0.0 0.0 0.0 0.0 0.0 0.0 0.0
-5.04862 -6.38577 -2.03299 -1.10822 14.9475 14.37037 10.60627 1.59704 7.39553 8.67462 2 2 2 0 0 0 0 1 0 0 1 0 0 0 0 0 1 0 0 0 0 0 2 10 3 0 2 2 3 0 1 0 1 0 1 0 1 0 0 0 0 1 0 0 0 0 1 0 0 0 0 1 0 0 1 0 0 1 0 3 10 3 11 4 11 0.25 0 0 0 0 1 171 7 9 1 1 1 15 20 0.0 0.0 1.0 3.0 0.214285714286 14.0 0.0 0.0 0.0 0.0 0.0 0.0 0.0 0.0 1.0 0.0 0.0 0.0 0.0 0.0 0.0 1.0 1.0 0.0 0.0 0.0 0.0 0.0 0.0 0.0 0.0 0.0 1.0 0.0 0.0 0.0 0.0 0.0 0.0 0.0 0.0 0.0 0.0 0.0 0.0 0.0 0.0 0.0 0.0 0.0 0.0 0.0 0.0 0.0 0.0 0.0 0.0 0.0 0.0 0.0 0.0 0.0 0.0 0.0 0.0 0.0
5.321 -6.64214 -18.08207 -9.58476 11.65117 13.99673 9.93923 7.43816 -0.25697 -2.66155 2 2 2 0 1 0 0 0 0 0 0 0 0 1 0 0 0 1 0 0 0 0 2 9 4 0 2 1 4 0 1 0 1 0 1 0 1 0 0 0 0 1 0 0 0 0 1 0 0 0 0 1 0 0 1 0 0 1 0 4 9 4 10 5 10 0.313 0 1 0 0 0 68 1 7 4 2 0 9 1 0.0 0.0 1.0 4.0 0.285714285714 14.0 0.0 0.0 0.0 0.0 0.0 0.0 0.0 0.0 0.0 0.0 0.0 0.0 0.0 0.0 0.0 0.0 0.0 1.0 0.0 0.0 0.0 0.0 0.0 0.0 0.0 0.0 0.0 0.0 0.0 0.0 0.0 0.0 0.0 0.0 0.0 0.0 0.0 0.0 0.0 0.0 0.0 0.0 0.0 0.0 0.0 0.0 0.0 0.0 0.0 0.0 0.0 0.0 0.0 0.0 0.0 0.0 0.0 0.0 0.0 0.0
0.93084 -1.01858 -6.84457 -2.20591 -7.56928 -5.13425 1.98412 -2.52558 1.74005 0.67526 2 2 2 0 0 1 0 0 0 0 1 0 0 0 1 0 0 0 0 0 0 0 2 8 5 0 2 0 5 0 1 0 1 1 0 0 1 0 0 0 0 1 0 0 0 0 1 0 0 0 0 1 0 0 1 0 0 0 1 5 8 5 9 6 9 0.375 0 0 1 0 0 596 1 7 4 2 1 20 34 0.0 0.0 1.0 5.0 0.357142857143 14.0 0.0 0.0 0.0 0.0 0.0 0.0 0.0 0.0 0.0 0.0 0.0 0.0 0.0 0.0 0.0 0.0 0.0 1.0 0.0 0.0 0.0 0.0 0.0 0.0 0.0 0.0 0.0 0.0 0.0 0.0 0.0 0.0 0.0 0.0 0.0 0.0 0.0 0.0 0.0 0.0 0.0 0.0 0.0 0.0 0.0 0.0 0.0 0.0 0.0 0.0 0.0 0.0 0.0 0.0 0.0 0.0 0.0 0.0 0.0 0.0
-12.24423 13.90596 2.38379 -7.92941 -8.50378 -5.18433 -2.76181 -0.13225 -10.77372 -14.63235 2 2 2 1 0 0 0 0 0 0 0 1 0 0 0 0 0 0 1 0 0 0 1 7 6 0 1 3 6 1 0 0 1 0 1 0 1 0 0 0 0 1 0 0 0 0 1 0 0 0 0 0 1 0 1 0 0 1 0 6 7 6 8 7 8 0.438 1 0 0 0 0 641 1 7 4 2 2 4 35 0.0 0.0 1.0 6.0 0.428571428571 14.0 0.0 0.0 0.0 0.0 0.0 0.0 0.0 0.0 0.0 0.0 0.0 0.0 0.0 0.0 0.0 0.0 0.0 1.0 0.0 0.0 0.0 0.0 0.0 0.0 0.0 0.0 0.0 0.0 0.0 0.0 0.0 0.0 0.0 0.0 0.0 0.0 0.0 0.0 0.0 0.0 0.0 0.0 0.0 0.0 0.0 0.0 0.0 0.0 0.0 0.0 0.0 0.0 0.0 0.0 0.0 0.0 0.0 0.0 0.0 0.0
-9.30076 -10.44233 0.3746 15.08629 21.81043 16.41992 10.94566 8.00697 2.37402 12.60533 2 2 2 0 0 0 1 0 1 0 0 0 0 0 0 0 0 1 0 0 0 1 1 6 7 1 1 2 0 0 1 1 0 0 1 0 1 0 0 0 0 1 0 0 0 0 1 0 0 0 0 1 0 0 0 1 0 1 0 7 6 7 7 8 7 0.5 0 0 0 1 0 2 4 1 1 3 0 2 8 0.0 0.0 1.0 7.0 0.5 14.0 0.0 0.0 0.0 0.0 0.0 0.0 0.0 0.0 0.0 1.0 0.0 0.0 0.0 0.0 0.0 0.0 0.0 0.0 0.0 0.0 0.0 0.0 0.0 0.0 0.0 0.0 0.0 0.0 0.0 0.0 0.0 0.0 0.0 0.0 0.0 0.0 0.0 0.0 0.0 0.0 0.0 0.0 0.0 0.0 0.0 0.0 0.0 0.0 0.0 0.0 0.0 0.0 0.0 0.0 0.0 0.0 0.0 0.0 0.0 0.0
20.21314 18.66732 15.64963 11.32597 14.42765 12.71062 -0.13887 1.2008 -5.45035 -14.99077 2 2 2 0 0 1 0 0 0 0 0 0 1 0 0 0 0 0 1 0 0 1 1 5 8 1 1 1 1 0 1 0 1 0 1 0 1 0 0 0 0 1 0 0 0 0 1 0 0 0 0 1 0 0 1 0 0 1 0 8 5 8 6 9 6 0.563 0 0 1 0 0 958 1 4 9 4 0 7 6 0.0 0.0 1.0 8.0 0.571428571429 14.0 0.0 0.0 0.0 0.0 0.0 0.0 0.0 0.0 0.0 0.0 0.0 0.0 0.0 0.0 1.0 0.0 0.0 0.0 0.0 1.0 0.0 0.0 0.0 0.0 0.0 0.0 0.0 0.0 0.0 0.0 0.0 0.0 0.0 0.0 0.0 0.0 0.0 0.0 0.0 0.0 0.0 0.0 0.0 0.0 0.0 0.0 0.0 0.0 0.0 0.0 0.0 0.0 0.0 0.0 0.0 0.0 0.0 0.0 0.0 0.0
-10.75841 -0.22436 19.61456 34.99994 35.33844 8.47336 -32.98503 -27.85696 131.1127 80.90353 2 2 2 0 0 0 1 0 0 0 0 1 0 0 1 0 0 0 0 0 0 1 1 4 9 1 1 0 2 0 1 0 1 1 0 0 1 0 0 0 0 1 0 0 0 0 1 0 0 0 0 1 0 0 1 0 0 0 1 9 4 9 5 10 5 0.625 0 0 0 1 0 958 1 4 9 4 1 7 6 0.0 0.0 1.0 9.0 0.642857142857 14.0 0.0 0.0 0.0 0.0 0.0 0.0 0.0 0.0 0.0 0.0 0.0 0.0 0.0 0.0 1.0 0.0 0.0 0.0 0.0 1.0 0.0 0.0 0.0 0.0 0.0 0.0 0.0 0.0 0.0 0.0 0.0 0.0 0.0 0.0 0.0 0.0 0.0 0.0 0.0 0.0 0.0 0.0 0.0 0.0 0.0 0.0 0.0 0.0 0.0 0.0 0.0 0.0 0.0 0.0 0.0 0.0 0.0 0.0 0.0 0.0
1.14063 -88.11339 -122.54119 -94.05541 -61.45825 -22.96116 13.49633 16.67932 24.33852 15.40933 2 2 2 1 0 0 0 0 0 0 0 0 1 0 0 0 0 1 0 0 0 1 0 3 10 1 0 3 3 1 0 0 1 0 1 0 1 0 0 0 0 1 0 0 0 0 1 0 0 0 0 0 1 0 1 0 0 1 0 10 3 10 4 11 4 0.688 1 0 0 0 0 527 9 1 7 5 0 3 24 0.0 0.0 1.0 10.0 0.714285714286 14.0 0.0 0.0 0.0 0.0 0.0 0.0 0.0 0.0 0.0 0.0 0.0 0.0 0.0 0.0 0.0 0.0 0.0 0.0 0.0 0.0 0.0 0.0 0.0 0.0 0.0 0.0 0.0 1.0 0.0 0.0 0.0 0.0 0.0 0.0 0.0 0.0 0.0 0.0 0.0 0.0 0.0 0.0 0.0 0.0 0.0 0.0 0.0 0.0 0.0 0.0 0.0 0.0 0.0 0.0 0.0 0.0 0.0 0.0 0.0 0.0
5.52351 3.77139 7.24788 -9.24519 -5.13589 -1.09192 2.46315 7.97887 12.95907 12.41457 2 2 2 0 0 1 0 0 1 0 0 0 0 0 0 0 0 0 0 1 0 2 0 2 11 2 0 2 0 0 1 1 0 0 1 0 1 0 0 0 0 1 0 0 0 0 1 0 0 0 0 1 0 0 0 1 0 1 0 11 2 11 3 12 3 0.75 0 0 1 0 0 154 9 1 7 5 1 21 4 0.0 0.0 1.0 11.0 0.785714285714 14.0 0.0 0.0 0.0 0.0 0.0 0.0 0.0 0.0 0.0 0.0 0.0 0.0 0.0 0.0 0.0 0.0 0.0 0.0 0.0 0.0 0.0 0.0 0.0 0.0 0.0 0.0 0.0 1.0 0.0 0.0 0.0 0.0 0.0 0.0 0.0 0.0 0.0 0.0 0.0 0.0 0.0 0.0 0.0 0.0 0.0 0.0 0.0 0.0 0.0 0.0 0.0 0.0 0.0 0.0 0.0 0.0 0.0 0.0 0.0 0.0
17.04413 2.01097 -9.3642 -26.36166 -33.35006 -28.68084 -16.9543 -13.39201 -16.77887 -14.15765 2 2 2 0 0 0 0 1 0 0 0 1 0 0 0 0 0 0 0 1 0 2 0 1 12 2 0 1 1 0 1 0 1 0 1 0 1 0 0 0 0 1 0 0 0 0 0 0 0 1 0 1 0 0 1 0 0 1 0 12 1 12 2 13 2 0.813 0 0 0 0 1 117 7 9 0 6 0 8 24 0.0 0.0 1.0 12.0 0.857142857143 14.0 1.0 1.0 0.0 0.0 0.0 0.0 0.0 0.0 0.0 0.0 0.0 0.0 0.0 0.0 0.0 0.0 0.0 0.0 1.0 0.0 0.0 0.0 0.0 0.0 0.0 0.0 1.0 0.0 0.0 0.0 0.0 0.0 0.0 0.0 0.0 0.0 0.0 0.0 0.0 0.0 0.0 0.0 0.0 0.0 0.0 0.0 0.0 0.0 0.0 0.0 0.0 0.0 0.0 0.0 0.0 0.0 0.0 0.0 0.0 0.0
-16.68386 -26.95221 -23.34821 -34.18721 -22.90521 7.41449 33.72612 34.39533 17.12733 41.42871 2 2 0 0 0 0 0 1 0 0 0 0 0 1 0 1 0 0 0 0 0 2 0 0 13 2 0 0 2 0 1 0 1 0 1 0 0 0 0 1 0 1 0 0 0 1 0 0 0 0 0 1 0 0 1 0 1 0 0 13 0 13 1 14 1 0.875 0 0 0 0 1 356 7 9 0 6 1 11 13 0.0 0.0 1.0 13.0 0.928571428571 14.0 1.0 1.0 0.0 0.0 0.0 0.0 0.0 0.0 0.0 0.0 0.0 0.0 0.0 0.0 0.0 0.0 0.0 0.0 1.0 0.0 0.0 0.0 0.0 0.0 0.0 0.0 1.0 0.0 0.0 0.0 0.0 0.0 0.0 0.0 0.0 0.0 0.0 0.0 0.0 0.0 0.0 0.0 0.0 0.0 0.0 0.0 0.0 0.0 0.0 0.0 0.0 0.0 0.0 0.0 0.0 0.0 0.0 0.0 0.0 0.0
