233.992358032 234.79590131 236.355487267 238.578362775 241.330919821 244.445049951 247.726176553 250.962611704 253.935824987 256.431169823 2 0 2 1 0 0 0 0 0 1 0 0 0 0 1 0 0 0 0 0 0 0 4 13 0 0 4 0 0 1 0 0 1 1 0 137.70999 134.355 0 137.70999 0 1 0 0 0 1 0 0 0 0 0 1 0 0 0 0 0 1 1 0 0 0 0 1 0 13 0 14 1 4 0.167 1 0 0 0 0 190 8
258.248590406 259.212830177 259.182681093 258.05885111 255.790083614 252.377234934 247.875101292 242.391881373 236.086260886 229.162207155 2 2 2 1 0 0 0 0 1 0 0 0 0 0 0 0 1 0 0 0 0 0 3 12 1 0 3 5 0 1 0 1 0 0 1 136.065 137.70999 137.70999 136.065 0 1 0 0 0 0 1 0 0 0 0 1 0 0 0 0 0 1 0 0 1 0 1 0 1 12 1 13 2 3 0.333 1 0 0 0 0 99 8
221.861660408 214.455400105 207.23244529 200.488414315 194.513318332 189.579292691 185.928779326 183.763660908 183.235814342 184.439498317 2 2 2 0 1 0 0 0 1 0 0 0 0 0 0 0 0 0 1 0 0 1 3 11 2 1 3 4 0 0 1 1 0 0 1 0 136.065 136.065 0 0 1 0 0 0 0 1 0 0 0 0 1 0 0 0 0 1 0 0 0 1 0 1 0 2 11 2 12 3 2 0.5 0 1 0 0 0 327 8
187.40591906 192.100233144 198.42114929 206.203186806 215.221540511 225.199395385 235.817432882 246.725179219 257.553767611 267.929624851 2 2 2 0 0 0 1 0 0 0 1 0 0 0 0 0 0 0 0 1 0 1 3 10 3 1 3 3 1 0 1 0 1 0 1 0 0 0 0 0 1 0 0 0 0 1 0 0 0 0 1 0 0 0 0 1 0 0 1 0 0 1 0 3 10 3 11 4 1 0.667 0 0 0 1 0 327 8
277.488550239 285.889633647 292.82846042 298.049073882 301.354210846 302.613389784 301.768513003 298.836739905 293.910494511 287.154582733 2 2 2 0 0 0 0 1 0 0 0 0 1 0 0 0 1 0 0 0 0 1 3 9 4 1 3 2 2 0 1 0 1 0 1 0 0 0 0 0 1 0 0 0 0 1 0 0 0 0 1 0 0 0 0 1 0 0 1 0 0 1 0 4 9 4 10 1 10 0.083 0 0 0 0 1 10 8
278.80050879 269.138191299 258.50538332 247.27519291 235.842177774 224.60754625 213.96403473 204.281047079 195.89063402 189.07485999 2 2 2 0 1 0 0 0 0 0 0 0 0 1 0 0 0 0 0 1 0 1 3 8 5 1 3 1 3 0 1 0 1 0 1 0 0 0 0 0 1 0 0 0 0 1 0 0 0 0 1 0 0 0 0 1 0 0 1 0 0 1 0 5 8 5 9 2 9 0.167 0 1 0 0 0 788 8
184.055052741 180.983359078 179.936941262 180.915046298 183.83906865 188.555610167 194.842423886 202.41701548 210.947571957 220.065795875 2 2 2 0 0 0 0 1 0 0 1 0 0 0 1 0 0 0 0 0 0 1 3 7 6 1 3 0 4 0 1 0 1 1 0 125.323 0 0 125.323 0 1 0 0 0 0 1 0 0 0 0 1 0 0 0 0 1 0 0 1 0 0 0 1 6 7 6 8 3 8 0.25 0 0 0 0 1 39 8
229.381148499 238.495949951 247.020750661 254.589377742 260.8730726 265.593171808 268.531840408 269.540443328 268.545233203 265.55013819 2 2 2 1 0 0 0 0 0 0 0 0 0 1 0 0 1 0 0 0 0 1 2 6 7 1 2 2 5 1 0 0 1 0 1 128.323 125.323 125.323 128.323 0 1 0 0 0 0 1 0 0 0 0 1 0 0 0 0 0 1 0 1 0 0 1 0 7 6 7 7 4 7 0.333 1 0 0 0 0 147 8
260.636546924 253.960105247 245.744656073 236.273564995 225.878775809 214.928027823 203.810737296 192.923095886 182.652967534 173.365170765 2 2 2 0 1 0 0 0 1 0 0 0 0 0 0 0 0 1 0 0 0 2 2 5 8 2 2 1 0 0 1 1 0 0 1 0 128.323 128.323 0 0 1 0 0 0 0 1 0 0 0 0 1 0 0 0 0 1 0 0 0 1 0 1 0 8 5 8 6 5 6 0.417 0 1 0 0 0 1222 8
165.387715812 158.999525959 154.420111794 151.801588105 151.223329147 152.689452776 156.129211694 161.400255285 168.294612834 176.547142811 2 2 2 0 0 1 0 0 0 0 1 0 0 0 1 0 0 0 0 0 0 2 2 4 9 2 2 0 1 0 1 0 1 1 0 121.452 0 0 121.452 0 1 0 0 0 0 1 0 0 0 0 1 0 0 0 0 1 0 0 1 0 0 0 1 9 4 9 5 6 5 0.5 0 0 1 0 0 1474 5
185.846097488 195.845371372 206.177938709 216.469942298 226.354874529 235.487292689 243.555534074 250.2929411 255.487170596 258.987242127 2 2 2 1 0 0 0 0 0 0 0 1 0 0 0 0 0 0 1 0 0 2 1 3 10 2 1 1 2 1 0 0 1 0 1 124.452 121.452 121.452 124.452 0 1 0 0 0 0 1 0 0 0 0 1 0 0 0 0 0 1 0 1 0 0 1 0 10 3 10 4 7 4 0.583 1 0 0 0 0 565 5
260.708074014 260.632359057 258.809740392 255.353357075 250.433934525 244.271692445 237.126428525 229.286206578 221.055130079 212.74071427 2 2 2 0 0 0 1 0 1 0 0 0 0 0 1 0 0 0 0 0 0 3 1 2 11 3 1 0 0 0 1 1 0 1 0 118.871 124.452 124.452 118.871 0 1 0 0 0 0 1 0 0 0 0 1 0 0 0 0 1 0 0 0 1 0 0 1 11 2 11 3 8 3 0.667 0 0 0 1 0 2 4
204.641380879 197.034588859 190.166082725 184.24068878 179.415020694 175.792372722 173.41998465 172.288761402 172.335426306 173.446984612 2 2 2 1 0 0 0 0 0 0 0 0 1 0 0 0 0 1 0 0 0 3 0 1 12 3 0 1 1 1 0 0 1 0 1 121.871 118.871 118.871 121.871 0 1 0 0 0 0 1 0 0 0 0 0 0 1 0 0 0 1 0 1 0 0 1 0 12 1 12 2 9 2 0.75 1 0 0 0 0 31 5
175.467277285 178.205318298 181.445035184 184.955975584 188.504504121 191.864995841 194.830535244 197.222653512 198.899679867 199.763344142 2 2 0 0 0 1 0 0 1 0 0 0 0 0 0 1 0 0 0 0 0 4 0 0 13 4 0 0 0 0 1 1 0 0 1 110 121.871 121.871 0 0 0 0 1 0 0 1 0 0 0 1 0 0 0 0 0 1 0 0 0 1 1 0 0 13 0 13 1 10 1 0.833 0 0 1 0 0 203 5
