-19.66699 -23.16066 -34.03583 -40.63714 -45.16028 -39.64123 -38.59122 -42.81561 -44.29956 -43.51125 2 0 2 1 0 0 0 0 0 1 0 0 0 0 0 0 0 1 0 0 0 0 0 6 0 0 0 11 0 1 0 0 1 0 1 0 1 0 0 0 1 0 0 0 0 0 1 0 0 0 0 0 1 1 0 0 0 1 0 0 6 0 7 1 7 0.111 1 0 0 0 0 306 10 0 1 0 0 4 2 1 2 0 0 0.0 0.0 3.0 0.0 0.0 7.0 0.0 0.0 0.0 0.0 0.0 0.0 0.0 0.0 0.0 0.0 0.0 0.0 0.0 0.0 0.0 0.0 0.0 0.0 0.0 0.0 0.0 0.0 0.0 0.0 0.0 0.0 0.0 0.0 0.0 0.0 0.0 0.0 0.0 1.0 0.0 0.0 0.0 0.0 0.0 0.0 0.0 0.0 0.0 0.0 0.0 0.0 0.0 0.0 0.0 0.0 0.0 0.0 0.0 0.0 0.0 0.0 0.0 0.0 0.0 0.0
-32.66041 -30.20886 -31.75693 -24.68044 -26.25148 -26.84446 -33.73062 -44.7936 -51.99024 -46.0528 2 2 2 0 0 1 0 0 1 0 0 0 0 0 0 0 1 0 0 0 0 0 0 5 1 0 0 10 0 0 1 1 0 0 1 0 1 0 0 0 0 1 0 0 0 0 1 0 0 0 0 1 0 0 0 1 0 1 0 1 5 1 6 2 6 0.222 0 0 1 0 0 246 1 10 2 1 0 5 24 6 0 0 0 0.0 0.0 3.0 1.0 0.142857142857 7.0 0.0 0.0 0.0 0.0 0.0 0.0 0.0 0.0 0.0 0.0 0.0 0.0 0.0 0.0 0.0 0.0 0.0 0.0 0.0 1.0 0.0 0.0 0.0 0.0 0.0 0.0 0.0 0.0 0.0 0.0 0.0 0.0 1.0 0.0 0.0 0.0 0.0 0.0 0.0 0.0 0.0 0.0 0.0 0.0 0.0 0.0 0.0 0.0 0.0 0.0 0.0 0.0 0.0 0.0 0.0 0.0 0.0 0.0 0.0 0.0
-43.71709 -40.90482 -32.82644 -26.12806 -12.272 -9.97334 -5.74713 -8.84022 1.04249 5.18724 2 2 2 0 1 0 0 0 0 0 0 1 0 0 0 0 0 0 0 1 0 0 0 4 2 0 0 9 1 0 1 0 1 0 1 0 1 0 0 0 0 1 0 0 0 0 1 0 0 0 0 1 0 0 1 0 0 1 0 2 4 2 5 3 5 0.333 0 1 0 0 0 128 2 1 7 2 0 12 26 6 3 0 0 0.0 0.0 3.0 2.0 0.285714285714 7.0 0.0 0.0 0.0 0.0 0.0 0.0 0.0 0.0 0.0 0.0 0.0 0.0 0.0 0.0 0.0 0.0 0.0 0.0 0.0 0.0 0.0 1.0 0.0 0.0 0.0 0.0 0.0 0.0 0.0 0.0 0.0 0.0 0.0 0.0 0.0 0.0 0.0 0.0 0.0 0.0 0.0 0.0 0.0 0.0 0.0 0.0 0.0 0.0 0.0 0.0 0.0 0.0 0.0 0.0 0.0 0.0 0.0 0.0 0.0 0.0
-3.52161 9.19525 12.33105 4.10021 -1.06796 5.11719 6.06761 9.78138 8.46826 9.97338 2 2 1 0 0 0 0 1 0 0 1 0 0 0 0 0 0 0 0 1 0 0 0 3 3 0 0 8 2 0 1 0 1 0 1 0 1 0 0 0 0 1 0 0 0 0 1 0 0 0 0 1 0 0 1 0 0 1 0 3 3 3 4 4 4 0.444 0 0 0 0 1 280 7 2 1 3 0 1 4 1 4 0 0 0.0 0.0 3.0 3.0 0.428571428571 7.0 0.0 0.0 0.0 0.0 0.0 0.0 0.0 0.0 0.0 0.0 0.0 0.0 0.0 0.0 0.0 1.0 0.0 0.0 1.0 0.0 1.0 0.0 0.0 0.0 0.0 0.0 0.0 0.0 0.0 0.0 0.0 0.0 0.0 0.0 0.0 0.0 0.0 0.0 0.0 0.0 0.0 0.0 0.0 0.0 0.0 0.0 0.0 0.0 0.0 0.0 0.0 0.0 0.0 0.0 0.0 0.0 0.0 0.0 0.0 0.0
-14.79066 -15.933 -10.11636 -11.54795 -21.32932 -38.8239 -47.49581 -53.49354 -43.67819 -29.33761 1 2 2 0 0 0 0 1 0 0 0 0 0 1 0 0 0 0 0 1 0 0 0 2 4 0 0 7 3 0 1 0 1 0 1 0 1 0 0 0 0 1 0 0 0 0 1 0 0 0 0 1 0 0 1 0 0 1 0 4 2 4 3 5 3 0.556 0 0 0 0 1 378 1 7 4 4 0 0 4 1 4 0 0 0.0 0.0 3.0 4.0 0.571428571429 7.0 0.0 0.0 0.0 0.0 0.0 0.0 0.0 0.0 0.0 0.0 0.0 0.0 0.0 0.0 1.0 0.0 0.0 0.0 0.0 0.0 0.0 0.0 0.0 0.0 0.0 0.0 0.0 0.0 0.0 1.0 1.0 0.0 0.0 0.0 0.0 0.0 0.0 0.0 0.0 0.0 0.0 0.0 0.0 0.0 0.0 0.0 0.0 0.0 0.0 0.0 0.0 0.0 0.0 0.0 0.0 0.0 0.0 0.0 0.0 0.0
-11.80094 -7.51596 -2.51139 -0.49024 -7.87667 -24.43261 -28.61108 -26.5036 -18.677 -8.51433 2 1 2 0 0 0 0 1 0 0 0 0 0 1 0 0 0 0 1 0 0 0 0 1 5 0 0 6 4 0 1 0 1 0 1 0 1 0 0 0 0 1 0 0 0 0 0 0 1 0 0 1 0 0 1 0 0 1 0 5 1 5 2 6 2 0.667 0 0 0 0 1 461 1 7 4 4 1 5 16 2 1 4 0 0.0 0.0 3.0 5.0 0.714285714286 7.0 0.0 0.0 0.0 0.0 0.0 0.0 0.0 0.0 0.0 0.0 0.0 0.0 0.0 0.0 1.0 0.0 0.0 0.0 0.0 0.0 0.0 0.0 0.0 0.0 0.0 0.0 0.0 0.0 0.0 1.0 1.0 0.0 0.0 0.0 0.0 0.0 0.0 0.0 0.0 0.0 0.0 0.0 0.0 0.0 0.0 0.0 0.0 0.0 0.0 0.0 0.0 0.0 0.0 0.0 0.0 0.0 0.0 0.0 0.0 0.0
-23.88276 -24.78958 -22.68744 -26.44803 -26.6493 -22.91137 -21.47477 -17.69685 -21.43734 -24.39382 2 2 2 0 0 0 1 0 0 0 0 0 0 1 0 0 0 1 0 0 0 0 0 0 6 0 0 5 5 0 1 0 1 0 1 0 0 0 1 0 0 1 0 0 0 0 1 0 0 0 0 1 0 0 1 0 0 1 0 6 0 6 1 7 1 0.778 0 0 0 1 0 2 4 1 1 5 0 2 8 7 0 0 0 0.0 0.0 3.0 6.0 0.857142857143 7.0 0.0 0.0 0.0 0.0 0.0 0.0 0.0 0.0 0.0 0.0 0.0 0.0 0.0 0.0 0.0 0.0 0.0 0.0 0.0 0.0 0.0 0.0 0.0 0.0 0.0 0.0 0.0 0.0 0.0 0.0 0.0 1.0 0.0 0.0 0.0 0.0 0.0 0.0 0.0 0.0 0.0 0.0 0.0 0.0 0.0 0.0 0.0 0.0 0.0 0.0 0.0 0.0 0.0 0.0 0.0 0.0 0.0 0.0 0.0 0.0
30.288 20.15001 10.70048 5.09928 -2.82876 -3.33825 14.11166 35.60733 48.66652 49.02175 2 2 2 0 0 1 0 0 0 0 0 0 1 0 0 0 0 1 0 0 0 0 0 4 0 0 0 4 6 0 1 0 1 0 1 0 1 0 0 0 0 0 0 1 0 0 1 0 0 0 0 1 0 0 1 0 0 1 0 0 4 0 5 1 5 0.143 0 0 1 0 0 305 1 4 1 6 0 16 34 6 4 0 0 1.0 0.333333333333 3.0 0.0 0.0 5.0 0.0 0.0 0.0 0.0 0.0 0.0 0.0 0.0 0.0 0.0 0.0 1.0 0.0 0.0 0.0 0.0 0.0 0.0 0.0 0.0 0.0 0.0 0.0 0.0 0.0 0.0 0.0 0.0 0.0 0.0 0.0 0.0 0.0 0.0 0.0 0.0 0.0 0.0 0.0 0.0 0.0 0.0 0.0 0.0 0.0 0.0 0.0 0.0 0.0 0.0 0.0 0.0 0.0 0.0 0.0 0.0 0.0 0.0 0.0 0.0
23.62613 14.71794 0.0479 -0.13083 -12.14205 -14.86369 -17.17746 -12.31067 -15.41254 -17.69475 2 2 2 0 0 1 0 0 0 0 0 1 0 0 0 0 1 0 0 0 0 0 0 3 1 0 0 3 7 0 1 0 1 0 1 0 1 0 0 0 0 1 0 0 0 0 1 0 0 0 0 1 0 0 1 0 0 1 0 1 3 1 4 2 4 0.286 0 0 1 0 0 940 1 4 1 6 1 1 24 6 0 0 0 1.0 0.333333333333 3.0 1.0 0.2 5.0 0.0 0.0 0.0 0.0 0.0 0.0 0.0 0.0 0.0 0.0 0.0 1.0 0.0 0.0 0.0 0.0 0.0 0.0 0.0 0.0 0.0 0.0 0.0 0.0 0.0 0.0 0.0 0.0 0.0 0.0 0.0 0.0 0.0 0.0 0.0 0.0 0.0 0.0 0.0 0.0 0.0 0.0 0.0 0.0 0.0 0.0 0.0 0.0 0.0 0.0 0.0 0.0 0.0 0.0 0.0 0.0 0.0 0.0 0.0 0.0
-4.15308 -6.19675 -6.28342 4.98853 10.09071 17.31326 9.38458 -2.45578 -10.41829 -4.75748 2 2 2 0 1 0 0 0 0 0 0 1 0 0 0 0 0 0 0 1 0 0 0 2 2 0 0 2 8 0 1 0 1 0 1 0 1 0 0 0 0 1 0 0 0 0 1 0 0 0 0 1 0 0 1 0 0 1 0 2 2 2 3 3 3 0.429 0 1 0 0 0 305 1 1 3 7 0 16 34 6 4 0 0 1.0 0.333333333333 3.0 2.0 0.4 5.0 0.0 0.0 0.0 0.0 0.0 0.0 0.0 0.0 0.0 0.0 1.0 0.0 0.0 0.0 0.0 0.0 0.0 0.0 0.0 1.0 0.0 0.0 0.0 0.0 0.0 0.0 0.0 0.0 1.0 0.0 0.0 0.0 0.0 0.0 0.0 0.0 0.0 0.0 0.0 0.0 0.0 0.0 0.0 0.0 0.0 0.0 0.0 0.0 0.0 0.0 0.0 0.0 0.0 0.0 0.0 0.0 0.0 0.0 0.0 0.0
0.7408 8.14601 14.98508 22.49314 37.62306 39.80721 29.85702 12.11136 4.17701 -12.45036 2 2 2 0 0 0 0 1 0 0 1 0 0 0 0 0 0 0 0 1 0 0 0 1 3 0 0 1 9 0 1 0 1 0 1 0 1 0 0 0 0 1 0 0 0 0 0 0 1 0 0 1 0 0 1 0 0 1 0 3 1 3 2 4 2 0.571 0 0 0 0 1 609 1 1 3 7 1 12 24 6 0 0 0 1.0 0.333333333333 3.0 3.0 0.6 5.0 0.0 0.0 0.0 0.0 0.0 0.0 0.0 0.0 0.0 0.0 1.0 0.0 0.0 0.0 0.0 0.0 0.0 0.0 0.0 1.0 0.0 0.0 0.0 0.0 0.0 0.0 0.0 0.0 1.0 0.0 0.0 0.0 0.0 0.0 0.0 0.0 0.0 0.0 0.0 0.0 0.0 0.0 0.0 0.0 0.0 0.0 0.0 0.0 0.0 0.0 0.0 0.0 0.0 0.0 0.0 0.0 0.0 0.0 0.0 0.0
-27.66743 -24.00597 -35.41129 -45.2875 -57.11704 -62.81466 -63.88081 -50.33721 121.48469 163.92817 2 2 2 0 0 0 0 1 0 0 0 0 0 1 1 0 0 0 0 0 0 0 0 0 4 0 0 0 10 0 1 0 1 1 0 0 0 0 1 0 0 1 0 0 0 0 1 0 0 0 0 1 0 0 1 0 0 0 1 4 0 4 1 5 1 0.714 0 0 0 0 1 481 1 1 3 7 2 20 36 9 0 0 0 1.0 0.333333333333 3.0 4.0 0.8 5.0 0.0 0.0 0.0 0.0 0.0 0.0 0.0 0.0 0.0 0.0 1.0 0.0 0.0 0.0 0.0 0.0 0.0 0.0 0.0 1.0 0.0 0.0 0.0 0.0 0.0 0.0 0.0 0.0 1.0 0.0 0.0 0.0 0.0 0.0 0.0 0.0 0.0 0.0 0.0 0.0 0.0 0.0 0.0 0.0 0.0 0.0 0.0 0.0 0.0 0.0 0.0 0.0 0.0 0.0 0.0 0.0 0.0 0.0 0.0 0.0
84.164 62.429 37.398 22.47521 13.78661 11.19011 18.07396 15.84028 11.26955 11.30152 2 2 2 1 0 0 0 0 0 0 0 0 0 1 0 0 0 1 0 0 0 0 2 5 0 0 2 2 11 1 0 0 1 0 1 0 1 0 0 0 0 0 0 1 0 0 1 0 0 0 0 0 1 0 1 0 0 1 0 0 5 0 6 1 6 0.125 1 0 0 0 0 1086 3 1 5 8 0 5 34 6 4 0 0 2.0 0.666666666667 3.0 0.0 0.0 6.0 0.0 0.0 0.0 0.0 0.0 0.0 0.0 0.0 0.0 0.0 0.0 0.0 0.0 0.0 0.0 0.0 0.0 0.0 1.0 0.0 0.0 0.0 0.0 0.0 0.0 0.0 0.0 0.0 0.0 0.0 0.0 0.0 0.0 0.0 0.0 0.0 0.0 0.0 0.0 0.0 0.0 0.0 0.0 0.0 0.0 0.0 0.0 0.0 0.0 0.0 0.0 0.0 0.0 0.0 0.0 0.0 0.0 0.0 0.0 0.0
15.30403 17.31045 8.4239 -5.88366 -12.94386 -13.21941 -11.94709 -22.70743 -26.38583 -25.87703 2 2 2 0 0 1 0 0 1 0 0 0 0 0 0 0 1 0 0 0 0 0 2 4 1 0 2 1 0 0 1 1 0 0 1 0 1 0 0 0 0 1 0 0 0 0 1 0 0 0 0 1 0 0 0 1 0 1 0 1 4 1 5 2 5 0.25 0 0 1 0 0 251 3 1 5 8 1 2 1 1 0 0 0 2.0 0.666666666667 3.0 1.0 0.166666666667 6.0 0.0 0.0 0.0 0.0 0.0 0.0 0.0 0.0 0.0 0.0 0.0 0.0 0.0 0.0 0.0 0.0 0.0 0.0 1.0 0.0 0.0 0.0 0.0 0.0 0.0 0.0 0.0 0.0 0.0 0.0 0.0 0.0 0.0 0.0 0.0 0.0 0.0 0.0 0.0 0.0 0.0 0.0 0.0 0.0 0.0 0.0 0.0 0.0 0.0 0.0 0.0 0.0 0.0 0.0 0.0 0.0 0.0 0.0 0.0 0.0
-33.25226 -34.03524 -34.85792 -23.46415 -1.50187 -3.54133 -11.92461 -16.9266 -17.45956 -6.27944 2 2 2 0 1 0 0 0 0 0 0 1 0 0 1 0 0 0 0 0 0 0 2 3 2 0 2 0 1 0 1 0 1 1 0 0 1 0 0 0 0 1 0 0 0 0 1 0 0 0 0 1 0 0 1 0 0 0 1 2 3 2 4 3 4 0.375 0 1 0 0 0 127 5 3 0 9 0 1 2 1 2 0 0 2.0 0.666666666667 3.0 2.0 0.333333333333 6.0 0.0 0.0 0.0 0.0 0.0 0.0 0.0 0.0 0.0 0.0 0.0 0.0 0.0 0.0 0.0 0.0 0.0 0.0 0.0 0.0 0.0 0.0 0.0 0.0 0.0 0.0 0.0 0.0 0.0 0.0 0.0 0.0 0.0 0.0 0.0 0.0 0.0 0.0 0.0 0.0 0.0 0.0 0.0 0.0 0.0 0.0 0.0 0.0 0.0 0.0 0.0 0.0 0.0 0.0 0.0 0.0 0.0 0.0 0.0 0.0
-14.94105 -14.29555 -14.33205 -8.70355 -3.3287 -10.93259 -13.7434 -18.14447 -19.58036 -17.44042 2 2 2 1 0 0 0 0 0 0 1 0 0 0 1 0 0 0 0 0 0 0 1 2 3 0 1 0 2 1 0 0 1 1 0 0 1 0 0 0 0 1 0 0 0 0 1 0 0 0 0 0 1 0 1 0 0 0 1 3 2 3 3 4 3 0.5 1 0 0 0 0 61 5 3 0 9 1 9 10 7 4 0 0 2.0 0.666666666667 3.0 3.0 0.5 6.0 0.0 0.0 0.0 0.0 0.0 0.0 0.0 0.0 0.0 0.0 0.0 0.0 0.0 0.0 0.0 0.0 0.0 0.0 0.0 0.0 0.0 0.0 0.0 0.0 0.0 0.0 0.0 0.0 0.0 0.0 0.0 0.0 0.0 0.0 0.0 0.0 0.0 0.0 0.0 0.0 0.0 0.0 0.0 0.0 0.0 0.0 0.0 0.0 0.0 0.0 0.0 0.0 0.0 0.0 0.0 0.0 0.0 0.0 0.0 0.0
-8.19919 -8.51456 -5.42456 2.81761 15.3506 18.20531 12.32081 7.52436 -0.0494 -15.47854 2 2 2 1 0 0 0 0 1 0 0 0 0 0 0 0 1 0 0 0 0 1 0 1 4 1 0 1 0 1 0 1 0 0 1 0 1 0 0 0 0 1 0 0 0 0 0 0 0 1 0 0 1 0 0 1 0 1 0 4 1 4 2 5 2 0.625 1 0 0 0 0 74 5 3 0 9 2 16 13 2 0 0 0 2.0 0.666666666667 3.0 4.0 0.666666666667 6.0 0.0 0.0 0.0 0.0 0.0 0.0 0.0 0.0 0.0 0.0 0.0 0.0 0.0 0.0 0.0 0.0 0.0 0.0 0.0 0.0 0.0 0.0 0.0 0.0 0.0 0.0 0.0 0.0 0.0 0.0 0.0 0.0 0.0 0.0 0.0 0.0 0.0 0.0 0.0 0.0 0.0 0.0 0.0 0.0 0.0 0.0 0.0 0.0 0.0 0.0 0.0 0.0 0.0 0.0 0.0 0.0 0.0 0.0 0.0 0.0
-21.57327 -23.17085 -10.85179 3.28449 3.68504 12.13026 15.47653 13.5568 5.21181 2.267 2 2 0 0 1 0 0 0 1 0 0 0 0 0 0 1 0 0 0 0 0 2 0 0 5 2 0 0 0 0 1 1 0 0 1 0 0 0 0 1 0 1 0 0 0 1 0 0 0 0 0 1 0 0 0 1 1 0 0 5 0 5 1 6 1 0.75 0 1 0 0 0 127 5 3 0 9 3 1 2 1 2 0 0 2.0 0.666666666667 3.0 5.0 0.833333333333 6.0 0.0 0.0 0.0 0.0 0.0 0.0 0.0 0.0 0.0 0.0 0.0 0.0 0.0 0.0 0.0 0.0 0.0 0.0 0.0 0.0 0.0 0.0 0.0 0.0 0.0 0.0 0.0 0.0 0.0 0.0 0.0 0.0 0.0 0.0 0.0 0.0 0.0 0.0 0.0 0.0 0.0 0.0 0.0 0.0 0.0 0.0 0.0 0.0 0.0 0.0 0.0 0.0 0.0 0.0 0.0 0.0 0.0 0.0 0.0 0.0
