346.162899237 345.19817919 343.290253381 340.481562384 336.834313835 332.428784987 327.361135431 321.740792275 315.687482263 309.327995349 2 0 2 0 0 0 0 1 0 1 0 0 0 0 1 0 0 0 0 0 0 0 7 16 0 0 7 0 0 0 1 0 1 1 0 133.37801 130 0 133.37801 0 1 0 0 0 1 0 0 0 0 0 1 0 0 0 0 1 0 1 0 0 0 0 1 0 16 0 17 1 16 0.056 0 0 0 0 1 1420 5
302.79277184 296.21241023 289.714194999 283.418743058 277.436863986 271.866723037 266.791387115 262.276822827 258.370402692 255.099960872 2 2 2 1 0 0 0 0 0 0 0 0 0 1 0 0 1 0 0 0 0 0 6 15 1 0 6 4 1 1 0 0 1 0 1 136.37801 133.37801 133.37801 136.37801 0 1 0 0 0 0 1 0 0 0 0 1 0 0 0 0 0 1 0 1 0 0 1 0 1 15 1 16 2 15 0.111 1 0 0 0 0 1260 5
252.47342392 250.479025398 249.086096342 248.246406825 247.896017902 247.957588379 248.343067562 248.956693885 249.698210282 250.466200746 2 2 2 0 1 0 0 0 1 0 0 0 0 0 0 0 0 0 0 1 0 1 6 14 2 1 6 3 0 0 1 1 0 0 1 0 136.37801 136.37801 0 0 1 0 0 0 0 1 0 0 0 0 1 0 0 0 0 1 0 0 0 1 0 1 0 2 14 2 15 3 14 0.167 0 1 0 0 0 76 2
251.161448821 251.69021793 251.967355525 251.919127949 251.485700496 250.623187333 249.305208211 247.5239032 245.290372294 242.634523491 2 2 2 0 0 0 0 1 0 0 1 0 0 0 0 0 0 1 0 0 0 1 6 13 3 1 6 2 1 0 1 0 1 0 1 0 0 0 0 0 1 0 0 0 0 1 0 0 0 0 1 0 0 0 0 1 0 0 1 0 0 1 0 3 13 3 14 4 13 0.222 0 0 0 0 1 456 5
239.604330232 236.264516384 232.694703869 228.987074024 225.243608338 221.572987016 218.08723442 214.898208503 212.114036745 209.835603523 2 2 2 0 0 1 0 0 0 0 0 0 0 1 0 0 0 1 0 0 0 1 6 12 4 1 6 1 2 0 1 0 1 0 1 0 0 0 0 0 1 0 0 0 0 1 0 0 0 0 1 0 0 0 0 1 0 0 1 0 0 1 0 4 12 4 13 5 12 0.278 0 0 1 0 0 731 5
208.153193277 207.143390309 206.866329541 207.363383362 208.655357923 210.741258366 213.597666684 217.178758853 221.416969833 226.224296662 2 2 2 0 0 1 0 0 0 0 0 1 0 0 1 0 0 0 0 0 0 1 6 11 5 1 6 0 3 0 1 0 1 1 0 127.97301 0 0 127.97301 0 1 0 0 0 0 1 0 0 0 0 1 0 0 0 0 1 0 0 1 0 0 0 1 5 11 5 12 6 11 0.333 0 0 1 0 0 436 5
231.49421156 237.104139346 242.91843694 248.791797862 254.572991767 260.108838663 265.248309723 269.846641919 273.769352053 276.896037368 2 2 2 1 0 0 0 0 0 0 0 1 0 0 1 0 0 0 0 0 0 1 5 10 6 1 5 0 4 1 0 0 1 1 0 131.4325 127.97301 127.97301 131.4325 0 1 0 0 0 0 1 0 0 0 0 1 0 0 0 0 0 1 0 1 0 0 0 1 6 10 6 11 7 10 0.389 1 0 0 0 0 143 5
279.123854636 280.370577457 280.577142119 279.709605653 277.760455171 274.74922489 270.72239589 265.752573168 259.936954324 253.395123844 2 2 2 1 0 0 0 0 1 0 0 0 0 0 0 0 1 0 0 0 0 2 4 9 7 2 4 1 0 1 0 1 0 0 1 129.892 131.4325 131.4325 129.892 0 1 0 0 0 0 1 0 0 0 0 1 0 0 0 0 0 1 0 0 1 0 1 0 7 9 7 10 8 9 0.444 1 0 0 0 0 57 5
246.266225677 238.705584344 230.880860488 222.967840223 215.145968493 207.593744507 200.484102046 193.979898809 188.229636941 183.363531555 2 2 2 0 1 0 0 0 1 0 0 0 0 0 1 0 0 0 0 0 0 3 4 8 8 3 4 0 0 0 1 1 0 1 0 124.73 129.892 129.892 124.73 0 1 0 0 0 0 1 0 0 0 0 1 0 0 0 0 1 0 0 0 1 0 0 1 8 8 8 9 9 8 0.5 0 1 0 0 0 9 16
179.490035436 176.692916531 175.028970503 174.526433988 175.184145635 176.971482062 179.829075075 183.670295361 188.38346708 193.834757755 2 2 2 1 0 0 0 0 0 0 1 0 0 0 0 0 0 1 0 0 0 3 3 7 9 3 3 1 1 1 0 0 1 0 1 127.73 124.73 124.73 127.73 0 1 0 0 0 0 1 0 0 0 0 1 0 0 0 0 0 1 0 1 0 0 1 0 9 7 9 8 10 7 0.556 1 0 0 0 0 302 5
199.871669329 206.327039535 213.023448485 219.777913816 226.406749356 232.730457215 238.578521612 243.793974821 248.237611103 251.791733451 2 2 2 0 0 1 0 0 1 0 0 0 0 0 1 0 0 0 0 0 0 4 3 6 10 4 3 0 0 0 1 1 0 1 0 122.568 127.73 127.73 122.568 0 1 0 0 0 0 1 0 0 0 0 1 0 0 0 0 1 0 0 0 1 0 0 1 10 6 10 7 11 6 0.611 0 0 1 0 0 72 5
254.363330075 255.886592498 256.324704543 255.670850916 253.948414972 251.210357055 247.537786966 243.037765963 237.84039473 232.095263318 2 2 2 1 0 0 0 0 0 0 0 1 0 0 0 0 0 1 0 0 0 4 2 5 11 4 2 2 1 1 0 0 1 0 1 125.568 122.568 122.568 125.568 0 1 0 0 0 0 1 0 0 0 0 1 0 0 0 0 0 1 0 1 0 0 1 0 11 5 11 6 12 5 0.667 1 0 0 0 0 36 5
225.96735667 219.6325245 213.272636543 207.070553263 201.205047676 195.845815842 191.14871183 187.25133747 184.26910821 182.291904075 2 2 2 0 0 1 0 0 1 0 0 0 0 0 0 0 0 1 0 0 0 5 2 4 12 5 2 1 0 0 1 1 0 0 1 0 125.568 125.568 0 0 1 0 0 0 0 1 0 0 0 0 1 0 0 0 0 1 0 0 0 1 0 1 0 12 4 12 5 13 4 0.722 0 0 1 0 0 480 12
181.381399403 181.569147155 182.855473528 185.209217057 188.568323718 192.841286591 197.909395794 203.629742491 209.838900201 216.357188123 2 2 2 0 0 1 0 0 0 0 0 1 0 0 1 0 0 0 0 0 0 5 2 3 13 5 2 0 1 0 1 0 1 1 0 119.324 0 0 119.324 0 1 0 0 0 0 1 0 0 0 0 1 0 0 0 0 1 0 0 1 0 0 0 1 13 3 13 4 14 3 0.778 0 0 1 0 0 735 8
222.993405118 229.549909868 235.827912916 241.632840004 246.779623633 251.097781073 254.436142155 256.667098968 257.69026183 257.43542125 2 2 2 1 0 0 0 0 0 0 0 1 0 0 0 0 1 0 0 0 0 5 1 2 14 5 1 1 2 1 0 0 1 0 1 122.324 119.324 119.324 122.324 0 1 0 0 0 0 1 0 0 0 0 1 0 0 0 0 0 1 0 1 0 0 1 0 14 2 14 3 15 2 0.833 1 0 0 0 0 804 8
255.864733707 252.974069408 248.793482234 243.386785267 236.850238971 229.310382639 220.921062538 211.859731595 202.323114962 192.522352825 2 2 2 0 1 0 0 0 1 0 0 0 0 0 1 0 0 0 0 0 0 6 1 1 15 6 1 0 0 0 1 1 0 1 0 117.162 122.324 122.324 117.162 0 1 0 0 0 0 1 0 0 0 0 0 0 1 0 0 1 0 0 0 1 0 0 1 15 1 15 2 16 1 0.889 0 1 0 0 0 455 8
182.677745895 173.013239845 163.750792104 155.104767853 147.276511555 140.449235974 134.783362499 130.412434885 127.439713582 125.935540015 2 2 0 1 0 0 0 0 0 0 1 0 0 0 0 1 0 0 0 0 0 6 0 0 16 6 0 0 1 1 0 0 1 0 1 120.162 117.162 117.162 0 0 0 0 1 0 0 1 0 0 0 1 0 0 0 0 0 0 1 0 1 0 1 0 0 16 0 16 1 1 1 0.333 1 0 0 0 0 19 8
