32.11199 24.53999 28.13121 28.54424 31.66668 30.52354 38.05697 39.63846 28.77212 34.82699 2 0 2 1 0 0 0 0 0 1 0 0 0 0 0 0 1 0 0 0 0 0 5 17 0 0 5 1 0 1 0 0 1 0 1 0 1 0 0 0 1 0 0 0 0 0 1 0 0 0 0 0 1 1 0 0 0 1 0 0 17 0 18 1 9 0.091 1 0 0 0 0 80 7 0 13 0 0 5 17 0.0 0.0 3.0 0.0 0.0 9.0 0.0 1.0 0.0 0.0 0.0 0.0 0.0 0.0 0.0 0.0 0.0 0.0 0.0 0.0 0.0 0.0 0.0 0.0 0.0 0.0 0.0 0.0 0.0 0.0 0.0 0.0 0.0 0.0 0.0 0.0 0.0 0.0 0.0 0.0 1.0 0.0 0.0 0.0 0.0 0.0 0.0 0.0 0.0 0.0 0.0 0.0 0.0 0.0 0.0 0.0 0.0 0.0 0.0 0.0 0.0 0.0 0.0 0.0 0.0 0.0
35.64111 43.71935 47.1411 60.44263 68.78169 77.99778 69.60934 28.8563 16.28957 17.11529 2 2 2 0 1 0 0 0 1 0 0 0 0 0 1 0 0 0 0 0 0 0 5 16 1 0 5 0 0 0 1 1 0 1 0 0 1 0 0 0 0 1 0 0 0 0 1 0 0 0 0 1 0 0 0 1 0 0 1 1 16 1 17 2 8 0.182 0 1 0 0 0 141 7 0 13 0 1 11 13 0.0 0.0 3.0 1.0 0.111111111111 9.0 0.0 1.0 0.0 0.0 0.0 0.0 0.0 0.0 0.0 0.0 0.0 0.0 0.0 0.0 0.0 0.0 0.0 0.0 0.0 0.0 0.0 0.0 0.0 0.0 0.0 0.0 0.0 0.0 0.0 0.0 0.0 0.0 0.0 0.0 1.0 0.0 0.0 0.0 0.0 0.0 0.0 0.0 0.0 0.0 0.0 0.0 0.0 0.0 0.0 0.0 0.0 0.0 0.0 0.0 0.0 0.0 0.0 0.0 0.0 0.0
9.8696 2.86904 -0.75214 -6.36033 -12.00016 -11.48116 -9.22929 -6.63797 -3.75258 -2.65497 2 2 2 1 0 0 0 0 0 0 1 0 0 0 0 0 0 0 1 0 0 0 4 15 2 0 4 6 1 1 0 0 1 0 1 0 1 0 0 0 0 1 0 0 0 0 1 0 0 0 0 0 1 0 1 0 0 1 0 2 15 2 16 3 7 0.273 1 0 0 0 0 21 13 7 11 1 0 3 1 0.0 0.0 3.0 2.0 0.222222222222 9.0 0.0 0.0 0.0 0.0 0.0 0.0 0.0 0.0 0.0 0.0 0.0 0.0 0.0 0.0 0.0 0.0 0.0 0.0 0.0 1.0 0.0 0.0 0.0 0.0 0.0 0.0 0.0 0.0 0.0 0.0 0.0 0.0 0.0 0.0 0.0 0.0 0.0 0.0 0.0 0.0 0.0 0.0 0.0 0.0 0.0 0.0 0.0 0.0 0.0 0.0 0.0 0.0 0.0 0.0 0.0 0.0 0.0 0.0 0.0 0.0
5.95516 1.38457 4.26803 5.75694 10.29331 6.61846 9.42063 9.16323 22.39244 21.24906 2 2 2 0 0 0 1 0 1 0 0 0 0 0 0 0 0 0 0 1 0 1 4 14 3 1 4 5 0 0 1 1 0 0 1 0 1 0 0 0 0 1 0 0 0 0 1 0 0 0 0 1 0 0 0 1 0 1 0 3 14 3 15 4 6 0.364 0 0 0 1 0 23 13 7 11 1 1 18 10 0.0 0.0 3.0 3.0 0.333333333333 9.0 0.0 0.0 0.0 0.0 0.0 0.0 0.0 0.0 0.0 0.0 0.0 0.0 0.0 0.0 0.0 0.0 0.0 0.0 0.0 1.0 0.0 0.0 0.0 0.0 0.0 0.0 0.0 0.0 0.0 0.0 0.0 0.0 0.0 0.0 0.0 0.0 0.0 0.0 0.0 0.0 0.0 0.0 0.0 0.0 0.0 0.0 0.0 0.0 0.0 0.0 0.0 0.0 0.0 0.0 0.0 0.0 0.0 0.0 0.0 0.0
5.84875 21.43454 17.27341 -6.74406 -29.28244 -40.19337 -44.51942 -37.29863 -26.45871 -5.83032 2 2 2 0 0 0 0 1 0 0 0 0 1 0 0 0 0 0 0 1 0 1 4 13 4 1 4 4 1 0 1 0 1 0 1 0 1 0 0 0 0 1 0 0 0 0 1 0 0 0 0 1 0 0 1 0 0 1 0 4 13 4 14 5 5 0.455 0 0 0 0 1 33 11 13 13 2 0 2 29 0.0 0.0 3.0 4.0 0.444444444444 9.0 0.0 0.0 0.0 0.0 0.0 0.0 0.0 0.0 0.0 0.0 0.0 0.0 0.0 0.0 0.0 0.0 0.0 0.0 0.0 0.0 0.0 0.0 0.0 0.0 0.0 0.0 0.0 0.0 0.0 0.0 0.0 1.0 0.0 0.0 0.0 0.0 0.0 0.0 0.0 0.0 0.0 0.0 0.0 0.0 0.0 0.0 0.0 0.0 0.0 0.0 0.0 0.0 0.0 0.0 0.0 0.0 0.0 0.0 0.0 0.0
12.43263 13.66388 6.34022 3.74259 11.10897 28.3409 41.19163 48.54805 42.96019 49.06503 2 2 2 0 0 0 0 1 0 0 0 0 0 1 0 0 1 0 0 0 0 1 4 12 5 1 4 3 2 0 1 0 1 0 1 0 1 0 0 0 0 1 0 0 0 0 1 0 0 0 0 1 0 0 1 0 0 1 0 5 12 5 13 6 4 0.545 0 0 0 0 1 65 13 11 11 3 0 17 13 0.0 0.0 3.0 5.0 0.555555555556 9.0 0.0 0.0 0.0 0.0 0.0 0.0 0.0 0.0 0.0 0.0 0.0 0.0 0.0 0.0 0.0 0.0 0.0 0.0 0.0 1.0 0.0 0.0 0.0 0.0 0.0 0.0 0.0 0.0 0.0 0.0 0.0 0.0 0.0 0.0 0.0 0.0 0.0 0.0 0.0 0.0 0.0 0.0 0.0 0.0 0.0 0.0 0.0 0.0 0.0 0.0 0.0 0.0 0.0 0.0 0.0 0.0 0.0 0.0 0.0 0.0
48.72091 38.09334 20.45414 -4.85624 -12.98808 -21.25562 -16.99753 -5.30047 1.22405 2.00385 2 2 2 0 1 0 0 0 0 0 0 0 0 1 0 0 0 0 0 1 0 1 4 11 6 1 4 2 3 0 1 0 1 0 1 0 1 0 0 0 0 1 0 0 0 0 1 0 0 0 0 1 0 0 1 0 0 1 0 6 11 6 12 7 3 0.636 0 1 0 0 0 407 13 11 11 3 1 5 13 0.0 0.0 3.0 6.0 0.666666666667 9.0 0.0 0.0 0.0 0.0 0.0 0.0 0.0 0.0 0.0 0.0 0.0 0.0 0.0 0.0 0.0 0.0 0.0 0.0 0.0 1.0 0.0 0.0 0.0 0.0 0.0 0.0 0.0 0.0 0.0 0.0 0.0 0.0 0.0 0.0 0.0 0.0 0.0 0.0 0.0 0.0 0.0 0.0 0.0 0.0 0.0 0.0 0.0 0.0 0.0 0.0 0.0 0.0 0.0 0.0 0.0 0.0 0.0 0.0 0.0 0.0
-8.85272 -22.56184 -20.17481 -13.31599 1.9019 7.93807 12.71072 10.37474 4.27344 1.37025 2 2 2 0 0 0 0 1 0 0 1 0 0 0 0 0 0 1 0 0 0 1 4 10 7 1 4 1 4 0 1 0 1 0 1 0 1 0 0 0 0 1 0 0 0 0 1 0 0 0 0 1 0 0 1 0 0 1 0 7 10 7 11 8 2 0.727 0 0 0 0 1 38 11 13 1 4 0 17 26 0.0 0.0 3.0 7.0 0.777777777778 9.0 0.0 0.0 0.0 0.0 0.0 0.0 0.0 0.0 0.0 0.0 0.0 0.0 0.0 0.0 0.0 0.0 0.0 0.0 0.0 0.0 0.0 0.0 0.0 0.0 0.0 0.0 0.0 0.0 0.0 0.0 0.0 1.0 0.0 0.0 0.0 0.0 0.0 0.0 0.0 0.0 0.0 0.0 0.0 0.0 0.0 0.0 0.0 0.0 0.0 0.0 0.0 0.0 0.0 0.0 0.0 0.0 0.0 0.0 0.0 0.0
3.01821 2.20192 6.22889 -2.66826 0.91979 -0.21297 1.77251 -6.79614 -19.45782 -27.11674 2 2 1 0 0 1 0 0 0 0 0 0 0 1 1 0 0 0 0 0 0 1 4 9 8 1 4 0 5 0 1 0 1 1 0 0 1 0 0 0 0 1 0 0 0 0 1 0 0 0 0 1 0 0 1 0 0 0 1 8 9 8 10 9 1 0.818 0 0 1 0 0 17 11 13 1 4 1 22 9 0.0 0.0 3.0 8.0 0.888888888889 9.0 0.0 0.0 0.0 0.0 0.0 0.0 0.0 0.0 0.0 0.0 0.0 0.0 0.0 0.0 0.0 0.0 0.0 0.0 0.0 0.0 0.0 0.0 0.0 0.0 0.0 0.0 0.0 0.0 0.0 0.0 0.0 1.0 0.0 0.0 0.0 0.0 0.0 0.0 0.0 0.0 0.0 0.0 0.0 0.0 0.0 0.0 0.0 0.0 0.0 0.0 0.0 0.0 0.0 0.0 0.0 0.0 0.0 0.0 0.0 0.0
20.10316 12.41929 15.61263 9.02024 4.9621 8.63137 4.38952 13.98932 9.42606 21.55034 1 2 2 1 0 0 0 0 0 0 0 1 0 0 1 0 0 0 0 0 0 1 3 8 9 1 3 0 6 1 0 0 1 1 0 0 1 0 0 0 0 1 0 0 0 0 1 0 0 0 0 0 1 0 1 0 0 0 1 9 8 9 9 1 9 0.091 1 0 0 0 0 532 1 11 2 5 0 0 7 1.0 0.333333333333 3.0 0.0 0.0 9.0 0.0 0.0 0.0 0.0 0.0 0.0 0.0 0.0 0.0 0.0 0.0 0.0 0.0 0.0 0.0 0.0 0.0 0.0 0.0 0.0 0.0 0.0 0.0 0.0 0.0 0.0 0.0 0.0 0.0 1.0 1.0 0.0 0.0 0.0 0.0 0.0 0.0 0.0 0.0 0.0 0.0 0.0 0.0 0.0 0.0 0.0 0.0 0.0 0.0 0.0 0.0 0.0 0.0 0.0 0.0 0.0 0.0 0.0 0.0 0.0
23.09929 17.07147 12.31414 5.54463 6.91215 8.34323 6.62394 8.36486 10.40765 17.1139 2 1 2 1 0 0 0 0 1 0 0 0 0 0 0 0 0 1 0 0 0 2 2 7 10 2 2 2 0 1 0 1 0 0 1 0 1 0 0 0 0 1 0 0 0 0 1 0 0 0 0 0 1 0 0 1 0 1 0 10 7 10 8 2 8 0.182 1 0 0 0 0 876 1 11 2 5 1 16 7 1.0 0.333333333333 3.0 1.0 0.111111111111 9.0 0.0 0.0 0.0 0.0 0.0 0.0 0.0 0.0 0.0 0.0 0.0 0.0 0.0 0.0 0.0 0.0 0.0 0.0 0.0 0.0 0.0 0.0 0.0 0.0 0.0 0.0 0.0 0.0 0.0 1.0 1.0 0.0 0.0 0.0 0.0 0.0 0.0 0.0 0.0 0.0 0.0 0.0 0.0 0.0 0.0 0.0 0.0 0.0 0.0 0.0 0.0 0.0 0.0 0.0 0.0 0.0 0.0 0.0 0.0 0.0
21.49552 6.37223 -9.64788 -22.62373 -8.77792 -5.96664 -11.09776 -18.28959 -10.81734 2.3657 2 2 2 0 0 1 0 0 1 0 0 0 0 0 0 0 1 0 0 0 0 3 2 6 11 3 2 1 0 0 1 1 0 0 1 0 1 0 0 0 0 1 0 0 0 0 1 0 0 0 0 1 0 0 0 1 0 1 0 11 6 11 7 3 7 0.273 0 0 1 0 0 6 1 11 2 5 2 21 10 1.0 0.333333333333 3.0 2.0 0.222222222222 9.0 0.0 0.0 0.0 0.0 0.0 0.0 0.0 0.0 0.0 0.0 0.0 0.0 0.0 0.0 0.0 0.0 0.0 0.0 0.0 0.0 0.0 0.0 0.0 0.0 0.0 0.0 0.0 0.0 0.0 1.0 1.0 0.0 0.0 0.0 0.0 0.0 0.0 0.0 0.0 0.0 0.0 0.0 0.0 0.0 0.0 0.0 0.0 0.0 0.0 0.0 0.0 0.0 0.0 0.0 0.0 0.0 0.0 0.0 0.0 0.0
-5.29631 -12.41786 -14.93828 -24.02771 -14.62229 -5.87375 -14.15216 -6.31524 1.706 16.00498 2 2 2 0 1 0 0 0 0 0 0 1 0 0 1 0 0 0 0 0 0 3 2 5 12 3 2 0 1 0 1 0 1 1 0 0 1 0 0 0 0 1 0 0 0 0 1 0 0 0 0 1 0 0 1 0 0 0 1 12 5 12 6 4 6 0.364 0 1 0 0 0 128 2 1 7 6 0 12 26 1.0 0.333333333333 3.0 3.0 0.333333333333 9.0 0.0 0.0 0.0 0.0 0.0 0.0 0.0 0.0 0.0 0.0 0.0 0.0 0.0 0.0 0.0 0.0 0.0 0.0 0.0 0.0 0.0 1.0 0.0 0.0 0.0 0.0 0.0 0.0 0.0 0.0 0.0 0.0 0.0 0.0 0.0 0.0 0.0 0.0 0.0 0.0 0.0 0.0 0.0 0.0 0.0 0.0 0.0 0.0 0.0 0.0 0.0 0.0 0.0 0.0 0.0 0.0 0.0 0.0 0.0 0.0
20.38369 18.31312 23.76088 20.21991 17.98687 11.10724 13.88179 10.74723 7.85554 4.41904 2 2 2 1 0 0 0 0 0 0 1 0 0 0 1 0 0 0 0 0 0 3 1 4 13 3 1 0 2 1 0 0 1 1 0 0 1 0 0 0 0 1 0 0 0 0 1 0 0 0 0 0 1 0 1 0 0 0 1 13 4 13 5 5 5 0.455 1 0 0 0 0 29 7 2 4 7 0 9 1 1.0 0.333333333333 3.0 4.0 0.444444444444 9.0 0.0 0.0 0.0 0.0 0.0 0.0 0.0 0.0 1.0 0.0 0.0 0.0 0.0 0.0 0.0 1.0 0.0 0.0 1.0 0.0 1.0 0.0 0.0 0.0 0.0 0.0 0.0 0.0 1.0 0.0 0.0 0.0 0.0 0.0 0.0 0.0 0.0 0.0 0.0 0.0 0.0 0.0 0.0 0.0 0.0 0.0 0.0 0.0 0.0 0.0 0.0 0.0 0.0 0.0 0.0 0.0 0.0 0.0 0.0 0.0
9.83243 6.87905 1.02438 -10.73567 -22.0953 -17.62982 -9.05177 -10.98781 -15.65482 -11.35468 2 2 2 1 0 0 0 0 1 0 0 0 0 0 0 0 0 0 1 0 0 4 0 3 14 4 0 4 0 1 0 1 0 0 1 0 1 0 0 0 0 1 0 0 0 0 1 0 0 0 0 0 1 0 0 1 0 1 0 14 3 14 4 6 4 0.545 1 0 0 0 0 681 7 2 4 7 1 10 29 1.0 0.333333333333 3.0 5.0 0.555555555556 9.0 0.0 0.0 0.0 0.0 0.0 0.0 0.0 0.0 1.0 0.0 0.0 0.0 0.0 0.0 0.0 1.0 0.0 0.0 1.0 0.0 1.0 0.0 0.0 0.0 0.0 0.0 0.0 0.0 1.0 0.0 0.0 0.0 0.0 0.0 0.0 0.0 0.0 0.0 0.0 0.0 0.0 0.0 0.0 0.0 0.0 0.0 0.0 0.0 0.0 0.0 0.0 0.0 0.0 0.0 0.0 0.0 0.0 0.0 0.0 0.0
-3.85178 -10.98249 -3.35073 1.67245 2.79509 -1.79116 6.11372 10.75012 13.25222 18.60612 2 2 2 0 0 0 1 0 1 0 0 0 0 0 0 0 0 0 0 1 0 5 0 2 15 5 0 3 0 0 1 1 0 0 1 0 1 0 0 0 0 1 0 0 0 0 1 0 0 0 0 1 0 0 0 1 0 1 0 15 2 15 3 7 3 0.636 0 0 0 1 0 2 4 7 1 8 0 2 8 1.0 0.333333333333 3.0 6.0 0.666666666667 9.0 0.0 0.0 0.0 0.0 0.0 0.0 0.0 0.0 0.0 1.0 0.0 0.0 0.0 0.0 0.0 0.0 0.0 0.0 0.0 0.0 0.0 0.0 0.0 0.0 0.0 0.0 0.0 0.0 0.0 0.0 0.0 0.0 0.0 0.0 0.0 0.0 0.0 0.0 0.0 0.0 0.0 0.0 0.0 0.0 0.0 0.0 0.0 0.0 0.0 0.0 0.0 0.0 0.0 0.0 0.0 0.0 0.0 0.0 0.0 0.0
8.93252 5.43203 23.10901 40.93847 46.67895 35.94559 40.49437 28.87243 3.8776 -25.80792 2 2 2 0 0 0 0 1 0 0 0 0 1 0 0 0 0 0 0 1 0 5 0 1 16 5 0 2 1 0 1 0 1 0 1 0 1 0 0 0 0 1 0 0 0 0 0 0 1 0 0 1 0 0 1 0 0 1 0 16 1 16 2 8 2 0.727 0 0 0 0 1 38 1 4 7 9 0 17 26 1.0 0.333333333333 3.0 7.0 0.777777777778 9.0 0.0 0.0 0.0 0.0 0.0 0.0 0.0 0.0 0.0 0.0 0.0 0.0 0.0 0.0 1.0 0.0 0.0 0.0 0.0 0.0 0.0 0.0 0.0 0.0 0.0 0.0 0.0 0.0 0.0 1.0 1.0 0.0 0.0 0.0 0.0 0.0 0.0 0.0 0.0 0.0 0.0 0.0 0.0 0.0 0.0 0.0 0.0 0.0 0.0 0.0 0.0 0.0 0.0 0.0 0.0 0.0 0.0 0.0 0.0 0.0
-25.10404 -38.47277 -38.63105 -36.1586 -27.76075 -29.10487 -8.21928 -2.66903 -21.78193 -37.9882 2 2 2 0 0 0 0 1 0 0 0 0 0 1 0 0 1 0 0 0 0 5 0 0 17 5 0 1 2 0 1 0 1 0 1 0 0 0 1 0 0 1 0 0 0 0 1 0 0 0 0 1 0 0 1 0 0 1 0 17 0 17 1 9 1 0.818 0 0 0 0 1 35 1 4 7 9 1 23 35 1.0 0.333333333333 3.0 8.0 0.888888888889 9.0 0.0 0.0 0.0 0.0 0.0 0.0 0.0 0.0 0.0 0.0 0.0 0.0 0.0 0.0 1.0 0.0 0.0 0.0 0.0 0.0 0.0 0.0 0.0 0.0 0.0 0.0 0.0 0.0 0.0 1.0 1.0 0.0 0.0 0.0 0.0 0.0 0.0 0.0 0.0 0.0 0.0 0.0 0.0 0.0 0.0 0.0 0.0 0.0 0.0 0.0 0.0 0.0 0.0 0.0 0.0 0.0 0.0 0.0 0.0 0.0
6.36177 -0.58183 -2.71089 -6.01271 -15.60373 -18.94644 -15.38605 -16.15098 -12.40292 -4.51871 2 2 2 0 1 0 0 0 0 0 0 0 0 1 1 0 0 0 0 0 0 0 1 4 0 0 1 0 3 0 1 0 1 1 0 0 1 0 0 0 0 0 0 1 0 0 1 0 0 0 0 1 0 0 1 0 0 0 1 0 4 0 5 1 5 0.143 0 1 0 0 0 9 7 1 3 10 0 23 7 2.0 0.666666666667 3.0 0.0 0.0 5.0 0.0 0.0 0.0 0.0 0.0 0.0 0.0 0.0 0.0 0.0 0.0 0.0 0.0 0.0 0.0 0.0 1.0 0.0 1.0 0.0 0.0 0.0 0.0 0.0 0.0 0.0 0.0 0.0 1.0 0.0 0.0 0.0 0.0 0.0 0.0 1.0 0.0 0.0 0.0 0.0 0.0 0.0 0.0 0.0 0.0 0.0 0.0 0.0 0.0 0.0 0.0 0.0 0.0 0.0 0.0 0.0 0.0 0.0 0.0 0.0
3.47858 6.69287 5.4013 1.9737 -3.14319 -2.77532 -8.99648 -8.95965 0.82753 7.42603 2 2 2 1 0 0 0 0 0 0 1 0 0 0 0 0 0 0 1 0 0 0 0 3 1 0 0 3 4 1 0 0 1 0 1 0 1 0 0 0 0 1 0 0 0 0 1 0 0 0 0 0 1 0 1 0 0 1 0 1 3 1 4 2 4 0.286 1 0 0 0 0 87 3 7 1 11 0 15 20 2.0 0.666666666667 3.0 1.0 0.2 5.0 0.0 0.0 0.0 0.0 0.0 0.0 0.0 1.0 0.0 0.0 0.0 0.0 0.0 0.0 0.0 0.0 0.0 0.0 0.0 0.0 0.0 0.0 0.0 0.0 0.0 0.0 0.0 0.0 0.0 0.0 0.0 0.0 0.0 0.0 0.0 0.0 0.0 0.0 0.0 0.0 0.0 0.0 0.0 0.0 0.0 0.0 0.0 0.0 0.0 0.0 0.0 0.0 0.0 0.0 0.0 0.0 0.0 0.0 0.0 0.0
13.81278 11.31434 9.57432 2.21289 -7.80219 -4.83108 -10.7202 -12.70737 -5.64791 -22.07817 2 2 2 0 0 0 1 0 1 0 0 0 0 0 0 0 0 0 0 1 0 1 0 2 2 1 0 2 0 0 1 1 0 0 1 0 1 0 0 0 0 1 0 0 0 0 1 0 0 0 0 1 0 0 0 1 0 1 0 2 2 2 3 3 3 0.429 0 0 0 1 0 2 3 7 1 11 1 2 8 2.0 0.666666666667 3.0 2.0 0.4 5.0 0.0 0.0 0.0 0.0 0.0 0.0 0.0 1.0 0.0 0.0 0.0 0.0 0.0 0.0 0.0 0.0 0.0 0.0 0.0 0.0 0.0 0.0 0.0 0.0 0.0 0.0 0.0 0.0 0.0 0.0 0.0 0.0 0.0 0.0 0.0 0.0 0.0 0.0 0.0 0.0 0.0 0.0 0.0 0.0 0.0 0.0 0.0 0.0 0.0 0.0 0.0 0.0 0.0 0.0 0.0 0.0 0.0 0.0 0.0 0.0
-23.48022 -37.25057 -54.78053 -55.74122 -43.05546 -32.7772 -19.41821 11.69611 13.36839 19.03417 2 2 2 0 0 0 0 1 0 0 0 0 1 0 0 0 0 0 1 0 0 1 0 1 3 1 0 1 1 0 1 0 1 0 1 0 1 0 0 0 0 1 0 0 0 0 0 0 0 1 0 1 0 0 1 0 0 1 0 3 1 3 2 4 2 0.571 0 0 0 0 1 507 1 3 0 12 0 21 10 2.0 0.666666666667 3.0 3.0 0.6 5.0 1.0 0.0 0.0 0.0 0.0 0.0 1.0 0.0 0.0 0.0 0.0 0.0 0.0 0.0 0.0 0.0 0.0 1.0 0.0 0.0 0.0 0.0 0.0 0.0 0.0 0.0 0.0 0.0 0.0 0.0 0.0 0.0 0.0 0.0 0.0 0.0 0.0 0.0 0.0 0.0 0.0 0.0 0.0 0.0 0.0 0.0 0.0 0.0 0.0 0.0 0.0 0.0 0.0 0.0 0.0 0.0 0.0 0.0 0.0 0.0
-2.72559 1.65266 20.78701 21.78713 26.34964 40.10149 44.57985 31.4025 -7.6607 -12.58832 2 2 0 0 0 0 1 0 0 0 0 0 0 1 0 1 0 0 0 0 0 1 0 0 4 1 0 0 2 0 1 0 1 0 1 0 0 0 0 1 0 1 0 0 0 1 0 0 0 0 0 1 0 0 1 0 1 0 0 4 0 4 1 5 1 0.714 0 0 0 1 0 743 1 3 0 12 1 11 13 2.0 0.666666666667 3.0 4.0 0.8 5.0 1.0 0.0 0.0 0.0 0.0 0.0 1.0 0.0 0.0 0.0 0.0 0.0 0.0 0.0 0.0 0.0 0.0 1.0 0.0 0.0 0.0 0.0 0.0 0.0 0.0 0.0 0.0 0.0 0.0 0.0 0.0 0.0 0.0 0.0 0.0 0.0 0.0 0.0 0.0 0.0 0.0 0.0 0.0 0.0 0.0 0.0 0.0 0.0 0.0 0.0 0.0 0.0 0.0 0.0 0.0 0.0 0.0 0.0 0.0 0.0
