42.904 39.671 36.37864 24.52812 17.09554 15.87194 18.77399 31.67606 43.74638 40.72621 2 0 2 0 0 0 0 1 0 1 0 0 0 0 0 0 1 0 0 0 0 0 2 10 0 0 2 8 0 0 1 0 1 0 1 0 1 0 0 0 1 0 0 0 0 0 1 0 0 0 0 1 0 1 0 0 0 1 0 0 10 0 11 1 11 0.077 0 0 0 0 1 3 7 0 4 0 0 23 13 0.0 0.0 1.0 0.0 0.0 11.0 0.0 0.0 0.0 0.0 0.0 0.0 0.0 0.0 1.0 0.0 0.0 0.0 0.0 0.0 0.0 1.0 0.0 0.0 0.0 0.0 0.0 0.0 0.0 0.0 0.0 0.0 0.0 0.0 0.0 0.0 0.0 0.0 0.0 0.0 0.0 0.0 0.0 0.0 0.0 0.0 0.0 0.0 0.0 0.0 0.0 0.0 0.0 0.0 0.0 0.0 0.0 0.0 0.0 0.0 0.0 0.0 0.0 0.0 0.0 0.0
21.24518 8.85447 18.52242 14.31944 4.74344 -2.16395 -9.5797 -13.728 -8.70847 -6.24202 2 2 2 0 1 0 0 0 0 0 0 0 0 1 0 0 0 0 0 1 0 0 2 9 1 0 2 7 1 0 1 0 1 0 1 0 1 0 0 0 0 1 0 0 0 0 1 0 0 0 0 1 0 0 1 0 0 1 0 1 9 1 10 2 10 0.154 0 1 0 0 0 1798 7 0 4 0 1 20 35 0.0 0.0 1.0 1.0 0.0909090909091 11.0 0.0 0.0 0.0 0.0 0.0 0.0 0.0 0.0 1.0 0.0 0.0 0.0 0.0 0.0 0.0 1.0 0.0 0.0 0.0 0.0 0.0 0.0 0.0 0.0 0.0 0.0 0.0 0.0 0.0 0.0 0.0 0.0 0.0 0.0 0.0 0.0 0.0 0.0 0.0 0.0 0.0 0.0 0.0 0.0 0.0 0.0 0.0 0.0 0.0 0.0 0.0 0.0 0.0 0.0 0.0 0.0 0.0 0.0 0.0 0.0
-15.23302 -25.36196 -31.86579 -28.35556 -21.57128 -11.87446 0.48512 10.18132 17.62724 23.21714 2 2 2 0 0 0 0 1 0 0 1 0 0 0 0 0 1 0 0 0 0 0 2 8 2 0 2 6 2 0 1 0 1 0 1 0 1 0 0 0 0 1 0 0 0 0 1 0 0 0 0 1 0 0 1 0 0 1 0 2 8 2 9 3 9 0.231 0 0 0 0 1 3 7 0 4 0 2 23 13 0.0 0.0 1.0 2.0 0.181818181818 11.0 0.0 0.0 0.0 0.0 0.0 0.0 0.0 0.0 1.0 0.0 0.0 0.0 0.0 0.0 0.0 1.0 0.0 0.0 0.0 0.0 0.0 0.0 0.0 0.0 0.0 0.0 0.0 0.0 0.0 0.0 0.0 0.0 0.0 0.0 0.0 0.0 0.0 0.0 0.0 0.0 0.0 0.0 0.0 0.0 0.0 0.0 0.0 0.0 0.0 0.0 0.0 0.0 0.0 0.0 0.0 0.0 0.0 0.0 0.0 0.0
12.58756 6.21841 2.51065 -8.21572 -15.6984 -12.09793 -12.451 -9.50535 -7.64978 -2.36278 2 2 2 0 1 0 0 0 0 0 0 0 0 1 0 0 0 0 1 0 0 0 2 7 3 0 2 5 3 0 1 0 1 0 1 0 1 0 0 0 0 1 0 0 0 0 1 0 0 0 0 1 0 0 1 0 0 1 0 3 7 3 8 4 8 0.308 0 1 0 0 0 1798 7 0 4 0 3 20 35 0.0 0.0 1.0 3.0 0.272727272727 11.0 0.0 0.0 0.0 0.0 0.0 0.0 0.0 0.0 1.0 0.0 0.0 0.0 0.0 0.0 0.0 1.0 0.0 0.0 0.0 0.0 0.0 0.0 0.0 0.0 0.0 0.0 0.0 0.0 0.0 0.0 0.0 0.0 0.0 0.0 0.0 0.0 0.0 0.0 0.0 0.0 0.0 0.0 0.0 0.0 0.0 0.0 0.0 0.0 0.0 0.0 0.0 0.0 0.0 0.0 0.0 0.0 0.0 0.0 0.0 0.0
2.24857 3.71108 -3.1735 1.30546 0.2905 -2.44392 -1.10629 -1.18975 -0.57682 -4.68986 2 2 2 0 0 0 1 0 0 0 1 0 0 0 0 0 0 0 0 1 0 0 2 6 4 0 2 4 4 0 1 0 1 0 1 0 1 0 0 0 0 1 0 0 0 0 1 0 0 0 0 1 0 0 1 0 0 1 0 4 6 4 7 5 7 0.385 0 0 0 1 0 2 4 7 1 1 0 2 8 0.0 0.0 1.0 4.0 0.363636363636 11.0 0.0 0.0 0.0 0.0 0.0 0.0 0.0 0.0 0.0 1.0 0.0 0.0 0.0 0.0 0.0 0.0 0.0 0.0 0.0 0.0 0.0 0.0 0.0 0.0 0.0 0.0 0.0 0.0 0.0 0.0 0.0 0.0 0.0 0.0 0.0 0.0 0.0 0.0 0.0 0.0 0.0 0.0 0.0 0.0 0.0 0.0 0.0 0.0 0.0 0.0 0.0 0.0 0.0 0.0 0.0 0.0 0.0 0.0 0.0 0.0
-17.12985 -5.61276 3.75645 25.64841 31.59148 23.02007 13.41328 -0.4996 -17.7876 -19.36072 2 2 2 0 0 0 0 1 0 0 0 0 1 0 0 0 0 0 0 1 0 0 2 5 5 0 2 3 5 0 1 0 1 0 1 0 1 0 0 0 0 1 0 0 0 0 1 0 0 0 0 1 0 0 1 0 0 1 0 5 5 5 6 6 6 0.462 0 0 0 0 1 179 1 4 7 2 0 2 29 0.0 0.0 1.0 5.0 0.454545454545 11.0 0.0 0.0 0.0 0.0 0.0 0.0 0.0 0.0 0.0 0.0 0.0 0.0 0.0 0.0 1.0 0.0 0.0 0.0 0.0 1.0 0.0 0.0 0.0 0.0 0.0 0.0 0.0 0.0 0.0 0.0 0.0 0.0 0.0 0.0 0.0 0.0 0.0 0.0 0.0 0.0 0.0 0.0 0.0 0.0 0.0 0.0 0.0 0.0 0.0 0.0 0.0 0.0 0.0 0.0 0.0 0.0 0.0 0.0 0.0 0.0
-28.02644 -22.07084 -13.55983 -16.5951 -23.54742 -30.22446 -35.65355 -30.12956 -17.91145 -2.70471 2 2 2 0 0 0 0 1 0 0 0 0 0 1 0 0 1 0 0 0 0 0 2 4 6 0 2 2 6 0 1 0 1 0 1 0 1 0 0 0 0 1 0 0 0 0 1 0 0 0 0 1 0 0 1 0 0 1 0 6 4 6 5 7 5 0.538 0 0 0 0 1 491 1 4 7 2 1 20 18 0.0 0.0 1.0 6.0 0.545454545455 11.0 0.0 0.0 0.0 0.0 0.0 0.0 0.0 0.0 0.0 0.0 0.0 0.0 0.0 0.0 1.0 0.0 0.0 0.0 0.0 1.0 0.0 0.0 0.0 0.0 0.0 0.0 0.0 0.0 0.0 0.0 0.0 0.0 0.0 0.0 0.0 0.0 0.0 0.0 0.0 0.0 0.0 0.0 0.0 0.0 0.0 0.0 0.0 0.0 0.0 0.0 0.0 0.0 0.0 0.0 0.0 0.0 0.0 0.0 0.0 0.0
13.42786 9.43991 10.83349 14.09184 18.21862 32.77491 68.00858 131.15849 181.88555 183.76548 2 2 2 0 1 0 0 0 0 0 0 0 0 1 0 0 0 0 1 0 0 0 2 3 7 0 2 1 7 0 1 0 1 0 1 0 1 0 0 0 0 1 0 0 0 0 1 0 0 0 0 1 0 0 1 0 0 1 0 7 3 7 4 8 4 0.615 0 1 0 0 0 258 7 1 0 3 0 16 11 0.0 0.0 1.0 7.0 0.636363636364 11.0 1.0 1.0 0.0 0.0 0.0 0.0 0.0 0.0 0.0 0.0 0.0 0.0 0.0 0.0 0.0 0.0 0.0 0.0 1.0 0.0 0.0 0.0 0.0 0.0 0.0 0.0 0.0 0.0 0.0 0.0 0.0 0.0 0.0 0.0 0.0 0.0 0.0 0.0 0.0 0.0 0.0 0.0 0.0 0.0 0.0 0.0 0.0 0.0 0.0 0.0 0.0 0.0 0.0 0.0 0.0 0.0 0.0 0.0 0.0 0.0
147.16611 111.37282 72.16171 13.62903 -14.7819 -41.33118 -41.78295 -41.72236 -49.97269 -68.21225 2 2 2 0 0 0 1 0 0 0 1 0 0 0 1 0 0 0 0 0 0 0 2 2 8 0 2 0 8 0 1 0 1 1 0 0 1 0 0 0 0 1 0 0 0 0 1 0 0 0 0 1 0 0 1 0 0 0 1 8 2 8 3 9 3 0.692 0 0 0 1 0 258 7 1 0 3 1 16 11 0.0 0.0 1.0 8.0 0.727272727273 11.0 1.0 1.0 0.0 0.0 0.0 0.0 0.0 0.0 0.0 0.0 0.0 0.0 0.0 0.0 0.0 0.0 0.0 0.0 1.0 0.0 0.0 0.0 0.0 0.0 0.0 0.0 0.0 0.0 0.0 0.0 0.0 0.0 0.0 0.0 0.0 0.0 0.0 0.0 0.0 0.0 0.0 0.0 0.0 0.0 0.0 0.0 0.0 0.0 0.0 0.0 0.0 0.0 0.0 0.0 0.0 0.0 0.0 0.0 0.0 0.0
-70.03687 -74.2957 -71.05803 -78.17447 -73.06978 -71.0833 -70.90146 -74.16698 -57.76224 -46.69681 2 2 2 1 0 0 0 0 0 0 0 0 1 0 1 0 0 0 0 0 0 0 1 1 9 0 1 0 9 1 0 0 1 1 0 0 1 0 0 0 0 1 0 0 0 0 0 0 0 1 0 0 1 0 1 0 0 0 1 9 1 9 2 10 2 0.769 1 0 0 0 0 855 7 1 0 3 2 8 13 0.0 0.0 1.0 9.0 0.818181818182 11.0 1.0 1.0 0.0 0.0 0.0 0.0 0.0 0.0 0.0 0.0 0.0 0.0 0.0 0.0 0.0 0.0 0.0 0.0 1.0 0.0 0.0 0.0 0.0 0.0 0.0 0.0 0.0 0.0 0.0 0.0 0.0 0.0 0.0 0.0 0.0 0.0 0.0 0.0 0.0 0.0 0.0 0.0 0.0 0.0 0.0 0.0 0.0 0.0 0.0 0.0 0.0 0.0 0.0 0.0 0.0 0.0 0.0 0.0 0.0 0.0
-53.88592 -62.05097 -70.29358 -86.65123 -106.23574 -106.8595 -101.66881 -95.77943 -73.00562 -59.43055 2 2 0 1 0 0 0 0 1 0 0 0 0 0 0 1 0 0 0 0 0 1 0 0 10 1 0 0 0 1 0 1 0 0 1 0 0 0 0 1 0 1 0 0 0 1 0 0 0 0 0 0 1 0 0 1 1 0 0 10 0 10 1 11 1 0.846 1 0 0 0 0 855 7 1 0 3 3 8 13 0.0 0.0 1.0 10.0 0.909090909091 11.0 1.0 1.0 0.0 0.0 0.0 0.0 0.0 0.0 0.0 0.0 0.0 0.0 0.0 0.0 0.0 0.0 0.0 0.0 1.0 0.0 0.0 0.0 0.0 0.0 0.0 0.0 0.0 0.0 0.0 0.0 0.0 0.0 0.0 0.0 0.0 0.0 0.0 0.0 0.0 0.0 0.0 0.0 0.0 0.0 0.0 0.0 0.0 0.0 0.0 0.0 0.0 0.0 0.0 0.0 0.0 0.0 0.0 0.0 0.0 0.0
