-3.808 0.27 0.00989 -3.86962 -24.82004 -20.03014 -24.01043 -23.84631 -26.91592 -26.5819 2 0 2 0 0 1 0 0 0 1 0 0 0 0 0 0 0 1 0 0 0 0 3 13 0 0 3 3 0 0 1 0 1 0 1 0 1 0 0 0 1 0 0 0 0 0 1 0 0 0 0 1 0 1 0 0 0 1 0 0 13 0 14 1 14 0.063 0 0 1 0 0 1445 1 0 9 0 0 7 11 0.0 0.0 2.0 0.0 0.0 14.0 0.0 0.0 0.0 0.0 0.0 0.0 0.0 0.0 0.0 0.0 0.0 0.0 0.0 0.0 0.0 0.0 0.0 0.0 0.0 1.0 0.0 0.0 0.0 0.0 0.0 0.0 0.0 0.0 0.0 0.0 0.0 0.0 0.0 0.0 0.0 0.0 0.0 0.0 0.0 0.0 0.0 0.0 0.0 0.0 0.0 0.0 0.0 0.0 0.0 0.0 0.0 0.0 0.0 0.0 0.0 0.0 0.0 0.0 0.0 0.0
-28.84933 -28.56491 -23.95941 -20.72993 -18.40622 -20.77268 -16.17354 -7.6587 -13.35557 -23.41506 2 2 2 0 0 1 0 0 0 0 0 1 0 0 0 0 1 0 0 0 0 0 3 12 1 0 3 2 1 0 1 0 1 0 1 0 1 0 0 0 0 1 0 0 0 0 1 0 0 0 0 1 0 0 1 0 0 1 0 1 12 1 13 2 13 0.125 0 0 1 0 0 1245 1 0 9 0 1 23 13 0.0 0.0 2.0 1.0 0.0714285714286 14.0 0.0 0.0 0.0 0.0 0.0 0.0 0.0 0.0 0.0 0.0 0.0 0.0 0.0 0.0 0.0 0.0 0.0 0.0 0.0 1.0 0.0 0.0 0.0 0.0 0.0 0.0 0.0 0.0 0.0 0.0 0.0 0.0 0.0 0.0 0.0 0.0 0.0 0.0 0.0 0.0 0.0 0.0 0.0 0.0 0.0 0.0 0.0 0.0 0.0 0.0 0.0 0.0 0.0 0.0 0.0 0.0 0.0 0.0 0.0 0.0
-13.4087 -24.65918 -31.32 -31.44799 -23.09237 -17.02753 -11.7571 -7.27823 -9.85949 -16.60255 2 2 2 0 1 0 0 0 0 0 0 1 0 0 0 0 0 0 0 1 0 0 3 11 2 0 3 1 2 0 1 0 1 0 1 0 1 0 0 0 0 1 0 0 0 0 1 0 0 0 0 1 0 0 1 0 0 1 0 2 11 2 12 3 12 0.188 0 1 0 0 0 392 1 0 9 0 2 5 24 0.0 0.0 2.0 2.0 0.142857142857 14.0 0.0 0.0 0.0 0.0 0.0 0.0 0.0 0.0 0.0 0.0 0.0 0.0 0.0 0.0 0.0 0.0 0.0 0.0 0.0 1.0 0.0 0.0 0.0 0.0 0.0 0.0 0.0 0.0 0.0 0.0 0.0 0.0 0.0 0.0 0.0 0.0 0.0 0.0 0.0 0.0 0.0 0.0 0.0 0.0 0.0 0.0 0.0 0.0 0.0 0.0 0.0 0.0 0.0 0.0 0.0 0.0 0.0 0.0 0.0 0.0
-25.12237 -34.74565 -53.56505 -66.24043 -78.90582 -73.67922 -61.66822 -49.72755 -35.33432 -23.17013 2 2 2 0 0 0 0 1 0 0 1 0 0 0 1 0 0 0 0 0 0 0 3 10 3 0 3 0 3 0 1 0 1 1 0 0 1 0 0 0 0 1 0 0 0 0 1 0 0 0 0 1 0 0 1 0 0 0 1 3 10 3 11 4 11 0.25 0 0 0 0 1 805 9 1 9 1 0 12 13 0.0 0.0 2.0 3.0 0.214285714286 14.0 0.0 0.0 0.0 0.0 0.0 0.0 0.0 0.0 0.0 0.0 0.0 0.0 0.0 0.0 0.0 0.0 0.0 0.0 0.0 0.0 0.0 0.0 0.0 0.0 0.0 0.0 0.0 1.0 0.0 0.0 0.0 0.0 0.0 0.0 0.0 0.0 0.0 0.0 0.0 0.0 0.0 0.0 0.0 0.0 0.0 0.0 0.0 0.0 0.0 0.0 0.0 0.0 0.0 0.0 0.0 0.0 0.0 0.0 0.0 0.0
-21.98462 -55.43267 -87.01266 -64.98979 -23.30101 -19.03549 -28.51214 -37.95873 -36.81917 -27.24365 2 2 2 1 0 0 0 0 0 0 0 0 0 1 0 0 0 0 0 1 0 0 2 9 4 0 2 6 4 1 0 0 1 0 1 0 1 0 0 0 0 1 0 0 0 0 1 0 0 0 0 0 1 0 1 0 0 1 0 4 9 4 10 5 10 0.313 1 0 0 0 0 754 9 1 9 1 1 10 24 0.0 0.0 2.0 4.0 0.285714285714 14.0 0.0 0.0 0.0 0.0 0.0 0.0 0.0 0.0 0.0 0.0 0.0 0.0 0.0 0.0 0.0 0.0 0.0 0.0 0.0 0.0 0.0 0.0 0.0 0.0 0.0 0.0 0.0 1.0 0.0 0.0 0.0 0.0 0.0 0.0 0.0 0.0 0.0 0.0 0.0 0.0 0.0 0.0 0.0 0.0 0.0 0.0 0.0 0.0 0.0 0.0 0.0 0.0 0.0 0.0 0.0 0.0 0.0 0.0 0.0 0.0
-40.30092 -40.13382 -35.77565 -33.64998 -46.07505 -44.39975 -41.34258 -44.0843 -34.75308 -22.46856 2 2 2 0 0 0 0 1 1 0 0 0 0 0 0 0 0 0 0 1 0 1 2 8 5 1 2 5 0 0 1 1 0 0 1 0 1 0 0 0 0 1 0 0 0 0 1 0 0 0 0 1 0 0 0 1 0 1 0 5 8 5 9 6 9 0.375 0 0 0 0 1 169 9 9 7 2 0 23 7 0.0 0.0 2.0 5.0 0.357142857143 14.0 0.0 0.0 0.0 0.0 0.0 0.0 0.0 0.0 0.0 0.0 0.0 0.0 0.0 0.0 0.0 0.0 0.0 0.0 0.0 0.0 0.0 0.0 0.0 0.0 0.0 0.0 0.0 1.0 0.0 0.0 0.0 0.0 0.0 0.0 0.0 0.0 0.0 0.0 0.0 0.0 0.0 0.0 0.0 0.0 0.0 0.0 0.0 0.0 0.0 0.0 0.0 0.0 0.0 0.0 0.0 0.0 0.0 0.0 0.0 0.0
-13.27188 -4.2215 -2.272 -2.00199 1.05592 -8.75437 -15.1559 -47.102 -40.44984 -25.73538 2 2 2 0 0 0 0 1 0 0 0 0 0 1 0 0 0 0 0 1 0 1 2 7 6 1 2 4 1 0 1 0 1 0 1 0 1 0 0 0 0 1 0 0 0 0 1 0 0 0 0 1 0 0 1 0 0 1 0 6 7 6 8 7 8 0.438 0 0 0 0 1 158 7 9 8 3 0 6 4 0.0 0.0 2.0 6.0 0.428571428571 14.0 0.0 1.0 0.0 0.0 0.0 0.0 0.0 0.0 0.0 0.0 0.0 0.0 0.0 0.0 0.0 0.0 1.0 0.0 1.0 0.0 1.0 0.0 0.0 0.0 0.0 0.0 1.0 0.0 0.0 0.0 0.0 0.0 0.0 0.0 0.0 0.0 0.0 0.0 0.0 0.0 0.0 0.0 0.0 0.0 0.0 0.0 0.0 0.0 0.0 0.0 0.0 0.0 0.0 0.0 0.0 0.0 0.0 0.0 0.0 0.0
1.49159 -9.98747 -25.22791 -28.59396 -22.0121 -27.33813 -16.55188 -14.68748 -20.37712 -32.16265 2 2 2 0 0 0 0 1 0 0 0 0 0 1 0 0 0 0 1 0 0 1 2 6 7 1 2 3 2 0 1 0 1 0 1 0 1 0 0 0 0 1 0 0 0 0 1 0 0 0 0 1 0 0 1 0 0 1 0 7 6 7 7 8 7 0.5 0 0 0 0 1 28 7 9 8 3 1 2 3 0.0 0.0 2.0 7.0 0.5 14.0 0.0 1.0 0.0 0.0 0.0 0.0 0.0 0.0 0.0 0.0 0.0 0.0 0.0 0.0 0.0 0.0 1.0 0.0 1.0 0.0 1.0 0.0 0.0 0.0 0.0 0.0 1.0 0.0 0.0 0.0 0.0 0.0 0.0 0.0 0.0 0.0 0.0 0.0 0.0 0.0 0.0 0.0 0.0 0.0 0.0 0.0 0.0 0.0 0.0 0.0 0.0 0.0 0.0 0.0 0.0 0.0 0.0 0.0 0.0 0.0
-29.88357 -23.94175 -18.77908 -18.08934 -23.40183 -19.09553 -19.17126 -18.52242 -16.76963 -37.49286 2 2 2 0 0 0 1 0 0 0 0 0 0 1 0 0 0 1 0 0 0 1 2 5 8 1 2 2 3 0 1 0 1 0 1 0 1 0 0 0 0 1 0 0 0 0 1 0 0 0 0 1 0 0 1 0 0 1 0 8 5 8 6 9 6 0.563 0 0 0 1 0 4 8 7 1 4 0 20 8 0.0 0.0 2.0 8.0 0.571428571429 14.0 0.0 0.0 0.0 0.0 0.0 0.0 0.0 0.0 0.0 0.0 0.0 0.0 0.0 0.0 0.0 0.0 0.0 0.0 0.0 0.0 0.0 1.0 0.0 0.0 0.0 0.0 0.0 0.0 0.0 0.0 0.0 0.0 0.0 0.0 0.0 0.0 0.0 0.0 0.0 0.0 0.0 0.0 0.0 0.0 0.0 0.0 0.0 0.0 0.0 0.0 0.0 0.0 0.0 0.0 0.0 0.0 0.0 0.0 0.0 0.0
-85.57084 -63.1685 1.52239 11.88776 9.8015 3.81956 0.5009 4.6291 14.62313 15.38636 2 2 2 0 0 1 0 0 0 0 0 0 1 0 0 0 0 0 0 1 0 1 2 4 9 1 2 1 4 0 1 0 1 0 1 0 1 0 0 0 0 1 0 0 0 0 1 0 0 0 0 1 0 0 1 0 0 1 0 9 4 9 5 10 5 0.625 0 0 1 0 0 46 1 8 1 5 0 18 20 0.0 0.0 2.0 9.0 0.642857142857 14.0 0.0 0.0 0.0 0.0 0.0 0.0 0.0 0.0 0.0 0.0 0.0 1.0 0.0 0.0 0.0 0.0 0.0 0.0 0.0 0.0 0.0 0.0 0.0 0.0 0.0 0.0 0.0 0.0 0.0 0.0 0.0 0.0 0.0 0.0 0.0 0.0 0.0 0.0 0.0 0.0 0.0 0.0 0.0 0.0 0.0 0.0 0.0 0.0 0.0 0.0 0.0 0.0 0.0 0.0 0.0 0.0 0.0 0.0 0.0 0.0
-0.70875 -7.07623 -9.42621 -13.21659 -23.02739 -15.71824 -11.88487 0.75509 3.64001 5.41177 2 2 2 0 0 0 0 1 0 0 0 1 0 0 1 0 0 0 0 0 0 1 2 3 10 1 2 0 5 0 1 0 1 1 0 0 1 0 0 0 0 1 0 0 0 0 1 0 0 0 0 1 0 0 1 0 0 0 1 10 3 10 4 11 4 0.688 0 0 0 0 1 289 1 8 1 5 1 23 13 0.0 0.0 2.0 10.0 0.714285714286 14.0 0.0 0.0 0.0 0.0 0.0 0.0 0.0 0.0 0.0 0.0 0.0 1.0 0.0 0.0 0.0 0.0 0.0 0.0 0.0 0.0 0.0 0.0 0.0 0.0 0.0 0.0 0.0 0.0 0.0 0.0 0.0 0.0 0.0 0.0 0.0 0.0 0.0 0.0 0.0 0.0 0.0 0.0 0.0 0.0 0.0 0.0 0.0 0.0 0.0 0.0 0.0 0.0 0.0 0.0 0.0 0.0 0.0 0.0 0.0 0.0
8.9536 2.11463 -8.17719 -17.13545 -20.63021 -20.42483 -23.34251 -23.92899 -20.51338 -28.05764 2 2 2 1 0 0 0 0 0 0 0 0 0 1 1 0 0 0 0 0 0 1 1 2 11 1 1 0 6 1 0 0 1 1 0 0 1 0 0 0 0 1 0 0 0 0 1 0 0 0 0 0 1 0 1 0 0 0 1 11 2 11 3 12 3 0.75 1 0 0 0 0 630 1 1 1 6 0 5 18 0.0 0.0 2.0 11.0 0.785714285714 14.0 0.0 0.0 0.0 0.0 0.0 0.0 0.0 0.0 0.0 0.0 0.0 1.0 0.0 0.0 0.0 0.0 0.0 0.0 0.0 0.0 0.0 0.0 0.0 0.0 0.0 0.0 0.0 0.0 0.0 0.0 0.0 0.0 0.0 0.0 0.0 0.0 0.0 0.0 0.0 0.0 0.0 0.0 0.0 0.0 0.0 0.0 0.0 0.0 0.0 0.0 0.0 0.0 0.0 0.0 0.0 0.0 0.0 0.0 0.0 0.0
-25.57529 -28.04988 -23.57057 -22.91715 -15.88973 0.7548 0.75265 -7.12823 -0.75815 4.60763 2 2 2 1 0 0 0 0 1 0 0 0 0 0 0 0 0 1 0 0 0 2 0 1 12 2 0 2 0 1 0 1 0 0 1 0 1 0 0 0 0 1 0 0 0 0 0 0 1 0 0 0 1 0 0 1 0 1 0 12 1 12 2 13 2 0.813 1 0 0 0 0 565 1 1 5 7 0 5 24 0.0 0.0 2.0 12.0 0.857142857143 14.0 0.0 0.0 0.0 0.0 0.0 0.0 0.0 0.0 0.0 0.0 1.0 1.0 0.0 0.0 0.0 0.0 0.0 0.0 0.0 0.0 0.0 0.0 0.0 0.0 0.0 0.0 0.0 0.0 0.0 0.0 0.0 0.0 0.0 0.0 0.0 0.0 0.0 0.0 0.0 0.0 0.0 0.0 0.0 0.0 0.0 0.0 0.0 0.0 0.0 0.0 0.0 0.0 0.0 0.0 0.0 0.0 0.0 0.0 0.0 0.0
6.87831 -9.4027 -25.6108 -27.3558 -12.86751 4.66556 5.63932 19.49303 11.73656 13.51598 2 2 2 0 0 1 0 0 1 0 0 0 0 0 0 0 0 0 0 1 0 3 0 0 13 3 0 1 0 0 1 1 0 0 1 0 0 0 1 0 0 1 0 0 0 0 1 0 0 0 0 1 0 0 0 1 0 1 0 13 0 13 1 14 1 0.875 0 0 1 0 0 46 1 1 5 7 1 18 20 0.0 0.0 2.0 13.0 0.928571428571 14.0 0.0 0.0 0.0 0.0 0.0 0.0 0.0 0.0 0.0 0.0 1.0 1.0 0.0 0.0 0.0 0.0 0.0 0.0 0.0 0.0 0.0 0.0 0.0 0.0 0.0 0.0 0.0 0.0 0.0 0.0 0.0 0.0 0.0 0.0 0.0 0.0 0.0 0.0 0.0 0.0 0.0 0.0 0.0 0.0 0.0 0.0 0.0 0.0 0.0 0.0 0.0 0.0 0.0 0.0 0.0 0.0 0.0 0.0 0.0 0.0
-9.39784 18.40286 37.84045 23.83002 17.08041 6.69431 -0.57288 -41.66372 -36.70793 -24.15858 2 2 2 0 0 0 0 1 0 0 0 1 0 0 1 0 0 0 0 0 0 0 4 7 0 0 4 0 1 0 1 0 1 1 0 0 1 0 0 0 0 0 0 1 0 0 1 0 0 0 0 1 0 0 1 0 0 0 1 0 7 0 8 1 8 0.1 0 0 0 0 1 153 5 1 9 8 0 22 4 1.0 0.5 2.0 0.0 0.0 8.0 0.0 0.0 0.0 0.0 0.0 0.0 0.0 0.0 0.0 0.0 0.0 0.0 0.0 0.0 0.0 0.0 0.0 0.0 0.0 0.0 0.0 0.0 0.0 0.0 0.0 0.0 0.0 0.0 0.0 0.0 0.0 0.0 0.0 0.0 0.0 0.0 0.0 0.0 0.0 0.0 0.0 0.0 0.0 0.0 0.0 0.0 0.0 0.0 0.0 0.0 0.0 0.0 0.0 0.0 0.0 0.0 0.0 0.0 0.0 0.0
0.39823 -0.77853 -13.03847 -26.71475 -30.2615 -29.99013 -32.12076 -25.65506 -34.81982 -23.99636 2 2 2 1 0 0 0 0 0 0 0 0 0 1 1 0 0 0 0 0 0 0 3 6 1 0 3 0 2 1 0 0 1 1 0 0 1 0 0 0 0 1 0 0 0 0 1 0 0 0 0 0 1 0 1 0 0 0 1 1 6 1 7 2 7 0.2 1 0 0 0 0 43 9 5 5 9 0 2 26 1.0 0.5 2.0 1.0 0.125 8.0 0.0 0.0 0.0 0.0 0.0 0.0 0.0 0.0 0.0 0.0 0.0 0.0 0.0 0.0 0.0 0.0 0.0 0.0 0.0 0.0 0.0 0.0 0.0 0.0 0.0 0.0 0.0 1.0 0.0 0.0 0.0 0.0 0.0 0.0 0.0 0.0 0.0 0.0 0.0 0.0 0.0 0.0 0.0 0.0 0.0 0.0 0.0 0.0 0.0 0.0 0.0 0.0 0.0 0.0 0.0 0.0 0.0 0.0 0.0 0.0
-29.1594 -20.84959 -20.62091 -24.68278 -42.3842 -44.93186 -43.23035 -43.99832 -47.43699 -45.93651 2 2 2 1 0 0 0 0 1 0 0 0 0 0 1 0 0 0 0 0 0 1 2 5 2 1 2 0 0 1 0 1 0 1 0 0 1 0 0 0 0 1 0 0 0 0 1 0 0 0 0 0 1 0 0 1 0 0 1 2 5 2 6 3 6 0.3 1 0 0 0 0 372 5 9 1 10 0 11 32 1.0 0.5 2.0 2.0 0.25 8.0 0.0 0.0 0.0 0.0 0.0 0.0 0.0 0.0 0.0 0.0 0.0 0.0 0.0 0.0 0.0 0.0 0.0 0.0 0.0 0.0 0.0 0.0 0.0 0.0 0.0 0.0 1.0 0.0 0.0 0.0 0.0 0.0 0.0 0.0 0.0 0.0 0.0 0.0 0.0 0.0 0.0 0.0 0.0 0.0 0.0 0.0 0.0 0.0 0.0 0.0 0.0 0.0 0.0 0.0 0.0 0.0 0.0 0.0 0.0 0.0
-58.63631 -53.68138 -42.35681 -24.77372 -12.46847 -6.4615 -8.17435 0.78237 -3.40583 8.59211 2 2 2 1 0 0 0 0 1 0 0 0 0 0 0 0 0 0 0 1 0 2 1 4 3 2 1 3 0 1 0 1 0 0 1 0 1 0 0 0 0 1 0 0 0 0 1 0 0 0 0 0 1 0 0 1 0 1 0 3 4 3 5 4 5 0.4 1 0 0 0 0 1778 1 5 4 11 0 5 15 1.0 0.5 2.0 3.0 0.375 8.0 0.0 0.0 0.0 0.0 0.0 0.0 0.0 0.0 0.0 0.0 1.0 0.0 0.0 0.0 0.0 0.0 0.0 0.0 0.0 0.0 0.0 0.0 0.0 0.0 0.0 0.0 0.0 0.0 0.0 1.0 1.0 0.0 0.0 0.0 0.0 0.0 0.0 0.0 0.0 0.0 0.0 0.0 0.0 0.0 0.0 0.0 0.0 0.0 0.0 0.0 0.0 0.0 0.0 0.0 0.0 0.0 0.0 0.0 0.0 0.0
-5.16465 -14.29581 -19.91444 -6.55345 6.44182 26.00052 31.61083 35.39412 22.01599 18.42404 2 2 2 0 0 0 0 1 1 0 0 0 0 0 0 0 0 0 1 0 0 3 1 3 4 3 1 2 0 0 1 1 0 0 1 0 1 0 0 0 0 1 0 0 0 0 1 0 0 0 0 1 0 0 0 1 0 1 0 4 3 4 4 5 4 0.5 0 0 0 0 1 1792 1 5 4 11 1 20 36 1.0 0.5 2.0 4.0 0.5 8.0 0.0 0.0 0.0 0.0 0.0 0.0 0.0 0.0 0.0 0.0 1.0 0.0 0.0 0.0 0.0 0.0 0.0 0.0 0.0 0.0 0.0 0.0 0.0 0.0 0.0 0.0 0.0 0.0 0.0 1.0 1.0 0.0 0.0 0.0 0.0 0.0 0.0 0.0 0.0 0.0 0.0 0.0 0.0 0.0 0.0 0.0 0.0 0.0 0.0 0.0 0.0 0.0 0.0 0.0 0.0 0.0 0.0 0.0 0.0 0.0
11.68741 8.05441 9.6813 3.44391 0.73998 -4.93561 -5.21308 -9.49072 -9.47248 -11.72714 2 2 2 0 0 0 1 0 0 0 0 0 0 1 0 0 1 0 0 0 0 3 1 2 5 3 1 1 1 0 1 0 1 0 1 0 1 0 0 0 0 1 0 0 0 0 1 0 0 0 0 1 0 0 1 0 0 1 0 5 2 5 3 6 3 0.6 0 0 0 1 0 2 4 1 1 12 0 2 8 1.0 0.5 2.0 5.0 0.625 8.0 0.0 0.0 0.0 0.0 0.0 0.0 0.0 0.0 0.0 0.0 0.0 0.0 0.0 0.0 0.0 0.0 0.0 0.0 0.0 0.0 0.0 0.0 0.0 0.0 0.0 0.0 0.0 0.0 0.0 0.0 0.0 1.0 0.0 0.0 0.0 0.0 0.0 0.0 0.0 0.0 0.0 0.0 0.0 0.0 0.0 0.0 0.0 0.0 0.0 0.0 0.0 0.0 0.0 0.0 0.0 0.0 0.0 0.0 0.0 0.0
-20.69829 -22.49145 -19.39509 -12.1417 -10.92503 -9.67188 -21.58325 -12.90803 80.82952 81.74464 2 2 2 0 1 0 0 0 0 0 0 0 1 0 1 0 0 0 0 0 0 3 1 1 6 3 1 0 2 0 1 0 1 1 0 0 1 0 0 0 0 1 0 0 0 0 0 0 0 1 0 1 0 0 1 0 0 0 1 6 1 6 2 7 2 0.7 0 1 0 0 0 344 1 4 0 13 0 23 4 1.0 0.5 2.0 6.0 0.75 8.0 1.0 0.0 0.0 0.0 0.0 0.0 0.0 0.0 0.0 0.0 0.0 0.0 0.0 0.0 0.0 0.0 0.0 1.0 0.0 0.0 0.0 0.0 0.0 0.0 0.0 0.0 0.0 0.0 1.0 0.0 0.0 0.0 0.0 0.0 0.0 0.0 0.0 0.0 0.0 0.0 0.0 0.0 0.0 0.0 0.0 0.0 0.0 0.0 0.0 0.0 0.0 0.0 0.0 0.0 0.0 0.0 0.0 0.0 0.0 0.0
50.54851 19.67218 -5.81912 -28.36481 -50.33004 -51.37011 -60.54641 -55.96459 -54.91636 -55.25254 2 2 0 1 0 0 0 0 0 0 1 0 0 0 0 1 0 0 0 0 0 3 0 0 7 3 0 0 3 1 0 0 1 0 1 0 0 0 0 1 0 1 0 0 0 1 0 0 0 0 0 0 1 0 1 0 1 0 0 7 0 7 1 8 1 0.8 1 0 0 0 0 1064 1 4 0 13 1 5 21 1.0 0.5 2.0 7.0 0.875 8.0 1.0 0.0 0.0 0.0 0.0 0.0 0.0 0.0 0.0 0.0 0.0 0.0 0.0 0.0 0.0 0.0 0.0 1.0 0.0 0.0 0.0 0.0 0.0 0.0 0.0 0.0 0.0 0.0 1.0 0.0 0.0 0.0 0.0 0.0 0.0 0.0 0.0 0.0 0.0 0.0 0.0 0.0 0.0 0.0 0.0 0.0 0.0 0.0 0.0 0.0 0.0 0.0 0.0 0.0 0.0 0.0 0.0 0.0 0.0 0.0
