16.108 16.044 15.722 3.169 -18.848 -29.756 -36.095 -41.344 -41.681 -33.667 2 0 2 0 1 0 0 0 0 1 0 0 0 0 0 0 0 1 0 0 0 0 5 18 0 0 5 1 0 0 1 0 1 0 1 0 130 0 0 0 1 0 0 0 1 0 0 0 0 0 1 0 0 0 0 1 0 1 0 0 0 1 0 0 18 0 19 1 4 0.167 0 1 0 0 0 447 5
-28.828 -29.832 -31.082 -32.43 -39.59 -46.52 -43.13 -39.288 -34.286 -18.065 2 2 2 0 0 1 0 0 0 0 1 0 0 0 1 0 0 0 0 0 0 0 5 17 1 0 5 0 1 0 1 0 1 1 0 132.561 0 0 132.561 0 1 0 0 0 0 1 0 0 0 0 1 0 0 0 0 1 0 0 1 0 0 0 1 1 17 1 18 2 3 0.333 0 0 1 0 0 601 5
-16.108 -17.619 -15.913 22.264 52.485 53.64 54.318 55.17 54.398 47.953 2 2 2 1 0 0 0 0 0 0 0 1 0 0 0 0 0 0 0 1 0 0 4 16 2 0 4 1 2 1 0 0 1 0 1 135.561 132.561 132.561 135.561 0 1 0 0 0 0 1 0 0 0 0 1 0 0 0 0 0 1 0 1 0 0 1 0 2 16 2 17 3 2 0.5 1 0 0 0 0 29 8
42.646 50.007 57.375 35.455 -6.176 -31.872 -47.22 -51.8 -51.0 -47.278 2 2 2 0 0 0 0 1 1 0 0 0 0 0 1 0 0 0 0 0 0 1 4 15 3 1 4 0 0 0 1 1 0 1 0 130.61 135.561 135.561 130.61 0 1 0 0 0 0 1 0 0 0 0 1 0 0 0 0 1 0 0 0 1 0 0 1 3 15 3 16 4 1 0.667 0 0 0 0 1 1232 8
65.457 71.382 70.933 70.546 71.401 84.704 89.014 88.459 87.587 84.875 2 2 2 1 0 0 0 0 0 0 0 0 0 1 0 0 0 0 0 1 0 1 3 14 4 1 3 2 1 1 0 0 1 0 1 133.61 130.61 130.61 133.61 0 1 0 0 0 0 1 0 0 0 0 1 0 0 0 0 0 1 0 1 0 0 1 0 4 14 4 15 1 10 0.083 1 0 0 0 0 1609 3
79.979 71.157 65.494 54.917 31.509 5.532 -15.666 -35.026 -51.939 -62.446 2 2 2 0 0 0 0 1 1 0 0 0 0 0 0 0 1 0 0 0 0 2 3 13 5 2 3 1 0 0 1 1 0 0 1 0 133.61 133.61 0 0 1 0 0 0 0 1 0 0 0 0 1 0 0 0 0 1 0 0 0 1 0 1 0 5 13 5 14 2 9 0.167 0 0 0 0 1 1126 3
-67.311 -65.559 -62.301 -66.851 -83.509 -100.17 -107.375 -111.58 -101.652 -82.014 2 2 2 0 1 0 0 0 0 0 0 0 0 1 1 0 0 0 0 0 0 2 3 12 6 2 3 0 1 0 1 0 1 1 0 127.683 0 0 127.683 0 1 0 0 0 0 1 0 0 0 0 1 0 0 0 0 1 0 0 1 0 0 0 1 6 12 6 13 3 8 0.25 0 1 0 0 0 534 5
-67.116 -55.95 -44.465 -32.953 -21.418 -11.133 -0.391 13.836 19.298 22.045 2 2 2 1 0 0 0 0 0 0 1 0 0 0 0 0 0 0 0 1 0 2 2 11 7 2 2 6 2 1 0 0 1 0 1 130.683 127.683 127.683 130.683 0 1 0 0 0 0 1 0 0 0 0 1 0 0 0 0 0 1 0 1 0 0 1 0 7 11 7 12 4 7 0.333 1 0 0 0 0 184 5
37.199 58.962 44.677 13.399 -16.265 -31.363 -43.808 -50.149 -43.685 -26.248 2 2 2 0 0 0 0 1 1 0 0 0 0 0 0 0 0 1 0 0 0 3 2 10 8 3 2 5 0 0 1 1 0 0 1 0 130.683 130.683 0 0 1 0 0 0 0 1 0 0 0 0 1 0 0 0 0 1 0 0 0 1 0 1 0 8 10 8 11 5 6 0.417 0 0 0 0 1 782 5
-12.767 -2.598 1.041 1.504 -14.519 -22.823 -22.884 -17.963 -5.99 10.236 2 2 2 0 0 1 0 0 0 0 0 0 0 1 0 0 0 0 0 1 0 3 2 9 9 3 2 4 1 0 1 0 1 0 1 0 0 0 0 0 1 0 0 0 0 1 0 0 0 0 1 0 0 0 0 1 0 0 1 0 0 1 0 9 9 9 10 6 5 0.5 0 0 1 0 0 7 2
22.545 48.616 85.571 122.383 143.607 142.41 125.163 82.414 41.51 27.237 2 2 2 0 0 0 0 1 0 0 0 1 0 0 0 0 0 1 0 0 0 3 2 8 10 3 2 3 2 0 1 0 1 0 1 0 0 0 0 0 1 0 0 0 0 1 0 0 0 0 1 0 0 0 0 1 0 0 1 0 0 1 0 10 8 10 9 7 4 0.583 0 0 0 0 1 2169 5
25.348 26.109 26.105 25.901 25.16 21.133 20.819 34.142 43.915 36.775 2 2 2 0 0 1 0 0 0 0 0 0 0 1 0 0 1 0 0 0 0 3 2 7 11 3 2 2 3 0 1 0 1 0 1 0 0 0 0 0 1 0 0 0 0 1 0 0 0 0 1 0 0 0 0 1 0 0 1 0 0 1 0 11 7 11 8 8 3 0.667 0 0 1 0 0 452 5
15.275 -11.082 -37.467 -63.877 -90.632 -114.831 -125.564 -126.163 -111.521 -79.622 2 2 2 0 1 0 0 0 0 0 0 1 0 0 0 0 0 0 0 1 0 3 2 6 12 3 2 1 4 0 1 0 1 0 1 0 0 0 0 0 1 0 0 0 0 1 0 0 0 0 1 0 0 0 0 1 0 0 1 0 0 1 0 12 6 12 7 9 2 0.75 0 1 0 0 0 18 5
-33.551 16.532 37.014 36.821 16.395 -15.283 -47.176 -82.408 -118.646 -123.337 2 2 2 0 0 0 0 1 0 0 1 0 0 0 1 0 0 0 0 0 0 3 2 5 13 3 2 0 5 0 1 0 1 1 0 120.854 0 0 120.854 0 1 0 0 0 0 1 0 0 0 0 1 0 0 0 0 1 0 0 1 0 0 0 1 13 5 13 6 10 1 0.833 0 0 0 0 1 782 5
67.831 67.594 67.37 67.16 66.965 61.793 52.066 50.333 43.645 19.483 2 2 2 1 0 0 0 0 0 0 0 0 0 1 0 0 1 0 0 0 0 3 1 4 14 3 1 2 6 1 0 0 1 0 1 123.854 120.854 120.854 123.854 0 1 0 0 0 0 1 0 0 0 0 1 0 0 0 0 0 1 0 1 0 0 1 0 14 4 14 5 1 5 0.143 1 0 0 0 0 2081 8
14.601 21.863 10.239 -19.979 -49.738 -69.592 -81.408 -82.989 -74.737 -58.497 2 2 2 0 1 0 0 0 1 0 0 0 0 0 0 0 0 0 0 1 0 4 1 3 15 4 1 1 0 0 1 1 0 0 1 0 123.854 123.854 0 0 1 0 0 0 0 1 0 0 0 0 1 0 0 0 0 1 0 0 0 1 0 1 0 15 3 15 4 2 4 0.286 0 1 0 0 0 937 8
-34.035 -22.804 -12.251 -0.526 11.209 21.793 29.839 30.059 23.31 10.876 2 2 2 0 0 0 0 1 0 0 1 0 0 0 1 0 0 0 0 0 0 4 1 2 16 4 1 0 1 0 1 0 1 1 0 117.927 0 0 117.927 0 1 0 0 0 0 1 0 0 0 0 1 0 0 0 0 1 0 0 1 0 0 0 1 16 2 16 3 3 3 0.429 0 0 0 0 1 586 5
-1.21 -4.443 1.079 40.069 73.928 84.307 90.669 91.019 89.398 74.832 2 2 2 1 0 0 0 0 0 0 0 0 0 1 0 0 1 0 0 0 0 4 0 1 17 4 0 1 2 1 0 0 1 0 1 120.927 117.927 117.927 120.927 0 1 0 0 0 0 1 0 0 0 0 0 0 1 0 0 0 1 0 1 0 0 1 0 17 1 17 2 4 2 0.571 1 0 0 0 0 631 5
53.071 35.357 16.295 -12.514 -45.173 -77.449 -93.545 -94.908 -80.68 -43.894 2 2 0 0 1 0 0 0 1 0 0 0 0 0 0 1 0 0 0 0 0 5 0 0 18 5 0 0 0 0 1 1 0 0 1 110 120.927 120.927 0 0 0 0 1 0 0 1 0 0 0 1 0 0 0 0 0 1 0 0 0 1 1 0 0 18 0 18 1 5 1 0.714 0 1 0 0 0 69 5
