9.13238 7.66546 2.92344 12.79971 3.91898 2.87597 -4.80377 -13.0212 -10.52249 -8.50492 2 0 2 0 0 1 0 0 0 1 0 0 0 0 0 0 0 1 0 0 0 0 4 17 0 0 4 8 0 0 1 0 1 0 1 0 1 0 0 0 1 0 0 0 0 0 1 0 0 0 0 1 0 1 0 0 0 1 0 0 17 0 18 1 18 0.05 0 0 1 0 0 440 9 0 7 0 0 23 30 0.0 0.0 1.0 0.0 0.0 18.0 0.0 0.0 0.0 0.0 0.0 0.0 0.0 0.0 0.0 0.0 0.0 0.0 0.0 0.0 0.0 0.0 0.0 0.0 0.0 0.0 0.0 0.0 0.0 0.0 0.0 0.0 0.0 1.0 0.0 0.0 0.0 0.0 0.0 0.0 0.0 0.0 0.0 0.0 0.0 0.0 0.0 0.0 0.0 0.0 0.0 0.0 0.0 0.0 0.0 0.0 0.0 0.0 0.0 0.0 0.0 0.0 0.0 0.0 0.0 0.0
8.89826 30.55394 51.27761 66.25814 56.78693 37.9812 -12.55936 -50.02919 -73.55451 -66.08141 2 2 2 0 0 1 0 0 0 0 0 1 0 0 0 0 1 0 0 0 0 0 4 16 1 0 4 7 1 0 1 0 1 0 1 0 1 0 0 0 0 1 0 0 0 0 1 0 0 0 0 1 0 0 1 0 0 1 0 1 16 1 17 2 17 0.1 0 0 1 0 0 440 9 0 7 0 1 23 30 0.0 0.0 1.0 1.0 0.0555555555556 18.0 0.0 0.0 0.0 0.0 0.0 0.0 0.0 0.0 0.0 0.0 0.0 0.0 0.0 0.0 0.0 0.0 0.0 0.0 0.0 0.0 0.0 0.0 0.0 0.0 0.0 0.0 0.0 1.0 0.0 0.0 0.0 0.0 0.0 0.0 0.0 0.0 0.0 0.0 0.0 0.0 0.0 0.0 0.0 0.0 0.0 0.0 0.0 0.0 0.0 0.0 0.0 0.0 0.0 0.0 0.0 0.0 0.0 0.0 0.0 0.0
-32.67286 -15.38381 -0.71579 -2.17455 -1.02007 -1.4614 -4.84294 -12.14485 -8.97247 0.61694 2 2 2 0 1 0 0 0 0 0 0 1 0 0 0 0 0 1 0 0 0 0 4 15 2 0 4 6 2 0 1 0 1 0 1 0 1 0 0 0 0 1 0 0 0 0 1 0 0 0 0 1 0 0 1 0 0 1 0 2 15 2 16 3 16 0.15 0 1 0 0 0 232 7 9 9 1 0 18 4 0.0 0.0 1.0 2.0 0.111111111111 18.0 0.0 1.0 0.0 0.0 0.0 0.0 0.0 0.0 0.0 0.0 0.0 0.0 0.0 0.0 0.0 0.0 1.0 0.0 0.0 0.0 0.0 0.0 0.0 0.0 0.0 0.0 1.0 0.0 0.0 0.0 0.0 0.0 0.0 0.0 0.0 0.0 0.0 0.0 0.0 0.0 0.0 0.0 0.0 0.0 0.0 0.0 0.0 0.0 0.0 0.0 0.0 0.0 0.0 0.0 0.0 0.0 0.0 0.0 0.0 0.0
-5.37883 -12.1558 -5.2346 -5.15068 -0.41689 8.87227 2.74507 6.87298 5.19879 -3.76944 2 2 2 0 0 1 0 0 0 0 1 0 0 0 0 0 0 0 1 0 0 0 4 14 3 0 4 5 3 0 1 0 1 0 1 0 1 0 0 0 0 1 0 0 0 0 1 0 0 0 0 1 0 0 1 0 0 1 0 3 14 3 15 4 15 0.2 0 0 1 0 0 503 7 9 9 1 1 17 24 0.0 0.0 1.0 3.0 0.166666666667 18.0 0.0 1.0 0.0 0.0 0.0 0.0 0.0 0.0 0.0 0.0 0.0 0.0 0.0 0.0 0.0 0.0 1.0 0.0 0.0 0.0 0.0 0.0 0.0 0.0 0.0 0.0 1.0 0.0 0.0 0.0 0.0 0.0 0.0 0.0 0.0 0.0 0.0 0.0 0.0 0.0 0.0 0.0 0.0 0.0 0.0 0.0 0.0 0.0 0.0 0.0 0.0 0.0 0.0 0.0 0.0 0.0 0.0 0.0 0.0 0.0
-1.34476 10.68718 13.75267 23.09517 4.7894 -0.02667 -5.98089 -27.48448 -33.56942 -30.62996 2 2 2 0 0 0 1 0 0 0 0 1 0 0 0 0 1 0 0 0 0 0 4 13 4 0 4 4 4 0 1 0 1 0 1 0 1 0 0 0 0 1 0 0 0 0 1 0 0 0 0 1 0 0 1 0 0 1 0 4 13 4 14 5 14 0.25 0 0 0 1 0 8 9 7 7 2 0 1 24 0.0 0.0 1.0 4.0 0.222222222222 18.0 0.0 0.0 0.0 0.0 0.0 0.0 0.0 0.0 0.0 0.0 0.0 0.0 0.0 0.0 0.0 0.0 0.0 0.0 0.0 0.0 0.0 0.0 0.0 0.0 0.0 0.0 0.0 0.0 0.0 0.0 0.0 0.0 0.0 0.0 0.0 0.0 0.0 0.0 0.0 0.0 0.0 0.0 0.0 0.0 0.0 0.0 0.0 0.0 0.0 0.0 0.0 0.0 0.0 0.0 0.0 0.0 0.0 0.0 0.0 0.0
-34.73507 -34.67583 -31.64066 -32.26536 -19.0136 -6.76567 5.21582 10.89625 5.59853 3.56434 2 2 2 0 1 0 0 0 0 0 0 0 1 0 0 0 0 0 0 1 0 0 4 12 5 0 4 3 5 0 1 0 1 0 1 0 1 0 0 0 0 1 0 0 0 0 1 0 0 0 0 1 0 0 1 0 0 1 0 5 12 5 13 6 13 0.3 0 1 0 0 0 4 7 9 3 3 0 20 15 0.0 0.0 1.0 5.0 0.277777777778 18.0 0.0 0.0 0.0 0.0 0.0 0.0 0.0 0.0 0.0 0.0 0.0 0.0 0.0 0.0 0.0 0.0 0.0 0.0 0.0 0.0 0.0 0.0 0.0 0.0 0.0 0.0 0.0 0.0 0.0 0.0 0.0 0.0 0.0 0.0 0.0 0.0 0.0 0.0 0.0 0.0 0.0 0.0 0.0 0.0 0.0 0.0 0.0 0.0 0.0 0.0 0.0 0.0 0.0 0.0 0.0 0.0 0.0 0.0 0.0 0.0
17.86343 20.05534 16.59477 19.00241 19.69408 10.22633 2.70066 -6.68208 -12.15254 -17.98973 2 2 2 0 0 0 0 1 0 0 1 0 0 0 0 0 0 0 0 1 0 0 4 11 6 0 4 2 6 0 1 0 1 0 1 0 1 0 0 0 0 1 0 0 0 0 1 0 0 0 0 1 0 0 1 0 0 1 0 6 11 6 12 7 12 0.35 0 0 0 0 1 3380 3 7 1 4 0 21 26 0.0 0.0 1.0 6.0 0.333333333333 18.0 0.0 0.0 0.0 0.0 0.0 0.0 0.0 1.0 0.0 0.0 0.0 0.0 0.0 0.0 0.0 0.0 0.0 0.0 0.0 0.0 0.0 0.0 0.0 0.0 0.0 0.0 0.0 0.0 0.0 0.0 0.0 0.0 0.0 0.0 0.0 0.0 0.0 0.0 0.0 0.0 0.0 0.0 0.0 0.0 0.0 0.0 0.0 0.0 0.0 0.0 0.0 0.0 0.0 0.0 0.0 0.0 0.0 0.0 0.0 0.0
-1.49455 -15.43805 -38.0738 -40.55213 -37.18905 -24.7919 -13.01786 -3.15407 0.98437 4.84727 2 2 2 0 0 0 0 1 0 0 0 0 0 1 0 0 0 1 0 0 0 0 4 10 7 0 4 1 7 0 1 0 1 0 1 0 1 0 0 0 0 1 0 0 0 0 1 0 0 0 0 1 0 0 1 0 0 1 0 7 10 7 11 8 11 0.4 0 0 0 0 1 14 3 7 1 4 1 2 1 0.0 0.0 1.0 7.0 0.388888888889 18.0 0.0 0.0 0.0 0.0 0.0 0.0 0.0 1.0 0.0 0.0 0.0 0.0 0.0 0.0 0.0 0.0 0.0 0.0 0.0 0.0 0.0 0.0 0.0 0.0 0.0 0.0 0.0 0.0 0.0 0.0 0.0 0.0 0.0 0.0 0.0 0.0 0.0 0.0 0.0 0.0 0.0 0.0 0.0 0.0 0.0 0.0 0.0 0.0 0.0 0.0 0.0 0.0 0.0 0.0 0.0 0.0 0.0 0.0 0.0 0.0
-3.01789 -2.41426 -14.0249 -18.99732 -15.49782 -12.24301 -6.46626 -8.80028 -2.76465 -8.85048 2 2 2 0 0 1 0 0 0 0 0 0 0 1 1 0 0 0 0 0 0 0 4 9 8 0 4 0 8 0 1 0 1 1 0 0 1 0 0 0 0 1 0 0 0 0 1 0 0 0 0 1 0 0 1 0 0 0 1 8 9 8 10 9 10 0.45 0 0 1 0 0 170 1 3 5 5 0 19 35 0.0 0.0 1.0 8.0 0.444444444444 18.0 0.0 0.0 0.0 0.0 0.0 0.0 1.0 0.0 0.0 0.0 0.0 1.0 0.0 0.0 0.0 0.0 0.0 0.0 0.0 0.0 0.0 0.0 0.0 0.0 0.0 0.0 0.0 0.0 0.0 0.0 0.0 0.0 0.0 0.0 0.0 0.0 0.0 0.0 0.0 0.0 0.0 0.0 0.0 0.0 0.0 0.0 0.0 0.0 0.0 0.0 0.0 0.0 0.0 0.0 0.0 0.0 0.0 0.0 0.0 0.0
13.52447 16.57476 23.39477 16.12294 -10.24883 -18.92719 -19.84503 -20.09426 -17.18121 -14.66671 2 2 2 1 0 0 0 0 0 0 0 1 0 0 1 0 0 0 0 0 0 0 3 8 9 0 3 0 9 1 0 0 1 1 0 0 1 0 0 0 0 1 0 0 0 0 1 0 0 0 0 0 1 0 1 0 0 0 1 9 8 9 9 10 9 0.5 1 0 0 0 0 149 1 3 5 5 1 14 34 0.0 0.0 1.0 9.0 0.5 18.0 0.0 0.0 0.0 0.0 0.0 0.0 1.0 0.0 0.0 0.0 0.0 1.0 0.0 0.0 0.0 0.0 0.0 0.0 0.0 0.0 0.0 0.0 0.0 0.0 0.0 0.0 0.0 0.0 0.0 0.0 0.0 0.0 0.0 0.0 0.0 0.0 0.0 0.0 0.0 0.0 0.0 0.0 0.0 0.0 0.0 0.0 0.0 0.0 0.0 0.0 0.0 0.0 0.0 0.0 0.0 0.0 0.0 0.0 0.0 0.0
-24.56714 -15.60749 -12.49199 -10.86708 -14.01518 -6.71278 -15.64173 -18.45781 -14.77597 -5.98082 2 2 2 1 0 0 0 0 1 0 0 0 0 0 0 0 0 0 0 1 0 1 2 7 10 1 2 1 0 1 0 1 0 0 1 0 1 0 0 0 0 1 0 0 0 0 1 0 0 0 0 0 1 0 0 1 0 1 0 10 7 10 8 11 8 0.55 1 0 0 0 0 283 5 1 1 6 0 8 13 0.0 0.0 1.0 10.0 0.555555555556 18.0 0.0 0.0 0.0 0.0 0.0 0.0 0.0 0.0 0.0 0.0 0.0 0.0 0.0 0.0 0.0 0.0 0.0 0.0 0.0 0.0 0.0 0.0 0.0 0.0 0.0 0.0 0.0 0.0 0.0 0.0 0.0 0.0 0.0 0.0 0.0 0.0 0.0 0.0 0.0 0.0 0.0 0.0 0.0 0.0 0.0 0.0 0.0 0.0 0.0 0.0 0.0 0.0 0.0 0.0 0.0 0.0 0.0 0.0 0.0 0.0
-7.68027 -10.08058 -12.10032 -29.62619 -47.67759 -61.33675 -68.46567 -52.05098 -38.01842 -15.43221 2 2 2 0 0 0 0 1 1 0 0 0 0 0 1 0 0 0 0 0 0 2 2 6 11 2 2 0 0 0 1 1 0 1 0 0 1 0 0 0 0 1 0 0 0 0 1 0 0 0 0 1 0 0 0 1 0 0 1 11 6 11 7 12 7 0.6 0 0 0 0 1 701 5 1 1 6 1 23 13 0.0 0.0 1.0 11.0 0.611111111111 18.0 0.0 0.0 0.0 0.0 0.0 0.0 0.0 0.0 0.0 0.0 0.0 0.0 0.0 0.0 0.0 0.0 0.0 0.0 0.0 0.0 0.0 0.0 0.0 0.0 0.0 0.0 0.0 0.0 0.0 0.0 0.0 0.0 0.0 0.0 0.0 0.0 0.0 0.0 0.0 0.0 0.0 0.0 0.0 0.0 0.0 0.0 0.0 0.0 0.0 0.0 0.0 0.0 0.0 0.0 0.0 0.0 0.0 0.0 0.0 0.0
-0.7252 -4.65816 -22.84308 -30.76141 -37.52828 -36.30299 -41.2513 -42.20089 -42.0393 -35.80516 2 2 2 1 0 0 0 0 0 0 0 0 0 1 0 0 0 1 0 0 0 2 1 5 12 2 1 3 1 1 0 0 1 0 1 0 1 0 0 0 0 1 0 0 0 0 1 0 0 0 0 0 1 0 1 0 0 1 0 12 5 12 6 13 6 0.65 1 0 0 0 0 43 5 1 1 6 2 2 26 0.0 0.0 1.0 12.0 0.666666666667 18.0 0.0 0.0 0.0 0.0 0.0 0.0 0.0 0.0 0.0 0.0 0.0 0.0 0.0 0.0 0.0 0.0 0.0 0.0 0.0 0.0 0.0 0.0 0.0 0.0 0.0 0.0 0.0 0.0 0.0 0.0 0.0 0.0 0.0 0.0 0.0 0.0 0.0 0.0 0.0 0.0 0.0 0.0 0.0 0.0 0.0 0.0 0.0 0.0 0.0 0.0 0.0 0.0 0.0 0.0 0.0 0.0 0.0 0.0 0.0 0.0
-16.64045 -2.77228 2.84012 5.60168 3.12127 2.80324 6.49738 9.96887 5.30975 22.18303 2 2 2 0 0 1 0 0 1 0 0 0 0 0 0 0 0 0 0 1 0 3 1 4 13 3 1 2 0 0 1 1 0 0 1 0 1 0 0 0 0 1 0 0 0 0 1 0 0 0 0 1 0 0 0 1 0 1 0 13 4 13 5 14 5 0.7 0 0 1 0 0 170 1 5 4 7 0 19 35 0.0 0.0 1.0 13.0 0.722222222222 18.0 0.0 0.0 0.0 0.0 0.0 0.0 0.0 0.0 0.0 0.0 1.0 0.0 0.0 0.0 0.0 0.0 0.0 0.0 0.0 0.0 0.0 0.0 0.0 0.0 0.0 0.0 0.0 0.0 0.0 1.0 1.0 0.0 0.0 0.0 0.0 0.0 0.0 0.0 0.0 0.0 0.0 0.0 0.0 0.0 0.0 0.0 0.0 0.0 0.0 0.0 0.0 0.0 0.0 0.0 0.0 0.0 0.0 0.0 0.0 0.0
13.3915 17.66905 10.3965 7.351 -4.07868 -18.22577 -8.55454 -12.47105 -21.01146 -9.51961 2 2 2 0 0 0 0 1 0 0 0 1 0 0 0 0 0 0 1 0 0 3 1 3 14 3 1 1 1 0 1 0 1 0 1 0 1 0 0 0 0 1 0 0 0 0 1 0 0 0 0 1 0 0 1 0 0 1 0 14 3 14 4 15 4 0.75 0 0 0 0 1 451 1 5 4 7 1 10 24 0.0 0.0 1.0 14.0 0.777777777778 18.0 0.0 0.0 0.0 0.0 0.0 0.0 0.0 0.0 0.0 0.0 1.0 0.0 0.0 0.0 0.0 0.0 0.0 0.0 0.0 0.0 0.0 0.0 0.0 0.0 0.0 0.0 0.0 0.0 0.0 1.0 1.0 0.0 0.0 0.0 0.0 0.0 0.0 0.0 0.0 0.0 0.0 0.0 0.0 0.0 0.0 0.0 0.0 0.0 0.0 0.0 0.0 0.0 0.0 0.0 0.0 0.0 0.0 0.0 0.0 0.0
-3.82755 -6.79583 -2.03631 7.81379 -0.36003 -0.0392 -3.16703 -0.82325 -0.52856 0.23388 2 2 2 0 0 0 1 0 0 0 0 0 0 1 1 0 0 0 0 0 0 3 1 2 15 3 1 0 2 0 1 0 1 1 0 0 1 0 0 0 0 1 0 0 0 0 1 0 0 0 0 1 0 0 1 0 0 0 1 15 2 15 3 16 3 0.8 0 0 0 1 0 2 4 1 1 8 0 2 8 0.0 0.0 1.0 15.0 0.833333333333 18.0 0.0 0.0 0.0 0.0 0.0 0.0 0.0 0.0 0.0 0.0 0.0 0.0 0.0 0.0 0.0 0.0 0.0 0.0 0.0 0.0 0.0 0.0 0.0 0.0 0.0 0.0 0.0 0.0 0.0 0.0 0.0 1.0 0.0 0.0 0.0 0.0 0.0 0.0 0.0 0.0 0.0 0.0 0.0 0.0 0.0 0.0 0.0 0.0 0.0 0.0 0.0 0.0 0.0 0.0 0.0 0.0 0.0 0.0 0.0 0.0
1.49811 3.25097 2.00245 -2.25746 -11.42445 -19.45245 -12.25042 -4.10389 0.29418 1.71736 2 2 2 1 0 0 0 0 0 0 0 0 1 0 0 0 0 0 0 1 0 3 0 1 16 3 0 1 3 1 0 0 1 0 1 0 1 0 0 0 0 1 0 0 0 0 0 0 0 1 0 0 1 0 1 0 0 1 0 16 1 16 2 17 2 0.85 1 0 0 0 0 637 1 4 0 9 0 15 24 0.0 0.0 1.0 16.0 0.888888888889 18.0 1.0 0.0 0.0 0.0 0.0 0.0 0.0 0.0 0.0 0.0 0.0 0.0 0.0 0.0 0.0 0.0 0.0 1.0 0.0 0.0 0.0 0.0 0.0 0.0 0.0 0.0 0.0 0.0 1.0 0.0 0.0 0.0 0.0 0.0 0.0 0.0 0.0 0.0 0.0 0.0 0.0 0.0 0.0 0.0 0.0 0.0 0.0 0.0 0.0 0.0 0.0 0.0 0.0 0.0 0.0 0.0 0.0 0.0 0.0 0.0
-3.8413 6.42337 4.22688 -11.3741 -15.87144 -22.68794 -48.73369 -22.74393 36.23687 81.98651 2 2 0 0 0 0 0 1 1 0 0 0 0 0 0 1 0 0 0 0 0 4 0 0 17 4 0 0 0 0 1 1 0 0 1 0 0 0 0 1 0 1 0 0 0 1 0 0 0 0 0 1 0 0 0 1 1 0 0 17 0 17 1 18 1 0.9 0 0 0 0 1 47 1 4 0 9 1 23 3 0.0 0.0 1.0 17.0 0.944444444444 18.0 1.0 0.0 0.0 0.0 0.0 0.0 0.0 0.0 0.0 0.0 0.0 0.0 0.0 0.0 0.0 0.0 0.0 1.0 0.0 0.0 0.0 0.0 0.0 0.0 0.0 0.0 0.0 0.0 1.0 0.0 0.0 0.0 0.0 0.0 0.0 0.0 0.0 0.0 0.0 0.0 0.0 0.0 0.0 0.0 0.0 0.0 0.0 0.0 0.0 0.0 0.0 0.0 0.0 0.0 0.0 0.0 0.0 0.0 0.0 0.0
