333.137085729 332.577569622 331.463641104 329.805441705 327.618020279 324.921140197 321.739027732 318.100066117 314.036440686 309.583741256 2 0 2 0 0 0 0 1 0 1 0 0 0 0 0 0 0 0 0 1 0 0 1 16 0 0 1 9 0 0 1 0 1 0 1 0 130 0 0 0 1 0 0 0 1 0 0 0 0 0 1 0 0 0 0 1 0 1 0 0 0 1 0 0 16 0 17 1 6 0.125 0 0 0 0 1 17 14
304.780528518 299.66787167 294.288864773 288.688129427 282.911311266 277.004577542 271.014122669 264.985688077 258.964102067 252.992844665 2 2 2 0 0 0 0 1 0 0 0 0 0 1 0 0 1 0 0 0 0 0 1 15 1 0 1 8 1 0 1 0 1 0 1 0 0 0 0 0 1 0 0 0 0 1 0 0 0 0 1 0 0 0 0 1 0 0 1 0 0 1 0 1 15 1 16 2 5 0.25 0 0 0 0 1 1435 8
247.113641666 241.366091233 235.787325629 230.411709826 225.270578006 220.392008286 215.800635416 211.51750071 207.559938125 203.94149514 2 2 2 0 1 0 0 0 0 0 0 0 0 1 0 0 0 0 1 0 0 0 1 14 2 0 1 7 2 0 1 0 1 0 1 0 0 0 0 0 1 0 0 0 0 1 0 0 0 0 1 0 0 0 0 1 0 0 1 0 0 1 0 2 14 2 15 3 4 0.375 0 1 0 0 0 290 17
200.671886984 197.756982757 195.198822086 192.995661154 191.142047209 189.62892098 188.443746735 187.570670095 186.990703956 186.681943172 2 2 2 0 0 0 1 0 0 0 1 0 0 0 0 0 1 0 0 0 0 0 1 13 3 0 1 6 3 0 1 0 1 0 1 0 0 0 0 0 1 0 0 0 0 1 0 0 0 0 1 0 0 0 0 1 0 0 1 0 0 1 0 3 13 3 14 4 3 0.5 0 0 0 1 0 2 4
186.619808753 186.777322391 187.125412056 187.633249155 188.268617356 188.998312678 189.788573719 190.605540088 191.415736144 192.186576094 2 2 2 0 1 0 0 0 0 0 0 0 1 0 0 0 0 1 0 0 0 0 1 12 4 0 1 5 4 0 1 0 1 0 1 0 0 0 0 0 1 0 0 0 0 1 0 0 0 0 1 0 0 0 0 1 0 0 1 0 0 1 0 4 12 4 13 5 2 0.625 0 1 0 0 0 115 5
192.886885383 193.487432143 193.961461317 194.285222988 194.438485403 194.405022342 194.173063774 193.735698299 193.09121567 192.243377803 2 2 2 0 0 1 0 0 0 0 1 0 0 0 0 0 1 0 0 0 0 0 1 11 5 0 1 4 5 0 1 0 1 0 1 0 0 0 0 0 1 0 0 0 0 1 0 0 0 0 1 0 0 0 0 1 0 0 1 0 0 1 0 5 11 5 12 6 1 0.75 0 0 1 0 0 152 5
191.201607098 189.981081687 188.602728315 187.093105059 185.484167877 183.812917113 182.120922472 180.453727623 178.860138419 177.391401635 2 2 2 0 1 0 0 0 0 0 0 1 0 0 0 0 0 1 0 0 0 0 1 10 6 0 1 3 6 0 1 0 1 0 1 0 0 0 0 0 1 0 0 0 0 1 0 0 0 0 1 0 0 0 0 1 0 0 1 0 0 1 0 6 10 6 11 1 11 0.077 0 1 0 0 0 1755 8
176.100284139 175.040065365 174.263458809 173.821480946 173.762288369 174.130005998 174.963570839 176.295616934 178.151427726 180.547982077 2 2 2 0 0 1 0 0 0 0 1 0 0 0 0 0 0 0 1 0 0 0 1 9 7 0 1 2 7 0 1 0 1 0 1 0 0 0 0 0 1 0 0 0 0 1 0 0 0 0 1 0 0 0 0 1 0 0 1 0 0 1 0 7 9 7 10 2 10 0.154 0 0 1 0 0 624 8
183.493119573 186.984849464 191.01082573 195.548008174 200.562526355 206.00975945 211.834640977 217.972192699 224.348287142 230.880633001 2 2 2 0 0 0 1 0 0 0 0 1 0 0 0 0 0 0 0 1 0 0 1 8 8 0 1 1 8 0 1 0 1 0 1 0 0 0 0 0 1 0 0 0 0 1 0 0 0 0 1 0 0 0 0 1 0 0 1 0 0 1 0 8 8 8 9 3 9 0.231 0 0 0 1 0 16 10
237.479972524 244.051474721 250.496303215 256.713332759 262.600984054 268.05914266 272.991124553 277.305648368 280.918772731 283.755756246 2 2 2 0 0 0 0 1 0 0 0 0 1 0 1 0 0 0 0 0 0 0 1 7 9 0 1 0 9 0 1 0 1 1 0 123.33299 0 0 123.33299 0 1 0 0 0 0 1 0 0 0 0 1 0 0 0 0 1 0 0 1 0 0 0 1 9 7 9 8 4 8 0.308 0 0 0 0 1 1414 8
285.752797911 286.858616793 287.035831959 286.262106647 284.531024685 281.852671976 278.253901458 273.778266232 268.485612329 262.451329796 2 2 2 1 0 0 0 0 0 0 0 0 0 1 0 0 1 0 0 0 0 0 0 6 10 0 0 6 10 1 0 0 1 0 1 126.333 123.33299 123.33299 126.333 0 1 0 0 0 0 1 0 0 0 0 1 0 0 0 0 0 1 0 1 0 0 1 0 10 6 10 7 5 7 0.385 1 0 0 0 0 1198 8
255.765268218 248.530330276 240.860764394 232.880184633 224.719352708 216.513763081 208.40107741 200.518459078 192.99986186 185.973329116 2 2 2 0 1 0 0 0 1 0 0 0 0 0 0 0 0 0 1 0 0 1 0 5 11 1 0 5 0 0 1 1 0 0 1 0 126.333 126.333 0 0 1 0 0 0 0 1 0 0 0 0 1 0 0 0 0 1 0 0 0 1 0 1 0 11 5 11 6 6 6 0.462 0 1 0 0 0 290 17
179.558360891 173.863406134 168.983535743 164.998349373 161.970164956 159.942534689 158.939125005 158.962990828 159.996266379 162.000286164 2 2 2 0 0 0 1 0 0 0 1 0 0 0 0 0 0 1 0 0 0 1 0 4 12 1 0 4 1 0 1 0 1 0 1 0 0 0 0 0 1 0 0 0 0 1 0 0 0 0 1 0 0 0 0 1 0 0 1 0 0 1 0 12 4 12 5 7 5 0.538 0 0 0 1 0 2 4
164.916140635 168.665661638 173.152823355 178.265535161 183.877793949 189.852155162 196.04247427 202.296863842 208.460805953 214.380355489 2 2 1 0 0 1 0 0 0 0 0 0 1 0 0 0 0 0 0 1 0 1 0 3 13 1 0 3 2 0 1 0 1 0 1 0 0 0 0 0 1 0 0 0 0 1 0 0 0 0 1 0 0 0 0 1 0 0 1 0 0 1 0 13 3 13 4 8 4 0.615 0 0 1 0 0 1317 5
219.905367103 224.892677255 229.209172897 232.734680069 235.36460884 237.012295626 237.610989906 237.115439568 235.503037368 232.774500225 1 2 2 0 0 0 0 1 0 0 0 1 0 0 0 0 0 0 0 1 0 1 0 2 14 1 0 2 3 0 1 0 1 0 1 0 0 0 0 0 1 0 0 0 0 1 0 0 0 0 1 0 0 0 0 1 0 0 1 0 0 1 0 14 2 14 3 9 3 0.692 0 0 0 0 1 600 5
228.954062933 224.089178309 218.249726407 211.52674615 204.030713163 195.889397641 187.245345371 178.253033519 169.075760101 159.882332177 2 1 2 0 0 0 0 1 0 0 0 0 0 1 0 0 0 0 0 1 0 1 0 1 15 1 0 1 4 0 1 0 1 0 1 0 0 0 0 0 1 0 0 0 0 1 0 0 0 0 0 0 1 0 0 1 0 0 1 0 0 1 0 15 1 15 2 10 2 0.769 0 0 0 0 1 242 5
150.843622467 142.129067294 133.903180292 126.322156309 119.530638179 113.658715801 108.819222035 105.105383716 102.588878467 101.318339292 2 2 0 0 0 0 0 1 0 0 0 0 0 1 0 1 0 0 0 0 0 1 0 0 16 1 0 0 5 0 1 0 1 0 1 110 0 0 0 0 0 0 1 0 0 1 0 0 0 1 0 0 0 0 0 1 0 0 1 0 1 0 0 16 0 16 1 11 1 0.846 0 0 0 0 1 2 5
