-5.788 -5.752 -7.569 -22.335 -45.129 -52.15 -51.841 -49.616 -49.223 -53.871 2 0 2 0 0 1 0 0 0 1 0 0 0 0 1 0 0 0 0 0 0 0 6 19 0 0 6 0 0 0 1 0 1 1 0 133.537 130 0 133.537 0 1 0 0 0 1 0 0 0 0 0 1 0 0 0 0 1 0 1 0 0 0 0 1 0 19 0 20 1 16 0.056 0 0 1 0 0 838 8
-53.05 -31.952 -7.487 -5.879 -10.533 -14.946 -18.733 -20.215 -17.511 -27.096 2 2 2 1 0 0 0 0 0 0 0 1 0 0 1 0 0 0 0 0 0 0 5 18 1 0 5 0 1 1 0 0 1 1 0 137.04901 133.537 133.537 137.04901 0 1 0 0 0 0 1 0 0 0 0 1 0 0 0 0 0 1 0 1 0 0 0 1 1 18 1 19 2 15 0.111 1 0 0 0 0 132 8
-11.216 52.676 86.647 86.684 81.653 81.57 82.709 84.332 90.176 95.361 2 2 2 1 0 0 0 0 1 0 0 0 0 0 0 0 0 0 0 1 0 1 4 17 2 1 4 7 0 1 0 1 0 0 1 135.561 137.04901 137.04901 135.561 0 1 0 0 0 0 1 0 0 0 0 1 0 0 0 0 0 1 0 0 1 0 1 0 2 17 2 18 3 14 0.167 1 0 0 0 0 322 6
91.48 83.652 72.939 55.506 37.906 20.481 5.649 -14.197 -30.928 -46.88 2 2 2 0 0 0 0 1 1 0 0 0 0 0 0 0 0 1 0 0 0 2 4 16 3 2 4 6 0 0 1 1 0 0 1 0 135.561 135.561 0 0 1 0 0 0 0 1 0 0 0 0 1 0 0 0 0 1 0 0 0 1 0 1 0 3 16 3 17 4 13 0.222 0 0 0 0 1 701 6
-59.715 -57.054 -51.2 -54.522 -61.885 -57.997 -49.195 -33.764 -10.805 1.44 2 2 2 0 0 1 0 0 0 0 0 0 0 1 0 0 1 0 0 0 0 2 4 15 4 2 4 5 1 0 1 0 1 0 1 0 0 0 0 0 1 0 0 0 0 1 0 0 0 0 1 0 0 0 0 1 0 0 1 0 0 1 0 4 15 4 16 5 12 0.278 0 0 1 0 0 204 7
5.263 19.034 31.395 20.676 -10.417 -34.894 -56.201 -64.428 -60.812 -46.901 2 2 2 0 1 0 0 0 0 0 0 1 0 0 0 0 0 0 0 1 0 2 4 14 5 2 4 4 2 0 1 0 1 0 1 0 0 0 0 0 1 0 0 0 0 1 0 0 0 0 1 0 0 0 0 1 0 0 1 0 0 1 0 5 14 5 15 6 11 0.333 0 1 0 0 0 240 8
-14.459 19.119 43.601 49.922 41.511 23.294 4.52 -8.368 -9.395 -14.217 2 2 1 0 0 0 0 1 0 0 1 0 0 0 0 0 0 1 0 0 0 2 4 13 6 2 4 3 3 0 1 0 1 0 1 0 0 0 0 0 1 0 0 0 0 1 0 0 0 0 1 0 0 0 0 1 0 0 1 0 0 1 0 6 13 6 14 7 10 0.389 0 0 0 0 1 255 8
-22.754 -28.837 -30.862 -29.246 -21.698 -13.13 3.047 18.412 24.499 22.297 1 2 2 0 0 1 0 0 0 0 0 0 0 1 0 0 0 1 0 0 0 2 4 12 7 2 4 2 4 0 1 0 1 0 1 0 0 0 0 0 1 0 0 0 0 1 0 0 0 0 1 0 0 0 0 1 0 0 1 0 0 1 0 7 12 7 13 8 9 0.444 0 0 1 0 0 54 19
18.986 18.309 17.588 16.817 15.989 2.919 -12.698 -12.981 -5.909 0.316 2 1 2 0 0 1 0 0 0 0 0 1 0 0 0 0 0 0 1 0 0 2 4 11 8 2 4 1 5 0 1 0 1 0 1 0 0 0 0 0 1 0 0 0 0 1 0 0 0 0 1 0 0 0 0 1 0 0 1 0 0 1 0 8 11 8 12 9 8 0.5 0 0 1 0 0 34 8
4.21 10.174 3.263 -9.502 -16.907 -22.771 -26.247 -25.741 -22.136 -19.043 2 2 2 0 0 0 1 0 0 0 0 1 0 0 1 0 0 0 0 0 0 2 4 10 9 2 4 0 6 0 1 0 1 1 0 125.244 0 0 125.244 0 1 0 0 0 0 1 0 0 0 0 1 0 0 0 0 1 0 0 1 0 0 0 1 9 10 9 11 10 7 0.556 0 0 0 1 0 2 9
-11.597 14.914 44.705 66.561 72.268 71.619 69.978 71.744 72.141 68.48 2 2 2 1 0 0 0 0 0 0 0 0 1 0 0 0 0 1 0 0 0 2 3 9 10 2 3 1 7 1 0 0 1 0 1 128.244 125.244 125.244 128.244 0 1 0 0 0 0 1 0 0 0 0 1 0 0 0 0 0 1 0 1 0 0 1 0 10 9 10 10 11 6 0.611 1 0 0 0 0 231 3
62.545 48.293 17.97 -21.33 -56.5 -76.373 -78.61 -71.021 -53.899 -46.278 2 2 2 0 0 1 0 0 1 0 0 0 0 0 1 0 0 0 0 0 0 3 3 8 11 3 3 0 0 0 1 1 0 1 0 123.293 128.244 128.244 123.293 0 1 0 0 0 0 1 0 0 0 0 1 0 0 0 0 1 0 0 0 1 0 0 1 11 8 11 9 12 5 0.667 0 0 1 0 0 112 3
-47.363 -34.734 -13.052 -6.171 -8.245 -9.862 -10.032 -7.902 -8.203 -13.233 2 2 2 1 0 0 0 0 0 0 0 1 0 0 0 0 0 0 0 1 0 3 2 7 12 3 2 1 1 1 0 0 1 0 1 126.293 123.293 123.293 126.293 0 1 0 0 0 0 1 0 0 0 0 1 0 0 0 0 0 1 0 1 0 0 1 0 12 7 12 8 13 4 0.722 1 0 0 0 0 630 5
-13.368 1.233 18.275 36.853 49.876 36.954 -1.863 -45.63 -60.415 -46.596 2 2 1 0 0 0 0 1 1 0 0 0 0 0 1 0 0 0 0 0 0 4 2 6 13 4 2 0 0 0 1 1 0 1 0 121.341 126.293 126.293 121.341 0 1 0 0 0 0 1 0 0 0 0 1 0 0 0 0 1 0 0 0 1 0 0 1 13 6 13 7 14 3 0.778 0 0 0 0 1 837 3
-26.088 -13.811 -3.985 2.155 6.855 9.475 12.461 14.953 19.306 25.866 1 2 2 1 0 0 0 0 0 0 0 0 0 1 0 0 0 0 0 1 0 4 1 5 14 4 1 1 1 1 0 0 1 0 1 126.341 121.341 121.341 126.341 0 1 0 0 0 0 1 0 0 0 0 1 0 0 0 0 0 1 0 1 0 0 1 0 14 5 14 6 15 2 0.833 1 0 0 0 0 175 3
31.886 34.113 38.544 25.191 -21.573 -72.945 -124.27 -170.176 -170.311 -174.79 2 1 2 0 0 0 0 1 1 0 0 0 0 0 1 0 0 0 0 0 0 5 1 4 15 5 1 0 0 0 1 1 0 1 0 119.878 126.341 126.341 119.878 0 1 0 0 0 0 1 0 0 0 0 1 0 0 0 0 1 0 0 0 1 0 0 1 15 4 15 5 16 1 0.889 0 0 0 0 1 191 5
71.704 74.29 76.952 79.936 95.646 106.533 108.08 109.79 110.726 103.55 2 2 2 1 0 0 0 0 0 0 0 0 0 1 0 0 1 0 0 0 0 5 0 3 16 5 0 3 1 1 0 0 1 0 1 122.878 119.878 119.878 122.878 0 1 0 0 0 0 1 0 0 0 0 1 0 0 0 0 0 1 0 1 0 0 1 0 16 3 16 4 1 4 0.167 1 0 0 0 0 740 11
86.926 69.562 53.74 37.904 23.222 -2.14 -39.629 -67.995 -73.9 -70.739 2 2 2 0 1 0 0 0 1 0 0 0 0 0 0 0 0 1 0 0 0 6 0 2 17 6 0 2 0 0 1 1 0 0 1 0 122.878 122.878 0 0 1 0 0 0 0 1 0 0 0 0 1 0 0 0 0 1 0 0 0 1 0 1 0 17 2 17 3 2 3 0.333 0 1 0 0 0 1603 11
-64.423 -58.753 -53.669 -52.747 -55.122 -56.09 -55.409 -48.47 -35.985 -19.73 2 2 2 0 0 1 0 0 0 0 1 0 0 0 0 0 0 0 0 1 0 6 0 1 18 6 0 1 1 0 1 0 1 0 1 0 0 0 0 0 1 0 0 0 0 1 0 0 0 0 0 0 1 0 0 1 0 0 1 0 0 1 0 18 1 18 2 3 2 0.5 0 0 1 0 0 112 11
8.788 42.684 75.214 82.644 62.774 24.01 -14.558 -34.668 -22.116 -18.956 2 2 0 0 0 0 0 1 0 0 0 1 0 0 0 1 0 0 0 0 0 6 0 0 19 6 0 0 2 0 1 0 1 0 1 110 0 0 0 0 0 0 1 0 0 1 0 0 0 1 0 0 0 0 0 1 0 0 1 0 1 0 0 19 0 19 1 4 1 0.667 0 0 0 0 1 521 11
