53.594 46.856 34.97 24.116 13.822 5.774 -0.952 -6.317 -9.584 -17.048 2 0 2 0 0 0 0 1 0 1 0 0 0 0 0 0 0 1 0 0 0 0 6 21 0 0 6 1 0 0 1 0 1 0 1 0 130 0 0 0 1 0 0 0 1 0 0 0 0 0 1 0 0 0 0 1 0 1 0 0 0 1 0 0 21 0 22 1 6 0.125 0 0 0 0 1 33 14
-28.451 -30.778 -38.081 -55.405 -68.329 -68.372 -60.228 -37.712 -13.058 3.107 2 2 2 0 0 1 0 0 0 0 0 0 0 1 1 0 0 0 0 0 0 0 6 20 1 0 6 0 1 0 1 0 1 1 0 132.87199 0 0 132.87199 0 1 0 0 0 0 1 0 0 0 0 1 0 0 0 0 1 0 0 1 0 0 0 1 1 20 1 21 2 5 0.25 0 0 1 0 0 994 3
18.674 40.28 58.877 66.151 71.12 73.943 76.145 79.25 78.944 73.13 2 2 2 1 0 0 0 0 0 0 0 1 0 0 0 0 0 0 0 1 0 0 5 19 2 0 5 4 2 1 0 0 1 0 1 135.87199 132.87199 132.87199 135.87199 0 1 0 0 0 0 1 0 0 0 0 1 0 0 0 0 0 1 0 1 0 0 1 0 2 19 2 20 3 4 0.375 1 0 0 0 0 587 3
72.001 72.92 73.848 74.828 73.958 54.911 24.082 -2.386 -20.476 -45.6 2 2 2 0 0 0 0 1 1 0 0 0 0 0 0 0 1 0 0 0 0 1 5 18 3 1 5 3 0 0 1 1 0 0 1 0 135.87199 135.87199 0 0 1 0 0 0 0 1 0 0 0 0 1 0 0 0 0 1 0 0 0 1 0 1 0 3 18 3 19 4 3 0.5 0 0 0 0 1 451 5
-53.657 -52.717 -51.698 -50.685 -49.68 -49.482 -72.136 -104.705 -120.996 -126.433 2 2 2 0 1 0 0 0 0 0 0 0 0 1 0 0 0 0 0 1 0 1 5 17 4 1 5 2 1 0 1 0 1 0 1 0 0 0 0 0 1 0 0 0 0 1 0 0 0 0 1 0 0 0 0 1 0 0 1 0 0 1 0 4 17 4 18 5 2 0.625 0 1 0 0 0 418 8
-97.348 -58.914 -34.47 -26.652 -38.543 -56.472 -70.149 -74.703 -84.64 -103.836 2 2 2 0 0 0 0 1 0 0 1 0 0 0 0 0 1 0 0 0 0 1 5 16 5 1 5 1 2 0 1 0 1 0 1 0 0 0 0 0 1 0 0 0 0 1 0 0 0 0 1 0 0 0 0 1 0 0 1 0 0 1 0 5 16 5 17 6 1 0.75 0 0 0 0 1 35 8
-39.457 -34.442 -28.786 -34.34 -42.047 -48.222 -51.088 -53.325 -53.483 -51.4 2 2 2 0 1 0 0 0 0 0 0 0 0 1 1 0 0 0 0 0 0 1 5 15 6 1 5 0 3 0 1 0 1 1 0 128.617 0 0 128.617 0 1 0 0 0 0 1 0 0 0 0 1 0 0 0 0 1 0 0 1 0 0 0 1 6 15 6 16 1 5 0.143 0 1 0 0 0 24 14
-33.719 0.069 32.642 64.839 87.118 94.487 96.694 101.588 105.334 93.454 2 2 2 1 0 0 0 0 0 0 1 0 0 0 1 0 0 0 0 0 0 1 4 14 7 1 4 0 4 1 0 0 1 1 0 132.1915 128.617 128.617 132.1915 0 1 0 0 0 0 1 0 0 0 0 1 0 0 0 0 0 1 0 1 0 0 0 1 7 14 7 15 2 4 0.286 1 0 0 0 0 587 5
95.291 105.638 112.178 108.879 105.381 104.789 102.925 107.545 110.307 97.273 2 2 2 1 0 0 0 0 1 0 0 0 0 0 0 0 1 0 0 0 0 2 3 13 8 2 3 1 0 1 0 1 0 0 1 130.76601 132.1915 132.1915 130.76601 0 1 0 0 0 0 1 0 0 0 0 1 0 0 0 0 0 1 0 0 1 0 1 0 8 13 8 14 3 3 0.429 1 0 0 0 0 79 5
69.856 44.8 19.62 -2.663 -20.273 -59.138 -85.105 -90.743 -90.45 -71.664 2 2 2 0 1 0 0 0 1 0 0 0 0 0 1 0 0 0 0 0 0 3 3 12 9 3 3 0 0 0 1 1 0 1 0 126.064 130.76601 130.76601 126.064 0 1 0 0 0 0 1 0 0 0 0 1 0 0 0 0 1 0 0 0 1 0 0 1 9 12 9 13 4 2 0.571 0 1 0 0 0 780 5
-48.061 -28.58 -9.111 10.345 30.879 54.872 67.01 75.519 74.967 45.537 2 2 2 1 0 0 0 0 0 0 1 0 0 0 0 0 0 1 0 0 0 3 2 11 10 3 2 5 1 1 0 0 1 0 1 129.064 126.064 126.064 129.064 0 1 0 0 0 0 1 0 0 0 0 1 0 0 0 0 0 1 0 1 0 0 1 0 10 11 10 12 5 1 0.714 1 0 0 0 0 890 5
25.006 19.61 -0.643 -25.807 -40.944 -43.67 -34.388 -21.301 -17.774 -18.715 2 2 2 0 0 1 0 0 1 0 0 0 0 0 0 0 1 0 0 0 0 4 2 10 11 4 2 4 0 0 1 1 0 0 1 0 129.064 129.064 0 0 1 0 0 0 0 1 0 0 0 0 1 0 0 0 0 1 0 0 0 1 0 1 0 11 10 11 11 1 2 0.25 0 0 1 0 0 17 8
-19.245 -18.458 -17.549 -25.465 -61.492 -102.758 -138.004 -152.329 -167.238 -169.715 2 2 2 0 1 0 0 0 0 0 0 1 0 0 0 0 0 1 0 0 0 4 2 9 12 4 2 3 1 0 1 0 1 0 1 0 0 0 0 0 1 0 0 0 0 1 0 0 0 0 1 0 0 0 0 1 0 0 1 0 0 1 0 12 9 12 10 2 1 0.5 0 1 0 0 0 92 8
-48.682 -48.98 -49.246 -49.478 -49.675 -50.999 -56.658 -62.555 -54.93 -22.647 2 2 2 0 0 1 0 0 0 0 1 0 0 0 0 0 0 0 0 1 0 4 2 8 13 4 2 2 2 0 1 0 1 0 1 0 0 0 0 0 1 0 0 0 0 1 0 0 0 0 1 0 0 0 0 1 0 0 1 0 0 1 0 13 8 13 9 1 2 0.25 0 0 1 0 0 70 5
11.508 27.233 45.02 60.609 61.595 48.203 18.561 -12.911 -25.142 -48.174 2 2 2 0 0 0 0 1 0 0 0 1 0 0 0 0 0 0 0 1 0 4 2 7 14 4 2 1 3 0 1 0 1 0 1 0 0 0 0 0 1 0 0 0 0 1 0 0 0 0 1 0 0 0 0 1 0 0 1 0 0 1 0 14 7 14 8 2 1 0.5 0 0 0 0 1 312 5
72.65 73.118 73.625 74.171 78.652 90.448 85.689 66.035 46.491 32.493 2 2 2 0 0 0 0 1 0 0 0 0 0 1 1 0 0 0 0 0 0 4 2 6 15 4 2 0 4 0 1 0 1 1 0 120.957 0 0 120.957 0 1 0 0 0 0 1 0 0 0 0 1 0 0 0 0 1 0 0 1 0 0 0 1 15 6 15 7 1 7 0.111 0 0 0 0 1 576 5
29.777 44.205 64.712 79.871 85.087 88.9 96.913 98.608 74.899 26.761 2 2 2 1 0 0 0 0 0 0 0 0 0 1 0 0 0 1 0 0 0 4 1 5 16 4 1 3 5 1 0 0 1 0 1 123.957 120.957 120.957 123.957 0 1 0 0 0 0 1 0 0 0 0 1 0 0 0 0 0 1 0 1 0 0 1 0 16 5 16 6 2 6 0.222 1 0 0 0 0 587 5
5.773 -19.06 -51.883 -70.292 -67.591 -54.785 -24.698 9.589 30.192 36.597 2 2 2 0 0 1 0 0 1 0 0 0 0 0 0 0 1 0 0 0 0 5 1 4 17 5 1 2 0 0 1 1 0 0 1 0 123.957 123.957 0 0 1 0 0 0 0 1 0 0 0 0 1 0 0 0 0 1 0 0 0 1 0 1 0 17 4 17 5 3 5 0.333 0 0 1 0 0 17 8
31.96 19.278 6.244 -6.792 -19.833 -31.938 -48.108 -60.915 -69.372 -84.03 2 2 2 0 1 0 0 0 0 0 0 1 0 0 0 0 0 0 1 0 0 5 1 3 18 5 1 1 1 0 1 0 1 0 1 0 0 0 0 0 1 0 0 0 0 1 0 0 0 0 1 0 0 0 0 1 0 0 1 0 0 1 0 18 3 18 4 4 4 0.444 0 1 0 0 0 2121 8
-92.883 -94.783 -94.213 -90.843 -79.245 -66.732 -55.327 -42.442 -33.972 -28.711 2 2 2 0 0 0 1 0 0 0 1 0 0 0 1 0 0 0 0 0 0 5 1 2 19 5 1 0 2 0 1 0 1 1 0 117.553 0 0 117.553 0 1 0 0 0 0 1 0 0 0 0 1 0 0 0 0 1 0 0 1 0 0 0 1 19 2 19 3 5 3 0.556 0 0 0 1 0 2 9
-18.347 -5.173 8.018 20.941 34.841 40.398 44.777 51.665 57.295 58.047 2 2 2 1 0 0 0 0 0 0 0 0 1 0 0 0 0 0 0 1 0 5 0 1 20 5 0 1 3 1 0 0 1 0 1 120.553 117.553 117.553 120.553 0 1 0 0 0 0 1 0 0 0 0 0 0 1 0 0 0 1 0 1 0 0 1 0 20 1 20 2 6 2 0.667 1 0 0 0 0 57 5
55.256 53.559 52.052 50.498 49.044 32.776 -2.43 -32.333 -42.942 -32.351 2 2 0 0 0 0 0 1 1 0 0 0 0 0 0 1 0 0 0 0 0 6 0 0 21 6 0 0 0 0 1 1 0 0 1 110 120.553 120.553 0 0 0 0 1 0 0 1 0 0 0 1 0 0 0 0 0 1 0 0 0 1 1 0 0 21 0 21 1 7 1 0.778 0 0 0 0 1 460 5
