22.021 23.325 25.913 29.608 18.105 3.465 -9.084 -33.282 -64.442 -78.929 2 0 2 0 0 0 0 1 0 1 0 0 0 0 1 0 0 0 0 0 0 0 4 18 0 0 4 0 0 0 1 0 1 1 0 133.481 130 0 133.481 0 1 0 0 0 1 0 0 0 0 0 1 0 0 0 0 1 0 1 0 0 0 0 1 0 18 0 19 1 5 0.143 0 0 0 0 1 1069 1
-76.841 -54.348 -21.262 10.17 21.976 23.963 33.857 47.351 60.578 60.023 2 2 2 1 0 0 0 0 0 0 0 0 0 1 0 0 1 0 0 0 0 0 3 17 1 0 3 1 1 1 0 0 1 0 1 136.481 133.481 133.481 136.481 0 1 0 0 0 0 1 0 0 0 0 1 0 0 0 0 0 1 0 1 0 0 1 0 1 17 1 18 2 4 0.286 1 0 0 0 0 626 1
53.179 52.952 51.765 40.856 -4.937 -47.597 -62.062 -73.553 -74.259 -54.415 2 2 2 0 1 0 0 0 1 0 0 0 0 0 1 0 0 0 0 0 0 1 3 16 2 1 3 0 0 0 1 1 0 1 0 131.45599 136.481 136.481 131.45599 0 1 0 0 0 0 1 0 0 0 0 1 0 0 0 0 1 0 0 0 1 0 0 1 2 16 2 17 3 3 0.429 0 1 0 0 0 1708 5
-29.215 -12.259 4.913 21.522 34.837 39.363 37.781 39.744 40.651 35.984 2 2 2 1 0 0 0 0 0 0 1 0 0 0 0 0 0 0 0 1 0 1 2 15 3 1 2 7 1 1 0 0 1 0 1 134.45599 131.45599 131.45599 134.45599 0 1 0 0 0 0 1 0 0 0 0 1 0 0 0 0 0 1 0 1 0 0 1 0 3 15 3 16 4 2 0.571 1 0 0 0 0 498 5
26.387 17.194 15.757 -8.457 -53.429 -104.646 -171.419 -223.659 -181.47 -61.502 2 2 2 0 0 0 0 1 1 0 0 0 0 0 0 0 0 0 0 1 0 2 2 14 4 2 2 6 0 0 1 1 0 0 1 0 134.45599 134.45599 0 0 1 0 0 0 0 1 0 0 0 0 1 0 0 0 0 1 0 0 0 1 0 1 0 4 14 4 15 5 1 0.714 0 0 0 0 1 53 5
113.963 114.387 115.428 117.051 119.093 117.898 113.787 103.434 64.485 17.206 2 2 2 0 0 0 0 1 0 0 0 0 0 1 0 0 1 0 0 0 0 2 2 13 5 2 2 5 1 0 1 0 1 0 1 0 0 0 0 0 1 0 0 0 0 1 0 0 0 0 1 0 0 0 0 1 0 0 1 0 0 1 0 5 13 5 14 1 14 0.063 0 0 0 0 1 8 2
4.69 -8.346 -22.355 -35.762 -52.135 -66.679 -80.229 -86.895 -83.416 -73.046 2 2 2 0 1 0 0 0 0 0 0 0 0 1 0 0 0 1 0 0 0 2 2 12 6 2 2 4 2 0 1 0 1 0 1 0 0 0 0 0 1 0 0 0 0 1 0 0 0 0 1 0 0 0 0 1 0 0 1 0 0 1 0 6 12 6 13 2 13 0.125 0 1 0 0 0 685 2
-56.733 -39.043 -27.48 -24.088 -21.77 -16.457 -6.506 10.176 47.441 69.122 2 2 2 0 0 1 0 0 0 0 1 0 0 0 0 0 0 1 0 0 0 2 2 11 7 2 2 3 3 0 1 0 1 0 1 0 0 0 0 0 1 0 0 0 0 1 0 0 0 0 1 0 0 0 0 1 0 0 1 0 0 1 0 7 11 7 12 3 12 0.188 0 0 1 0 0 710 8
62.742 50.846 50.641 54.382 41.291 13.896 7.506 6.325 10.875 16.106 2 2 2 0 0 1 0 0 0 0 0 1 0 0 0 0 0 0 1 0 0 2 2 10 8 2 2 2 4 0 1 0 1 0 1 0 0 0 0 0 1 0 0 0 0 1 0 0 0 0 1 0 0 0 0 1 0 0 1 0 0 1 0 8 10 8 11 4 11 0.25 0 0 1 0 0 313 8
20.516 27.215 28.188 22.112 10.021 -3.756 -21.866 -60.143 -75.957 -75.807 2 2 2 0 0 0 1 0 0 0 0 1 0 0 0 0 0 1 0 0 0 2 2 9 9 2 2 1 5 0 1 0 1 0 1 0 0 0 0 0 1 0 0 0 0 1 0 0 0 0 1 0 0 0 0 1 0 0 1 0 0 1 0 9 9 9 10 5 10 0.313 0 0 0 1 0 4 10
-61.686 -40.796 -20.647 -1.164 8.555 -8.87 -26.41 -26.599 -7.601 1.441 2 2 2 0 0 1 0 0 0 0 0 0 1 0 1 0 0 0 0 0 0 2 2 8 10 2 2 0 6 0 1 0 1 1 0 123.354 0 0 123.354 0 1 0 0 0 0 1 0 0 0 0 1 0 0 0 0 1 0 0 1 0 0 0 1 10 8 10 9 6 9 0.375 0 0 1 0 0 480 12
1.934 11.745 31.434 47.005 42.588 32.66 22.036 15.893 13.956 7.135 2 2 2 1 0 0 0 0 0 0 0 1 0 0 1 0 0 0 0 0 0 2 1 7 11 2 1 0 7 1 0 0 1 1 0 126.848 123.354 123.354 126.848 0 1 0 0 0 0 1 0 0 0 0 1 0 0 0 0 0 1 0 1 0 0 0 1 11 7 11 8 7 8 0.438 1 0 0 0 0 48 12
0.685 1.029 4.161 8.322 13.237 15.165 8.602 7.943 10.774 -0.049 2 2 2 1 0 0 0 0 1 0 0 0 0 0 0 0 0 0 0 1 0 3 0 6 12 3 0 6 0 1 0 1 0 0 1 125.342 126.848 126.848 125.342 0 1 0 0 0 0 1 0 0 0 0 1 0 0 0 0 0 1 0 0 1 0 1 0 12 6 12 7 8 7 0.5 1 0 0 0 0 429 8
-10.653 -9.295 -7.224 -4.685 -1.181 4.15 4.185 -12.762 -28.731 -40.381 2 2 2 0 0 0 0 1 1 0 0 0 0 0 0 0 0 0 1 0 0 4 0 5 13 4 0 5 0 0 1 1 0 0 1 0 125.342 125.342 0 0 1 0 0 0 0 1 0 0 0 0 1 0 0 0 0 1 0 0 0 1 0 1 0 13 5 13 6 9 6 0.563 0 0 0 0 1 117 8
-41.116 -35.191 -33.355 -38.533 -38.696 -35.306 -31.225 -22.788 -12.865 0.326 2 2 2 0 0 0 1 0 0 0 0 0 0 1 0 0 0 0 0 1 0 4 0 4 14 4 0 4 1 0 1 0 1 0 1 0 0 0 0 0 1 0 0 0 0 1 0 0 0 0 1 0 0 0 0 1 0 0 1 0 0 1 0 14 4 14 5 10 5 0.625 0 0 0 1 0 2 9
10.712 31.447 54.386 76.795 98.76 115.623 116.512 91.056 36.414 -0.739 2 2 2 0 0 0 0 1 0 0 0 0 1 0 0 0 1 0 0 0 0 4 0 3 15 4 0 3 2 0 1 0 1 0 1 0 0 0 0 0 1 0 0 0 0 1 0 0 0 0 1 0 0 0 0 1 0 0 1 0 0 1 0 15 3 15 4 11 4 0.688 0 0 0 0 1 67 5
-9.173 -18.043 -26.534 -34.551 -43.043 -60.786 -86.421 -95.617 -110.236 -107.795 2 2 2 0 1 0 0 0 0 0 0 0 0 1 0 0 0 0 0 1 0 4 0 2 16 4 0 2 3 0 1 0 1 0 1 0 0 0 0 0 1 0 0 0 0 1 0 0 0 0 1 0 0 0 0 1 0 0 1 0 0 1 0 16 2 16 3 12 3 0.75 0 1 0 0 0 100 5
-73.082 -19.874 34.036 84.114 100.44 83.911 53.075 19.379 -7.25 -15.411 2 2 1 0 0 0 0 1 0 0 1 0 0 0 0 0 0 1 0 0 0 4 0 1 17 4 0 1 4 0 1 0 1 0 1 110 0 0 110 0 1 0 0 0 0 1 0 0 0 0 0 0 1 0 0 1 0 0 1 0 0 1 0 17 1 17 2 13 2 0.813 0 0 0 0 1 833 5
-15.511 -11.337 -9.826 -2.731 9.599 -3.67 -45.441 -49.075 -4.773 112.977 1 2 0 0 0 1 0 0 0 0 0 0 0 1 0 1 0 0 0 0 0 4 0 0 18 4 0 0 5 0 1 0 1 0 1 110 110 110 0 0 0 0 1 0 0 1 0 0 0 1 0 0 0 0 0 1 0 0 1 0 1 0 0 18 0 18 1 14 1 0.875 0 0 1 0 0 462 5
