-47.796 -42.493 -35.252 -25.311 -11.633 0.77 12.004 22.869 31.784 38.506 2 0 2 0 0 1 0 0 0 1 0 0 0 0 0 0 0 0 0 1 0 0 1 10 0 0 1 8 0 0 1 0 1 0 1 0 130 0 0 0 1 0 0 0 1 0 0 0 0 0 1 0 0 0 0 1 0 1 0 0 0 1 0 0 10 0 11 1 6 0.125 0 0 1 0 0 3 12
54.464 81.214 84.28 50.868 10.318 -17.829 -40.891 -59.84 -67.503 -67.748 2 2 2 0 0 0 0 1 0 0 0 1 0 0 0 0 0 0 0 1 0 0 1 9 1 0 1 7 1 0 1 0 1 0 1 0 0 0 0 0 1 0 0 0 0 1 0 0 0 0 1 0 0 0 0 1 0 0 1 0 0 1 0 1 9 1 10 2 5 0.25 0 0 0 0 1 182 12
-63.351 -43.005 -19.535 6.18 33.468 45.881 40.168 19.198 -6.401 -13.834 2 2 2 0 0 0 0 1 0 0 0 0 0 1 0 0 0 0 0 1 0 0 1 8 2 0 1 6 2 0 1 0 1 0 1 0 0 0 0 0 1 0 0 0 0 1 0 0 0 0 1 0 0 0 0 1 0 0 1 0 0 1 0 2 8 2 9 3 4 0.375 0 0 0 0 1 1819 3
-10.624 0.26 25.697 46.977 51.573 38.394 19.144 -0.01 -24.076 -36.923 2 2 2 0 0 0 0 1 0 0 0 0 0 1 0 0 0 1 0 0 0 0 1 7 3 0 1 5 3 0 1 0 1 0 1 0 0 0 0 0 1 0 0 0 0 1 0 0 0 0 1 0 0 0 0 1 0 0 1 0 0 1 0 3 7 3 8 4 3 0.5 0 0 0 0 1 982 23
-37.046 -31.914 -28.286 -32.341 -37.503 -40.462 -39.038 -15.932 31.186 68.561 2 2 2 0 0 1 0 0 0 0 0 0 0 1 0 0 1 0 0 0 0 0 1 6 4 0 1 4 4 0 1 0 1 0 1 0 0 0 0 0 1 0 0 0 0 1 0 0 0 0 1 0 0 0 0 1 0 0 1 0 0 1 0 4 6 4 7 5 2 0.625 0 0 1 0 0 1183 5
73.389 60.839 47.246 32.348 8.023 -16.801 -32.406 -44.615 -46.93 -46.574 2 2 2 0 1 0 0 0 0 0 0 1 0 0 0 0 0 1 0 0 0 0 1 5 5 0 1 3 5 0 1 0 1 0 1 0 0 0 0 0 1 0 0 0 0 1 0 0 0 0 1 0 0 0 0 1 0 0 1 0 0 1 0 5 5 5 6 6 1 0.75 0 1 0 0 0 2499 5
9.206 9.87 6.655 -4.741 -10.412 -6.675 0.899 21.155 33.656 31.545 2 2 2 0 0 1 0 0 0 0 1 0 0 0 0 0 0 1 0 0 0 0 1 4 6 0 1 2 6 0 1 0 1 0 1 0 0 0 0 0 1 0 0 0 0 1 0 0 0 0 1 0 0 0 0 1 0 0 1 0 0 1 0 6 4 6 5 1 5 0.143 0 0 1 0 0 122 3
20.127 3.107 -7.49 -24.577 -44.729 -56.419 -46.21 -22.068 10.46 34.433 2 2 2 0 0 1 0 0 0 0 0 1 0 0 0 0 1 0 0 0 0 0 1 3 7 0 1 1 7 0 1 0 1 0 1 0 0 0 0 0 1 0 0 0 0 1 0 0 0 0 1 0 0 0 0 1 0 0 1 0 0 1 0 7 3 7 4 2 4 0.286 0 0 1 0 0 6 3
46.154 52.561 56.457 57.592 55.005 45.445 -8.631 -69.48 -95.728 -105.817 2 2 2 0 1 0 0 0 0 0 0 1 0 0 1 0 0 0 0 0 0 0 1 2 8 0 1 0 8 0 1 0 1 1 0 119.8 0 0 119.8 0 1 0 0 0 0 1 0 0 0 0 1 0 0 0 0 1 0 0 1 0 0 0 1 8 2 8 3 3 3 0.429 0 1 0 0 0 1010 8
-79.708 -34.519 5.055 25.272 21.608 20.459 21.585 24.094 33.559 44.135 2 2 2 1 0 0 0 0 0 0 1 0 0 0 0 0 1 0 0 0 0 0 0 1 9 0 0 1 9 1 0 0 1 0 1 122.8 119.8 119.8 122.8 0 1 0 0 0 0 1 0 0 0 0 0 0 1 0 0 0 1 0 1 0 0 1 0 9 1 9 2 4 2 0.571 1 0 0 0 0 2479 8
44.517 32.467 21.106 12.265 -8.515 -33.26 -27.994 -17.504 -19.504 -28.177 2 2 0 0 1 0 0 0 1 0 0 0 0 0 0 1 0 0 0 0 0 1 0 0 10 1 0 0 0 0 1 1 0 0 1 110 122.8 122.8 0 0 0 0 1 0 0 1 0 0 0 1 0 0 0 0 0 1 0 0 0 1 1 0 0 10 0 10 1 5 1 0.714 0 1 0 0 0 106 8
