250.181951235 250.603941726 251.442556431 252.687124475 254.321793055 256.325709716 258.67326219 261.334373104 264.274846235 267.456760435 2 0 2 0 1 0 0 0 0 1 0 0 0 0 0 0 0 0 0 1 0 0 2 11 0 0 2 1 0 0 1 0 1 0 1 0 130 0 0 0 1 0 0 0 1 0 0 0 0 0 1 0 0 0 0 1 0 1 0 0 0 1 0 0 11 0 12 1 5 0.143 0 1 0 0 0 125 6
270.838906783 274.37726405 278.025507131 281.735542711 285.458066143 289.14313324 292.740740558 296.201407592 299.476754324 302.520067577 2 2 2 0 0 0 0 1 0 0 1 0 0 0 1 0 0 0 0 0 0 0 2 10 1 0 2 0 1 0 1 0 1 1 0 131.29601 0 0 131.29601 0 1 0 0 0 0 1 0 0 0 0 1 0 0 0 0 1 0 0 1 0 0 0 1 1 10 1 11 2 4 0.286 0 0 0 0 1 20 7
305.286849766 307.735343816 309.827028275 311.527076986 312.804778072 313.633907403 313.993052283 313.865881558 313.241359033 312.113897625 2 2 2 1 0 0 0 0 0 0 0 0 0 1 0 0 0 0 0 1 0 0 1 9 2 0 1 4 2 1 0 0 1 0 1 134.29601 131.29601 131.29601 134.29601 0 1 0 0 0 0 1 0 0 0 0 1 0 0 0 0 0 1 0 1 0 0 1 0 2 9 2 10 3 3 0.429 1 0 0 0 0 43 12
310.483452407 308.355551339 305.741263184 302.65710281 299.12487478 295.171456815 290.828525383 286.132226341 281.122794145 275.844123735 2 2 2 0 0 0 0 1 1 0 0 0 0 0 0 0 0 0 0 1 0 1 1 8 3 1 1 3 0 0 1 1 0 0 1 0 134.29601 134.29601 0 0 1 0 0 0 0 1 0 0 0 0 1 0 0 0 0 1 0 0 0 1 0 1 0 3 8 3 9 4 2 0.571 0 0 0 0 1 160 5
270.343299751 264.670088184 258.876396041 253.015704933 247.14248481 241.311594321 235.577674392 229.994541774 224.614589251 219.488199221 2 2 2 0 0 0 0 1 0 0 0 0 0 1 0 0 1 0 0 0 0 1 1 7 4 1 1 2 1 0 1 0 1 0 1 0 0 0 0 0 1 0 0 0 0 1 0 0 0 0 1 0 0 0 0 1 0 0 1 0 0 1 0 4 7 4 8 5 1 0.714 0 0 0 0 1 63 15
214.663177158 210.184211312 206.092364705 202.424605143 199.213378563 196.486230567 194.265480472 192.567951654 191.404761323 190.781172262 2 2 2 0 1 0 0 0 0 0 0 0 0 1 0 0 0 0 0 1 0 1 1 6 5 1 1 1 2 0 1 0 1 0 1 0 0 0 0 0 1 0 0 0 0 1 0 0 0 0 1 0 0 0 0 1 0 0 1 0 0 1 0 5 6 5 7 1 7 0.111 0 1 0 0 0 495 1
190.696508346 191.144134993 192.111504974 193.580269295 195.526452151 197.920688248 200.728520107 203.910752282 207.423858823 211.220439699 2 2 2 0 0 0 0 1 0 0 1 0 0 0 1 0 0 0 0 0 0 1 1 5 6 1 1 0 3 0 1 0 1 1 0 123.88901 0 0 123.88901 0 1 0 0 0 0 1 0 0 0 0 1 0 0 0 0 1 0 0 1 0 0 0 1 6 5 6 6 2 6 0.222 0 0 0 0 1 178 1
215.249721366 219.458096159 223.789694768 228.186985654 232.591394994 236.94394046 241.18587201 245.259312742 249.107892881 252.67736999 2 2 2 1 0 0 0 0 0 0 0 0 0 1 0 0 0 0 0 1 0 1 0 4 7 1 0 4 4 1 0 0 1 0 1 126.889 123.88901 123.88901 126.889 0 1 0 0 0 0 1 0 0 0 0 1 0 0 0 0 0 1 0 1 0 0 1 0 7 4 7 5 3 5 0.333 1 0 0 0 0 674 1
255.916228667 258.776253155 261.21306663 263.186631201 264.661703155 265.608238381 266.001743476 265.823568603 265.061138795 263.708121047 2 2 2 0 0 0 0 1 1 0 0 0 0 0 0 0 0 1 0 0 0 2 0 3 8 2 0 3 0 0 1 1 0 0 1 0 126.889 126.889 0 0 1 0 0 0 0 1 0 0 0 0 1 0 0 0 0 1 0 0 0 1 0 1 0 8 3 8 4 4 4 0.444 0 0 0 0 1 140 5
261.764525244 259.236737669 256.137486569 252.485739979 248.306536746 243.63075241 238.494802299 232.940284884 227.013569081 220.765329804 2 2 2 0 0 1 0 0 0 0 0 0 0 1 0 0 1 0 0 0 0 2 0 2 9 2 0 2 1 0 1 0 1 0 1 0 0 0 0 0 1 0 0 0 0 1 0 0 0 0 1 0 0 0 0 1 0 0 1 0 0 1 0 9 2 9 3 5 3 0.556 0 0 1 0 0 444 5
214.250036609 207.525400826 200.651786985 193.691594753 186.708617924 179.76738726 172.932504141 166.267972119 159.836533477 153.699017855 2 2 2 0 1 0 0 0 0 0 0 1 0 0 0 0 0 1 0 0 0 2 0 1 10 2 0 1 2 0 1 0 1 0 1 0 0 0 0 0 1 0 0 0 0 1 0 0 0 0 0 0 1 0 0 1 0 0 1 0 0 1 0 10 1 10 2 6 2 0.667 0 1 0 0 0 2350 8
147.913709888 142.535742585 137.616522932 133.203195842 129.338152172 126.058586068 123.396106362 121.376406178 120.018994272 119.336990985 2 2 0 0 0 1 0 0 0 0 1 0 0 0 0 1 0 0 0 0 0 2 0 0 11 2 0 0 3 0 1 0 1 0 1 110 0 0 0 0 0 0 1 0 0 1 0 0 0 1 0 0 0 0 0 1 0 0 1 0 1 0 0 11 0 11 1 7 1 0.778 0 0 1 0 0 215 8
