25.964 26.621 27.93 29.875 32.081 26.763 20.702 10.107 -5.212 -4.668 2 0 2 0 0 0 0 1 0 1 0 0 0 0 0 0 0 0 1 0 0 0 6 22 0 0 6 8 0 0 1 0 1 0 1 0 130 0 0 0 1 0 0 0 1 0 0 0 0 0 1 0 0 0 0 1 0 1 0 0 0 1 0 0 22 0 23 1 5 0.143 0 0 0 0 1 678 5
-5.794 -17.831 -29.679 -36.227 -44.421 -60.735 -66.45 -66.264 -56.648 -41.82 2 2 2 0 0 0 1 0 0 0 0 0 0 1 0 0 0 0 0 1 0 0 6 21 1 0 6 7 1 0 1 0 1 0 1 0 0 0 0 0 1 0 0 0 0 1 0 0 0 0 1 0 0 0 0 1 0 0 1 0 0 1 0 1 21 1 22 2 4 0.286 0 0 0 1 0 227 5
-34.53 -26.155 8.509 57.786 77.431 84.75 88.405 89.721 84.005 71.867 2 2 2 0 0 0 0 1 0 0 0 0 1 0 0 0 1 0 0 0 0 0 6 20 2 0 6 6 2 0 1 0 1 0 1 0 0 0 0 0 1 0 0 0 0 1 0 0 0 0 1 0 0 0 0 1 0 0 1 0 0 1 0 2 20 2 21 3 3 0.429 0 0 0 0 1 487 8
49.766 16.952 -13.661 -34.731 -50.4 -59.154 -78.777 -88.505 -84.591 -74.181 2 2 2 0 1 0 0 0 0 0 0 0 0 1 0 0 0 0 0 1 0 0 6 19 3 0 6 5 3 0 1 0 1 0 1 0 0 0 0 0 1 0 0 0 0 1 0 0 0 0 1 0 0 0 0 1 0 0 1 0 0 1 0 3 19 3 20 4 2 0.571 0 1 0 0 0 22 17
-52.772 -32.758 -16.405 -0.23 5.822 -9.834 -26.18 -31.963 -33.571 -70.214 2 2 2 0 0 0 0 1 0 0 1 0 0 0 0 0 0 0 0 1 0 0 6 18 4 0 6 4 4 0 1 0 1 0 1 0 0 0 0 0 1 0 0 0 0 1 0 0 0 0 1 0 0 0 0 1 0 0 1 0 0 1 0 4 18 4 19 5 1 0.714 0 0 0 0 1 117 8
109.84 109.605 109.614 108.497 103.128 99.185 84.941 57.77 42.019 21.639 2 2 2 0 0 0 0 1 0 0 0 0 0 1 0 0 0 1 0 0 0 0 6 17 5 0 6 3 5 0 1 0 1 0 1 0 0 0 0 0 1 0 0 0 0 1 0 0 0 0 1 0 0 0 0 1 0 0 1 0 0 1 0 5 17 5 18 1 5 0.143 0 0 0 0 1 924 3
-5.658 -25.969 -47.231 -64.027 -75.187 -70.594 -56.711 -30.968 -9.955 -3.647 2 2 2 0 0 1 0 0 0 0 0 0 0 1 0 0 0 1 0 0 0 0 6 16 6 0 6 2 6 0 1 0 1 0 1 0 0 0 0 0 1 0 0 0 0 1 0 0 0 0 1 0 0 0 0 1 0 0 1 0 0 1 0 6 16 6 17 2 4 0.286 0 0 1 0 0 152 3
-9.248 -24.611 -43.108 -59.281 -62.0 -57.619 -46.266 -23.899 -2.196 12.865 2 2 2 0 0 1 0 0 0 0 0 1 0 0 0 0 0 0 0 1 0 0 6 15 7 0 6 1 7 0 1 0 1 0 1 0 0 0 0 0 1 0 0 0 0 1 0 0 0 0 1 0 0 0 0 1 0 0 1 0 0 1 0 7 15 7 16 3 3 0.429 0 0 1 0 0 1241 5
25.016 36.994 47.769 51.236 44.728 28.461 8.915 -5.961 -10.783 -12.971 2 2 2 0 0 0 0 1 0 0 0 1 0 0 1 0 0 0 0 0 0 0 6 14 8 0 6 0 8 0 1 0 1 1 0 127.245 0 0 127.245 0 1 0 0 0 0 1 0 0 0 0 1 0 0 0 0 1 0 0 1 0 0 0 1 8 14 8 15 4 2 0.571 0 0 0 0 1 714 5
-5.8 14.895 35.441 41.109 39.439 38.542 36.908 35.499 28.179 43.692 2 2 2 1 0 0 0 0 0 0 0 0 0 1 0 0 0 1 0 0 0 0 5 13 9 0 5 3 9 1 0 0 1 0 1 130.245 127.245 127.245 130.245 0 1 0 0 0 0 1 0 0 0 0 1 0 0 0 0 0 1 0 1 0 0 1 0 9 13 9 14 5 1 0.714 1 0 0 0 0 245 5
-26.055 -27.005 -27.73 -29.813 -52.233 -69.701 -68.871 -57.596 -37.807 -2.719 2 2 2 0 0 1 0 0 1 0 0 0 0 0 0 0 0 0 0 1 0 1 5 12 10 1 5 2 0 0 1 1 0 0 1 0 130.245 130.245 0 0 1 0 0 0 0 1 0 0 0 0 1 0 0 0 0 1 0 0 0 1 0 1 0 10 12 10 13 1 6 0.125 0 0 1 0 0 884 1
32.813 54.682 73.468 81.707 75.949 56.323 35.81 9.843 -18.266 -32.316 2 2 2 0 0 0 0 1 0 0 0 1 0 0 0 0 0 1 0 0 0 1 5 11 11 1 5 1 1 0 1 0 1 0 1 0 0 0 0 0 1 0 0 0 0 1 0 0 0 0 1 0 0 0 0 1 0 0 1 0 0 1 0 11 11 11 12 2 5 0.25 0 0 0 0 1 608 1
-40.277 -51.767 -65.082 -69.491 -72.965 -73.299 -71.5 -64.847 -42.528 -20.652 2 2 2 0 0 1 0 0 0 0 0 0 0 1 1 0 0 0 0 0 0 1 5 10 12 1 5 0 2 0 1 0 1 1 0 123.98 0 0 123.98 0 1 0 0 0 0 1 0 0 0 0 1 0 0 0 0 1 0 0 1 0 0 0 1 12 10 12 11 3 4 0.375 0 0 1 0 0 281 1
-11.229 3.485 18.215 32.695 48.698 64.346 71.663 68.449 56.487 50.168 2 2 2 1 0 0 0 0 0 0 0 1 0 0 0 0 0 0 0 1 0 1 4 9 13 1 4 3 3 1 0 0 1 0 1 126.98 123.98 123.98 126.98 0 1 0 0 0 0 1 0 0 0 0 1 0 0 0 0 0 1 0 1 0 0 1 0 13 9 13 10 4 3 0.5 1 0 0 0 0 184 1
47.522 45.123 42.972 40.604 37.36 28.89 9.682 -15.08 -40.646 -54.589 2 2 2 0 0 0 0 1 1 0 0 0 0 0 0 0 0 0 0 1 0 2 4 8 14 2 4 2 0 0 1 1 0 0 1 0 126.98 126.98 0 0 1 0 0 0 0 1 0 0 0 0 1 0 0 0 0 1 0 0 0 1 0 1 0 14 8 14 9 5 2 0.625 0 0 0 0 1 1478 1
-57.431 -49.645 -37.099 -22.602 -7.697 6.437 17.686 16.981 7.165 -12.108 2 2 2 0 0 0 0 1 0 0 0 0 0 1 0 0 0 0 0 1 0 2 4 7 15 2 4 1 1 0 1 0 1 0 1 0 0 0 0 0 1 0 0 0 0 1 0 0 0 0 1 0 0 0 0 1 0 0 1 0 0 1 0 15 7 15 8 6 1 0.75 0 0 0 0 1 277 1
10.724 13.082 15.74 18.666 20.003 4.953 -28.053 -55.941 -74.205 -81.185 2 2 2 0 0 0 0 1 0 0 0 0 0 1 1 0 0 0 0 0 0 2 4 6 16 2 4 0 2 0 1 0 1 1 0 120.714 0 0 120.714 0 1 0 0 0 0 1 0 0 0 0 1 0 0 0 0 1 0 0 1 0 0 0 1 16 6 16 7 1 2 0.25 0 0 0 0 1 185 12
-74.34 -55.482 -37.778 -21.426 -12.548 -6.711 -2.151 3.201 9.216 13.156 2 2 2 1 0 0 0 0 0 0 0 0 0 1 1 0 0 0 0 0 0 2 3 5 17 2 3 0 3 1 0 0 1 1 0 124.306 120.714 120.714 124.306 0 1 0 0 0 0 1 0 0 0 0 1 0 0 0 0 0 1 0 1 0 0 0 1 17 5 17 6 2 1 0.5 1 0 0 0 0 36 5
55.103 56.701 58.001 59.004 58.041 53.942 51.031 50.827 55.052 56.708 2 2 2 1 0 0 0 0 1 0 0 0 0 0 0 0 1 0 0 0 0 3 2 4 18 3 2 1 0 1 0 1 0 0 1 122.898 124.306 124.306 122.898 0 1 0 0 0 0 1 0 0 0 0 1 0 0 0 0 0 1 0 0 1 0 1 0 18 4 18 5 1 2 0.25 1 0 0 0 0 1334 8
48.23 31.097 13.549 -4.083 -23.342 -49.981 -74.447 -75.341 -75.812 -97.752 2 2 2 0 1 0 0 0 1 0 0 0 0 0 1 0 0 0 0 0 0 4 2 3 19 4 2 0 0 0 1 1 0 1 0 118.265 122.898 122.898 118.265 0 1 0 0 0 0 1 0 0 0 0 1 0 0 0 0 1 0 0 0 1 0 0 1 19 3 19 4 2 1 0.5 0 1 0 0 0 712 8
6.984 6.077 5.381 7.995 15.411 21.63 24.434 26.791 27.943 21.591 2 2 2 1 0 0 0 0 0 0 1 0 0 0 0 0 0 0 1 0 0 4 1 2 20 4 1 1 1 1 0 0 1 0 1 121.265 118.265 118.265 121.265 0 1 0 0 0 0 1 0 0 0 0 1 0 0 0 0 0 1 0 1 0 0 1 0 20 2 20 3 1 2 0.25 1 0 0 0 0 1607 5
2.97 -5.329 -12.768 -25.02 -44.749 -68.951 -108.462 -132.705 -133.062 -131.706 2 2 2 0 0 0 1 0 1 0 0 0 0 0 1 0 0 0 0 0 0 5 1 1 21 5 1 0 0 0 1 1 0 1 0 116.633 121.265 121.265 116.633 0 1 0 0 0 0 1 0 0 0 0 0 0 1 0 0 1 0 0 0 1 0 0 1 21 1 21 2 2 1 0.5 0 0 0 1 0 1579 5
34.49 50.749 51.933 51.807 50.224 51.016 53.505 56.86 66.846 75.162 2 2 0 1 0 0 0 0 0 0 0 0 1 0 0 1 0 0 0 0 0 5 0 0 22 5 0 0 1 1 0 0 1 0 1 119.633 116.633 116.633 0 0 0 0 1 0 0 1 0 0 0 1 0 0 0 0 0 0 1 0 1 0 1 0 0 22 0 22 1 1 1 0.333 1 0 0 0 0 989 5
