326.772153215 326.505271266 325.97434963 325.185021971 324.145612596 322.866987702 321.362361412 319.647060287 317.738250735 315.654634491 2 0 2 1 0 0 0 0 0 1 0 0 0 0 0 0 0 0 0 1 0 0 4 21 0 0 4 1 0 1 0 0 1 0 1 137.57401 134.57401 0 137.57401 0 1 0 0 0 1 0 0 0 0 0 1 0 0 0 0 0 1 1 0 0 0 1 0 0 21 0 22 1 4 0.167 1 0 0 0 0 99 5
313.416117909 311.043461352 308.557915331 305.980850317 303.333387285 300.63603608 297.908348522 295.168592977 292.433456678 289.717781641 2 2 2 0 0 0 0 1 1 0 0 0 0 0 1 0 0 0 0 0 0 0 4 20 1 0 4 0 0 0 1 1 0 1 0 132.87199 137.57401 137.57401 132.87199 0 1 0 0 0 0 1 0 0 0 0 1 0 0 0 0 1 0 0 0 1 0 0 1 1 20 1 21 2 3 0.333 0 0 0 0 1 11 5
287.034339362 284.393648798 281.803841352 279.270575659 276.797004121 274.383792079 272.029189609 269.729154839 267.477526781 265.266244638 2 2 2 1 0 0 0 0 0 0 0 0 0 1 0 0 0 1 0 0 0 0 3 19 2 0 3 5 1 1 0 0 1 0 1 135.87199 132.87199 132.87199 135.87199 0 1 0 0 0 0 1 0 0 0 0 1 0 0 0 0 0 1 0 1 0 0 1 0 2 19 2 20 3 2 0.5 1 0 0 0 0 194 5
263.085609694 260.924585016 258.771127439 256.612545636 254.435877511 252.228279695 249.977421634 247.671876534 245.301501425 242.857798662 2 2 2 0 0 1 0 0 1 0 0 0 0 0 0 0 0 0 0 1 0 1 3 18 3 1 3 4 0 0 1 1 0 0 1 0 135.87199 135.87199 0 0 1 0 0 0 0 1 0 0 0 0 1 0 0 0 0 1 0 0 0 1 0 1 0 3 18 3 19 4 1 0.667 0 0 1 0 0 46 5
240.334251453 237.726626347 235.033236139 232.255157272 229.39639656 226.464002916 223.468120677 220.421982159 217.341838115 214.246825892 2 2 2 0 0 0 0 1 0 0 0 1 0 0 0 0 1 0 0 0 0 1 3 17 4 1 3 3 1 0 1 0 1 0 1 0 0 0 0 0 1 0 0 0 0 1 0 0 0 0 1 0 0 0 0 1 0 0 1 0 0 1 0 4 17 4 18 1 9 0.091 0 0 0 0 1 169 12
211.158776187 208.101960427 205.102781923 202.189414961 199.391397048 196.739180426 194.263649805 191.995613992 189.965279709 188.201716326 2 2 2 0 1 0 0 0 0 0 0 0 0 1 0 0 0 1 0 0 0 1 3 16 5 1 3 2 2 0 1 0 1 0 1 0 0 0 0 0 1 0 0 0 0 1 0 0 0 0 1 0 0 0 0 1 0 0 1 0 0 1 0 5 16 5 17 2 8 0.182 0 1 0 0 0 247 12
186.732320586 185.582290567 184.774118125 184.327108925 184.256938891 184.575255399 185.289330999 186.40177664 187.910320564 189.807658 2 2 2 0 0 1 0 0 0 0 1 0 0 0 0 0 0 0 0 1 0 1 3 15 6 1 3 1 3 0 1 0 1 0 1 0 0 0 0 0 1 0 0 0 0 1 0 0 0 0 1 0 0 0 0 1 0 0 1 0 0 1 0 6 15 6 16 3 7 0.273 0 0 1 0 0 85 8
192.081375733 194.713954426 197.68285036 200.960656971 204.515345242 208.310580743 212.306113767 216.458237842 220.72031063 225.043330207 2 2 2 0 0 0 0 1 0 0 0 1 0 0 1 0 0 0 0 0 0 1 3 14 7 1 3 0 4 0 1 0 1 1 0 127.76601 0 0 127.76601 0 1 0 0 0 0 1 0 0 0 0 1 0 0 0 0 1 0 0 1 0 0 0 1 7 14 7 15 4 6 0.364 0 0 0 0 1 721 14
229.37655866 233.668184087 237.86601134 241.918171241 245.773837589 249.38394099 252.701868447 255.684137761 258.291036018 260.487211908 2 2 2 1 0 0 0 0 0 0 0 0 0 1 0 0 0 1 0 0 0 1 2 13 8 1 2 9 5 1 0 0 1 0 1 130.76601 127.76601 127.76601 130.76601 0 1 0 0 0 0 1 0 0 0 0 1 0 0 0 0 0 1 0 1 0 0 1 0 8 13 8 14 5 5 0.455 1 0 0 0 0 1083 11
262.242212208 263.530953559 264.334121543 264.638490182 264.437156107 263.729682953 262.522152906 260.827123722 258.663491049 256.056257314 2 2 2 0 0 1 0 0 1 0 0 0 0 0 0 0 0 1 0 0 0 2 2 12 9 2 2 8 0 0 1 1 0 0 1 0 130.76601 130.76601 0 0 1 0 0 0 0 1 0 0 0 0 1 0 0 0 0 1 0 0 0 1 0 1 0 9 12 9 13 6 4 0.545 0 0 1 0 0 515 5
253.03620995 249.639513153 245.907218746 241.884703052 237.621037852 233.168304628 228.580862202 223.914578702 219.226039406 214.571742438 2 2 2 0 0 1 0 0 0 0 0 1 0 0 0 0 0 1 0 0 0 2 2 11 10 2 2 7 1 0 1 0 1 0 1 0 0 0 0 0 1 0 0 0 0 1 0 0 0 0 1 0 0 0 0 1 0 0 1 0 0 1 0 10 11 10 12 7 3 0.636 0 0 1 0 0 452 5
210.007294597 205.586619609 201.361190996 197.379301429 193.685379904 190.319367394 187.316160747 184.705133584 182.509741761 180.747219667 2 2 2 0 0 1 0 0 0 0 0 1 0 0 0 0 0 0 1 0 0 2 2 10 11 2 2 6 2 0 1 0 1 0 1 0 0 0 0 0 1 0 0 0 0 1 0 0 0 0 1 0 0 0 0 1 0 0 1 0 0 1 0 11 10 11 11 8 2 0.727 0 0 1 0 0 2499 5
179.428372221 178.557465928 178.132220825 178.143903534 178.577520066 179.412105407 180.621105402 182.172844972 184.031075274 186.155591203 2 2 2 0 0 0 1 0 0 0 0 1 0 0 0 0 1 0 0 0 0 2 2 9 12 2 2 5 3 0 1 0 1 0 1 0 0 0 0 0 1 0 0 0 0 1 0 0 0 0 1 0 0 0 0 1 0 0 1 0 0 1 0 12 9 12 10 9 1 0.818 0 0 0 1 0 18 5
188.502909428 191.026996211 193.680033404 196.413210402 199.177529365 201.924610798 204.607486524 207.181367259 209.604372375 211.838210025 2 2 2 0 1 0 0 0 0 0 0 0 1 0 0 0 0 1 0 0 0 2 2 8 13 2 2 4 4 0 1 0 1 0 1 0 0 0 0 0 1 0 0 0 0 1 0 0 0 0 1 0 0 0 0 1 0 0 1 0 0 1 0 13 8 13 9 1 5 0.143 0 1 0 0 0 236 8
213.848796544 215.606805015 217.088134006 218.274288721 219.152668227 219.716753917 219.96619594 219.906795974 219.550386415 218.914607691 2 2 2 0 0 1 0 0 0 0 1 0 0 0 0 0 0 1 0 0 0 2 2 7 14 2 2 3 5 0 1 0 1 0 1 0 0 0 0 0 1 0 0 0 0 1 0 0 0 0 1 0 0 0 0 1 0 0 1 0 0 1 0 14 7 14 8 2 4 0.286 0 0 1 0 0 2499 5
218.022587113 216.902524258 215.587189412 214.113343064 212.521085709 210.853148436 209.15413574 207.469732842 205.84589043 204.328000139 2 2 2 0 0 1 0 0 0 0 0 1 0 0 0 0 0 1 0 0 0 2 2 6 15 2 2 2 6 0 1 0 1 0 1 0 0 0 0 0 1 0 0 0 0 1 0 0 0 0 1 0 0 0 0 1 0 0 1 0 0 1 0 15 6 15 7 3 3 0.429 0 0 1 0 0 262 5
202.96007433 201.783943673 200.838485878 200.158898413 199.776027443 199.715764359 199.998520229 200.638787305 201.644795356 203.018269108 2 2 2 0 0 1 0 0 0 0 0 1 0 0 0 0 0 0 1 0 0 2 2 5 16 2 2 1 7 0 1 0 1 0 1 0 0 0 0 0 1 0 0 0 0 1 0 0 0 0 1 0 0 0 0 1 0 0 1 0 0 1 0 16 5 16 6 4 2 0.571 0 0 1 0 0 1799 5
204.754291484 206.841275646 209.261047119 211.989035504 214.994573526 218.241299443 221.687657128 225.287486581 228.99069611 232.744006067 2 2 2 0 0 0 1 0 0 0 0 1 0 0 1 0 0 0 0 0 0 2 2 4 17 2 2 0 8 0 1 0 1 1 0 119.255 0 0 119.255 0 1 0 0 0 0 1 0 0 0 0 1 0 0 0 0 1 0 0 1 0 0 0 1 17 4 17 5 5 1 0.714 0 0 0 1 0 18 5
236.49175285 240.176740812 243.741128926 247.127338399 250.27896701 253.141695796 255.664173681 257.798865983 259.502853152 260.738566849 2 2 2 1 0 0 0 0 0 0 0 0 1 0 0 0 1 0 0 0 0 2 1 3 18 2 1 2 9 1 0 0 1 0 1 122.255 119.255 119.255 122.255 0 1 0 0 0 0 1 0 0 0 0 1 0 0 0 0 0 1 0 1 0 0 1 0 18 3 18 4 1 2 0.25 1 0 0 0 0 1690 5
261.474451372 261.685539512 261.353933265 260.469181188 259.028545829 257.037156291 254.508042771 251.462051764 247.927642403 243.940566336 2 2 2 0 1 0 0 0 1 0 0 0 0 0 0 0 0 0 0 1 0 3 1 2 19 3 1 1 0 0 1 1 0 0 1 0 122.255 122.255 0 0 1 0 0 0 0 1 0 0 0 0 1 0 0 0 0 1 0 0 0 1 0 1 0 19 2 19 3 2 1 0.5 0 1 0 0 0 745 5
239.543435284 234.785182225 229.720423796 224.408733084 218.913833361 213.302724605 207.644755719 202.010656219 196.471541855 191.097909063 2 2 2 0 0 0 0 1 0 0 1 0 0 0 1 0 0 0 0 0 0 3 1 1 20 3 1 0 1 0 1 0 1 1 0 116.702 0 0 116.702 0 1 0 0 0 0 1 0 0 0 0 0 0 1 0 0 1 0 0 1 0 0 0 1 20 1 20 2 1 2 0.25 0 0 0 0 1 1962 8
185.958633343 181.119986662 176.644688714 172.591006379 169.011915024 165.954334374 163.458450533 161.557134488 160.275465908 159.630369511 2 2 0 1 0 0 0 0 0 0 0 0 0 1 0 1 0 0 0 0 0 3 0 0 21 3 0 0 2 1 0 0 1 0 1 119.702 116.702 116.702 0 0 0 0 1 0 0 1 0 0 0 1 0 0 0 0 0 0 1 0 1 0 1 0 0 21 0 21 1 2 1 0.5 1 0 0 0 0 389 8
