297.398105727 297.558437162 297.87600198 298.344638647 298.955191108 299.695611728 300.551097619 301.504259535 302.535322284 303.622355346 2 0 1 0 0 0 0 1 0 1 0 0 0 0 0 0 0 0 0 1 0 0 3 16 0 0 3 5 0 0 1 0 1 0 1 0 130 0 0 0 1 0 0 0 1 0 0 0 0 0 1 0 0 0 0 1 0 1 0 0 0 1 0 0 16 0 17 1 1 0.333 0 0 0 0 1 5 14
304.741532138 305.86741607 306.973271227 308.031395216 309.013471372 309.890937191 310.635365523 311.218854734 311.61442372 311.796407393 1 2 2 0 0 0 0 1 0 0 0 0 0 1 0 0 0 0 0 1 0 0 3 15 1 0 3 4 1 0 1 0 1 0 1 0 0 0 0 0 1 0 0 0 0 1 0 0 0 0 1 0 0 0 0 1 0 0 1 0 0 1 0 1 15 1 16 1 11 0.077 0 0 0 0 1 1644 1
311.740847959 311.425877124 310.832084188 309.942864857 308.744745581 307.227678249 305.385300186 303.215154583 300.718866806 297.902272363 2 1 2 0 0 0 0 1 0 0 0 0 0 1 0 0 0 0 0 1 0 0 3 14 2 0 3 3 2 0 1 0 1 0 1 0 0 0 0 0 1 0 0 0 0 1 0 0 0 0 1 0 0 0 0 1 0 0 1 0 0 1 0 2 14 2 15 2 10 0.154 0 0 0 0 1 14 1
294.775492847 291.352956648 287.653361957 283.699580245 279.518499234 275.140805222 270.600705515 265.935592697 261.185653381 256.393425086 2 2 2 0 0 0 0 1 0 0 0 0 0 1 0 0 0 0 0 1 0 0 3 13 3 0 3 2 3 0 1 0 1 0 1 0 0 0 0 0 1 0 0 0 0 1 0 0 0 0 1 0 0 0 0 1 0 0 1 0 0 1 0 3 13 3 14 3 9 0.231 0 0 0 0 1 178 1
251.6033058 246.861021738 242.213059637 237.70607074 233.386254325 229.298729248 225.486902442 221.991843677 218.851676101 216.10099213 2 2 2 0 0 0 0 1 0 0 0 0 0 1 0 0 1 0 0 0 0 0 3 12 4 0 3 1 4 0 1 0 1 0 1 0 0 0 0 0 1 0 0 0 0 1 0 0 0 0 1 0 0 0 0 1 0 0 1 0 0 1 0 4 12 4 13 4 8 0.308 0 0 0 0 1 347 1
213.770304158 211.885539307 210.467586988 209.531907468 209.088208904 209.140199381 209.685419507 210.715159923 212.21446689 214.162237712 2 2 1 0 1 0 0 0 0 0 0 0 0 1 1 0 0 0 0 0 0 0 3 11 5 0 3 0 5 0 1 0 1 1 0 128.14301 0 0 128.14301 0 1 0 0 0 0 1 0 0 0 0 1 0 0 0 0 1 0 0 1 0 0 0 1 5 11 5 12 5 7 0.385 0 1 0 0 0 1336 1
216.531406422 219.289218672 222.397593338 225.813566915 229.489815349 233.375246641 237.415656286 241.554436465 245.733328921 249.893210569 1 2 2 1 0 0 0 0 0 0 1 0 0 0 1 0 0 0 0 0 0 0 2 10 6 0 2 0 6 1 0 0 1 1 0 132.85699 128.14301 128.14301 132.85699 0 1 0 0 0 0 1 0 0 0 0 1 0 0 0 0 0 1 0 1 0 0 0 1 6 10 6 11 6 6 0.462 1 0 0 0 0 772 1
253.974900217 257.91997429 261.67157913 265.175227351 268.379565873 271.237103545 273.70488683 275.745112752 277.325669222 278.420593972 2 1 2 1 0 0 0 0 1 0 0 0 0 0 0 0 0 1 0 0 0 1 1 9 7 1 1 1 0 1 0 1 0 0 1 130.571 132.85699 132.85699 130.571 0 1 0 0 0 0 1 0 0 0 0 1 0 0 0 0 0 1 0 0 1 0 1 0 7 9 7 10 7 5 0.538 1 0 0 0 0 184 1
279.010444567 279.082573368 278.631302826 277.657998066 276.171035379 274.185666939 271.723783706 268.813580178 265.489126211 261.789852672 2 2 2 0 0 1 0 0 1 0 0 0 0 0 1 0 0 0 0 0 0 2 1 8 8 2 1 0 0 0 1 1 0 1 0 125.286 130.571 130.571 125.286 0 1 0 0 0 0 1 0 0 0 0 1 0 0 0 0 1 0 0 0 1 0 0 1 8 8 8 9 8 4 0.615 0 0 1 0 0 308 5
257.759959063 253.447752535 248.904928789 244.185806317 239.346526125 234.444229616 229.536227622 224.679173629 219.928254108 215.336408498 2 2 2 1 0 0 0 0 0 0 0 1 0 0 0 0 0 0 0 1 0 2 0 7 9 2 0 7 1 1 0 0 1 0 1 128.286 125.286 125.286 128.286 0 1 0 0 0 0 1 0 0 0 0 1 0 0 0 0 0 1 0 1 0 0 1 0 9 7 9 8 9 3 0.692 1 0 0 0 0 562 8
210.953590821 206.826084116 202.995877917 199.500117895 196.370635473 193.633563845 191.309045326 189.411033395 187.947191188 186.918886579 2 2 2 0 0 0 0 1 1 0 0 0 0 0 0 0 1 0 0 0 0 3 0 6 10 3 0 6 0 0 1 1 0 0 1 0 128.286 128.286 0 0 1 0 0 0 0 1 0 0 0 0 1 0 0 0 0 1 0 0 0 1 0 1 0 10 6 10 7 10 2 0.769 0 0 0 0 1 425 8
186.321282384 186.143518679 186.368982728 186.975660649 187.936563688 189.220220847 190.791228674 192.610848251 194.637638815 196.828117093 2 2 2 0 1 0 0 0 0 0 0 0 0 1 0 0 0 1 0 0 0 3 0 5 11 3 0 5 1 0 1 0 1 0 1 0 0 0 0 0 1 0 0 0 0 1 0 0 0 0 1 0 0 0 0 1 0 0 1 0 0 1 0 11 5 11 6 11 1 0.846 0 1 0 0 0 259 8
199.1374312 201.520038019 203.930373135 206.323502852 208.65574835 210.885272822 212.972623304 214.88121992 216.577786414 218.03271701 2 2 2 0 0 1 0 0 0 0 1 0 0 0 0 0 0 0 0 1 0 3 0 4 12 3 0 4 2 0 1 0 1 0 1 0 0 0 0 0 1 0 0 0 0 1 0 0 0 0 1 0 0 0 0 1 0 0 1 0 0 1 0 12 4 12 5 1 3 0.2 0 0 1 0 0 34 8
219.220375945 220.119327271 220.712493853 220.987245759 220.935419482 220.553270584 219.841363473 218.804402965 217.451013156 215.79346984 2 2 2 0 0 0 0 1 0 0 0 1 0 0 0 0 0 0 1 0 0 3 0 3 13 3 0 3 3 0 1 0 1 0 1 0 0 0 0 0 1 0 0 0 0 1 0 0 0 0 1 0 0 0 0 1 0 0 1 0 0 1 0 13 3 13 4 2 2 0.4 0 0 0 0 1 25 13
213.847393285 211.631408578 209.166781016 206.477034129 203.587557823 200.525213964 197.31794633 193.994401414 190.583565913 187.114426102 2 2 2 0 0 0 1 0 0 0 0 0 0 1 0 0 0 1 0 0 0 3 0 2 14 3 0 2 4 0 1 0 1 0 1 0 0 0 0 0 1 0 0 0 0 1 0 0 0 0 1 0 0 0 0 1 0 0 1 0 0 1 0 14 2 14 3 3 1 0.6 0 0 0 1 0 20 13
183.615653443 180.115320003 176.640646331 173.217783554 169.871630578 166.625686358 163.501936414 160.520771967 157.700939372 155.059516953 2 2 2 0 0 1 0 0 0 0 0 0 1 0 0 0 0 1 0 0 0 3 0 1 15 3 0 1 5 0 1 0 1 0 1 0 0 0 0 0 1 0 0 0 0 1 0 0 0 0 0 0 1 0 0 1 0 0 1 0 0 1 0 15 1 15 2 1 2 0.25 0 0 1 0 0 468 5
152.611915789 150.371900676 148.351627161 146.561690457 145.011181985 143.707749424 142.657656359 141.865837948 141.335949474 141.07040515 2 2 0 0 0 1 0 0 0 0 0 1 0 0 0 1 0 0 0 0 0 3 0 0 16 3 0 0 6 0 1 0 1 0 1 110 0 0 0 0 0 0 1 0 0 1 0 0 0 1 0 0 0 0 0 1 0 0 1 0 1 0 0 16 0 16 1 2 1 0.5 0 0 1 0 0 276 5
