334.313898221 334.334820356 334.373832911 334.42531896 334.480968726 334.529916489 334.558920109 334.552580641 334.49359893 334.363065567 2 0 2 0 0 0 0 1 0 1 0 0 0 0 0 0 0 0 0 1 0 0 3 10 0 0 3 6 0 0 1 0 1 0 1 0 130 0 0 0 1 0 0 0 1 0 0 0 0 0 1 0 0 0 0 1 0 1 0 0 0 1 0 0 10 0 11 1 11 0.077 0 0 0 0 1 300 12
334.140780087 333.805594899 333.335779037 332.70939657 331.904694242 330.900492801 329.676576364 328.214074197 326.49582935 324.506748732 2 2 2 0 0 0 0 1 0 0 0 0 0 1 0 0 0 0 0 1 0 0 3 9 1 0 3 5 1 0 1 0 1 0 1 0 0 0 0 0 1 0 0 0 0 1 0 0 0 0 1 0 0 0 0 1 0 0 1 0 0 1 0 1 9 1 10 2 10 0.154 0 0 0 0 1 89 13
322.234129468 319.667956652 316.801167977 313.629881177 310.153580662 306.375260298 302.301519844 297.942613173 293.312447059 288.428529955 2 2 2 0 0 0 0 1 0 0 0 0 0 1 0 0 0 0 0 1 0 0 3 8 2 0 3 4 2 0 1 0 1 0 1 0 0 0 0 0 1 0 0 0 0 1 0 0 0 0 1 0 0 0 0 1 0 0 1 0 0 1 0 2 8 2 9 3 9 0.231 0 0 0 0 1 833 7
283.311870886 277.986829224 272.4809168 266.824554455 261.050785753 255.194951173 249.294326642 243.387730793 237.515105743 231.717076618 2 2 2 0 0 0 0 1 0 0 0 0 0 1 0 0 0 0 1 0 0 0 3 7 3 0 3 3 3 0 1 0 1 0 1 0 0 0 0 0 1 0 0 0 0 1 0 0 0 0 1 0 0 0 0 1 0 0 1 0 0 1 0 3 7 3 8 4 8 0.308 0 0 0 0 1 257 5
226.034495323 220.507974329 215.177416425 210.081546453 205.257451088 200.740132635 196.562082702 192.752881354 189.338827101 186.342602665 2 2 2 0 0 0 1 0 0 0 0 0 0 1 0 0 1 0 0 0 0 0 3 6 4 0 3 2 4 0 1 0 1 0 1 0 0 0 0 0 1 0 0 0 0 1 0 0 0 0 1 0 0 0 0 1 0 0 1 0 0 1 0 4 6 4 7 5 7 0.385 0 0 0 1 0 1004 5
183.782981071 181.674576101 180.027640615 178.847915626 178.136532412 177.889969244 178.100063669 178.754080521 179.834835177 181.320870836 2 2 2 0 1 0 0 0 0 0 0 0 1 0 0 0 0 1 0 0 0 0 3 5 5 0 3 1 5 0 1 0 1 0 1 0 0 0 0 0 1 0 0 0 0 1 0 0 0 0 1 0 0 0 0 1 0 0 1 0 0 1 0 5 5 5 6 6 6 0.462 0 1 0 0 0 580 8
183.186687919 185.403023005 187.937174091 190.753368361 193.813168062 197.075909646 200.49917083 204.039259901 207.651721263 211.291851025 2 2 2 0 0 1 0 0 0 0 1 0 0 0 1 0 0 0 0 0 0 0 3 4 6 0 3 0 6 0 1 0 1 1 0 123 0 0 123 0 1 0 0 0 0 1 0 0 0 0 1 0 0 0 0 1 0 0 1 0 0 0 1 6 4 6 5 7 5 0.538 0 0 1 0 0 52 8
214.915216242 218.478171395 221.938365696 225.255234885 228.3904714 231.308467032 233.976722511 236.366218898 238.451746093 240.212184332 2 2 2 1 0 0 0 0 0 0 0 1 0 0 0 0 1 0 0 0 0 0 2 3 7 0 2 1 7 1 0 0 1 0 1 126 123 123 126 0 1 0 0 0 0 1 0 0 0 0 1 0 0 0 0 0 1 0 1 0 0 1 0 7 3 7 4 8 4 0.615 1 0 0 0 0 1180 3
241.630735122 242.69509868 243.397595639 243.73523146 243.709702725 243.32734522 242.599024435 241.539969861 240.169555151 238.511026923 2 2 2 0 1 0 0 0 1 0 0 0 0 0 1 0 0 0 0 0 0 1 2 2 8 1 2 0 0 0 1 1 0 1 0 119.8 126 126 119.8 0 1 0 0 0 0 1 0 0 0 0 1 0 0 0 0 1 0 0 0 1 0 0 1 8 2 8 3 9 3 0.692 0 1 0 0 0 1635 3
236.591185614 234.440022414 232.09031687 229.577200239 226.937690123 224.21020227 221.434045726 218.648907736 215.894334923 213.209217321 2 2 2 1 0 0 0 0 0 0 1 0 0 0 1 0 0 0 0 0 0 1 1 1 9 1 1 0 1 1 0 0 1 1 0 123 119.8 119.8 123 0 1 0 0 0 0 1 0 0 0 0 0 0 1 0 0 0 1 0 1 0 0 0 1 9 1 9 2 10 2 0.769 1 0 0 0 0 272 5
210.631281813 208.196601399 205.939126517 203.890244384 202.078371924 200.528587488 199.262306011 198.297001758 197.645982168 197.318215671 2 2 0 1 0 0 0 0 1 0 0 0 0 0 0 1 0 0 0 0 0 2 0 0 10 2 0 0 0 1 0 1 0 0 1 121.2 123 123 0 0 0 0 1 0 0 1 0 0 0 1 0 0 0 0 0 0 1 0 0 1 1 0 0 10 0 10 1 11 1 0.846 1 0 0 0 0 214 5
