3.74801 -1.21299 -2.47699 -0.24099 11.76298 16.61113 15.67295 5.52005 -1.89989 -7.07484 2 0 2 0 0 1 0 0 0 1 0 0 0 0 0 0 0 1 0 0 0 0 2 11 0 0 2 3 0 0 1 0 1 0 1 0 1 0 0 0 1 0 0 0 0 0 1 0 0 0 0 1 0 1 0 0 0 1 0 0 11 0 12 1 12 0.071 0 0 1 0 0 428 9 0 7 0 0 14 2 0.0 0.0 1.0 0.0 0.0 12.0 0.0 0.0 0.0 0.0 0.0 0.0 0.0 0.0 0.0 0.0 0.0 0.0 0.0 0.0 0.0 0.0 0.0 0.0 0.0 0.0 0.0 0.0 0.0 0.0 0.0 0.0 0.0 1.0 0.0 0.0 0.0 0.0 0.0 0.0 0.0 0.0 0.0 0.0 0.0 0.0 0.0 0.0 0.0 0.0 0.0 0.0 0.0 0.0 0.0 0.0 0.0 0.0 0.0 0.0 0.0 0.0 0.0 0.0 0.0 0.0
-14.09025 -4.22219 5.65212 17.02367 34.19629 43.37465 38.62322 30.36097 17.59149 4.93921 2 2 2 0 0 1 0 0 0 0 0 1 0 0 0 0 1 0 0 0 0 0 2 10 1 0 2 2 1 0 1 0 1 0 1 0 1 0 0 0 0 1 0 0 0 0 1 0 0 0 0 1 0 0 1 0 0 1 0 1 10 1 11 2 11 0.143 0 0 1 0 0 85 7 9 7 1 0 19 11 0.0 0.0 1.0 1.0 0.0833333333333 12.0 0.0 0.0 0.0 0.0 0.0 0.0 0.0 0.0 0.0 0.0 0.0 0.0 0.0 0.0 0.0 0.0 0.0 0.0 0.0 0.0 0.0 1.0 0.0 0.0 0.0 0.0 0.0 0.0 0.0 0.0 0.0 0.0 0.0 0.0 0.0 0.0 0.0 0.0 0.0 0.0 0.0 0.0 0.0 0.0 0.0 0.0 0.0 0.0 0.0 0.0 0.0 0.0 0.0 0.0 0.0 0.0 0.0 0.0 0.0 0.0
1.05295 -7.40538 -10.1501 -16.99294 -17.44258 -8.12384 -10.32804 -17.77917 -18.50135 -16.92985 2 2 2 0 1 0 0 0 0 0 0 1 0 0 0 0 0 0 1 0 0 0 2 9 2 0 2 1 2 0 1 0 1 0 1 0 1 0 0 0 0 1 0 0 0 0 1 0 0 0 0 1 0 0 1 0 0 1 0 2 9 2 10 3 10 0.214 0 1 0 0 0 1606 7 7 1 2 0 2 35 0.0 0.0 1.0 2.0 0.166666666667 12.0 0.0 1.0 0.0 0.0 0.0 0.0 0.0 0.0 0.0 0.0 0.0 0.0 0.0 0.0 0.0 0.0 1.0 0.0 0.0 0.0 1.0 0.0 0.0 0.0 0.0 0.0 1.0 0.0 0.0 0.0 0.0 0.0 0.0 0.0 0.0 0.0 0.0 0.0 0.0 0.0 0.0 0.0 0.0 0.0 0.0 0.0 0.0 0.0 0.0 0.0 0.0 0.0 0.0 0.0 0.0 0.0 0.0 0.0 0.0 0.0
-8.16456 -17.40186 -18.30806 -16.72387 -12.25797 -13.73456 -12.63554 -8.48008 -6.58151 -2.67749 2 2 2 0 0 0 1 0 0 0 1 0 0 0 1 0 0 0 0 0 0 0 2 8 3 0 2 0 3 0 1 0 1 1 0 0 1 0 0 0 0 1 0 0 0 0 1 0 0 0 0 1 0 0 1 0 0 0 1 3 8 3 9 4 9 0.286 0 0 0 1 0 42 7 7 1 2 1 2 8 0.0 0.0 1.0 3.0 0.25 12.0 0.0 1.0 0.0 0.0 0.0 0.0 0.0 0.0 0.0 0.0 0.0 0.0 0.0 0.0 0.0 0.0 1.0 0.0 0.0 0.0 1.0 0.0 0.0 0.0 0.0 0.0 1.0 0.0 0.0 0.0 0.0 0.0 0.0 0.0 0.0 0.0 0.0 0.0 0.0 0.0 0.0 0.0 0.0 0.0 0.0 0.0 0.0 0.0 0.0 0.0 0.0 0.0 0.0 0.0 0.0 0.0 0.0 0.0 0.0 0.0
-5.02197 -3.25028 -5.99459 2.48746 15.24247 14.20063 16.02725 17.43417 11.93877 15.22823 2 2 2 1 0 0 0 0 0 0 0 0 1 0 0 0 0 1 0 0 0 0 1 7 4 0 1 1 4 1 0 0 1 0 1 0 1 0 0 0 0 1 0 0 0 0 1 0 0 0 0 0 1 0 1 0 0 1 0 4 7 4 8 5 8 0.357 1 0 0 0 0 540 1 7 12 3 0 4 8 0.0 0.0 1.0 4.0 0.333333333333 12.0 0.0 0.0 0.0 0.0 0.0 0.0 0.0 0.0 0.0 0.0 0.0 0.0 0.0 0.0 0.0 0.0 0.0 0.0 0.0 0.0 0.0 0.0 0.0 0.0 0.0 0.0 0.0 1.0 0.0 0.0 1.0 0.0 0.0 0.0 0.0 0.0 0.0 0.0 0.0 0.0 0.0 0.0 0.0 0.0 0.0 0.0 0.0 0.0 0.0 0.0 0.0 0.0 0.0 0.0 0.0 0.0 0.0 0.0 0.0 0.0
19.59091 14.79907 15.53255 8.66705 5.78241 1.45878 0.48945 2.91433 2.49866 1.15252 2 2 2 0 0 1 0 0 1 0 0 0 0 0 1 0 0 0 0 0 0 1 1 6 5 1 1 0 0 0 1 1 0 1 0 0 1 0 0 0 0 1 0 0 0 0 1 0 0 0 0 1 0 0 0 1 0 0 1 5 6 5 7 6 7 0.429 0 0 1 0 0 1074 1 7 12 3 1 14 13 0.0 0.0 1.0 5.0 0.416666666667 12.0 0.0 0.0 0.0 0.0 0.0 0.0 0.0 0.0 0.0 0.0 0.0 0.0 0.0 0.0 0.0 0.0 0.0 0.0 0.0 0.0 0.0 0.0 0.0 0.0 0.0 0.0 0.0 1.0 0.0 0.0 1.0 0.0 0.0 0.0 0.0 0.0 0.0 0.0 0.0 0.0 0.0 0.0 0.0 0.0 0.0 0.0 0.0 0.0 0.0 0.0 0.0 0.0 0.0 0.0 0.0 0.0 0.0 0.0 0.0 0.0
18.31726 22.79931 -2.18406 -9.91008 -6.31726 -6.27643 -5.81974 -7.39469 -6.4635 -3.49249 2 2 2 1 0 0 0 0 0 0 0 1 0 0 0 0 0 0 0 1 0 1 0 5 6 1 0 5 1 1 0 0 1 0 1 0 1 0 0 0 0 1 0 0 0 0 1 0 0 0 0 0 1 0 1 0 0 1 0 6 5 6 6 7 6 0.5 1 0 0 0 0 12 12 1 7 4 0 16 35 0.0 0.0 1.0 6.0 0.5 12.0 0.0 0.0 0.0 0.0 0.0 0.0 0.0 0.0 0.0 0.0 0.0 0.0 0.0 0.0 0.0 0.0 0.0 0.0 0.0 0.0 0.0 0.0 0.0 0.0 0.0 0.0 0.0 0.0 0.0 0.0 0.0 1.0 0.0 0.0 0.0 0.0 0.0 0.0 0.0 0.0 0.0 0.0 0.0 0.0 0.0 0.0 0.0 0.0 0.0 0.0 0.0 0.0 0.0 0.0 0.0 0.0 0.0 0.0 0.0 0.0
-27.8985 -25.03485 -23.55169 -18.61951 -13.36234 7.08266 26.22055 48.07722 58.87502 70.81196 2 2 2 0 0 0 0 1 1 0 0 0 0 0 0 0 1 0 0 0 0 2 0 4 7 2 0 4 0 0 1 1 0 0 1 0 1 0 0 0 0 1 0 0 0 0 1 0 0 0 0 1 0 0 0 1 0 1 0 7 4 7 5 8 5 0.571 0 0 0 0 1 3475 7 12 4 5 0 5 34 0.0 0.0 1.0 7.0 0.583333333333 12.0 0.0 0.0 0.0 0.0 0.0 0.0 0.0 0.0 1.0 0.0 0.0 0.0 0.0 0.0 0.0 1.0 0.0 0.0 0.0 0.0 0.0 0.0 0.0 0.0 0.0 0.0 1.0 0.0 0.0 0.0 0.0 0.0 0.0 0.0 0.0 0.0 0.0 0.0 0.0 0.0 0.0 0.0 0.0 0.0 0.0 0.0 0.0 0.0 0.0 0.0 0.0 0.0 0.0 0.0 0.0 0.0 0.0 0.0 0.0 0.0
72.58014 34.42248 8.65076 -5.19708 -2.63656 6.10417 -0.61297 -1.991 -59.43852 -12.21673 2 2 2 0 1 0 0 0 0 0 0 0 0 1 0 0 0 0 1 0 0 2 0 3 8 2 0 3 1 0 1 0 1 0 1 0 1 0 0 0 0 1 0 0 0 0 1 0 0 0 0 1 0 0 1 0 0 1 0 8 3 8 4 9 4 0.643 0 1 0 0 0 732 7 12 4 5 1 23 35 0.0 0.0 1.0 8.0 0.666666666667 12.0 0.0 0.0 0.0 0.0 0.0 0.0 0.0 0.0 1.0 0.0 0.0 0.0 0.0 0.0 0.0 1.0 0.0 0.0 0.0 0.0 0.0 0.0 0.0 0.0 0.0 0.0 1.0 0.0 0.0 0.0 0.0 0.0 0.0 0.0 0.0 0.0 0.0 0.0 0.0 0.0 0.0 0.0 0.0 0.0 0.0 0.0 0.0 0.0 0.0 0.0 0.0 0.0 0.0 0.0 0.0 0.0 0.0 0.0 0.0 0.0
21.24543 12.63766 0.1591 -6.32084 -15.23387 -21.4195 -25.6449 -25.95732 -32.0682 -27.40629 2 2 2 0 0 0 1 0 0 0 1 0 0 0 0 0 0 0 0 1 0 2 0 2 9 2 0 2 2 0 1 0 1 0 1 0 1 0 0 0 0 1 0 0 0 0 1 0 0 0 0 1 0 0 1 0 0 1 0 9 2 9 3 10 3 0.714 0 0 0 1 0 2 4 7 1 6 0 2 8 0.0 0.0 1.0 9.0 0.75 12.0 0.0 0.0 0.0 0.0 0.0 0.0 0.0 0.0 0.0 1.0 0.0 0.0 0.0 0.0 0.0 0.0 0.0 0.0 0.0 0.0 0.0 0.0 0.0 0.0 0.0 0.0 0.0 0.0 0.0 0.0 0.0 0.0 0.0 0.0 0.0 0.0 0.0 0.0 0.0 0.0 0.0 0.0 0.0 0.0 0.0 0.0 0.0 0.0 0.0 0.0 0.0 0.0 0.0 0.0 0.0 0.0 0.0 0.0 0.0 0.0
-24.02173 -17.27068 -17.01412 -24.0506 -22.77732 -22.76415 -12.53158 -6.5696 -2.74311 -7.96215 2 2 2 0 0 0 0 1 0 0 0 0 1 0 0 0 0 0 0 1 0 2 0 1 10 2 0 1 3 0 1 0 1 0 1 0 1 0 0 0 0 1 0 0 0 0 0 0 0 1 0 1 0 0 1 0 0 1 0 10 1 10 2 11 2 0.786 0 0 0 0 1 289 1 4 0 7 0 23 13 0.0 0.0 1.0 10.0 0.833333333333 12.0 1.0 0.0 0.0 0.0 0.0 0.0 0.0 0.0 0.0 0.0 0.0 0.0 0.0 0.0 1.0 0.0 0.0 1.0 0.0 0.0 0.0 0.0 0.0 0.0 0.0 0.0 0.0 0.0 0.0 0.0 0.0 0.0 0.0 0.0 0.0 0.0 0.0 0.0 0.0 0.0 0.0 0.0 0.0 0.0 0.0 0.0 0.0 0.0 0.0 0.0 0.0 0.0 0.0 0.0 0.0 0.0 0.0 0.0 0.0 0.0
-11.67079 -20.71275 -20.54656 -31.31365 -32.56153 -21.69006 -2.07626 7.31454 7.28243 4.98106 2 2 0 0 0 0 0 1 0 0 0 0 0 1 0 1 0 0 0 0 0 2 0 0 11 2 0 0 4 0 1 0 1 0 1 0 0 0 0 1 0 1 0 0 0 1 0 0 0 0 0 1 0 0 1 0 1 0 0 11 0 11 1 12 1 0.857 0 0 0 0 1 889 1 4 0 7 1 22 9 0.0 0.0 1.0 11.0 0.916666666667 12.0 1.0 0.0 0.0 0.0 0.0 0.0 0.0 0.0 0.0 0.0 0.0 0.0 0.0 0.0 1.0 0.0 0.0 1.0 0.0 0.0 0.0 0.0 0.0 0.0 0.0 0.0 0.0 0.0 0.0 0.0 0.0 0.0 0.0 0.0 0.0 0.0 0.0 0.0 0.0 0.0 0.0 0.0 0.0 0.0 0.0 0.0 0.0 0.0 0.0 0.0 0.0 0.0 0.0 0.0 0.0 0.0 0.0 0.0 0.0 0.0
