345.780302429 345.207377465 344.067523171 342.372657521 340.140475208 337.394231607 334.16245914 330.478619774 326.380698196 321.910740971 2 0 2 0 0 0 0 1 0 1 0 0 0 0 0 0 0 0 1 0 0 0 6 22 0 0 6 1 0 0 1 0 1 0 1 0 130 0 0 0 1 0 0 0 1 0 0 0 0 0 1 0 0 0 0 1 0 1 0 0 0 1 0 0 22 0 23 1 8 0.1 0 0 0 0 1 25 13
317.114347723 312.040120945 306.739081618 301.264058209 295.66905697 290.008621662 284.33719094 278.708461642 273.174766089 267.7864713 2 2 2 0 0 0 1 0 0 0 0 0 0 1 1 0 0 0 0 0 0 0 6 21 1 0 6 0 1 0 1 0 1 1 0 132.959 0 0 132.959 0 1 0 0 0 0 1 0 0 0 0 1 0 0 0 0 1 0 0 1 0 0 0 1 1 21 1 22 2 7 0.2 0 0 0 1 0 20 13
262.591407696 257.634334419 252.956447896 248.594939647 244.582608649 240.94753283 237.71280343 234.896325114 232.510683829 230.563083494 2 2 2 1 0 0 0 0 0 0 0 0 1 0 0 0 0 0 0 1 0 0 5 20 2 0 5 9 2 1 0 0 1 0 1 135.959 132.959 132.959 135.959 0 1 0 0 0 0 1 0 0 0 0 1 0 0 0 0 0 1 0 1 0 0 1 0 2 20 2 21 3 6 0.3 1 0 0 0 0 527 5
229.055351641 227.984013279 227.340431262 227.111010648 227.27746364 227.81713095 228.703354712 229.905897385 231.391400584 233.123877224 2 2 2 0 0 0 0 1 1 0 0 0 0 0 0 0 0 1 0 0 0 1 5 19 3 1 5 8 0 0 1 1 0 0 1 0 135.959 135.959 0 0 1 0 0 0 0 1 0 0 0 0 1 0 0 0 0 1 0 0 0 1 0 1 0 3 19 3 20 4 5 0.4 0 0 0 0 1 454 5
235.065230059 237.175789333 239.414862151 241.741286042 244.113979248 246.492480383 248.837470348 251.111269697 253.278305084 255.305538906 2 2 2 0 0 1 0 0 0 0 0 0 0 1 0 0 0 1 0 0 0 1 5 18 4 1 5 7 1 0 1 0 1 0 1 0 0 0 0 0 1 0 0 0 0 1 0 0 0 0 1 0 0 0 0 1 0 0 1 0 0 1 0 4 18 4 19 5 4 0.5 0 0 1 0 0 731 12
257.162856852 258.823408685 260.26389833 261.464820043 262.410638268 263.08990957 263.495345877 263.623819085 263.476307898 263.057788574 2 2 2 0 0 1 0 0 0 0 0 1 0 0 0 0 1 0 0 0 0 1 5 17 5 1 5 6 2 0 1 0 1 0 1 0 0 0 0 0 1 0 0 0 0 1 0 0 0 0 1 0 0 0 0 1 0 0 1 0 0 1 0 5 17 5 18 6 3 0.6 0 0 1 0 0 9 12
262.377072 261.44659026 260.282136508 258.902562565 257.329439199 255.586684503 253.700166156 251.697283634 249.606536657 247.457086223 2 2 2 0 1 0 0 0 0 0 0 1 0 0 0 0 0 1 0 0 0 1 5 16 6 1 5 5 3 0 1 0 1 0 1 0 0 0 0 0 1 0 0 0 0 1 0 0 0 0 1 0 0 0 0 1 0 0 1 0 0 1 0 6 16 6 17 7 2 0.7 0 1 0 0 0 90 12
245.278314632 243.099390793 240.948846944 238.854172668 236.841431736 234.934906894 233.156777248 231.526832318 230.062226293 228.777275312 2 2 2 0 0 1 0 0 0 0 1 0 0 0 0 0 0 0 0 1 0 1 5 15 7 1 5 4 4 0 1 0 1 0 1 0 0 0 0 0 1 0 0 0 0 1 0 0 0 0 1 0 0 0 0 1 0 0 1 0 0 1 0 7 15 7 16 8 1 0.8 0 0 1 0 0 85 12
227.683299991 226.788514675 226.097964202 225.613508275 225.333852814 225.254626989 225.368504002 225.665363041 226.132489298 226.754808408 2 2 2 0 0 0 0 1 0 0 0 1 0 0 0 0 0 0 0 1 0 1 5 14 8 1 5 3 5 0 1 0 1 0 1 0 0 0 0 0 1 0 0 0 0 1 0 0 0 0 1 0 0 0 0 1 0 0 1 0 0 1 0 8 14 8 15 1 6 0.125 0 0 0 0 1 17 14
227.515151228 228.394544504 229.372522635 230.427455555 231.536887554 232.677881834 233.827365555 234.962470247 236.060862615 237.101060994 2 2 2 0 0 0 0 1 0 0 0 0 0 1 0 0 0 1 0 0 0 1 5 13 9 1 5 2 6 0 1 0 1 0 1 0 0 0 0 0 1 0 0 0 0 1 0 0 0 0 1 0 0 0 0 1 0 0 1 0 0 1 0 9 13 9 14 2 5 0.25 0 0 0 0 1 619 22
238.062733017 238.926970438 239.67653745 240.296089338 240.772358801 241.094307834 241.253243614 241.242897448 241.059466403 240.701617829 2 2 2 0 0 1 0 0 0 0 0 0 0 1 0 0 0 0 1 0 0 1 5 12 10 1 5 1 7 0 1 0 1 0 1 0 0 0 0 0 1 0 0 0 0 1 0 0 0 0 1 0 0 0 0 1 0 0 1 0 0 1 0 10 12 10 13 3 4 0.375 0 0 1 0 0 26 22
240.170457581 239.469463258 238.604384331 237.583111505 236.415518079 235.113276476 233.689653436 232.159287628 230.537953632 228.842316396 2 2 2 0 0 0 1 0 0 0 0 1 0 0 1 0 0 0 0 0 0 1 5 11 11 1 5 0 8 0 1 0 1 1 0 124.79601 0 0 124.79601 0 1 0 0 0 0 1 0 0 0 0 1 0 0 0 0 1 0 0 1 0 0 0 1 11 11 11 12 4 3 0.5 0 0 0 1 0 2 4
227.089680317 225.297737102 223.484316486 221.667143759 219.863607837 218.090543346 216.364029919 214.699211463 213.110137841 211.609630893 2 2 2 1 0 0 0 0 0 0 0 0 1 0 0 0 1 0 0 0 0 1 4 10 12 1 4 3 9 1 0 0 1 0 1 127.796 124.79601 124.79601 127.796 0 1 0 0 0 0 1 0 0 0 0 1 0 0 0 0 0 1 0 1 0 0 1 0 12 10 12 11 5 2 0.625 1 0 0 0 0 61 5
210.209176312 208.91884237 207.747226023 206.701426392 205.787045161 205.008212934 204.367640142 203.866690675 203.505476023 203.282967357 2 2 2 0 1 0 0 0 1 0 0 0 0 0 0 0 0 0 0 1 0 2 4 9 13 2 4 2 0 0 1 1 0 0 1 0 127.796 127.796 0 0 1 0 0 0 0 1 0 0 0 0 1 0 0 0 0 1 0 0 0 1 0 1 0 13 9 13 10 6 1 0.75 0 1 0 0 0 18 5
203.197122701 203.245026105 203.42303552 203.726936003 204.152094753 204.69361456 205.346482245 206.105708838 206.966458424 207.92416281 2 2 2 0 0 0 0 1 0 0 1 0 0 0 0 0 0 0 0 1 0 2 4 8 14 2 4 1 1 0 1 0 1 0 1 0 0 0 0 0 1 0 0 0 0 1 0 0 0 0 1 0 0 0 0 1 0 0 1 0 0 1 0 14 8 14 9 1 3 0.2 0 0 0 0 1 497 5
208.974619496 210.114070734 211.33926189 212.647477696 214.036555451 215.504874699 217.051323365 218.675240828 220.376338879 222.154601979 2 2 2 0 0 0 0 1 0 0 0 0 0 1 1 0 0 0 0 0 0 2 4 7 15 2 4 0 2 0 1 0 1 1 0 121.531 0 0 121.531 0 1 0 0 0 0 1 0 0 0 0 1 0 0 0 0 1 0 0 1 0 0 0 1 15 7 15 8 2 2 0.4 0 0 0 0 1 412 5
224.010168655 225.943196309 227.953712069 230.041452658 232.205696525 234.445091731 236.757483229 239.139743315 241.587609042 244.095530382 2 2 2 1 0 0 0 0 0 0 0 0 0 1 1 0 0 0 0 0 0 2 3 6 16 2 3 0 3 1 0 0 1 1 0 125.1225 121.531 121.531 125.1225 0 1 0 0 0 0 1 0 0 0 0 1 0 0 0 0 0 1 0 1 0 0 0 1 16 6 16 7 3 1 0.6 1 0 0 0 0 137 5
246.656532834 249.262098013 251.902065532 254.564559239 257.235940482 259.900790739 262.541925482 265.14044066 267.675792718 270.125912471 2 2 2 1 0 0 0 0 1 0 0 0 0 0 1 0 0 0 0 0 0 3 2 5 17 3 2 0 0 1 0 1 0 1 0 124.306 125.1225 125.1225 124.306 0 1 0 0 0 0 1 0 0 0 0 1 0 0 0 0 0 1 0 0 1 0 0 1 17 5 17 6 1 2 0.25 1 0 0 0 0 55 8
272.467352664 274.675468429 276.72462934 278.588461166 280.24011494 281.65256039 282.79890039 283.652702558 284.18834385 284.381363597 2 2 2 1 0 0 0 0 1 0 0 0 0 0 1 0 0 0 0 0 0 4 1 4 18 4 1 0 0 1 0 1 0 1 0 123.49001 124.306 124.306 123.49001 0 1 0 0 0 0 1 0 0 0 0 1 0 0 0 0 0 1 0 0 1 0 0 1 18 4 18 5 2 1 0.5 1 0 0 0 0 29 8
284.208820216 283.649646618 282.684999217 281.298595399 279.477034325 277.210096077 274.491014299 271.316717766 267.688036642 263.609869551 2 2 2 1 0 0 0 0 1 0 0 0 0 0 0 0 0 1 0 0 0 5 0 3 19 5 0 3 0 1 0 1 0 0 1 122.082 123.49001 123.49001 122.082 0 1 0 0 0 0 1 0 0 0 0 1 0 0 0 0 0 1 0 0 1 0 1 0 19 3 19 4 1 4 0.167 1 0 0 0 0 1034 8
259.091308086 254.145715861 248.790759779 243.048391808 236.944780182 230.510189611 223.778810759 216.78853995 209.580710716 202.199779498 2 2 2 0 0 1 0 0 1 0 0 0 0 0 0 0 0 0 0 1 0 6 0 2 20 6 0 2 0 0 1 1 0 0 1 0 122.082 122.082 0 0 1 0 0 0 0 1 0 0 0 0 1 0 0 0 0 1 0 0 0 1 0 1 0 20 2 20 3 2 3 0.333 0 0 1 0 0 177 8
194.692968422 187.109868729 179.502008943 171.922392458 164.425009618 157.064329796 149.894779307 142.970211219 136.343373313 130.065380524 2 2 2 0 0 0 0 1 0 0 0 1 0 0 0 0 0 0 0 1 0 6 0 1 21 6 0 1 1 0 1 0 1 0 1 0 0 0 0 0 1 0 0 0 0 1 0 0 0 0 0 0 1 0 0 1 0 0 1 0 0 1 0 21 1 21 2 3 2 0.5 0 0 0 0 1 150 5
124.185198197 118.749142414 113.800403471 109.378598354 105.51935771 102.253952427 99.6089644518 97.6060059371 96.2614902288 95.586457547 2 2 0 0 0 0 0 1 0 0 0 0 0 1 0 1 0 0 0 0 0 6 0 0 22 6 0 0 2 0 1 0 1 0 1 110 0 0 0 0 0 0 1 0 0 1 0 0 0 1 0 0 0 0 0 1 0 0 1 0 1 0 0 22 0 22 1 4 1 0.667 0 0 0 0 1 191 5
