1.25915 17.939 17.06019 21.41613 32.34312 32.80419 29.36444 18.66005 6.07977 -12.56107 2 0 2 0 0 0 0 1 0 1 0 0 0 0 0 0 0 0 0 1 0 0 5 17 0 0 5 2 0 0 1 0 1 0 1 0 1 0 0 0 1 0 0 0 0 0 1 0 0 0 0 1 0 1 0 0 0 1 0 0 17 0 18 1 15 0.059 0 0 0 0 1 512 7 0 7 0 0 17 26 6 3 0 0 0.0 0.0 2.0 0.0 0.0 15.0 0.0 1.0 0.0 0.0 0.0 0.0 0.0 0.0 0.0 0.0 0.0 0.0 0.0 0.0 0.0 0.0 0.0 0.0 0.0 0.0 0.0 0.0 0.0 0.0 0.0 0.0 0.0 0.0 0.0 0.0 0.0 0.0 0.0 0.0 1.0 0.0 0.0 0.0 0.0 0.0 0.0 0.0 0.0 0.0 0.0 0.0 0.0 0.0 0.0 0.0 0.0 0.0 0.0 0.0 0.0 0.0 0.0 0.0 0.0 0.0
-54.14923 -52.3684 -65.34673 -78.02031 -80.47736 -83.62322 -79.04104 -72.68726 -63.12639 -43.14136 2 2 2 0 0 0 0 1 0 0 0 0 0 1 0 0 1 0 0 0 0 0 5 16 1 0 5 1 1 0 1 0 1 0 1 0 1 0 0 0 0 1 0 0 0 0 1 0 0 0 0 1 0 0 1 0 0 1 0 1 16 1 17 2 14 0.118 0 0 0 0 1 28 7 0 7 0 1 2 3 1 3 0 0 0.0 0.0 2.0 1.0 0.0666666666667 15.0 0.0 1.0 0.0 0.0 0.0 0.0 0.0 0.0 0.0 0.0 0.0 0.0 0.0 0.0 0.0 0.0 0.0 0.0 0.0 0.0 0.0 0.0 0.0 0.0 0.0 0.0 0.0 0.0 0.0 0.0 0.0 0.0 0.0 0.0 1.0 0.0 0.0 0.0 0.0 0.0 0.0 0.0 0.0 0.0 0.0 0.0 0.0 0.0 0.0 0.0 0.0 0.0 0.0 0.0 0.0 0.0 0.0 0.0 0.0 0.0
-33.55615 -25.36281 -13.97858 -2.39396 14.67262 34.89767 32.74104 29.82275 18.40403 2.57674 2 2 2 0 1 0 0 0 0 0 0 0 0 1 1 0 0 0 0 0 0 0 5 15 2 0 5 0 2 0 1 0 1 1 0 0 1 0 0 0 0 1 0 0 0 0 1 0 0 0 0 1 0 0 1 0 0 0 1 2 15 2 16 3 13 0.176 0 1 0 0 0 314 7 7 1 1 0 15 30 6 1 4 0 0.0 0.0 2.0 2.0 0.133333333333 15.0 0.0 0.0 1.0 0.0 0.0 0.0 0.0 0.0 0.0 0.0 0.0 0.0 0.0 0.0 0.0 0.0 1.0 0.0 0.0 0.0 0.0 0.0 0.0 0.0 0.0 0.0 0.0 0.0 0.0 0.0 0.0 0.0 0.0 0.0 0.0 1.0 0.0 0.0 0.0 0.0 0.0 0.0 0.0 0.0 0.0 0.0 0.0 0.0 0.0 0.0 0.0 0.0 0.0 0.0 0.0 0.0 0.0 0.0 0.0 0.0
-14.61465 -33.61857 -42.97651 -41.33446 1.8709 23.28993 31.15181 27.60018 18.47785 7.98107 2 2 2 1 0 0 0 0 0 0 1 0 0 0 0 0 0 0 0 1 0 0 4 14 3 0 4 2 3 1 0 0 1 0 1 0 1 0 0 0 0 1 0 0 0 0 1 0 0 0 0 0 1 0 1 0 0 1 0 3 14 3 15 4 12 0.235 1 0 0 0 0 476 7 7 1 1 1 23 7 3 6 0 0 0.0 0.0 2.0 3.0 0.2 15.0 0.0 0.0 1.0 0.0 0.0 0.0 0.0 0.0 0.0 0.0 0.0 0.0 0.0 0.0 0.0 0.0 1.0 0.0 0.0 0.0 0.0 0.0 0.0 0.0 0.0 0.0 0.0 0.0 0.0 0.0 0.0 0.0 0.0 0.0 0.0 1.0 0.0 0.0 0.0 0.0 0.0 0.0 0.0 0.0 0.0 0.0 0.0 0.0 0.0 0.0 0.0 0.0 0.0 0.0 0.0 0.0 0.0 0.0 0.0 0.0
4.43576 11.93567 18.61607 23.87947 32.50867 33.16603 17.42205 7.88849 -12.48706 -14.42494 2 2 2 0 0 0 0 1 1 0 0 0 0 0 0 0 0 0 0 1 0 1 4 13 4 1 4 1 0 0 1 1 0 0 1 0 1 0 0 0 0 1 0 0 0 0 1 0 0 0 0 1 0 0 0 1 0 1 0 4 13 4 14 5 11 0.294 0 0 0 0 1 2113 1 7 1 2 0 3 2 1 2 0 0 0.0 0.0 2.0 4.0 0.266666666667 15.0 0.0 0.0 0.0 0.0 0.0 0.0 0.0 0.0 0.0 0.0 0.0 1.0 0.0 0.0 0.0 0.0 0.0 0.0 0.0 0.0 0.0 0.0 0.0 0.0 0.0 0.0 0.0 0.0 0.0 0.0 0.0 0.0 0.0 0.0 0.0 0.0 0.0 0.0 0.0 0.0 0.0 0.0 0.0 0.0 0.0 0.0 0.0 0.0 0.0 0.0 0.0 0.0 0.0 0.0 0.0 0.0 0.0 0.0 0.0 0.0
-7.96702 22.24143 33.32279 9.30838 -13.35993 -28.06873 -33.01495 -31.90033 -36.95447 -61.1299 2 2 2 0 0 0 0 1 0 0 0 0 0 1 1 0 0 0 0 0 0 1 4 12 5 1 4 0 1 0 1 0 1 1 0 0 1 0 0 0 0 1 0 0 0 0 1 0 0 0 0 1 0 0 1 0 0 0 1 5 12 5 13 6 10 0.353 0 0 0 0 1 1327 1 7 1 2 1 20 18 2 7 0 0 0.0 0.0 2.0 5.0 0.333333333333 15.0 0.0 0.0 0.0 0.0 0.0 0.0 0.0 0.0 0.0 0.0 0.0 1.0 0.0 0.0 0.0 0.0 0.0 0.0 0.0 0.0 0.0 0.0 0.0 0.0 0.0 0.0 0.0 0.0 0.0 0.0 0.0 0.0 0.0 0.0 0.0 0.0 0.0 0.0 0.0 0.0 0.0 0.0 0.0 0.0 0.0 0.0 0.0 0.0 0.0 0.0 0.0 0.0 0.0 0.0 0.0 0.0 0.0 0.0 0.0 0.0
-92.65294 -96.80858 -69.39925 -3.96166 38.06916 38.79012 38.57677 35.7212 34.29965 31.16432 2 2 2 1 0 0 0 0 0 0 0 0 0 1 0 0 0 0 0 1 0 1 3 11 6 1 3 2 2 1 0 0 1 0 1 0 1 0 0 0 0 1 0 0 0 0 1 0 0 0 0 0 1 0 1 0 0 1 0 6 11 6 12 7 9 0.412 1 0 0 0 0 476 1 1 7 3 0 23 7 3 6 0 0 0.0 0.0 2.0 6.0 0.4 15.0 0.0 0.0 0.0 0.0 0.0 0.0 0.0 0.0 0.0 0.0 1.0 0.0 0.0 0.0 0.0 0.0 0.0 1.0 0.0 0.0 0.0 0.0 0.0 0.0 0.0 0.0 0.0 0.0 0.0 0.0 0.0 0.0 0.0 0.0 0.0 0.0 0.0 0.0 0.0 0.0 0.0 0.0 0.0 0.0 0.0 0.0 0.0 0.0 0.0 0.0 0.0 0.0 0.0 0.0 0.0 0.0 0.0 0.0 0.0 0.0
19.43467 15.98171 19.28873 34.12523 49.95263 58.31607 47.20119 33.03046 15.15392 -0.34914 2 2 2 0 0 0 0 1 1 0 0 0 0 0 0 0 0 0 0 1 0 2 3 10 7 2 3 1 0 0 1 1 0 0 1 0 1 0 0 0 0 1 0 0 0 0 1 0 0 0 0 1 0 0 0 1 0 1 0 7 10 7 11 8 8 0.471 0 0 0 0 1 103 7 1 1 4 0 5 20 2 4 0 0 0.0 0.0 2.0 7.0 0.466666666667 15.0 0.0 0.0 0.0 1.0 0.0 0.0 0.0 0.0 0.0 0.0 0.0 0.0 0.0 0.0 0.0 0.0 1.0 0.0 0.0 0.0 0.0 0.0 0.0 0.0 0.0 0.0 0.0 0.0 0.0 0.0 0.0 0.0 0.0 0.0 0.0 0.0 0.0 0.0 0.0 0.0 0.0 0.0 0.0 0.0 0.0 0.0 0.0 0.0 0.0 0.0 0.0 0.0 0.0 0.0 0.0 0.0 0.0 0.0 0.0 0.0
-25.81286 -26.30389 -5.48009 31.75383 47.37595 52.72435 47.7473 29.08582 11.32128 3.90002 2 2 2 0 0 0 0 1 0 0 0 0 0 1 1 0 0 0 0 0 0 2 3 9 8 2 3 0 1 0 1 0 1 1 0 0 1 0 0 0 0 1 0 0 0 0 1 0 0 0 0 1 0 0 1 0 0 0 1 8 9 8 10 9 7 0.529 0 0 0 0 1 1327 1 7 7 5 0 20 18 2 7 0 0 0.0 0.0 2.0 8.0 0.533333333333 15.0 0.0 0.0 0.0 0.0 0.0 0.0 0.0 0.0 0.0 0.0 0.0 0.0 0.0 0.0 0.0 0.0 0.0 1.0 0.0 0.0 0.0 0.0 0.0 0.0 0.0 0.0 0.0 0.0 0.0 0.0 0.0 0.0 0.0 0.0 0.0 0.0 0.0 0.0 0.0 0.0 0.0 0.0 0.0 0.0 0.0 0.0 0.0 0.0 0.0 0.0 0.0 0.0 0.0 0.0 0.0 0.0 0.0 0.0 0.0 0.0
-29.43094 -10.75167 1.25507 15.26592 -2.85464 -22.7814 -25.50552 -23.63581 -27.43722 -10.49929 2 2 2 1 0 0 0 0 0 0 0 0 0 1 0 0 1 0 0 0 0 2 2 8 9 2 2 1 2 1 0 0 1 0 1 0 1 0 0 0 0 1 0 0 0 0 1 0 0 0 0 0 1 0 1 0 0 1 0 9 8 9 9 10 6 0.588 1 0 0 0 0 19 7 1 9 6 0 13 24 6 0 0 0 0.0 0.0 2.0 9.0 0.6 15.0 0.0 0.0 0.0 1.0 0.0 0.0 0.0 0.0 0.0 0.0 0.0 0.0 0.0 0.0 0.0 0.0 0.0 0.0 0.0 0.0 0.0 0.0 0.0 0.0 0.0 0.0 0.0 0.0 0.0 0.0 0.0 0.0 0.0 0.0 1.0 0.0 0.0 0.0 0.0 0.0 0.0 0.0 0.0 0.0 0.0 0.0 0.0 0.0 0.0 0.0 0.0 0.0 0.0 0.0 0.0 0.0 0.0 0.0 0.0 0.0
11.08878 14.19393 19.52254 19.24819 26.15253 31.11618 28.7187 16.66971 13.27348 12.66098 2 2 2 0 1 0 0 0 1 0 0 0 0 0 1 0 0 0 0 0 0 3 2 7 10 3 2 0 0 0 1 1 0 1 0 0 1 0 0 0 0 1 0 0 0 0 1 0 0 0 0 1 0 0 0 1 0 0 1 10 7 10 8 11 5 0.647 0 1 0 0 0 82 9 7 7 7 0 10 3 1 3 0 0 0.0 0.0 2.0 10.0 0.666666666667 15.0 0.0 0.0 0.0 0.0 0.0 0.0 0.0 0.0 0.0 0.0 0.0 0.0 0.0 0.0 0.0 0.0 0.0 0.0 0.0 0.0 0.0 0.0 0.0 0.0 0.0 0.0 0.0 1.0 0.0 0.0 0.0 0.0 0.0 0.0 0.0 0.0 0.0 0.0 0.0 0.0 0.0 0.0 0.0 0.0 0.0 0.0 0.0 0.0 0.0 0.0 0.0 0.0 0.0 0.0 0.0 0.0 0.0 0.0 0.0 0.0
-26.55629 -46.7815 -26.59042 10.73458 16.82688 24.74203 26.62972 28.25613 32.88066 38.99199 2 2 2 1 0 0 0 0 0 0 1 0 0 0 0 0 1 0 0 0 0 3 1 6 11 3 1 1 1 1 0 0 1 0 1 0 1 0 0 0 0 1 0 0 0 0 1 0 0 0 0 0 1 0 1 0 0 1 0 11 6 11 7 12 4 0.706 1 0 0 0 0 12 7 9 1 8 0 16 35 3 4 5 0 0.0 0.0 2.0 11.0 0.733333333333 15.0 0.0 0.0 1.0 0.0 0.0 0.0 0.0 0.0 0.0 0.0 0.0 0.0 0.0 0.0 0.0 0.0 1.0 0.0 0.0 0.0 0.0 0.0 0.0 0.0 0.0 0.0 1.0 0.0 0.0 0.0 0.0 0.0 0.0 0.0 0.0 1.0 0.0 0.0 0.0 0.0 0.0 0.0 0.0 0.0 0.0 0.0 0.0 0.0 0.0 0.0 0.0 0.0 0.0 0.0 0.0 0.0 0.0 0.0 0.0 0.0
25.71573 17.43934 11.80225 9.50415 13.28806 21.8395 36.25078 35.05006 26.54002 3.17344 2 2 2 0 1 0 0 0 1 0 0 0 0 0 1 0 0 0 0 0 0 4 1 5 12 4 1 0 0 0 1 1 0 1 0 0 1 0 0 0 0 1 0 0 0 0 1 0 0 0 0 1 0 0 0 1 0 0 1 12 5 12 6 13 3 0.765 0 1 0 0 0 314 7 9 1 8 1 15 30 6 1 4 0 0.0 0.0 2.0 12.0 0.8 15.0 0.0 0.0 1.0 0.0 0.0 0.0 0.0 0.0 0.0 0.0 0.0 0.0 0.0 0.0 0.0 0.0 1.0 0.0 0.0 0.0 0.0 0.0 0.0 0.0 0.0 0.0 1.0 0.0 0.0 0.0 0.0 0.0 0.0 0.0 0.0 1.0 0.0 0.0 0.0 0.0 0.0 0.0 0.0 0.0 0.0 0.0 0.0 0.0 0.0 0.0 0.0 0.0 0.0 0.0 0.0 0.0 0.0 0.0 0.0 0.0
-35.44297 -48.21087 -70.27635 -54.31781 -17.59122 -12.55581 -12.5933 -18.17119 -18.76649 -28.6033 2 2 2 1 0 0 0 0 0 0 1 0 0 0 0 0 1 0 0 0 0 4 0 4 13 4 0 4 1 1 0 0 1 0 1 0 1 0 0 0 0 1 0 0 0 0 1 0 0 0 0 0 1 0 1 0 0 1 0 13 4 13 5 14 2 0.824 1 0 0 0 0 476 1 7 7 9 0 23 7 3 6 0 0 0.0 0.0 2.0 13.0 0.866666666667 15.0 0.0 0.0 0.0 0.0 0.0 0.0 0.0 0.0 0.0 0.0 0.0 0.0 0.0 0.0 0.0 0.0 0.0 1.0 0.0 0.0 0.0 0.0 0.0 0.0 0.0 0.0 0.0 0.0 0.0 0.0 0.0 0.0 0.0 0.0 0.0 0.0 0.0 0.0 0.0 0.0 0.0 0.0 0.0 0.0 0.0 0.0 0.0 0.0 0.0 0.0 0.0 0.0 0.0 0.0 0.0 0.0 0.0 0.0 0.0 0.0
-18.95146 -9.20323 -2.03977 19.05108 32.61199 38.09612 27.15231 14.87845 20.96311 18.06172 2 2 2 0 1 0 0 0 1 0 0 0 0 0 0 0 0 1 0 0 0 5 0 3 14 5 0 3 0 0 1 1 0 0 1 0 1 0 0 0 0 1 0 0 0 0 1 0 0 0 0 1 0 0 0 1 0 1 0 14 3 14 4 15 1 0.882 0 1 0 0 0 145 7 1 1 10 0 1 3 1 3 0 0 0.0 0.0 2.0 14.0 0.933333333333 15.0 0.0 0.0 0.0 1.0 0.0 0.0 0.0 0.0 0.0 0.0 0.0 0.0 0.0 0.0 0.0 0.0 1.0 0.0 0.0 0.0 0.0 0.0 0.0 0.0 0.0 0.0 0.0 0.0 0.0 0.0 0.0 0.0 0.0 0.0 0.0 0.0 0.0 0.0 0.0 0.0 0.0 0.0 0.0 0.0 0.0 0.0 0.0 0.0 0.0 0.0 0.0 0.0 0.0 0.0 0.0 0.0 0.0 0.0 0.0 0.0
57.682 46.21001 46.17701 40.06501 37.9352 42.08897 38.57667 35.5923 21.9887 9.79831 2 2 2 0 0 1 0 0 0 0 1 0 0 0 0 0 0 1 0 0 0 5 0 2 15 5 0 2 1 0 1 0 1 0 1 0 1 0 0 0 0 1 0 0 0 0 1 0 0 0 0 1 0 0 1 0 0 1 0 15 2 15 3 1 3 0.2 0 0 1 0 0 293 7 1 1 10 1 13 13 2 0 0 0 1.0 0.5 2.0 0.0 0.0 3.0 0.0 0.0 0.0 1.0 0.0 0.0 0.0 0.0 0.0 0.0 0.0 0.0 0.0 0.0 0.0 0.0 1.0 0.0 0.0 0.0 0.0 0.0 0.0 0.0 0.0 0.0 0.0 0.0 0.0 0.0 0.0 0.0 0.0 0.0 0.0 0.0 0.0 0.0 0.0 0.0 0.0 0.0 0.0 0.0 0.0 0.0 0.0 0.0 0.0 0.0 0.0 0.0 0.0 0.0 0.0 0.0 0.0 0.0 0.0 0.0
5.94062 -0.99476 -5.29315 0.60847 6.86919 -5.25738 -3.43728 4.53288 2.29341 10.83746 2 2 2 0 0 1 0 0 0 0 0 1 0 0 0 0 0 0 0 1 0 5 0 1 16 5 0 1 2 0 1 0 1 0 1 0 1 0 0 0 0 1 0 0 0 0 0 0 0 1 0 1 0 0 1 0 0 1 0 16 1 16 2 2 2 0.4 0 0 1 0 0 348 1 7 0 11 0 13 5 1 4 5 0 1.0 0.5 2.0 1.0 0.333333333333 3.0 1.0 0.0 0.0 0.0 0.0 0.0 0.0 0.0 0.0 0.0 0.0 0.0 0.0 0.0 0.0 0.0 0.0 1.0 0.0 0.0 0.0 0.0 0.0 0.0 0.0 0.0 0.0 0.0 0.0 0.0 0.0 0.0 0.0 0.0 0.0 0.0 0.0 0.0 0.0 0.0 0.0 0.0 0.0 0.0 0.0 0.0 0.0 0.0 0.0 0.0 0.0 0.0 0.0 0.0 0.0 0.0 0.0 0.0 0.0 0.0
8.06651 17.89664 31.46302 50.03949 67.61404 74.59527 79.36943 72.78843 81.89833 89.47083 2 2 0 0 0 0 0 1 0 0 0 1 0 0 0 1 0 0 0 0 0 5 0 0 17 5 0 0 3 0 1 0 1 0 1 0 0 0 0 1 0 1 0 0 0 1 0 0 0 0 0 1 0 0 1 0 1 0 0 17 0 17 1 3 1 0.6 0 0 0 0 1 458 1 7 0 11 1 11 24 6 0 0 0 1.0 0.5 2.0 2.0 0.666666666667 3.0 1.0 0.0 0.0 0.0 0.0 0.0 0.0 0.0 0.0 0.0 0.0 0.0 0.0 0.0 0.0 0.0 0.0 1.0 0.0 0.0 0.0 0.0 0.0 0.0 0.0 0.0 0.0 0.0 0.0 0.0 0.0 0.0 0.0 0.0 0.0 0.0 0.0 0.0 0.0 0.0 0.0 0.0 0.0 0.0 0.0 0.0 0.0 0.0 0.0 0.0 0.0 0.0 0.0 0.0 0.0 0.0 0.0 0.0 0.0 0.0
