84.409 90.742 94.89 95.197 93.601 89.644 81.745 73.167 61.846 44.639 2 0 2 0 0 0 0 1 0 1 0 0 0 0 0 0 1 0 0 0 0 0 4 15 0 0 4 1 0 0 1 0 1 0 1 0 130 0 0 0 1 0 0 0 1 0 0 0 0 0 1 0 0 0 0 1 0 1 0 0 0 1 0 0 15 0 16 1 9 0.091 0 0 0 0 1 17 14
9.722 -42.458 -67.109 -70.775 -77.524 -90.961 -98.844 -103.919 -102.629 -94.823 2 2 2 0 1 0 0 0 0 0 0 0 0 1 1 0 0 0 0 0 0 0 4 14 1 0 4 0 1 0 1 0 1 1 0 132.14301 0 0 132.14301 0 1 0 0 0 0 1 0 0 0 0 1 0 0 0 0 1 0 0 1 0 0 0 1 1 14 1 15 2 8 0.182 0 1 0 0 0 22 17
-85.403 -70.03 -41.24 -11.339 17.335 33.916 40.306 42.624 43.378 33.74 2 2 2 1 0 0 0 0 0 0 1 0 0 0 0 0 1 0 0 0 0 0 3 13 2 0 3 1 2 1 0 0 1 0 1 135.14301 132.14301 132.14301 135.14301 0 1 0 0 0 0 1 0 0 0 0 1 0 0 0 0 0 1 0 1 0 0 1 0 2 13 2 14 3 7 0.273 1 0 0 0 0 1415 8
15.49 8.561 -36.316 -76.36 -105.393 -110.462 -111.977 -109.682 -102.657 -84.196 2 2 2 0 1 0 0 0 1 0 0 0 0 0 1 0 0 0 0 0 0 1 3 12 3 1 3 0 0 0 1 1 0 1 0 129.85699 135.14301 135.14301 129.85699 0 1 0 0 0 0 1 0 0 0 0 1 0 0 0 0 1 0 0 0 1 0 0 1 3 12 3 13 4 6 0.364 0 1 0 0 0 2079 8
-58.218 -25.747 6.987 39.566 59.349 60.201 58.058 59.427 67.155 67.767 2 2 2 1 0 0 0 0 0 0 1 0 0 0 1 0 0 0 0 0 0 1 2 11 4 1 2 0 1 1 0 0 1 1 0 133.28549 129.85699 129.85699 133.28549 0 1 0 0 0 0 1 0 0 0 0 1 0 0 0 0 0 1 0 1 0 0 0 1 4 11 4 12 5 5 0.455 1 0 0 0 0 299 5
69.462 79.718 84.685 84.282 82.257 81.299 81.318 80.066 72.859 57.726 2 2 2 1 0 0 0 0 1 0 0 0 0 0 0 0 0 0 1 0 0 2 1 10 5 2 1 6 0 1 0 1 0 0 1 131.714 133.28549 133.28549 131.714 0 1 0 0 0 0 1 0 0 0 0 1 0 0 0 0 0 1 0 0 1 0 1 0 5 10 5 11 6 4 0.545 1 0 0 0 0 877 5
45.914 39.849 32.687 19.052 -0.355 -14.306 -30.263 -42.916 -48.107 -51.045 2 2 2 0 0 0 1 0 1 0 0 0 0 0 0 0 0 1 0 0 0 3 1 9 6 3 1 5 0 0 1 1 0 0 1 0 131.714 131.714 0 0 1 0 0 0 0 1 0 0 0 0 1 0 0 0 0 1 0 0 0 1 0 1 0 6 9 6 10 7 3 0.636 0 0 0 1 0 2 9
-53.551 -52.866 -50.118 -47.178 -45.345 -58.001 -75.146 -79.499 -82.673 -81.084 2 2 2 0 0 1 0 0 0 0 0 0 1 0 0 0 0 1 0 0 0 3 1 8 7 3 1 4 1 0 1 0 1 0 1 0 0 0 0 0 1 0 0 0 0 1 0 0 0 0 1 0 0 0 0 1 0 0 1 0 0 1 0 7 8 7 9 8 2 0.727 0 0 1 0 0 1285 5
-45.276 -8.0 -8.682 -34.177 -78.88 -97.071 -91.693 -80.943 -58.932 -31.047 2 2 2 0 0 1 0 0 0 0 0 1 0 0 0 0 0 0 0 1 0 3 1 7 8 3 1 3 2 0 1 0 1 0 1 0 0 0 0 0 1 0 0 0 0 1 0 0 0 0 1 0 0 0 0 1 0 0 1 0 0 1 0 8 7 8 8 9 1 0.818 0 0 1 0 0 304 5
148.972 148.788 140.827 135.661 124.217 100.848 78.085 47.522 13.375 -11.956 2 2 2 0 0 0 0 1 0 0 0 1 0 0 0 0 0 0 0 1 0 3 1 6 9 3 1 2 3 0 1 0 1 0 1 0 0 0 0 0 1 0 0 0 0 1 0 0 0 0 1 0 0 0 0 1 0 0 1 0 0 1 0 9 6 9 7 1 7 0.111 0 0 0 0 1 2269 5
-18.323 1.175 29.488 55.306 63.006 47.019 24.102 2.761 -20.191 -35.679 2 2 2 0 0 0 0 1 0 0 0 0 0 1 0 0 0 0 1 0 0 3 1 5 10 3 1 1 4 0 1 0 1 0 1 0 0 0 0 0 1 0 0 0 0 1 0 0 0 0 1 0 0 0 0 1 0 0 1 0 0 1 0 10 5 10 6 2 6 0.222 0 0 0 0 1 1139 5
-36.929 -36.419 -38.542 -50.549 -58.795 -63.27 -64.338 -63.789 -62.42 -58.229 2 2 2 0 0 0 1 0 0 0 0 0 0 1 1 0 0 0 0 0 0 3 1 4 11 3 1 0 5 0 1 0 1 1 0 120.714 0 0 120.714 0 1 0 0 0 0 1 0 0 0 0 1 0 0 0 0 1 0 0 1 0 0 0 1 11 4 11 5 3 5 0.333 0 0 0 1 0 2 4
-36.647 -26.54 -21.334 -16.064 -14.87 -29.144 -31.552 -12.837 42.233 85.903 2 2 2 1 0 0 0 0 0 0 0 0 1 0 0 0 0 1 0 0 0 3 0 3 12 3 0 3 6 1 0 0 1 0 1 123.714 120.714 120.714 123.714 0 1 0 0 0 0 1 0 0 0 0 1 0 0 0 0 0 1 0 1 0 0 1 0 12 3 12 4 4 4 0.444 1 0 0 0 0 2499 5
81.329 65.581 49.757 36.844 19.562 -9.631 -16.714 -15.708 -1.264 14.541 2 2 2 0 0 1 0 0 1 0 0 0 0 0 0 0 0 0 0 1 0 4 0 2 13 4 0 2 0 0 1 1 0 0 1 0 123.714 123.714 0 0 1 0 0 0 0 1 0 0 0 0 1 0 0 0 0 1 0 0 0 1 0 1 0 13 2 13 3 5 3 0.556 0 0 1 0 0 2499 5
7.211 -0.116 55.153 121.732 120.265 109.002 87.136 46.717 8.57 -14.684 2 2 2 0 0 0 0 1 0 0 0 1 0 0 0 0 1 0 0 0 0 4 0 1 14 4 0 1 1 0 1 0 1 0 1 0 0 0 0 0 1 0 0 0 0 1 0 0 0 0 0 0 1 0 0 1 0 0 1 0 0 1 0 14 1 14 2 6 2 0.667 0 0 0 0 1 14 5
-32.668 -47.823 -50.931 -54.864 -63.281 -118.181 -157.046 -114.555 92.101 41.668 2 2 0 0 1 0 0 0 0 0 0 0 0 1 0 1 0 0 0 0 0 4 0 0 15 4 0 0 2 0 1 0 1 0 1 110 0 0 0 0 0 0 1 0 0 1 0 0 0 1 0 0 0 0 0 1 0 0 1 0 1 0 0 15 0 15 1 7 1 0.778 0 1 0 0 0 1053 5
