-17.302 -17.294 -17.28 -17.27 -20.015 -30.234 -36.558 -39.75 -43.053 -43.338 2 0 2 0 1 0 0 0 0 1 0 0 0 0 1 0 0 0 0 0 0 0 8 24 0 0 8 0 0 0 1 0 1 1 0 133.84599 130 0 133.84599 0 1 0 0 0 1 0 0 0 0 0 1 0 0 0 0 1 0 1 0 0 0 0 1 0 24 0 25 1 11 0.077 0 1 0 0 0 259 5
-35.202 -17.426 -8.441 -9.863 -14.372 -16.551 -15.064 -8.681 1.453 7.555 2 2 2 1 0 0 0 0 0 0 1 0 0 0 0 0 0 0 0 1 0 0 7 23 1 0 7 6 1 1 0 0 1 0 1 136.84599 133.84599 133.84599 136.84599 0 1 0 0 0 0 1 0 0 0 0 1 0 0 0 0 0 1 0 1 0 0 1 0 1 23 1 24 2 10 0.154 1 0 0 0 0 498 5
24.943 50.145 75.417 100.703 127.954 142.988 142.057 127.578 97.53 59.858 2 2 2 0 0 0 0 1 1 0 0 0 0 0 0 0 0 0 0 1 0 1 7 22 2 1 7 5 0 0 1 1 0 0 1 0 136.84599 136.84599 0 0 1 0 0 0 0 1 0 0 0 0 1 0 0 0 0 1 0 0 0 1 0 1 0 2 22 2 23 3 9 0.231 0 0 0 0 1 1362 12
29.282 11.973 8.951 8.716 4.696 -8.442 -23.565 -40.011 -49.702 -47.888 2 2 2 0 0 0 0 1 0 0 0 0 0 1 0 0 1 0 0 0 0 1 7 21 3 1 7 4 1 0 1 0 1 0 1 0 0 0 0 0 1 0 0 0 0 1 0 0 0 0 1 0 0 0 0 1 0 0 1 0 0 1 0 3 21 3 22 4 8 0.308 0 0 0 0 1 619 12
-34.899 -33.1 -35.048 -36.848 -38.866 -40.808 -45.077 -61.328 -67.817 -68.303 2 2 2 0 1 0 0 0 0 0 0 0 0 1 0 0 0 1 0 0 0 1 7 20 4 1 7 3 2 0 1 0 1 0 1 0 0 0 0 0 1 0 0 0 0 1 0 0 0 0 1 0 0 0 0 1 0 0 1 0 0 1 0 4 20 4 21 5 7 0.385 0 1 0 0 0 273 8
-64.959 -61.48 -61.976 -62.991 -62.822 -62.855 -60.09 -49.493 -34.598 -23.811 2 2 2 0 0 1 0 0 0 0 1 0 0 0 0 0 0 0 0 1 0 1 7 19 5 1 7 2 3 0 1 0 1 0 1 0 0 0 0 0 1 0 0 0 0 1 0 0 0 0 1 0 0 0 0 1 0 0 1 0 0 1 0 5 19 5 20 6 6 0.462 0 0 1 0 0 42 8
-6.969 29.423 65.977 100.284 114.576 110.22 95.802 75.993 58.728 35.205 2 2 2 0 0 0 0 1 0 0 0 1 0 0 0 0 1 0 0 0 0 1 7 18 6 1 7 1 4 0 1 0 1 0 1 0 0 0 0 0 1 0 0 0 0 1 0 0 0 0 1 0 0 0 0 1 0 0 1 0 0 1 0 6 18 6 19 7 5 0.538 0 0 0 0 1 1979 5
3.636 -4.122 -6.467 -8.826 -11.2 -13.757 -26.897 -58.742 -72.786 -62.396 2 2 2 0 1 0 0 0 0 0 0 0 0 1 1 0 0 0 0 0 0 1 7 17 7 1 7 0 5 0 1 0 1 1 0 128.46201 0 0 128.46201 0 1 0 0 0 0 1 0 0 0 0 1 0 0 0 0 1 0 0 1 0 0 0 1 7 17 7 18 8 4 0.615 0 1 0 0 0 1672 5
-44.173 -24.73 -5.318 11.963 30.975 46.264 57.842 60.752 41.806 21.265 2 2 2 1 0 0 0 0 0 0 1 0 0 0 0 0 0 1 0 0 0 1 6 16 8 1 6 5 6 1 0 0 1 0 1 131.46201 128.46201 128.46201 131.46201 0 1 0 0 0 0 1 0 0 0 0 1 0 0 0 0 0 1 0 1 0 0 1 0 8 16 8 17 9 3 0.692 1 0 0 0 0 132 5
21.533 23.293 22.365 6.164 -14.506 -27.476 -35.341 -43.34 -43.95 -31.879 2 2 2 0 0 1 0 0 1 0 0 0 0 0 0 0 0 0 1 0 0 2 6 15 9 2 6 4 0 0 1 1 0 0 1 0 131.46201 131.46201 0 0 1 0 0 0 0 1 0 0 0 0 1 0 0 0 0 1 0 0 0 1 0 1 0 9 15 9 16 10 2 0.769 0 0 1 0 0 269 5
-17.338 -10.959 -16.881 -25.731 -36.044 -43.855 -48.73 -62.387 -69.693 -70.619 2 2 1 0 0 0 1 0 0 0 0 1 0 0 0 0 0 0 0 1 0 2 6 14 10 2 6 3 1 0 1 0 1 0 1 0 0 0 0 0 1 0 0 0 0 1 0 0 0 0 1 0 0 0 0 1 0 0 1 0 0 1 0 10 14 10 15 11 1 0.846 0 0 0 1 0 2 9
59.58 93.523 116.977 122.072 115.865 99.714 80.041 60.587 41.607 23.996 1 2 2 0 0 0 0 1 0 0 0 0 1 0 0 0 0 1 0 0 0 2 6 13 11 2 6 2 2 0 1 0 1 0 1 0 0 0 0 0 1 0 0 0 0 1 0 0 0 0 1 0 0 0 0 1 0 0 1 0 0 1 0 11 13 11 14 1 5 0.143 0 0 0 0 1 97 6
14.459 12.861 13.965 15.229 16.92 18.572 19.349 18.424 13.934 -2.004 2 1 2 0 0 1 0 0 0 0 0 0 0 1 0 0 0 1 0 0 0 2 6 12 12 2 6 1 3 0 1 0 1 0 1 0 0 0 0 0 1 0 0 0 0 1 0 0 0 0 1 0 0 0 0 1 0 0 1 0 0 1 0 12 12 12 13 2 4 0.286 0 0 1 0 0 41 6
-17.976 -33.98 -49.538 -66.46 -79.331 -84.882 -86.223 -77.477 -61.113 -53.885 2 2 2 0 0 1 0 0 0 0 0 1 0 0 1 0 0 0 0 0 0 2 6 11 13 2 6 0 4 0 1 0 1 1 0 124.231 0 0 124.231 0 1 0 0 0 0 1 0 0 0 0 1 0 0 0 0 1 0 0 1 0 0 0 1 13 11 13 12 3 3 0.429 0 0 1 0 0 152 7
-7.343 52.513 25.372 10.431 2.295 -1.32 -5.086 -6.3 -4.055 -7.937 2 2 2 1 0 0 0 0 0 0 0 1 0 0 1 0 0 0 0 0 0 2 5 10 14 2 5 0 5 1 0 0 1 1 0 127.8465 124.231 124.231 127.8465 0 1 0 0 0 0 1 0 0 0 0 1 0 0 0 0 0 1 0 1 0 0 0 1 14 10 14 11 4 2 0.571 1 0 0 0 0 561 5
-11.049 -3.366 -4.481 -8.896 -15.074 -19.169 -21.825 -24.199 -27.23 -38.311 2 2 2 1 0 0 0 0 1 0 0 0 0 0 0 0 0 0 0 1 0 3 4 9 15 3 4 2 0 1 0 1 0 0 1 126.462 127.8465 127.8465 126.462 0 1 0 0 0 0 1 0 0 0 0 1 0 0 0 0 0 1 0 0 1 0 1 0 15 9 15 10 5 1 0.714 1 0 0 0 0 666 5
27.741 27.555 31.297 38.38 40.578 41.85 43.916 44.144 43.698 43.115 2 2 2 0 0 0 0 1 1 0 0 0 0 0 0 0 0 0 0 1 0 4 4 8 16 4 4 1 0 0 1 1 0 0 1 0 126.462 126.462 0 0 1 0 0 0 0 1 0 0 0 0 1 0 0 0 0 1 0 0 0 1 0 1 0 16 8 16 9 1 9 0.091 0 0 0 0 1 178 8
33.408 0.648 -28.005 -36.05 -53.492 -71.577 -83.204 -89.15 -90.032 -80.189 2 2 2 0 0 0 0 1 0 0 0 0 0 1 1 0 0 0 0 0 0 4 4 7 17 4 4 0 1 0 1 0 1 1 0 121.154 0 0 121.154 0 1 0 0 0 0 1 0 0 0 0 1 0 0 0 0 1 0 0 1 0 0 0 1 17 7 17 8 2 8 0.182 0 0 0 0 1 35 8
-69.507 -45.186 -13.725 17.828 43.342 48.308 42.94 42.116 44.636 47.222 2 2 2 1 0 0 0 0 0 0 0 0 0 1 1 0 0 0 0 0 0 4 3 6 18 4 3 0 2 1 0 0 1 1 0 124.7695 121.154 121.154 124.7695 0 1 0 0 0 0 1 0 0 0 0 1 0 0 0 0 0 1 0 1 0 0 0 1 18 6 18 7 3 7 0.273 1 0 0 0 0 372 5
38.716 36.226 44.923 56.252 63.903 63.249 60.826 60.106 63.764 66.126 2 2 2 1 0 0 0 0 1 0 0 0 0 0 0 0 0 0 0 1 0 5 2 5 19 5 2 1 0 1 0 1 0 0 1 123.385 124.7695 124.7695 123.385 0 1 0 0 0 0 1 0 0 0 0 1 0 0 0 0 0 1 0 0 1 0 1 0 19 5 19 6 4 6 0.364 1 0 0 0 0 949 5
59.522 41.555 31.647 16.883 -21.834 -68.109 -100.51 -145.97 -152.465 -132.837 2 2 2 0 0 0 0 1 1 0 0 0 0 0 1 0 0 0 0 0 0 6 2 4 20 6 2 0 0 0 1 1 0 1 0 118.846 123.385 123.385 118.846 0 1 0 0 0 0 1 0 0 0 0 1 0 0 0 0 1 0 0 0 1 0 0 1 20 4 20 5 5 5 0.455 0 0 0 0 1 93 5
-102.354 -74.146 -45.931 -17.714 10.501 35.204 40.197 33.471 32.412 33.173 2 2 2 1 0 0 0 0 0 0 0 0 0 1 1 0 0 0 0 0 0 6 1 3 21 6 1 0 1 1 0 0 1 1 0 122.4615 118.846 118.846 122.4615 0 1 0 0 0 0 1 0 0 0 0 1 0 0 0 0 0 1 0 1 0 0 0 1 21 3 21 4 6 4 0.545 1 0 0 0 0 422 8
36.618 45.904 59.157 63.597 59.894 52.421 50.041 52.634 56.133 46.69 2 2 2 1 0 0 0 0 1 0 0 0 0 0 0 0 0 1 0 0 0 7 0 2 22 7 0 2 0 1 0 1 0 0 1 121.077 122.4615 122.4615 121.077 0 1 0 0 0 0 1 0 0 0 0 1 0 0 0 0 0 1 0 0 1 0 1 0 22 2 22 3 7 3 0.636 1 0 0 0 0 126 8
28.552 22.677 17.142 12.335 6.642 -0.438 -17.685 -41.515 -49.534 -43.616 2 2 2 0 0 1 0 0 1 0 0 0 0 0 0 0 0 0 0 1 0 8 0 1 23 8 0 1 0 0 1 1 0 0 1 0 121.077 121.077 0 0 1 0 0 0 0 1 0 0 0 0 0 0 1 0 0 1 0 0 0 1 0 1 0 23 1 23 2 8 2 0.727 0 0 1 0 0 835 5
-26.344 -6.091 14.003 32.479 34.645 10.292 -31.235 -100.801 -106.624 -103.427 2 2 0 0 0 0 0 1 0 0 0 1 0 0 0 1 0 0 0 0 0 8 0 0 24 8 0 0 1 0 1 0 1 0 1 110 0 0 0 0 0 0 1 0 0 1 0 0 0 1 0 0 0 0 0 1 0 0 1 0 1 0 0 24 0 24 1 9 1 0.818 0 0 0 0 1 717 5
