19.964 19.854 18.443 10.998 2.924 1.752 3.384 5.12 5.288 4.508 2 0 2 1 0 0 0 0 0 1 0 0 0 0 0 0 0 0 0 1 0 0 2 16 0 0 2 8 0 1 0 0 1 0 1 137.459 134.459 0 137.459 0 1 0 0 0 1 0 0 0 0 0 1 0 0 0 0 0 1 1 0 0 0 1 0 0 16 0 17 1 9 0.091 1 0 0 0 0 29 8
4.088 13.769 23.56 5.003 -29.678 -52.525 -65.459 -68.443 -62.15 -50.35 2 2 2 0 0 0 0 1 1 0 0 0 0 0 0 0 0 1 0 0 0 0 2 15 1 0 2 7 0 0 1 1 0 0 1 0 137.459 137.459 0 0 1 0 0 0 0 1 0 0 0 0 1 0 0 0 0 1 0 0 0 1 0 1 0 1 15 1 16 2 8 0.182 0 0 0 0 1 78 8
-29.058 -27.276 -32.651 -38.252 -40.911 -42.513 -44.849 -37.768 -20.146 8.967 2 2 2 0 0 1 0 0 0 0 0 0 0 1 0 0 0 0 0 1 0 0 2 14 2 0 2 6 1 0 1 0 1 0 1 0 0 0 0 0 1 0 0 0 0 1 0 0 0 0 1 0 0 0 0 1 0 0 1 0 0 1 0 2 14 2 15 3 7 0.273 0 0 1 0 0 111 12
40.335 62.743 88.574 97.968 97.255 87.89 64.499 36.859 15.844 4.235 2 2 2 0 0 0 0 1 0 0 0 1 0 0 0 0 0 0 0 1 0 0 2 13 3 0 2 5 2 0 1 0 1 0 1 0 0 0 0 0 1 0 0 0 0 1 0 0 0 0 1 0 0 0 0 1 0 0 1 0 0 1 0 3 13 3 14 4 6 0.364 0 0 0 0 1 233 12
0.28 4.242 23.394 46.134 68.906 88.552 95.623 85.073 56.598 12.087 2 2 2 0 0 0 0 1 0 0 0 0 0 1 0 0 0 0 0 1 0 0 2 12 4 0 2 4 3 0 1 0 1 0 1 0 0 0 0 0 1 0 0 0 0 1 0 0 0 0 1 0 0 0 0 1 0 0 1 0 0 1 0 4 12 4 13 5 5 0.455 0 0 0 0 1 1506 8
-27.551 -31.439 -30.923 -29.98 -30.509 -35.827 -43.599 -46.733 -47.59 -45.874 2 2 2 0 0 0 0 1 0 0 0 0 0 1 0 0 0 0 1 0 0 0 2 11 5 0 2 3 4 0 1 0 1 0 1 0 0 0 0 0 1 0 0 0 0 1 0 0 0 0 1 0 0 0 0 1 0 0 1 0 0 1 0 5 11 5 12 6 4 0.545 0 0 0 0 1 8 12
-42.079 -42.728 -49.152 -60.513 -73.87 -79.787 -77.308 -65.807 -49.621 -37.272 2 2 2 0 0 0 1 0 0 0 0 0 0 1 0 0 0 0 0 1 0 0 2 10 6 0 2 2 5 0 1 0 1 0 1 0 0 0 0 0 1 0 0 0 0 1 0 0 0 0 1 0 0 0 0 1 0 0 1 0 0 1 0 6 10 6 11 7 3 0.636 0 0 0 1 0 16 8
-21.081 -0.618 34.413 67.338 73.269 63.281 40.258 12.772 -8.611 -26.448 2 2 2 0 0 0 0 1 0 0 0 0 1 0 0 0 0 0 1 0 0 0 2 9 7 0 2 1 6 0 1 0 1 0 1 0 0 0 0 0 1 0 0 0 0 1 0 0 0 0 1 0 0 0 0 1 0 0 1 0 0 1 0 7 9 7 10 8 2 0.727 0 0 0 0 1 738 8
-35.85 -36.586 -36.512 -39.472 -44.266 -45.903 -46.364 -46.522 -46.94 -51.889 2 2 2 0 0 0 1 0 0 0 0 0 0 1 1 0 0 0 0 0 0 0 2 8 8 0 2 0 7 0 1 0 1 1 0 124.73 0 0 124.73 0 1 0 0 0 0 1 0 0 0 0 1 0 0 0 0 1 0 0 1 0 0 0 1 8 8 8 9 9 1 0.818 0 0 0 1 0 2 9
90.666 90.97 91.263 91.545 96.231 110.573 117.242 126.195 129.976 118.094 2 2 2 1 0 0 0 0 0 0 0 0 1 0 0 0 1 0 0 0 0 0 1 7 9 0 1 5 8 1 0 0 1 0 1 127.73 124.73 124.73 127.73 0 1 0 0 0 0 1 0 0 0 0 1 0 0 0 0 0 1 0 1 0 0 1 0 9 7 9 8 1 2 0.25 1 0 0 0 0 157 5
92.146 44.334 -6.474 -58.593 -89.833 -89.286 -81.387 -69.733 -44.591 56.652 2 2 2 0 1 0 0 0 1 0 0 0 0 0 0 0 1 0 0 0 0 1 1 6 10 1 1 4 0 0 1 1 0 0 1 0 127.73 127.73 0 0 1 0 0 0 0 1 0 0 0 0 1 0 0 0 0 1 0 0 0 1 0 1 0 10 6 10 7 2 1 0.5 0 1 0 0 0 106 5
-18.686 -19.684 -23.29 -24.81 -34.884 -48.664 -64.781 -75.181 -80.283 -74.189 2 2 2 0 1 0 0 0 0 0 1 0 0 0 0 0 0 0 0 1 0 1 1 5 11 1 1 3 1 0 1 0 1 0 1 0 0 0 0 0 1 0 0 0 0 1 0 0 0 0 1 0 0 0 0 1 0 0 1 0 0 1 0 11 5 11 6 1 6 0.125 0 1 0 0 0 66 12
-46.321 -23.193 63.537 84.26 79.642 61.812 38.318 11.019 -14.461 -21.74 2 2 2 0 0 0 0 1 0 0 1 0 0 0 0 0 0 1 0 0 0 1 1 4 12 1 1 2 2 0 1 0 1 0 1 0 0 0 0 0 1 0 0 0 0 1 0 0 0 0 1 0 0 0 0 1 0 0 1 0 0 1 0 12 4 12 5 2 5 0.25 0 0 0 0 1 5 14
-15.141 -15.041 -16.207 -17.359 -18.212 -23.534 -34.539 -26.299 2.641 11.68 2 2 2 0 0 1 0 0 0 0 0 0 0 1 0 0 1 0 0 0 0 1 1 3 13 1 1 1 3 0 1 0 1 0 1 0 0 0 0 0 1 0 0 0 0 1 0 0 0 0 1 0 0 0 0 1 0 0 1 0 0 1 0 13 3 13 4 3 4 0.375 0 0 1 0 0 526 12
13.021 17.325 23.758 30.085 33.326 21.422 -18.449 -39.322 -45.36 -70.367 2 2 2 0 1 0 0 0 0 0 0 1 0 0 1 0 0 0 0 0 0 1 1 2 14 1 1 0 4 0 1 0 1 1 0 118.243 0 0 118.243 0 1 0 0 0 0 1 0 0 0 0 1 0 0 0 0 1 0 0 1 0 0 0 1 14 2 14 3 4 3 0.5 0 1 0 0 0 526 12
-66.058 -15.801 20.658 38.398 55.734 59.261 60.665 66.619 70.929 65.941 2 2 2 1 0 0 0 0 0 0 1 0 0 0 0 0 0 0 1 0 0 1 0 1 15 1 0 1 5 1 0 0 1 0 1 121.243 118.243 118.243 121.243 0 1 0 0 0 0 1 0 0 0 0 0 0 1 0 0 0 1 0 1 0 0 1 0 15 1 15 2 5 2 0.625 1 0 0 0 0 1690 8
51.0 36.507 20.623 -3.456 -31.598 -42.899 -53.483 -56.642 -56.539 -56.487 2 2 0 0 0 0 1 0 1 0 0 0 0 0 0 1 0 0 0 0 0 2 0 0 16 2 0 0 0 0 1 1 0 0 1 110 121.243 121.243 0 0 0 0 1 0 0 1 0 0 0 1 0 0 0 0 0 1 0 0 0 1 1 0 0 16 0 16 1 6 1 0.75 0 0 0 1 0 251 8
