-9.102 -9.959 -15.911 -28.516 -32.687 -30.253 -17.918 1.807 12.564 20.091 2 0 2 0 0 1 0 0 0 1 0 0 0 0 0 0 0 0 0 1 0 0 1 11 0 0 1 3 0 0 1 0 1 0 1 0 130 0 0 0 1 0 0 0 1 0 0 0 0 0 1 0 0 0 0 1 0 1 0 0 0 1 0 0 11 0 12 1 12 0.071 0 0 1 0 0 285 12
40.443 45.613 37.591 25.213 5.086 -17.093 -31.434 -34.974 -35.835 -36.007 2 2 2 0 0 0 0 1 0 0 0 1 0 0 0 0 0 0 0 1 0 0 1 10 1 0 1 2 1 0 1 0 1 0 1 0 0 0 0 0 1 0 0 0 0 1 0 0 0 0 1 0 0 0 0 1 0 0 1 0 0 1 0 1 10 1 11 2 11 0.143 0 0 0 0 1 351 8
-30.402 -12.155 8.639 27.027 48.284 65.064 65.32 57.52 40.496 22.407 2 2 2 0 0 0 0 1 0 0 0 0 0 1 0 0 0 0 0 1 0 0 1 9 2 0 1 1 2 0 1 0 1 0 1 0 0 0 0 0 1 0 0 0 0 1 0 0 0 0 1 0 0 0 0 1 0 0 1 0 0 1 0 2 9 2 10 3 10 0.214 0 0 0 0 1 412 5
7.662 5.567 5.533 5.758 3.381 -3.522 -20.781 -45.34 -67.306 -79.26 2 2 2 0 0 0 0 1 0 0 0 0 0 1 1 0 0 0 0 0 0 0 1 8 3 0 1 0 3 0 1 0 1 1 0 128.33299 0 0 128.33299 0 1 0 0 0 0 1 0 0 0 0 1 0 0 0 0 1 0 0 1 0 0 0 1 3 8 3 9 4 9 0.286 0 0 0 0 1 355 5
-80.423 -70.262 -41.632 -9.696 21.031 35.743 37.411 38.64 43.392 46.393 2 2 2 1 0 0 0 0 0 0 0 0 0 1 0 0 0 0 1 0 0 0 0 7 4 0 0 7 4 1 0 0 1 0 1 131.33299 128.33299 128.33299 131.33299 0 1 0 0 0 0 1 0 0 0 0 1 0 0 0 0 0 1 0 1 0 0 1 0 4 7 4 8 5 8 0.357 1 0 0 0 0 239 5
43.24 36.817 27.993 -17.457 -48.374 -55.949 -59.395 -62.798 -54.62 -34.039 2 2 2 0 0 0 1 0 1 0 0 0 0 0 0 0 0 0 0 1 0 1 0 6 5 1 0 6 0 0 1 1 0 0 1 0 131.33299 131.33299 0 0 1 0 0 0 0 1 0 0 0 0 1 0 0 0 0 1 0 0 0 1 0 1 0 5 6 5 7 6 7 0.429 0 0 0 1 0 31 5
-25.36 -9.065 42.709 79.372 82.759 75.194 63.671 46.396 25.495 8.472 2 2 2 0 0 0 0 1 0 0 0 0 1 0 0 0 0 0 1 0 0 1 0 5 6 1 0 5 1 0 1 0 1 0 1 0 0 0 0 0 1 0 0 0 0 1 0 0 0 0 1 0 0 0 0 1 0 0 1 0 0 1 0 6 5 6 6 7 6 0.5 0 0 0 0 1 790 8
0.141 -5.319 -9.37 -11.675 -15.225 -20.883 -23.435 -25.224 -25.875 -25.919 2 2 2 0 0 0 1 0 0 0 0 0 0 1 0 0 0 1 0 0 0 1 0 4 7 1 0 4 2 0 1 0 1 0 1 0 0 0 0 0 1 0 0 0 0 1 0 0 0 0 1 0 0 0 0 1 0 0 1 0 0 1 0 7 4 7 5 8 5 0.571 0 0 0 1 0 4 8
-22.478 -20.161 -23.388 -17.691 -18.478 -30.202 -28.656 2.13 42.877 62.398 2 2 2 0 0 1 0 0 0 0 0 0 1 0 0 0 0 1 0 0 0 1 0 3 8 1 0 3 3 0 1 0 1 0 1 0 0 0 0 0 1 0 0 0 0 1 0 0 0 0 1 0 0 0 0 1 0 0 1 0 0 1 0 8 3 8 4 9 4 0.643 0 0 1 0 0 508 5
46.778 34.772 31.4 12.121 -18.489 -37.144 -42.196 -40.472 -33.918 -24.712 2 2 2 0 0 1 0 0 0 0 0 1 0 0 0 0 0 0 1 0 0 1 0 2 9 1 0 2 4 0 1 0 1 0 1 0 0 0 0 0 1 0 0 0 0 1 0 0 0 0 1 0 0 0 0 1 0 0 1 0 0 1 0 9 2 9 3 10 3 0.714 0 0 1 0 0 6 5
-16.639 -2.79 12.288 17.442 19.552 21.836 23.071 23.193 22.562 21.203 2 2 2 0 0 0 1 0 0 0 0 1 0 0 0 0 0 0 0 1 0 1 0 1 10 1 0 1 5 0 1 0 1 0 1 0 0 0 0 0 1 0 0 0 0 1 0 0 0 0 0 0 1 0 0 1 0 0 1 0 0 1 0 10 1 10 2 11 2 0.786 0 0 0 1 0 2 9
21.536 41.435 66.909 90.777 100.275 61.814 -10.274 -85.35 -158.008 -160.809 2 2 0 0 0 0 0 1 0 0 0 0 1 0 0 1 0 0 0 0 0 1 0 0 11 1 0 0 6 0 1 0 1 0 1 110 0 0 0 0 0 0 1 0 0 1 0 0 0 1 0 0 0 0 0 1 0 0 1 0 1 0 0 11 0 11 1 12 1 0.857 0 0 0 0 1 626 8
