-0.96199 -10.80822 -19.75635 -18.52664 -22.22098 -21.31152 -19.93357 -23.63755 -32.17453 -29.21449 2 0 2 1 0 0 0 0 0 1 0 0 0 0 0 0 0 0 0 1 0 0 3 14 0 0 3 6 0 1 0 0 1 0 1 0 1 0 0 0 1 0 0 0 0 0 1 0 0 0 0 0 1 1 0 0 0 1 0 0 14 0 15 1 15 0.059 1 0 0 0 0 86 9 0 9 0 0 2 7 0.0 0.0 1.0 0.0 0.0 15.0 0.0 0.0 0.0 0.0 0.0 0.0 0.0 0.0 0.0 0.0 0.0 0.0 0.0 0.0 0.0 0.0 0.0 0.0 0.0 0.0 0.0 0.0 0.0 0.0 0.0 0.0 0.0 1.0 0.0 0.0 0.0 0.0 0.0 0.0 0.0 0.0 0.0 0.0 0.0 0.0 0.0 0.0 0.0 0.0 0.0 0.0 0.0 0.0 0.0 0.0 0.0 0.0 0.0 0.0 0.0 0.0 0.0 0.0 0.0 0.0
-22.25778 -20.93812 -16.6316 -5.40573 12.5697 27.64731 39.38988 47.94814 41.00624 37.40705 2 2 2 0 0 0 0 1 1 0 0 0 0 0 0 0 0 0 1 0 0 0 3 13 1 0 3 5 0 0 1 1 0 0 1 0 1 0 0 0 0 1 0 0 0 0 1 0 0 0 0 1 0 0 0 1 0 1 0 1 13 1 14 2 14 0.118 0 0 0 0 1 89 9 9 3 1 0 19 1 0.0 0.0 1.0 1.0 0.0666666666667 15.0 0.0 0.0 0.0 0.0 0.0 0.0 0.0 0.0 0.0 0.0 0.0 0.0 0.0 0.0 0.0 0.0 0.0 0.0 0.0 0.0 0.0 0.0 0.0 0.0 0.0 0.0 0.0 1.0 0.0 0.0 0.0 0.0 0.0 0.0 0.0 0.0 0.0 0.0 0.0 0.0 0.0 0.0 0.0 0.0 0.0 0.0 0.0 0.0 0.0 0.0 0.0 0.0 0.0 0.0 0.0 0.0 0.0 0.0 0.0 0.0
16.04909 10.16897 8.53289 8.95319 13.22805 10.9876 9.97102 15.48156 13.58127 7.7276 2 2 2 0 0 0 1 0 0 0 0 0 0 1 0 0 0 0 0 1 0 0 3 12 2 0 3 4 1 0 1 0 1 0 1 0 1 0 0 0 0 1 0 0 0 0 1 0 0 0 0 1 0 0 1 0 0 1 0 2 12 2 13 3 13 0.176 0 0 0 1 0 261 9 9 3 1 1 18 8 0.0 0.0 1.0 2.0 0.133333333333 15.0 0.0 0.0 0.0 0.0 0.0 0.0 0.0 0.0 0.0 0.0 0.0 0.0 0.0 0.0 0.0 0.0 0.0 0.0 0.0 0.0 0.0 0.0 0.0 0.0 0.0 0.0 0.0 1.0 0.0 0.0 0.0 0.0 0.0 0.0 0.0 0.0 0.0 0.0 0.0 0.0 0.0 0.0 0.0 0.0 0.0 0.0 0.0 0.0 0.0 0.0 0.0 0.0 0.0 0.0 0.0 0.0 0.0 0.0 0.0 0.0
-6.67356 5.51734 11.87863 18.89732 21.10001 29.3852 42.30358 54.12585 46.12529 27.90118 2 2 2 0 0 0 0 1 0 0 0 0 1 0 0 0 1 0 0 0 0 0 3 11 3 0 3 3 2 0 1 0 1 0 1 0 1 0 0 0 0 1 0 0 0 0 1 0 0 0 0 1 0 0 1 0 0 1 0 3 11 3 12 4 12 0.235 0 0 0 0 1 914 3 9 4 2 0 13 8 0.0 0.0 1.0 3.0 0.2 15.0 0.0 0.0 0.0 0.0 0.0 0.0 0.0 0.0 1.0 0.0 0.0 0.0 0.0 0.0 0.0 0.0 0.0 0.0 0.0 0.0 0.0 0.0 0.0 0.0 0.0 0.0 0.0 1.0 0.0 0.0 0.0 0.0 0.0 0.0 0.0 0.0 0.0 0.0 0.0 0.0 0.0 0.0 0.0 0.0 0.0 0.0 0.0 0.0 0.0 0.0 0.0 0.0 0.0 0.0 0.0 0.0 0.0 0.0 0.0 0.0
27.05402 19.82656 8.46921 3.39578 -4.64713 -22.69587 -41.30529 -72.0394 -73.87006 -53.9036 2 2 2 0 1 0 0 0 0 0 0 0 0 1 0 0 0 0 1 0 0 0 3 10 4 0 3 2 3 0 1 0 1 0 1 0 1 0 0 0 0 1 0 0 0 0 1 0 0 0 0 1 0 0 1 0 0 1 0 4 10 4 11 5 11 0.294 0 1 0 0 0 588 3 9 4 2 1 2 13 0.0 0.0 1.0 4.0 0.266666666667 15.0 0.0 0.0 0.0 0.0 0.0 0.0 0.0 0.0 1.0 0.0 0.0 0.0 0.0 0.0 0.0 0.0 0.0 0.0 0.0 0.0 0.0 0.0 0.0 0.0 0.0 0.0 0.0 1.0 0.0 0.0 0.0 0.0 0.0 0.0 0.0 0.0 0.0 0.0 0.0 0.0 0.0 0.0 0.0 0.0 0.0 0.0 0.0 0.0 0.0 0.0 0.0 0.0 0.0 0.0 0.0 0.0 0.0 0.0 0.0 0.0
-29.28392 -6.74345 4.40989 11.73671 8.76516 6.25192 11.44485 15.50515 15.87656 21.85769 2 2 2 0 0 0 1 0 0 0 1 0 0 0 0 0 1 0 0 0 0 0 3 9 5 0 3 1 4 0 1 0 1 0 1 0 1 0 0 0 0 1 0 0 0 0 1 0 0 0 0 1 0 0 1 0 0 1 0 5 9 5 10 6 10 0.353 0 0 0 1 0 11 4 3 7 3 0 2 8 0.0 0.0 1.0 5.0 0.333333333333 15.0 0.0 0.0 0.0 0.0 0.0 0.0 0.0 0.0 0.0 1.0 0.0 0.0 0.0 0.0 0.0 0.0 0.0 0.0 0.0 0.0 0.0 0.0 0.0 0.0 0.0 0.0 0.0 0.0 0.0 0.0 0.0 0.0 0.0 0.0 0.0 0.0 0.0 0.0 0.0 0.0 0.0 0.0 0.0 0.0 0.0 0.0 0.0 0.0 0.0 0.0 0.0 0.0 0.0 0.0 0.0 0.0 0.0 0.0 0.0 0.0
20.71064 15.29075 11.76334 10.69952 10.1867 19.65769 30.0472 26.59192 6.66653 -9.24109 2 2 2 0 1 0 0 0 0 0 0 0 1 0 1 0 0 0 0 0 0 0 3 8 6 0 3 0 5 0 1 0 1 1 0 0 1 0 0 0 0 1 0 0 0 0 1 0 0 0 0 1 0 0 1 0 0 0 1 6 8 6 9 7 9 0.412 0 1 0 0 0 712 7 4 8 4 0 15 13 0.0 0.0 1.0 6.0 0.4 15.0 0.0 1.0 0.0 0.0 0.0 0.0 0.0 0.0 0.0 0.0 0.0 0.0 0.0 0.0 0.0 0.0 1.0 0.0 0.0 0.0 1.0 0.0 0.0 0.0 0.0 0.0 1.0 0.0 0.0 0.0 0.0 0.0 0.0 0.0 0.0 0.0 0.0 0.0 0.0 0.0 0.0 0.0 0.0 0.0 0.0 0.0 0.0 0.0 0.0 0.0 0.0 0.0 0.0 0.0 0.0 0.0 0.0 0.0 0.0 0.0
-9.74302 -5.81504 -3.66108 -2.04861 -2.96398 -23.3643 -40.07519 -47.71657 -42.07485 -34.07171 2 2 2 1 0 0 0 0 0 0 1 0 0 0 0 0 0 0 1 0 0 0 2 7 7 0 2 3 6 1 0 0 1 0 1 0 1 0 0 0 0 1 0 0 0 0 1 0 0 0 0 0 1 0 1 0 0 1 0 7 7 7 8 8 8 0.471 1 0 0 0 0 1136 7 4 8 4 1 11 25 0.0 0.0 1.0 7.0 0.466666666667 15.0 0.0 1.0 0.0 0.0 0.0 0.0 0.0 0.0 0.0 0.0 0.0 0.0 0.0 0.0 0.0 0.0 1.0 0.0 0.0 0.0 1.0 0.0 0.0 0.0 0.0 0.0 1.0 0.0 0.0 0.0 0.0 0.0 0.0 0.0 0.0 0.0 0.0 0.0 0.0 0.0 0.0 0.0 0.0 0.0 0.0 0.0 0.0 0.0 0.0 0.0 0.0 0.0 0.0 0.0 0.0 0.0 0.0 0.0 0.0 0.0
-29.30346 -32.19984 -26.66991 -17.2052 -15.2316 -21.98458 -19.08987 -19.52593 -19.80772 -18.26641 2 2 2 0 0 0 1 0 1 0 0 0 0 0 0 0 0 1 0 0 0 1 2 6 8 1 2 2 0 0 1 1 0 0 1 0 1 0 0 0 0 1 0 0 0 0 1 0 0 0 0 1 0 0 0 1 0 1 0 8 6 8 7 9 7 0.529 0 0 0 1 0 4 8 7 1 5 0 20 8 0.0 0.0 1.0 8.0 0.533333333333 15.0 0.0 0.0 0.0 0.0 0.0 0.0 0.0 0.0 0.0 0.0 0.0 0.0 0.0 0.0 0.0 0.0 0.0 0.0 0.0 0.0 0.0 1.0 0.0 0.0 0.0 0.0 0.0 0.0 0.0 0.0 0.0 0.0 0.0 0.0 0.0 0.0 0.0 0.0 0.0 0.0 0.0 0.0 0.0 0.0 0.0 0.0 0.0 0.0 0.0 0.0 0.0 0.0 0.0 0.0 0.0 0.0 0.0 0.0 0.0 0.0
1.0918 12.74347 10.25614 10.96477 4.35952 -0.83855 2.7517 13.85655 28.05326 33.32133 2 2 2 0 0 1 0 0 0 0 0 0 1 0 0 0 0 1 0 0 0 1 2 5 9 1 2 1 1 0 1 0 1 0 1 0 1 0 0 0 0 1 0 0 0 0 1 0 0 0 0 1 0 0 1 0 0 1 0 9 5 9 6 10 6 0.588 0 0 1 0 0 903 1 8 12 6 0 20 21 0.0 0.0 1.0 9.0 0.6 15.0 0.0 0.0 0.0 0.0 0.0 0.0 0.0 0.0 0.0 0.0 0.0 0.0 0.0 0.0 0.0 0.0 0.0 0.0 0.0 0.0 0.0 0.0 0.0 0.0 0.0 0.0 0.0 0.0 0.0 1.0 1.0 0.0 0.0 0.0 0.0 0.0 0.0 0.0 0.0 0.0 0.0 0.0 0.0 0.0 0.0 0.0 0.0 0.0 0.0 0.0 0.0 0.0 0.0 0.0 0.0 0.0 0.0 0.0 0.0 0.0
-19.43311 -114.39408 -152.71277 -92.44851 -14.33088 5.03923 5.25164 -2.31015 -5.0439 -9.89429 2 2 2 0 0 1 0 0 0 0 0 1 0 0 1 0 0 0 0 0 0 1 2 4 10 1 2 0 2 0 1 0 1 1 0 0 1 0 0 0 0 1 0 0 0 0 1 0 0 0 0 1 0 0 1 0 0 0 1 10 4 10 5 11 5 0.647 0 0 1 0 0 1594 1 8 12 6 1 10 34 0.0 0.0 1.0 10.0 0.666666666667 15.0 0.0 0.0 0.0 0.0 0.0 0.0 0.0 0.0 0.0 0.0 0.0 0.0 0.0 0.0 0.0 0.0 0.0 0.0 0.0 0.0 0.0 0.0 0.0 0.0 0.0 0.0 0.0 0.0 0.0 1.0 1.0 0.0 0.0 0.0 0.0 0.0 0.0 0.0 0.0 0.0 0.0 0.0 0.0 0.0 0.0 0.0 0.0 0.0 0.0 0.0 0.0 0.0 0.0 0.0 0.0 0.0 0.0 0.0 0.0 0.0
-16.94635 -21.49243 -5.67397 -0.3555 -14.78015 -15.58574 -16.59019 -15.38645 -18.05397 -20.89088 2 2 2 1 0 0 0 0 0 0 0 1 0 0 0 0 0 0 1 0 0 1 1 3 11 1 1 1 3 1 0 0 1 0 1 0 1 0 0 0 0 1 0 0 0 0 1 0 0 0 0 0 1 0 1 0 0 1 0 11 3 11 4 12 4 0.706 1 0 0 0 0 12 12 1 4 7 0 16 35 0.0 0.0 1.0 11.0 0.733333333333 15.0 0.0 0.0 0.0 0.0 0.0 0.0 0.0 0.0 0.0 0.0 0.0 0.0 0.0 0.0 0.0 0.0 0.0 0.0 0.0 0.0 0.0 0.0 0.0 0.0 0.0 0.0 0.0 0.0 0.0 0.0 0.0 1.0 0.0 0.0 0.0 0.0 0.0 0.0 0.0 0.0 0.0 0.0 0.0 0.0 0.0 0.0 0.0 0.0 0.0 0.0 0.0 0.0 0.0 0.0 0.0 0.0 0.0 0.0 0.0 0.0
-27.08573 -29.21259 -14.92992 -1.22086 13.50603 21.55603 23.42159 21.19808 14.73978 3.99322 2 2 2 0 0 0 1 0 1 0 0 0 0 0 1 0 0 0 0 0 0 2 1 2 12 2 1 0 0 0 1 1 0 1 0 0 1 0 0 0 0 1 0 0 0 0 1 0 0 0 0 1 0 0 0 1 0 0 1 12 2 12 3 13 3 0.765 0 0 0 1 0 2 4 12 1 8 0 2 8 0.0 0.0 1.0 12.0 0.8 15.0 0.0 0.0 0.0 0.0 0.0 0.0 0.0 0.0 0.0 0.0 0.0 0.0 0.0 0.0 0.0 0.0 0.0 0.0 0.0 0.0 0.0 0.0 0.0 0.0 0.0 0.0 0.0 0.0 0.0 0.0 0.0 1.0 0.0 0.0 0.0 0.0 0.0 0.0 0.0 0.0 0.0 0.0 0.0 0.0 0.0 0.0 0.0 0.0 0.0 0.0 0.0 0.0 0.0 0.0 0.0 0.0 0.0 0.0 0.0 0.0
-3.83749 0.08747 17.79002 26.07954 37.31099 49.65903 51.17973 52.80365 54.76167 57.67421 2 2 2 1 0 0 0 0 0 0 0 0 1 0 0 0 0 0 0 1 0 2 0 1 13 2 0 1 1 1 0 0 1 0 1 0 1 0 0 0 0 1 0 0 0 0 0 0 0 1 0 0 1 0 1 0 0 1 0 13 1 13 2 14 2 0.824 1 0 0 0 0 976 1 4 0 9 0 22 24 0.0 0.0 1.0 13.0 0.866666666667 15.0 1.0 0.0 0.0 0.0 0.0 0.0 0.0 0.0 0.0 0.0 0.0 0.0 0.0 0.0 0.0 0.0 0.0 1.0 0.0 0.0 0.0 0.0 0.0 0.0 0.0 0.0 0.0 0.0 1.0 0.0 0.0 0.0 0.0 0.0 0.0 0.0 0.0 0.0 0.0 0.0 0.0 0.0 0.0 0.0 0.0 0.0 0.0 0.0 0.0 0.0 0.0 0.0 0.0 0.0 0.0 0.0 0.0 0.0 0.0 0.0
56.02399 37.50424 31.81468 18.57225 4.29634 -13.27888 -18.78517 -0.22916 -2.10641 -12.32199 2 2 0 0 0 0 0 1 1 0 0 0 0 0 0 1 0 0 0 0 0 3 0 0 14 3 0 0 0 0 1 1 0 0 1 0 0 0 0 1 0 1 0 0 0 1 0 0 0 0 0 1 0 0 0 1 1 0 0 14 0 14 1 15 1 0.882 0 0 0 0 1 3371 1 4 0 9 1 4 7 0.0 0.0 1.0 14.0 0.933333333333 15.0 1.0 0.0 0.0 0.0 0.0 0.0 0.0 0.0 0.0 0.0 0.0 0.0 0.0 0.0 0.0 0.0 0.0 1.0 0.0 0.0 0.0 0.0 0.0 0.0 0.0 0.0 0.0 0.0 1.0 0.0 0.0 0.0 0.0 0.0 0.0 0.0 0.0 0.0 0.0 0.0 0.0 0.0 0.0 0.0 0.0 0.0 0.0 0.0 0.0 0.0 0.0 0.0 0.0 0.0 0.0 0.0 0.0 0.0 0.0 0.0
