8.107 -4.208 -35.081 -46.232 -46.828 -57.523 -49.89 -44.608 -41.408 -21.171 2 0 2 1 0 0 0 0 0 1 0 0 0 0 0 0 0 1 0 0 0 0 1 14 0 0 1 7 0 1 0 0 1 0 1 0 1 0 0 0 1 0 0 0 0 0 1 0 0 0 0 0 1 1 0 0 0 1 0 0 14 0 15 1 5 0.143 1 0 0 0 0 43 7 0 4 0 0 2 26 0.0 0.0 3.0 0.0 0.0 5.0 0.0 0.0 0.0 0.0 0.0 0.0 0.0 0.0 1.0 0.0 0.0 0.0 0.0 0.0 0.0 1.0 0.0 0.0 0.0 0.0 0.0 0.0 0.0 0.0 0.0 0.0 0.0 0.0 0.0 0.0 0.0 0.0 0.0 0.0 0.0 0.0 0.0 0.0 0.0 0.0 0.0 0.0 0.0 0.0 0.0 0.0 0.0 0.0 0.0 0.0 0.0 0.0 0.0 0.0 0.0 0.0 0.0 0.0 0.0 0.0
-10.579 -7.443 -1.038 5.298 11.935 20.675 1.828 -17.789 -20.062 -14.1 2 2 2 0 0 1 0 0 1 0 0 0 0 0 0 0 0 0 1 0 0 0 1 13 1 0 1 6 0 0 1 1 0 0 1 0 1 0 0 0 0 1 0 0 0 0 1 0 0 0 0 1 0 0 0 1 0 1 0 1 13 1 14 2 4 0.286 0 0 1 0 0 81 7 0 4 0 1 8 21 0.0 0.0 3.0 1.0 0.2 5.0 0.0 0.0 0.0 0.0 0.0 0.0 0.0 0.0 1.0 0.0 0.0 0.0 0.0 0.0 0.0 1.0 0.0 0.0 0.0 0.0 0.0 0.0 0.0 0.0 0.0 0.0 0.0 0.0 0.0 0.0 0.0 0.0 0.0 0.0 0.0 0.0 0.0 0.0 0.0 0.0 0.0 0.0 0.0 0.0 0.0 0.0 0.0 0.0 0.0 0.0 0.0 0.0 0.0 0.0 0.0 0.0 0.0 0.0 0.0 0.0
-2.107 8.95 4.184 9.037 10.252 11.13 12.211 11.579 6.602 -0.968 2 2 2 0 0 0 1 0 0 0 0 1 0 0 0 0 1 0 0 0 0 0 1 12 2 0 1 5 1 0 1 0 1 0 1 0 1 0 0 0 0 1 0 0 0 0 1 0 0 0 0 1 0 0 1 0 0 1 0 2 12 2 13 3 3 0.429 0 0 0 1 0 2 4 7 1 1 0 2 8 0.0 0.0 3.0 2.0 0.4 5.0 0.0 0.0 0.0 0.0 0.0 0.0 0.0 0.0 0.0 1.0 0.0 0.0 0.0 0.0 0.0 0.0 0.0 0.0 0.0 0.0 0.0 0.0 0.0 0.0 0.0 0.0 0.0 0.0 0.0 0.0 0.0 0.0 0.0 0.0 0.0 0.0 0.0 0.0 0.0 0.0 0.0 0.0 0.0 0.0 0.0 0.0 0.0 0.0 0.0 0.0 0.0 0.0 0.0 0.0 0.0 0.0 0.0 0.0 0.0 0.0
7.356 -0.837 -2.575 -19.172 -18.069 -14.247 -7.606 -19.013 -17.903 18.443 2 2 2 0 1 0 0 0 0 0 0 0 1 0 0 0 0 0 0 1 0 0 1 11 3 0 1 4 2 0 1 0 1 0 1 0 1 0 0 0 0 1 0 0 0 0 1 0 0 0 0 1 0 0 1 0 0 1 0 3 11 3 12 4 2 0.571 0 1 0 0 0 326 1 4 7 2 0 3 24 0.0 0.0 3.0 3.0 0.6 5.0 0.0 0.0 0.0 0.0 0.0 0.0 0.0 0.0 0.0 0.0 0.0 0.0 0.0 0.0 1.0 0.0 0.0 0.0 0.0 1.0 0.0 0.0 0.0 0.0 0.0 0.0 0.0 0.0 0.0 0.0 0.0 0.0 0.0 0.0 0.0 0.0 0.0 0.0 0.0 0.0 0.0 0.0 0.0 0.0 0.0 0.0 0.0 0.0 0.0 0.0 0.0 0.0 0.0 0.0 0.0 0.0 0.0 0.0 0.0 0.0
44.245 36.632 12.562 -3.818 -4.341 -0.392 -2.708 2.131 -5.945 -28.889 2 2 2 0 0 0 0 1 0 0 1 0 0 0 0 0 0 1 0 0 0 0 1 10 4 0 1 3 3 0 1 0 1 0 1 0 1 0 0 0 0 1 0 0 0 0 1 0 0 0 0 1 0 0 1 0 0 1 0 4 10 4 11 5 1 0.714 0 0 0 0 1 11 1 4 7 2 1 2 13 0.0 0.0 3.0 4.0 0.8 5.0 0.0 0.0 0.0 0.0 0.0 0.0 0.0 0.0 0.0 0.0 0.0 0.0 0.0 0.0 1.0 0.0 0.0 0.0 0.0 1.0 0.0 0.0 0.0 0.0 0.0 0.0 0.0 0.0 0.0 0.0 0.0 0.0 0.0 0.0 0.0 0.0 0.0 0.0 0.0 0.0 0.0 0.0 0.0 0.0 0.0 0.0 0.0 0.0 0.0 0.0 0.0 0.0 0.0 0.0 0.0 0.0 0.0 0.0 0.0 0.0
-1.625 -5.453 -3.688 -3.651 10.067 -3.23 -9.568 1.58 -2.649 -15.195 2 2 2 0 0 1 0 0 0 0 0 0 0 1 0 0 0 0 1 0 0 0 1 9 5 0 1 2 4 0 1 0 1 0 1 0 1 0 0 0 0 1 0 0 0 0 1 0 0 0 0 1 0 0 1 0 0 1 0 5 9 5 10 1 10 0.083 0 0 1 0 0 34 7 1 8 3 0 13 11 1.0 0.333333333333 3.0 0.0 0.0 10.0 0.0 1.0 1.0 0.0 0.0 0.0 0.0 0.0 0.0 0.0 0.0 0.0 0.0 0.0 0.0 0.0 1.0 0.0 1.0 0.0 1.0 0.0 0.0 0.0 0.0 0.0 0.0 0.0 0.0 0.0 0.0 0.0 0.0 0.0 0.0 0.0 0.0 0.0 0.0 0.0 0.0 0.0 0.0 0.0 0.0 0.0 0.0 0.0 0.0 0.0 0.0 0.0 0.0 0.0 0.0 0.0 0.0 0.0 0.0 0.0
-9.822 -16.225 -30.341 -27.775 -30.648 -37.442 -33.434 -36.393 -36.619 -28.137 2 2 2 0 0 0 1 0 0 0 0 1 0 0 0 0 1 0 0 0 0 0 1 8 6 0 1 1 5 0 1 0 1 0 1 0 1 0 0 0 0 1 0 0 0 0 1 0 0 0 0 1 0 0 1 0 0 1 0 6 8 6 9 2 9 0.167 0 0 0 1 0 4 8 7 1 4 0 20 8 1.0 0.333333333333 3.0 1.0 0.1 10.0 0.0 0.0 0.0 0.0 0.0 0.0 0.0 0.0 0.0 0.0 0.0 0.0 0.0 0.0 0.0 0.0 0.0 0.0 0.0 0.0 0.0 1.0 0.0 0.0 0.0 0.0 0.0 0.0 0.0 0.0 0.0 0.0 0.0 0.0 0.0 0.0 0.0 0.0 0.0 0.0 0.0 0.0 0.0 0.0 0.0 0.0 0.0 0.0 0.0 0.0 0.0 0.0 0.0 0.0 0.0 0.0 0.0 0.0 0.0 0.0
-11.819 6.171 2.133 9.941 18.852 31.087 28.631 19.097 1.086 -14.688 2 2 2 0 1 0 0 0 0 0 0 0 1 0 1 0 0 0 0 0 0 0 1 7 7 0 1 0 6 0 1 0 1 1 0 0 1 0 0 0 0 1 0 0 0 0 1 0 0 0 0 1 0 0 1 0 0 0 1 7 7 7 8 3 8 0.25 0 1 0 0 0 2499 1 8 7 5 0 3 4 1.0 0.333333333333 3.0 2.0 0.2 10.0 0.0 0.0 0.0 0.0 0.0 0.0 0.0 0.0 0.0 0.0 0.0 0.0 0.0 0.0 0.0 0.0 0.0 0.0 0.0 1.0 0.0 0.0 0.0 0.0 0.0 0.0 0.0 0.0 0.0 0.0 0.0 0.0 0.0 0.0 0.0 0.0 0.0 0.0 0.0 0.0 0.0 0.0 0.0 0.0 0.0 0.0 0.0 0.0 0.0 0.0 0.0 0.0 0.0 0.0 0.0 0.0 0.0 0.0 0.0 0.0
-20.509 -17.515 -10.317 -12.333 -4.7 -6.442 -12.289 -20.051 -11.909 0.536 2 2 2 1 0 0 0 0 0 0 1 0 0 0 0 0 0 0 0 1 0 0 0 6 8 0 0 6 7 1 0 0 1 0 1 0 1 0 0 0 0 1 0 0 0 0 1 0 0 0 0 0 1 0 1 0 0 1 0 8 6 8 7 4 7 0.333 1 0 0 0 0 966 1 8 7 5 1 15 22 1.0 0.333333333333 3.0 3.0 0.3 10.0 0.0 0.0 0.0 0.0 0.0 0.0 0.0 0.0 0.0 0.0 0.0 0.0 0.0 0.0 0.0 0.0 0.0 0.0 0.0 1.0 0.0 0.0 0.0 0.0 0.0 0.0 0.0 0.0 0.0 0.0 0.0 0.0 0.0 0.0 0.0 0.0 0.0 0.0 0.0 0.0 0.0 0.0 0.0 0.0 0.0 0.0 0.0 0.0 0.0 0.0 0.0 0.0 0.0 0.0 0.0 0.0 0.0 0.0 0.0 0.0
-0.359 0.756 19.557 18.019 15.701 2.496 -16.029 -25.494 -23.847 -22.844 2 2 2 0 0 0 0 1 1 0 0 0 0 0 0 0 0 1 0 0 0 1 0 5 9 1 0 5 0 0 1 1 0 0 1 0 1 0 0 0 0 1 0 0 0 0 1 0 0 0 0 1 0 0 0 1 0 1 0 9 5 9 6 5 6 0.417 0 0 0 0 1 1115 7 1 1 6 0 20 7 1.0 0.333333333333 3.0 4.0 0.4 10.0 0.0 0.0 0.0 0.0 0.0 0.0 0.0 0.0 1.0 0.0 0.0 0.0 0.0 0.0 0.0 1.0 1.0 0.0 1.0 0.0 0.0 0.0 0.0 0.0 0.0 0.0 0.0 0.0 0.0 0.0 0.0 0.0 0.0 0.0 0.0 0.0 0.0 0.0 0.0 0.0 0.0 0.0 0.0 0.0 0.0 0.0 0.0 0.0 0.0 0.0 0.0 0.0 0.0 0.0 0.0 0.0 0.0 0.0 0.0 0.0
-11.555 2.586 8.433 10.413 -3.034 2.631 3.878 0.705 17.203 22.401 2 2 2 0 0 1 0 0 0 0 0 0 0 1 0 0 1 0 0 0 0 1 0 4 10 1 0 4 1 0 1 0 1 0 1 0 1 0 0 0 0 1 0 0 0 0 1 0 0 0 0 1 0 0 1 0 0 1 0 10 4 10 5 6 5 0.5 0 0 1 0 0 2227 7 1 1 6 1 21 24 1.0 0.333333333333 3.0 5.0 0.5 10.0 0.0 0.0 0.0 0.0 0.0 0.0 0.0 0.0 1.0 0.0 0.0 0.0 0.0 0.0 0.0 1.0 1.0 0.0 1.0 0.0 0.0 0.0 0.0 0.0 0.0 0.0 0.0 0.0 0.0 0.0 0.0 0.0 0.0 0.0 0.0 0.0 0.0 0.0 0.0 0.0 0.0 0.0 0.0 0.0 0.0 0.0 0.0 0.0 0.0 0.0 0.0 0.0 0.0 0.0 0.0 0.0 0.0 0.0 0.0 0.0
22.553 15.904 21.856 18.863 7.738 9.377 9.595 9.406 13.896 19.43 2 2 2 0 1 0 0 0 0 0 0 1 0 0 0 0 0 0 0 1 0 1 0 3 11 1 0 3 2 0 1 0 1 0 1 0 1 0 0 0 0 1 0 0 0 0 1 0 0 0 0 1 0 0 1 0 0 1 0 11 3 11 4 7 4 0.583 0 1 0 0 0 1640 1 7 4 7 0 20 26 1.0 0.333333333333 3.0 6.0 0.6 10.0 0.0 0.0 0.0 0.0 0.0 0.0 0.0 0.0 0.0 0.0 0.0 0.0 0.0 0.0 0.0 0.0 0.0 1.0 0.0 0.0 0.0 0.0 0.0 0.0 0.0 0.0 0.0 0.0 0.0 0.0 0.0 0.0 0.0 0.0 0.0 0.0 0.0 0.0 0.0 0.0 0.0 0.0 0.0 0.0 0.0 0.0 0.0 0.0 0.0 0.0 0.0 0.0 0.0 0.0 0.0 0.0 0.0 0.0 0.0 0.0
32.73 46.59 51.413 49.934 33.301 22.039 8.632 -2.373 -12.221 -21.387 2 2 2 0 0 0 0 1 0 0 1 0 0 0 0 0 0 1 0 0 0 1 0 2 12 1 0 2 3 0 1 0 1 0 1 0 1 0 0 0 0 1 0 0 0 0 1 0 0 0 0 1 0 0 1 0 0 1 0 12 2 12 3 8 3 0.667 0 0 0 0 1 1560 1 7 4 7 1 2 24 1.0 0.333333333333 3.0 7.0 0.7 10.0 0.0 0.0 0.0 0.0 0.0 0.0 0.0 0.0 0.0 0.0 0.0 0.0 0.0 0.0 0.0 0.0 0.0 1.0 0.0 0.0 0.0 0.0 0.0 0.0 0.0 0.0 0.0 0.0 0.0 0.0 0.0 0.0 0.0 0.0 0.0 0.0 0.0 0.0 0.0 0.0 0.0 0.0 0.0 0.0 0.0 0.0 0.0 0.0 0.0 0.0 0.0 0.0 0.0 0.0 0.0 0.0 0.0 0.0 0.0 0.0
-7.494 -4.719 -8.65 -6.368 -16.864 -10.289 -13.986 -10.679 -9.781 0.515 2 2 2 0 0 1 0 0 0 0 0 0 0 1 0 0 0 0 1 0 0 1 0 1 13 1 0 1 4 0 1 0 1 0 1 0 1 0 0 0 0 1 0 0 0 0 0 0 1 0 0 1 0 0 1 0 0 1 0 13 1 13 2 9 2 0.75 0 0 1 0 0 2499 1 7 4 7 2 8 13 1.0 0.333333333333 3.0 8.0 0.8 10.0 0.0 0.0 0.0 0.0 0.0 0.0 0.0 0.0 0.0 0.0 0.0 0.0 0.0 0.0 0.0 0.0 0.0 1.0 0.0 0.0 0.0 0.0 0.0 0.0 0.0 0.0 0.0 0.0 0.0 0.0 0.0 0.0 0.0 0.0 0.0 0.0 0.0 0.0 0.0 0.0 0.0 0.0 0.0 0.0 0.0 0.0 0.0 0.0 0.0 0.0 0.0 0.0 0.0 0.0 0.0 0.0 0.0 0.0 0.0 0.0
21.457 12.823 10.476 8.473 15.81 12.284 8.309 -5.503 -27.161 -45.943 2 2 2 0 0 0 1 0 0 0 0 1 0 0 1 0 0 0 0 0 0 1 0 0 14 1 0 0 5 0 1 0 1 1 0 0 0 0 1 0 0 1 0 0 0 0 1 0 0 0 0 1 0 0 1 0 0 0 1 14 0 14 1 10 1 0.833 0 0 0 1 0 2 4 1 1 8 0 2 8 1.0 0.333333333333 3.0 9.0 0.9 10.0 0.0 0.0 0.0 0.0 0.0 0.0 0.0 0.0 0.0 1.0 0.0 0.0 0.0 0.0 0.0 0.0 0.0 0.0 0.0 0.0 0.0 0.0 0.0 0.0 0.0 0.0 0.0 0.0 0.0 0.0 0.0 0.0 0.0 0.0 0.0 0.0 0.0 0.0 0.0 0.0 0.0 0.0 0.0 0.0 0.0 0.0 0.0 0.0 0.0 0.0 0.0 0.0 0.0 0.0 0.0 0.0 0.0 0.0 0.0 0.0
-9.374 -18.707 -24.428 -16.798 -13.903 -9.909 -6.99 0.751 2.517 -0.1 2 2 2 1 0 0 0 0 0 0 0 0 1 0 0 0 0 1 0 0 0 0 0 3 0 0 0 3 6 1 0 0 1 0 1 0 1 0 0 0 0 0 0 1 0 0 1 0 0 0 0 0 1 0 1 0 0 1 0 0 3 0 4 1 4 0.167 1 0 0 0 0 345 1 4 7 9 0 16 10 2.0 0.666666666667 3.0 0.0 0.0 4.0 0.0 0.0 0.0 0.0 0.0 0.0 0.0 0.0 0.0 0.0 0.0 0.0 0.0 0.0 1.0 0.0 0.0 1.0 0.0 0.0 0.0 0.0 0.0 0.0 0.0 0.0 0.0 0.0 0.0 0.0 0.0 0.0 0.0 0.0 0.0 0.0 0.0 0.0 0.0 0.0 0.0 0.0 0.0 0.0 0.0 0.0 0.0 0.0 0.0 0.0 0.0 0.0 0.0 0.0 0.0 0.0 0.0 0.0 0.0 0.0
-5.433 -1.929 -14.005 -18.681 -20.336 -25.942 -34.932 -34.33 -35.465 -45.535 2 2 2 0 0 1 0 0 1 0 0 0 0 0 0 0 0 0 0 1 0 0 0 2 1 0 0 2 0 0 1 1 0 0 1 0 1 0 0 0 0 1 0 0 0 0 1 0 0 0 0 1 0 0 0 1 0 1 0 1 2 1 3 2 3 0.333 0 0 1 0 0 452 1 4 7 9 1 7 13 2.0 0.666666666667 3.0 1.0 0.25 4.0 0.0 0.0 0.0 0.0 0.0 0.0 0.0 0.0 0.0 0.0 0.0 0.0 0.0 0.0 1.0 0.0 0.0 1.0 0.0 0.0 0.0 0.0 0.0 0.0 0.0 0.0 0.0 0.0 0.0 0.0 0.0 0.0 0.0 0.0 0.0 0.0 0.0 0.0 0.0 0.0 0.0 0.0 0.0 0.0 0.0 0.0 0.0 0.0 0.0 0.0 0.0 0.0 0.0 0.0 0.0 0.0 0.0 0.0 0.0 0.0
-25.24 -19.925 -38.418 -48.937 -52.909 -45.589 -29.196 -10.057 19.14 32.534 2 2 2 0 0 0 0 1 0 0 0 1 0 0 0 0 0 0 0 1 0 0 0 1 2 0 0 1 1 0 1 0 1 0 1 0 1 0 0 0 0 1 0 0 0 0 0 0 0 1 0 1 0 0 1 0 0 1 0 2 1 2 2 3 2 0.5 0 0 0 0 1 521 7 1 0 10 0 20 17 2.0 0.666666666667 3.0 2.0 0.5 4.0 1.0 0.0 0.0 1.0 0.0 0.0 0.0 0.0 0.0 0.0 0.0 0.0 0.0 0.0 0.0 0.0 0.0 0.0 0.0 0.0 0.0 0.0 0.0 0.0 0.0 0.0 0.0 0.0 0.0 0.0 0.0 0.0 0.0 0.0 0.0 0.0 0.0 0.0 0.0 0.0 0.0 0.0 0.0 0.0 0.0 0.0 0.0 0.0 0.0 0.0 0.0 0.0 0.0 0.0 0.0 0.0 0.0 0.0 0.0 0.0
30.23 15.4 -2.805 -2.529 0.399 4.738 9.848 9.78 -19.863 -43.811 2 2 0 0 0 0 0 1 0 0 0 0 0 1 0 1 0 0 0 0 0 0 0 0 3 0 0 0 2 0 1 0 1 0 1 0 0 0 0 1 0 1 0 0 0 1 0 0 0 0 0 1 0 0 1 0 1 0 0 3 0 3 1 4 1 0.667 0 0 0 0 1 205 7 1 0 10 1 15 17 2.0 0.666666666667 3.0 3.0 0.75 4.0 1.0 0.0 0.0 1.0 0.0 0.0 0.0 0.0 0.0 0.0 0.0 0.0 0.0 0.0 0.0 0.0 0.0 0.0 0.0 0.0 0.0 0.0 0.0 0.0 0.0 0.0 0.0 0.0 0.0 0.0 0.0 0.0 0.0 0.0 0.0 0.0 0.0 0.0 0.0 0.0 0.0 0.0 0.0 0.0 0.0 0.0 0.0 0.0 0.0 0.0 0.0 0.0 0.0 0.0 0.0 0.0 0.0 0.0 0.0 0.0
