18.981 9.611 4.883 3.054 0.513 9.895 -0.036 2.958 13.646 18.509 2 0 2 1 0 0 0 0 0 1 0 0 0 0 0 0 0 0 1 0 0 0 5 19 0 0 5 2 0 1 0 0 1 0 1 0 1 0 0 0 1 0 0 0 0 0 1 0 0 0 0 0 1 1 0 0 0 1 0 0 19 0 20 1 20 0.045 1 0 0 0 0 1318 7 0 8 0 0 17 30 0.0 0.0 1.0 0.0 0.0 20.0 0.0 0.0 1.0 0.0 0.0 0.0 0.0 0.0 0.0 0.0 0.0 0.0 0.0 0.0 0.0 1.0 1.0 0.0 0.0 0.0 1.0 0.0 0.0 0.0 0.0 0.0 0.0 0.0 0.0 0.0 0.0 0.0 0.0 0.0 0.0 0.0 0.0 0.0 0.0 0.0 0.0 0.0 0.0 0.0 0.0 0.0 0.0 0.0 0.0 0.0 0.0 0.0 0.0 0.0 0.0 0.0 0.0 0.0 0.0 0.0
26.873 29.368 30.128 34.08 25.146 18.158 15.09 11.107 12.669 1.875 2 2 2 0 0 0 1 0 1 0 0 0 0 0 0 0 0 0 0 1 0 0 5 18 1 0 5 1 0 0 1 1 0 0 1 0 1 0 0 0 0 1 0 0 0 0 1 0 0 0 0 1 0 0 0 1 0 1 0 1 18 1 19 2 19 0.091 0 0 0 1 0 4 8 7 3 1 0 20 8 0.0 0.0 1.0 1.0 0.05 20.0 0.0 0.0 0.0 0.0 0.0 0.0 0.0 0.0 0.0 0.0 0.0 0.0 0.0 0.0 0.0 0.0 0.0 0.0 0.0 0.0 0.0 1.0 0.0 0.0 0.0 0.0 0.0 0.0 0.0 0.0 0.0 0.0 0.0 0.0 0.0 0.0 0.0 0.0 0.0 0.0 0.0 0.0 0.0 0.0 0.0 0.0 0.0 0.0 0.0 0.0 0.0 0.0 0.0 0.0 0.0 0.0 0.0 0.0 0.0 0.0
-20.158 -31.63 -27.816 -11.608 14.786 28.21 33.652 28.748 11.441 11.464 2 2 2 0 0 0 0 1 0 0 0 0 1 0 1 0 0 0 0 0 0 0 5 17 2 0 5 0 1 0 1 0 1 1 0 0 1 0 0 0 0 1 0 0 0 0 1 0 0 0 0 1 0 0 1 0 0 0 1 2 17 2 18 3 18 0.136 0 0 0 0 1 201 3 8 1 2 0 16 11 0.0 0.0 1.0 2.0 0.1 20.0 0.0 0.0 0.0 0.0 0.0 0.0 0.0 1.0 0.0 0.0 0.0 0.0 0.0 0.0 0.0 0.0 0.0 0.0 0.0 0.0 0.0 0.0 0.0 0.0 0.0 0.0 0.0 0.0 0.0 0.0 0.0 0.0 0.0 0.0 0.0 0.0 0.0 0.0 0.0 0.0 0.0 0.0 0.0 0.0 0.0 0.0 0.0 0.0 0.0 0.0 0.0 0.0 0.0 0.0 0.0 0.0 0.0 0.0 0.0 0.0
10.748 6.073 10.363 11.005 8.082 10.213 9.287 16.571 15.217 14.113 2 2 2 1 0 0 0 0 0 0 0 0 0 1 0 0 1 0 0 0 0 0 4 16 3 0 4 1 2 1 0 0 1 0 1 0 1 0 0 0 0 1 0 0 0 0 1 0 0 0 0 0 1 0 1 0 0 1 0 3 16 3 17 4 17 0.182 1 0 0 0 0 350 3 8 1 2 1 4 29 0.0 0.0 1.0 3.0 0.15 20.0 0.0 0.0 0.0 0.0 0.0 0.0 0.0 1.0 0.0 0.0 0.0 0.0 0.0 0.0 0.0 0.0 0.0 0.0 0.0 0.0 0.0 0.0 0.0 0.0 0.0 0.0 0.0 0.0 0.0 0.0 0.0 0.0 0.0 0.0 0.0 0.0 0.0 0.0 0.0 0.0 0.0 0.0 0.0 0.0 0.0 0.0 0.0 0.0 0.0 0.0 0.0 0.0 0.0 0.0 0.0 0.0 0.0 0.0 0.0 0.0
31.058 17.271 0.208 5.672 7.741 12.303 0.861 0.758 2.385 6.821 2 2 2 0 1 0 0 0 1 0 0 0 0 0 1 0 0 0 0 0 0 1 4 15 4 1 4 0 0 0 1 1 0 1 0 0 1 0 0 0 0 1 0 0 0 0 1 0 0 0 0 1 0 0 0 1 0 0 1 4 15 4 16 5 16 0.227 0 1 0 0 0 513 1 3 7 3 0 13 5 0.0 0.0 1.0 4.0 0.2 20.0 0.0 0.0 0.0 0.0 0.0 0.0 1.0 0.0 0.0 0.0 0.0 0.0 0.0 0.0 0.0 0.0 0.0 1.0 0.0 0.0 0.0 0.0 0.0 0.0 0.0 0.0 0.0 0.0 0.0 0.0 0.0 0.0 0.0 0.0 0.0 0.0 0.0 0.0 0.0 0.0 0.0 0.0 0.0 0.0 0.0 0.0 0.0 0.0 0.0 0.0 0.0 0.0 0.0 0.0 0.0 0.0 0.0 0.0 0.0 0.0
1.461 5.04 3.775 3.076 -6.018 -11.546 -9.143 -2.454 -0.096 2.391 2 2 2 1 0 0 0 0 0 0 1 0 0 0 1 0 0 0 0 0 0 1 3 14 5 1 3 0 1 1 0 0 1 1 0 0 1 0 0 0 0 1 0 0 0 0 1 0 0 0 0 0 1 0 1 0 0 0 1 5 14 5 15 6 15 0.273 1 0 0 0 0 36 1 3 7 3 1 5 14 0.0 0.0 1.0 5.0 0.25 20.0 0.0 0.0 0.0 0.0 0.0 0.0 1.0 0.0 0.0 0.0 0.0 0.0 0.0 0.0 0.0 0.0 0.0 1.0 0.0 0.0 0.0 0.0 0.0 0.0 0.0 0.0 0.0 0.0 0.0 0.0 0.0 0.0 0.0 0.0 0.0 0.0 0.0 0.0 0.0 0.0 0.0 0.0 0.0 0.0 0.0 0.0 0.0 0.0 0.0 0.0 0.0 0.0 0.0 0.0 0.0 0.0 0.0 0.0 0.0 0.0
10.209 0.018 -5.032 -10.597 -19.704 -19.487 8.691 18.637 28.198 30.968 2 2 2 1 0 0 0 0 1 0 0 0 0 0 0 0 0 0 0 1 0 2 2 13 6 2 2 1 0 1 0 1 0 0 1 0 1 0 0 0 0 1 0 0 0 0 1 0 0 0 0 0 1 0 0 1 0 1 0 6 13 6 14 7 14 0.318 1 0 0 0 0 1703 7 1 3 4 0 10 24 0.0 0.0 1.0 6.0 0.3 20.0 0.0 0.0 0.0 1.0 0.0 0.0 0.0 0.0 0.0 0.0 0.0 0.0 0.0 0.0 0.0 0.0 1.0 0.0 0.0 0.0 0.0 0.0 0.0 0.0 0.0 0.0 0.0 0.0 0.0 0.0 0.0 0.0 0.0 0.0 0.0 0.0 0.0 0.0 0.0 0.0 0.0 0.0 0.0 0.0 0.0 0.0 0.0 0.0 0.0 0.0 0.0 0.0 0.0 0.0 0.0 0.0 0.0 0.0 0.0 0.0
31.874 28.511 21.851 16.625 17.032 6.817 -4.698 -0.254 8.801 12.596 2 2 2 0 0 0 0 1 1 0 0 0 0 0 1 0 0 0 0 0 0 3 2 12 7 3 2 0 0 0 1 1 0 1 0 0 1 0 0 0 0 1 0 0 0 0 1 0 0 0 0 1 0 0 0 1 0 0 1 7 12 7 13 8 13 0.364 0 0 0 0 1 645 7 1 3 4 1 11 13 0.0 0.0 1.0 7.0 0.35 20.0 0.0 0.0 0.0 1.0 0.0 0.0 0.0 0.0 0.0 0.0 0.0 0.0 0.0 0.0 0.0 0.0 1.0 0.0 0.0 0.0 0.0 0.0 0.0 0.0 0.0 0.0 0.0 0.0 0.0 0.0 0.0 0.0 0.0 0.0 0.0 0.0 0.0 0.0 0.0 0.0 0.0 0.0 0.0 0.0 0.0 0.0 0.0 0.0 0.0 0.0 0.0 0.0 0.0 0.0 0.0 0.0 0.0 0.0 0.0 0.0
2.476 8.515 19.553 14.674 11.024 9.154 6.145 4.046 1.41 -8.222 2 2 2 1 0 0 0 0 0 0 0 0 0 1 1 0 0 0 0 0 0 3 1 11 8 3 1 0 1 1 0 0 1 1 0 0 1 0 0 0 0 1 0 0 0 0 1 0 0 0 0 0 1 0 1 0 0 0 1 8 11 8 12 9 12 0.409 1 0 0 0 0 490 3 7 1 5 0 2 13 0.0 0.0 1.0 8.0 0.4 20.0 0.0 0.0 0.0 0.0 0.0 0.0 0.0 1.0 0.0 0.0 0.0 0.0 0.0 0.0 0.0 0.0 0.0 0.0 0.0 0.0 0.0 0.0 0.0 0.0 0.0 0.0 0.0 0.0 0.0 0.0 0.0 0.0 0.0 0.0 0.0 0.0 0.0 0.0 0.0 0.0 0.0 0.0 0.0 0.0 0.0 0.0 0.0 0.0 0.0 0.0 0.0 0.0 0.0 0.0 0.0 0.0 0.0 0.0 0.0 0.0
1.603 -3.5 -3.324 -5.862 2.523 9.4 10.261 12.574 8.421 10.272 2 2 2 1 0 0 0 0 1 0 0 0 0 0 0 0 0 0 0 1 0 4 0 10 9 4 0 10 0 1 0 1 0 0 1 0 1 0 0 0 0 1 0 0 0 0 1 0 0 0 0 0 1 0 0 1 0 1 0 9 10 9 11 10 11 0.455 1 0 0 0 0 188 1 3 1 6 0 11 7 0.0 0.0 1.0 9.0 0.45 20.0 0.0 0.0 0.0 0.0 0.0 0.0 1.0 0.0 0.0 0.0 0.0 0.0 0.0 0.0 0.0 0.0 0.0 1.0 0.0 0.0 0.0 0.0 0.0 0.0 0.0 0.0 0.0 0.0 0.0 0.0 0.0 0.0 0.0 0.0 0.0 0.0 0.0 0.0 0.0 0.0 0.0 0.0 0.0 0.0 0.0 0.0 0.0 0.0 0.0 0.0 0.0 0.0 0.0 0.0 0.0 0.0 0.0 0.0 0.0 0.0
-6.745 -16.171 -9.462 -0.648 14.694 21.784 21.486 33.388 22.472 16.541 2 2 2 0 0 0 0 1 1 0 0 0 0 0 0 0 1 0 0 0 0 5 0 9 10 5 0 9 0 0 1 1 0 0 1 0 1 0 0 0 0 1 0 0 0 0 1 0 0 0 0 1 0 0 0 1 0 1 0 10 9 10 10 11 10 0.5 0 0 0 0 1 221 1 3 1 6 1 21 24 0.0 0.0 1.0 10.0 0.5 20.0 0.0 0.0 0.0 0.0 0.0 0.0 1.0 0.0 0.0 0.0 0.0 0.0 0.0 0.0 0.0 0.0 0.0 1.0 0.0 0.0 0.0 0.0 0.0 0.0 0.0 0.0 0.0 0.0 0.0 0.0 0.0 0.0 0.0 0.0 0.0 0.0 0.0 0.0 0.0 0.0 0.0 0.0 0.0 0.0 0.0 0.0 0.0 0.0 0.0 0.0 0.0 0.0 0.0 0.0 0.0 0.0 0.0 0.0 0.0 0.0
0.891 -2.641 -10.39 -10.804 -7.153 -5.641 -7.362 -6.526 1.544 22.095 2 2 2 0 1 0 0 0 0 0 0 0 0 1 0 0 0 0 0 1 0 5 0 8 11 5 0 8 1 0 1 0 1 0 1 0 1 0 0 0 0 1 0 0 0 0 1 0 0 0 0 1 0 0 1 0 0 1 0 11 8 11 9 12 9 0.545 0 1 0 0 0 69 1 1 1 7 0 16 8 0.0 0.0 1.0 11.0 0.55 20.0 0.0 0.0 0.0 0.0 0.0 0.0 0.0 0.0 0.0 0.0 0.0 1.0 0.0 0.0 1.0 0.0 0.0 0.0 0.0 0.0 0.0 0.0 0.0 0.0 0.0 0.0 0.0 0.0 0.0 0.0 0.0 0.0 0.0 0.0 0.0 0.0 0.0 0.0 0.0 0.0 0.0 0.0 0.0 0.0 0.0 0.0 0.0 0.0 0.0 0.0 0.0 0.0 0.0 0.0 0.0 0.0 0.0 0.0 0.0 0.0
20.589 1.145 -5.941 -26.778 -13.047 4.831 13.442 20.507 14.48 9.516 2 2 2 0 0 0 0 1 0 0 1 0 0 0 0 0 1 0 0 0 0 5 0 7 12 5 0 7 2 0 1 0 1 0 1 0 1 0 0 0 0 1 0 0 0 0 1 0 0 0 0 1 0 0 1 0 0 1 0 12 7 12 8 13 8 0.591 0 0 0 0 1 923 1 1 1 8 0 4 7 0.0 0.0 1.0 12.0 0.6 20.0 0.0 0.0 0.0 0.0 0.0 0.0 0.0 0.0 0.0 0.0 0.0 1.0 0.0 0.0 0.0 0.0 0.0 0.0 0.0 0.0 0.0 0.0 0.0 0.0 0.0 0.0 0.0 0.0 0.0 0.0 0.0 0.0 0.0 0.0 0.0 0.0 0.0 0.0 0.0 0.0 0.0 0.0 0.0 0.0 0.0 0.0 0.0 0.0 0.0 0.0 0.0 0.0 0.0 0.0 0.0 0.0 0.0 0.0 0.0 0.0
17.229 11.725 7.855 2.904 0.162 0.996 3.774 4.88 3.874 -2.924 2 2 2 0 1 0 0 0 0 0 0 0 0 1 0 0 0 0 0 1 0 5 0 6 13 5 0 6 3 0 1 0 1 0 1 0 1 0 0 0 0 1 0 0 0 0 1 0 0 0 0 1 0 0 1 0 0 1 0 13 6 13 7 14 7 0.636 0 1 0 0 0 394 1 1 1 8 1 18 2 0.0 0.0 1.0 13.0 0.65 20.0 0.0 0.0 0.0 0.0 0.0 0.0 0.0 0.0 0.0 0.0 0.0 1.0 0.0 0.0 0.0 0.0 0.0 0.0 0.0 0.0 0.0 0.0 0.0 0.0 0.0 0.0 0.0 0.0 0.0 0.0 0.0 0.0 0.0 0.0 0.0 0.0 0.0 0.0 0.0 0.0 0.0 0.0 0.0 0.0 0.0 0.0 0.0 0.0 0.0 0.0 0.0 0.0 0.0 0.0 0.0 0.0 0.0 0.0 0.0 0.0
-0.499 -18.485 -12.234 -19.864 -27.679 -33.507 -29.061 -17.704 -13.72 -5.213 2 2 2 0 0 0 0 1 0 0 1 0 0 0 0 0 0 0 0 1 0 5 0 5 14 5 0 5 4 0 1 0 1 0 1 0 1 0 0 0 0 1 0 0 0 0 1 0 0 0 0 1 0 0 1 0 0 1 0 14 5 14 6 15 6 0.682 0 0 0 0 1 121 1 1 1 8 2 20 13 0.0 0.0 1.0 14.0 0.7 20.0 0.0 0.0 0.0 0.0 0.0 0.0 0.0 0.0 0.0 0.0 0.0 1.0 0.0 0.0 0.0 0.0 0.0 0.0 0.0 0.0 0.0 0.0 0.0 0.0 0.0 0.0 0.0 0.0 0.0 0.0 0.0 0.0 0.0 0.0 0.0 0.0 0.0 0.0 0.0 0.0 0.0 0.0 0.0 0.0 0.0 0.0 0.0 0.0 0.0 0.0 0.0 0.0 0.0 0.0 0.0 0.0 0.0 0.0 0.0 0.0
17.037 31.203 45.008 49.44 51.245 38.528 35.233 19.977 10.722 16.112 2 2 2 0 0 0 0 1 0 0 0 0 0 1 0 0 0 0 0 1 0 5 0 4 15 5 0 4 5 0 1 0 1 0 1 0 1 0 0 0 0 1 0 0 0 0 1 0 0 0 0 1 0 0 1 0 0 1 0 15 4 15 5 16 5 0.727 0 0 0 0 1 760 1 1 4 9 0 16 32 0.0 0.0 1.0 15.0 0.75 20.0 0.0 0.0 0.0 0.0 0.0 0.0 0.0 0.0 0.0 0.0 1.0 0.0 0.0 0.0 0.0 0.0 0.0 0.0 0.0 0.0 0.0 0.0 0.0 0.0 0.0 0.0 0.0 0.0 0.0 1.0 1.0 0.0 0.0 0.0 0.0 0.0 0.0 0.0 0.0 0.0 0.0 0.0 0.0 0.0 0.0 0.0 0.0 0.0 0.0 0.0 0.0 0.0 0.0 0.0 0.0 0.0 0.0 0.0 0.0 0.0
13.552 28.198 27.353 34.906 51.836 59.116 45.216 30.558 21.672 7.493 2 2 2 0 0 0 0 1 0 0 0 0 0 1 0 0 0 0 1 0 0 5 0 3 16 5 0 3 6 0 1 0 1 0 1 0 1 0 0 0 0 1 0 0 0 0 1 0 0 0 0 1 0 0 1 0 0 1 0 16 3 16 4 17 4 0.773 0 0 0 0 1 662 1 1 4 9 1 6 32 0.0 0.0 1.0 16.0 0.8 20.0 0.0 0.0 0.0 0.0 0.0 0.0 0.0 0.0 0.0 0.0 1.0 0.0 0.0 0.0 0.0 0.0 0.0 0.0 0.0 0.0 0.0 0.0 0.0 0.0 0.0 0.0 0.0 0.0 0.0 1.0 1.0 0.0 0.0 0.0 0.0 0.0 0.0 0.0 0.0 0.0 0.0 0.0 0.0 0.0 0.0 0.0 0.0 0.0 0.0 0.0 0.0 0.0 0.0 0.0 0.0 0.0 0.0 0.0 0.0 0.0
-2.069 0.457 -6.221 -4.246 -3.576 3.047 0.657 9.222 5.852 2.547 2 2 2 0 0 0 1 0 0 0 0 0 0 1 0 0 0 0 0 1 0 5 0 2 17 5 0 2 7 0 1 0 1 0 1 0 1 0 0 0 0 1 0 0 0 0 1 0 0 0 0 1 0 0 1 0 0 1 0 17 2 17 3 18 3 0.818 0 0 0 1 0 2 4 1 1 10 0 2 8 0.0 0.0 1.0 17.0 0.85 20.0 0.0 0.0 0.0 0.0 0.0 0.0 0.0 0.0 0.0 0.0 0.0 0.0 0.0 0.0 0.0 0.0 0.0 0.0 0.0 0.0 0.0 0.0 0.0 0.0 0.0 0.0 0.0 0.0 0.0 0.0 0.0 1.0 0.0 0.0 0.0 0.0 0.0 0.0 0.0 0.0 0.0 0.0 0.0 0.0 0.0 0.0 0.0 0.0 0.0 0.0 0.0 0.0 0.0 0.0 0.0 0.0 0.0 0.0 0.0 0.0
17.48 21.723 21.333 21.807 33.251 50.546 39.617 14.718 0.396 -14.378 2 2 2 0 0 0 0 1 0 0 0 0 1 0 0 0 0 0 1 0 0 5 0 1 18 5 0 1 8 0 1 0 1 0 1 0 1 0 0 0 0 1 0 0 0 0 0 0 0 1 0 1 0 0 1 0 0 1 0 18 1 18 2 19 2 0.864 0 0 0 0 1 272 1 4 0 11 0 6 35 0.0 0.0 1.0 18.0 0.9 20.0 1.0 1.0 0.0 0.0 0.0 0.0 0.0 0.0 0.0 0.0 0.0 0.0 0.0 0.0 0.0 0.0 0.0 0.0 0.0 0.0 0.0 0.0 0.0 0.0 0.0 0.0 0.0 0.0 1.0 0.0 0.0 0.0 0.0 0.0 0.0 0.0 0.0 0.0 0.0 0.0 0.0 0.0 0.0 0.0 0.0 0.0 0.0 0.0 0.0 0.0 0.0 0.0 0.0 0.0 0.0 0.0 0.0 0.0 0.0 0.0
-1.82 2.493 -2.83 2.017 4.411 41.233 156.318 193.148 188.485 113.339 2 2 0 0 0 0 1 0 0 0 0 0 0 1 0 1 0 0 0 0 0 5 0 0 19 5 0 0 9 0 1 0 1 0 1 0 0 0 0 1 0 1 0 0 0 1 0 0 0 0 0 1 0 0 1 0 1 0 0 19 0 19 1 20 1 0.909 0 0 0 1 0 18 1 4 0 11 1 17 13 0.0 0.0 1.0 19.0 0.95 20.0 1.0 1.0 0.0 0.0 0.0 0.0 0.0 0.0 0.0 0.0 0.0 0.0 0.0 0.0 0.0 0.0 0.0 0.0 0.0 0.0 0.0 0.0 0.0 0.0 0.0 0.0 0.0 0.0 1.0 0.0 0.0 0.0 0.0 0.0 0.0 0.0 0.0 0.0 0.0 0.0 0.0 0.0 0.0 0.0 0.0 0.0 0.0 0.0 0.0 0.0 0.0 0.0 0.0 0.0 0.0 0.0 0.0 0.0 0.0 0.0
