96.698 94.89759 75.96719 75.53312 76.03391 80.89802 92.45089 91.44091 83.13723 83.38845 2 0 2 1 0 0 0 0 0 1 0 0 0 0 1 0 0 0 0 0 0 0 2 14 0 0 2 0 0 1 0 0 1 1 0 0 1 0 0 0 1 0 0 0 0 0 1 0 0 0 0 0 1 1 0 0 0 0 1 0 14 0 15 1 15 0.059 1 0 0 0 0 433 1 0 4 0 0 16 7 0.0 0.0 1.0 0.0 0.0 15.0 0.0 0.0 0.0 0.0 0.0 0.0 0.0 0.0 0.0 0.0 0.0 0.0 0.0 0.0 0.0 0.0 0.0 0.0 0.0 0.0 0.0 0.0 0.0 0.0 0.0 0.0 0.0 0.0 0.0 1.0 1.0 0.0 0.0 0.0 0.0 0.0 0.0 0.0 0.0 0.0 0.0 0.0 0.0 0.0 0.0 0.0 0.0 0.0 0.0 0.0 0.0 0.0 0.0 0.0 0.0 0.0 0.0 0.0 0.0 0.0
99.45588 104.42335 96.15185 101.29934 97.47141 103.04921 116.47297 111.46039 112.94163 114.6688 2 2 2 1 0 0 0 0 1 0 0 0 0 0 0 0 0 0 0 1 0 0 1 13 1 0 1 2 0 1 0 1 0 0 1 0 1 0 0 0 0 1 0 0 0 0 1 0 0 0 0 0 1 0 0 1 0 1 0 1 13 1 14 2 14 0.118 1 0 0 0 0 231 1 0 4 0 1 4 32 0.0 0.0 1.0 1.0 0.0666666666667 15.0 0.0 0.0 0.0 0.0 0.0 0.0 0.0 0.0 0.0 0.0 0.0 0.0 0.0 0.0 0.0 0.0 0.0 0.0 0.0 0.0 0.0 0.0 0.0 0.0 0.0 0.0 0.0 0.0 0.0 1.0 1.0 0.0 0.0 0.0 0.0 0.0 0.0 0.0 0.0 0.0 0.0 0.0 0.0 0.0 0.0 0.0 0.0 0.0 0.0 0.0 0.0 0.0 0.0 0.0 0.0 0.0 0.0 0.0 0.0 0.0
118.41417 101.60498 92.85349 93.87605 119.26853 126.69881 145.57982 156.03705 133.38705 112.36607 2 2 2 0 0 0 0 1 1 0 0 0 0 0 0 0 0 0 1 0 0 1 1 12 2 1 1 1 0 0 1 1 0 0 1 0 1 0 0 0 0 1 0 0 0 0 1 0 0 0 0 1 0 0 0 1 0 1 0 2 12 2 13 3 13 0.176 0 0 0 0 1 1639 1 0 4 0 2 23 24 0.0 0.0 1.0 2.0 0.133333333333 15.0 0.0 0.0 0.0 0.0 0.0 0.0 0.0 0.0 0.0 0.0 0.0 0.0 0.0 0.0 0.0 0.0 0.0 0.0 0.0 0.0 0.0 0.0 0.0 0.0 0.0 0.0 0.0 0.0 0.0 1.0 1.0 0.0 0.0 0.0 0.0 0.0 0.0 0.0 0.0 0.0 0.0 0.0 0.0 0.0 0.0 0.0 0.0 0.0 0.0 0.0 0.0 0.0 0.0 0.0 0.0 0.0 0.0 0.0 0.0 0.0
-136.81821 -128.80573 -123.48178 -128.53364 -129.81813 -128.55146 -129.43542 -116.78088 -117.24168 -108.69065 2 2 2 0 0 0 1 0 0 0 0 0 0 1 1 0 0 0 0 0 0 1 1 11 3 1 1 0 1 0 1 0 1 1 0 0 1 0 0 0 0 1 0 0 0 0 1 0 0 0 0 1 0 0 1 0 0 0 1 3 11 3 12 4 12 0.235 0 0 0 1 0 2 4 1 3 1 0 2 8 0.0 0.0 1.0 3.0 0.2 15.0 0.0 0.0 0.0 0.0 0.0 0.0 0.0 0.0 0.0 0.0 0.0 0.0 0.0 0.0 0.0 0.0 0.0 0.0 0.0 0.0 0.0 0.0 0.0 0.0 0.0 0.0 0.0 0.0 0.0 0.0 0.0 1.0 0.0 0.0 0.0 0.0 0.0 0.0 0.0 0.0 0.0 0.0 0.0 0.0 0.0 0.0 0.0 0.0 0.0 0.0 0.0 0.0 0.0 0.0 0.0 0.0 0.0 0.0 0.0 0.0
-106.38988 -97.46114 -70.17044 -13.4285 29.91255 68.18704 92.2233 118.66617 121.63828 112.7345 2 2 2 1 0 0 0 0 0 0 0 0 1 0 0 0 0 0 0 1 0 1 0 10 4 1 0 10 2 1 0 0 1 0 1 0 1 0 0 0 0 1 0 0 0 0 1 0 0 0 0 0 1 0 1 0 0 1 0 4 10 4 11 5 11 0.294 1 0 0 0 0 64 3 4 1 2 0 4 3 0.0 0.0 1.0 4.0 0.266666666667 15.0 0.0 0.0 0.0 0.0 0.0 0.0 0.0 1.0 0.0 0.0 0.0 0.0 0.0 0.0 0.0 0.0 0.0 0.0 0.0 0.0 0.0 0.0 0.0 0.0 0.0 0.0 0.0 0.0 0.0 0.0 0.0 0.0 0.0 0.0 0.0 0.0 0.0 0.0 0.0 0.0 0.0 0.0 0.0 0.0 0.0 0.0 0.0 0.0 0.0 0.0 0.0 0.0 0.0 0.0 0.0 0.0 0.0 0.0 0.0 0.0
94.81124 82.55938 65.63533 49.72228 26.24074 -16.48445 -50.9624 -78.37765 -107.88835 -118.53337 2 2 2 0 0 0 0 1 1 0 0 0 0 0 0 0 1 0 0 0 0 2 0 9 5 2 0 9 0 0 1 1 0 0 1 0 1 0 0 0 0 1 0 0 0 0 1 0 0 0 0 1 0 0 0 1 0 1 0 5 9 5 10 6 10 0.353 0 0 0 0 1 1362 3 4 1 2 1 11 5 0.0 0.0 1.0 5.0 0.333333333333 15.0 0.0 0.0 0.0 0.0 0.0 0.0 0.0 1.0 0.0 0.0 0.0 0.0 0.0 0.0 0.0 0.0 0.0 0.0 0.0 0.0 0.0 0.0 0.0 0.0 0.0 0.0 0.0 0.0 0.0 0.0 0.0 0.0 0.0 0.0 0.0 0.0 0.0 0.0 0.0 0.0 0.0 0.0 0.0 0.0 0.0 0.0 0.0 0.0 0.0 0.0 0.0 0.0 0.0 0.0 0.0 0.0 0.0 0.0 0.0 0.0
-111.36463 -121.71514 -112.07599 -76.84735 -52.87349 -40.13417 -44.22854 -25.82112 -27.537 -18.92979 2 2 2 0 1 0 0 0 0 0 0 0 0 1 0 0 0 1 0 0 0 2 0 8 6 2 0 8 1 0 1 0 1 0 1 0 1 0 0 0 0 1 0 0 0 0 1 0 0 0 0 1 0 0 1 0 0 1 0 6 8 6 9 7 9 0.412 0 1 0 0 0 151 1 3 7 3 0 7 20 0.0 0.0 1.0 6.0 0.4 15.0 0.0 0.0 0.0 0.0 0.0 0.0 1.0 0.0 0.0 0.0 0.0 0.0 0.0 0.0 0.0 0.0 0.0 0.0 0.0 1.0 0.0 0.0 0.0 0.0 0.0 0.0 0.0 0.0 1.0 0.0 0.0 0.0 0.0 0.0 0.0 0.0 0.0 0.0 0.0 0.0 0.0 0.0 0.0 0.0 0.0 0.0 0.0 0.0 0.0 0.0 0.0 0.0 0.0 0.0 0.0 0.0 0.0 0.0 0.0 0.0
-53.48564 -34.79809 -50.73948 -72.74121 -59.03594 -41.19621 -17.30132 6.03799 15.25698 23.33447 2 2 2 0 0 1 0 0 0 0 1 0 0 0 0 0 0 1 0 0 0 2 0 7 7 2 0 7 2 0 1 0 1 0 1 0 1 0 0 0 0 1 0 0 0 0 1 0 0 0 0 1 0 0 1 0 0 1 0 7 7 7 8 8 8 0.471 0 0 1 0 0 269 1 3 7 3 1 4 8 0.0 0.0 1.0 7.0 0.466666666667 15.0 0.0 0.0 0.0 0.0 0.0 0.0 1.0 0.0 0.0 0.0 0.0 0.0 0.0 0.0 0.0 0.0 0.0 0.0 0.0 1.0 0.0 0.0 0.0 0.0 0.0 0.0 0.0 0.0 1.0 0.0 0.0 0.0 0.0 0.0 0.0 0.0 0.0 0.0 0.0 0.0 0.0 0.0 0.0 0.0 0.0 0.0 0.0 0.0 0.0 0.0 0.0 0.0 0.0 0.0 0.0 0.0 0.0 0.0 0.0 0.0
12.483 -4.1026 -32.24181 -55.03836 -75.66817 -82.74164 -88.17335 -82.3205 -83.07992 -85.7574 2 2 2 0 0 1 0 0 0 0 0 1 0 0 0 0 0 0 1 0 0 2 0 6 8 2 0 6 3 0 1 0 1 0 1 0 1 0 0 0 0 1 0 0 0 0 1 0 0 0 0 1 0 0 1 0 0 1 0 8 6 8 7 9 7 0.529 0 0 1 0 0 749 7 1 7 4 0 16 13 0.0 0.0 1.0 8.0 0.533333333333 15.0 0.0 1.0 0.0 0.0 0.0 0.0 0.0 0.0 0.0 0.0 0.0 0.0 0.0 0.0 0.0 0.0 0.0 0.0 1.0 0.0 0.0 0.0 0.0 0.0 0.0 0.0 0.0 0.0 0.0 0.0 0.0 0.0 0.0 0.0 1.0 0.0 0.0 0.0 0.0 0.0 0.0 0.0 0.0 0.0 0.0 0.0 0.0 0.0 0.0 0.0 0.0 0.0 0.0 0.0 0.0 0.0 0.0 0.0 0.0 0.0
-94.59764 -98.27024 -108.80403 -132.17281 -133.15574 -148.97091 -149.80386 -146.33251 -134.72407 -106.67773 2 2 2 0 0 0 1 0 0 0 0 1 0 0 0 0 0 0 0 1 0 2 0 5 9 2 0 5 4 0 1 0 1 0 1 0 1 0 0 0 0 1 0 0 0 0 1 0 0 0 0 1 0 0 1 0 0 1 0 9 5 9 6 10 6 0.588 0 0 0 1 0 42 7 1 7 4 1 2 8 0.0 0.0 1.0 9.0 0.6 15.0 0.0 1.0 0.0 0.0 0.0 0.0 0.0 0.0 0.0 0.0 0.0 0.0 0.0 0.0 0.0 0.0 0.0 0.0 1.0 0.0 0.0 0.0 0.0 0.0 0.0 0.0 0.0 0.0 0.0 0.0 0.0 0.0 0.0 0.0 1.0 0.0 0.0 0.0 0.0 0.0 0.0 0.0 0.0 0.0 0.0 0.0 0.0 0.0 0.0 0.0 0.0 0.0 0.0 0.0 0.0 0.0 0.0 0.0 0.0 0.0
-61.84896 -3.13713 70.28957 141.72945 190.4409 187.98858 147.79761 81.76783 23.92225 -6.15649 2 2 2 0 0 0 0 1 0 0 0 0 1 0 0 0 1 0 0 0 0 2 0 4 10 2 0 4 5 0 1 0 1 0 1 0 1 0 0 0 0 1 0 0 0 0 1 0 0 0 0 1 0 0 1 0 0 1 0 10 4 10 5 11 5 0.647 0 0 0 0 1 1073 7 7 2 5 0 17 4 0.0 0.0 1.0 10.0 0.666666666667 15.0 0.0 0.0 1.0 0.0 1.0 0.0 0.0 0.0 0.0 0.0 0.0 0.0 0.0 0.0 0.0 0.0 0.0 0.0 0.0 0.0 0.0 0.0 0.0 0.0 0.0 0.0 0.0 0.0 0.0 0.0 0.0 0.0 0.0 0.0 0.0 1.0 0.0 0.0 0.0 0.0 0.0 0.0 0.0 0.0 0.0 0.0 0.0 0.0 0.0 0.0 0.0 0.0 0.0 0.0 0.0 0.0 0.0 0.0 0.0 0.0
-3.31318 -24.30398 -44.61007 -51.97528 -39.90078 -22.43711 -17.33785 -20.52844 -14.19805 2.28353 2 2 2 0 1 0 0 0 0 0 0 0 0 1 0 0 0 1 0 0 0 2 0 3 11 2 0 3 6 0 1 0 1 0 1 0 1 0 0 0 0 1 0 0 0 0 1 0 0 0 0 1 0 0 1 0 0 1 0 11 3 11 4 12 4 0.706 0 1 0 0 0 115 7 7 2 5 1 18 9 0.0 0.0 1.0 11.0 0.733333333333 15.0 0.0 0.0 1.0 0.0 1.0 0.0 0.0 0.0 0.0 0.0 0.0 0.0 0.0 0.0 0.0 0.0 0.0 0.0 0.0 0.0 0.0 0.0 0.0 0.0 0.0 0.0 0.0 0.0 0.0 0.0 0.0 0.0 0.0 0.0 0.0 1.0 0.0 0.0 0.0 0.0 0.0 0.0 0.0 0.0 0.0 0.0 0.0 0.0 0.0 0.0 0.0 0.0 0.0 0.0 0.0 0.0 0.0 0.0 0.0 0.0
13.19507 7.02969 8.7711 15.7205 14.77896 26.70212 17.22065 -0.9434 -23.91499 -28.11831 2 2 2 0 0 1 0 0 0 0 1 0 0 0 0 0 0 1 0 0 0 2 0 2 12 2 0 2 7 0 1 0 1 0 1 0 1 0 0 0 0 1 0 0 0 0 1 0 0 0 0 1 0 0 1 0 0 1 0 12 2 12 3 13 3 0.765 0 0 1 0 0 7 2 7 7 6 0 10 8 0.0 0.0 1.0 12.0 0.8 15.0 0.0 0.0 0.0 0.0 0.0 1.0 0.0 0.0 0.0 0.0 0.0 0.0 0.0 0.0 0.0 0.0 0.0 0.0 0.0 0.0 0.0 0.0 0.0 0.0 0.0 0.0 0.0 0.0 0.0 0.0 0.0 0.0 0.0 0.0 0.0 0.0 0.0 0.0 0.0 0.0 0.0 0.0 0.0 0.0 0.0 0.0 0.0 0.0 0.0 0.0 0.0 0.0 0.0 0.0 0.0 0.0 0.0 0.0 0.0 0.0
-14.74444 -12.53583 -12.58377 -8.69493 -2.55263 9.34266 -4.87706 -39.23098 -64.72414 -44.83488 2 2 2 0 0 1 0 0 0 0 0 1 0 0 0 0 0 1 0 0 0 2 0 1 13 2 0 1 8 0 1 0 1 0 1 0 1 0 0 0 0 1 0 0 0 0 0 0 0 1 0 1 0 0 1 0 0 1 0 13 1 13 2 14 2 0.824 0 0 1 0 0 72 7 2 0 7 0 15 37 0.0 0.0 1.0 13.0 0.866666666667 15.0 1.0 0.0 0.0 1.0 0.0 0.0 0.0 0.0 0.0 0.0 0.0 0.0 0.0 0.0 0.0 0.0 0.0 0.0 0.0 0.0 0.0 0.0 0.0 0.0 0.0 0.0 0.0 0.0 0.0 0.0 0.0 0.0 0.0 0.0 0.0 0.0 0.0 0.0 0.0 0.0 0.0 0.0 0.0 0.0 0.0 0.0 0.0 0.0 0.0 0.0 0.0 0.0 0.0 0.0 0.0 0.0 0.0 0.0 0.0 0.0
-9.75716 -14.35694 -26.91302 -26.1362 -31.4139 -47.61448 -72.80437 -102.0811 -161.98644 -208.87663 2 2 0 0 0 1 0 0 0 0 0 1 0 0 0 1 0 0 0 0 0 2 0 0 14 2 0 0 9 0 1 0 1 0 1 0 0 0 0 1 0 1 0 0 0 1 0 0 0 0 0 1 0 0 1 0 1 0 0 14 0 14 1 15 1 0.882 0 0 1 0 0 700 7 2 0 7 1 15 13 0.0 0.0 1.0 14.0 0.933333333333 15.0 1.0 0.0 0.0 1.0 0.0 0.0 0.0 0.0 0.0 0.0 0.0 0.0 0.0 0.0 0.0 0.0 0.0 0.0 0.0 0.0 0.0 0.0 0.0 0.0 0.0 0.0 0.0 0.0 0.0 0.0 0.0 0.0 0.0 0.0 0.0 0.0 0.0 0.0 0.0 0.0 0.0 0.0 0.0 0.0 0.0 0.0 0.0 0.0 0.0 0.0 0.0 0.0 0.0 0.0 0.0 0.0 0.0 0.0 0.0 0.0
