273.049780786 271.712737201 269.097636091 265.320015935 260.547198878 254.991379937 248.900854015 242.549736083 236.226591033 230.222434157 2 0 2 0 0 1 0 0 0 1 0 0 0 0 0 0 1 0 0 0 0 0 3 13 0 0 3 1 0 0 1 0 1 0 1 0 130 0 0 0 1 0 0 0 1 0 0 0 0 0 1 0 0 0 0 1 0 1 0 0 0 1 0 0 13 0 14 1 12 0.071 0 0 1 0 0 7 14
224.818588959 220.274895269 216.818746927 214.63540533 213.859984157 214.571433647 216.78877263 220.469726292 225.51183103 231.755968635 2 2 2 0 1 0 0 0 0 0 0 1 0 0 1 0 0 0 0 0 0 0 3 12 1 0 3 0 1 0 1 0 1 1 0 131.774 0 0 131.774 0 1 0 0 0 0 1 0 0 0 0 1 0 0 0 0 1 0 0 1 0 0 0 1 1 12 1 13 2 11 0.143 0 1 0 0 0 307 3
238.992194339 246.967631008 255.396118579 263.969237089 272.368266199 280.276606179 287.392166366 293.439228016 298.179309047 301.420597706 2 2 2 1 0 0 0 0 0 0 1 0 0 0 0 0 0 1 0 0 0 0 2 11 2 0 2 2 2 1 0 0 1 0 1 134.774 131.774 131.774 134.774 0 1 0 0 0 0 1 0 0 0 0 1 0 0 0 0 0 1 0 1 0 0 1 0 2 11 2 12 3 10 0.214 1 0 0 0 0 544 5
303.025579039 302.916549924 301.078802446 297.561348208 292.475154005 285.988958301 278.322834043 269.739752846 260.535484761 251.027233617 2 2 2 0 0 1 0 0 1 0 0 0 0 0 0 0 1 0 0 0 0 1 2 10 3 1 2 1 0 0 1 1 0 0 1 0 134.774 134.774 0 0 1 0 0 0 0 1 0 0 0 0 1 0 0 0 0 1 0 0 0 1 0 1 0 3 10 3 11 4 9 0.286 0 0 1 0 0 307 3
241.541457661 232.401356986 223.914521675 216.361227374 209.983838356 204.977733173 201.484106582 199.584925998 199.3002344 200.587897792 2 2 2 0 1 0 0 0 0 0 0 1 0 0 1 0 0 0 0 0 0 1 2 9 4 1 2 0 1 0 1 0 1 1 0 127.903 0 0 127.903 0 1 0 0 0 0 1 0 0 0 0 1 0 0 0 0 1 0 0 1 0 0 0 1 4 9 4 10 5 8 0.357 0 1 0 0 0 825 5
203.345797813 207.41637285 212.593317829 218.630167564 225.250414494 232.158751722 239.052988982 245.636164014 251.628365953 256.77780079 2 2 2 1 0 0 0 0 0 0 1 0 0 0 0 0 0 0 0 1 0 1 1 8 5 1 1 6 2 1 0 0 1 0 1 130.903 127.903 127.903 130.903 0 1 0 0 0 0 1 0 0 0 0 1 0 0 0 0 0 1 0 1 0 0 1 0 5 8 5 9 6 7 0.429 1 0 0 0 0 74 5
260.870661206 263.739412745 265.269173341 265.401940941 264.138511297 261.538021255 257.715148448 252.835092171 247.10654875 240.772974298 2 2 2 0 0 0 0 1 1 0 0 0 0 0 0 0 0 0 1 0 0 2 1 7 6 2 1 5 0 0 1 1 0 0 1 0 130.903 130.903 0 0 1 0 0 0 0 1 0 0 0 0 1 0 0 0 0 1 0 0 0 1 0 1 0 6 7 6 8 7 6 0.5 0 0 0 0 1 516 5
234.102495187 227.376879279 220.880016737 214.886376834 209.649905897 205.39381143 202.301639573 200.509998836 200.103214854 201.110121501 2 2 2 0 0 0 1 0 0 0 0 0 0 1 0 0 0 0 0 1 0 2 1 6 7 2 1 4 1 0 1 0 1 0 1 0 0 0 0 0 1 0 0 0 0 1 0 0 0 0 1 0 0 0 0 1 0 0 1 0 0 1 0 7 6 7 7 8 5 0.571 0 0 0 1 0 2 4
203.503106327 207.199436595 212.064799791 217.918903243 224.542894906 231.68829488 239.087067586 246.462420288 253.539886344 260.058242399 2 2 2 0 0 0 0 1 0 0 0 0 1 0 0 0 0 0 0 1 0 2 1 5 8 2 1 3 2 0 1 0 1 0 1 0 0 0 0 0 1 0 0 0 0 1 0 0 0 0 1 0 0 0 0 1 0 0 1 0 0 1 0 8 5 8 6 9 4 0.643 0 0 0 0 1 312 5
265.779817919 270.499782548 274.054040641 276.325421007 277.24792113 276.808845685 275.048766046 272.05931678 267.978933452 262.98671967 2 2 2 0 0 0 0 1 0 0 0 0 0 1 0 0 0 0 0 1 0 2 1 4 9 2 1 2 3 0 1 0 1 0 1 0 0 0 0 0 1 0 0 0 0 1 0 0 0 0 1 0 0 0 0 1 0 0 1 0 0 1 0 9 4 9 5 10 3 0.714 0 0 0 0 1 517 5
257.294706804 251.138834236 244.769028606 238.43879547 232.394754546 226.866549713 222.057547256 218.136701175 215.231914322 213.425160763 2 2 2 0 0 0 0 1 0 0 0 0 0 1 0 0 1 0 0 0 0 2 1 3 10 2 1 1 4 0 1 0 1 0 1 0 0 0 0 0 1 0 0 0 0 1 0 0 0 0 1 0 0 0 0 1 0 0 1 0 0 1 0 10 3 10 4 11 2 0.786 0 0 0 0 1 255 5
212.749560665 213.188517406 214.676940763 217.104493549 220.320715533 224.141801249 228.358740655 232.746476166 237.073688766 241.112801179 2 2 2 0 1 0 0 0 0 0 0 0 0 1 1 0 0 0 0 0 0 2 1 2 11 2 1 0 5 0 1 0 1 1 0 118.871 0 0 118.871 0 1 0 0 0 0 1 0 0 0 0 1 0 0 0 0 1 0 0 1 0 0 0 1 11 2 11 3 12 1 0.857 0 1 0 0 0 307 5
244.649778597 247.493317319 249.483038528 250.496347124 250.45367217 249.321873849 247.115678891 243.89708908 239.772792212 234.889688243 2 2 2 1 0 0 0 0 0 0 1 0 0 0 0 0 1 0 0 0 0 2 0 1 12 2 0 1 6 1 0 0 1 0 1 121.871 118.871 118.871 121.871 0 1 0 0 0 0 1 0 0 0 0 0 0 1 0 0 0 1 0 1 0 0 1 0 12 1 12 2 1 2 0.25 1 0 0 0 0 205 8
229.428721906 223.59728346 217.620498694 211.73177521 206.163002646 201.13481846 196.847347741 193.471805302 191.143311939 189.955225733 2 2 0 0 1 0 0 0 1 0 0 0 0 0 0 1 0 0 0 0 0 3 0 0 13 3 0 0 0 0 1 1 0 0 1 110 121.871 121.871 0 0 0 0 1 0 0 1 0 0 0 1 0 0 0 0 0 1 0 0 0 1 1 0 0 13 0 13 1 2 1 0.5 0 1 0 0 0 172 8
