397.635028 397.63504 397.63504 395.112354 379.563678 363.1614075 345.700346 323.015194 302.4134775 289.078106 2 0 2 0 0 0 0 1 0 1 0 0 0 0 1 0 0 0 0 0 0 0 4 16 0 0 4 0 0 0 1 0 1 1 0 133.37801 130 0 133.37801 0 1 0 0 0 1 0 0 0 0 0 1 0 0 0 0 1 0 1 0 0 0 0 1 0 16 0 17 1 1 0.333 0 0 0 0 1 537
298.800875714 299.690591667 309.131318571 316.456398333 319.182967143 319.170775 318.148947143 318.642731667 319.139721429 316.424651667 2 2 2 1 0 0 0 0 0 0 0 0 0 1 0 0 0 1 0 0 0 0 3 15 1 0 3 3 1 1 0 0 1 0 1 136.37801 133.37801 133.37801 136.37801 0 1 0 0 0 0 1 0 0 0 0 1 0 0 0 0 0 1 0 1 0 0 1 0 1 15 1 16 1 5 0.143 1 0 0 0 0 472
306.68517 290.013887143 269.74261 251.941164286 232.935751667 198.613801667 178.91047 180.425545 210.825558571 225.39099 2 2 2 0 0 1 0 0 1 0 0 0 0 0 0 0 0 1 0 0 0 1 3 14 2 1 3 2 0 0 1 1 0 0 1 0 136.37801 136.37801 0 0 1 0 0 0 0 1 0 0 0 0 1 0 0 0 0 1 0 0 0 1 0 1 0 2 14 2 15 2 4 0.286 0 0 1 0 0 107
200.967281429 201.746788571 221.633845 233.98473 215.569561429 186.001142857 175.727817143 178.052845 192.682527143 201.047732857 2 2 2 0 0 1 0 0 0 0 0 1 0 0 0 0 0 0 0 1 0 1 3 13 3 1 3 1 1 0 1 0 1 0 1 0 0 0 0 0 1 0 0 0 0 1 0 0 0 0 1 0 0 0 0 1 0 0 1 0 0 1 0 3 13 3 14 3 3 0.429 0 0 1 0 0 336
203.038596667 205.891645 216.696923333 230.20673 247.4765675 264.74641 278.562256667 291.769193333 301.220985 305.04481 2 2 2 0 0 0 0 1 0 0 0 1 0 0 1 0 0 0 0 0 0 1 3 12 4 1 3 0 2 0 1 0 1 1 0 129.054 0 0 129.054 0 1 0 0 0 0 1 0 0 0 0 1 0 0 0 0 1 0 0 1 0 0 0 1 4 12 4 13 4 2 0.571 0 0 0 0 1 380
306.061308571 302.912633333 297.469241429 294.720491429 297.020218571 315.16687 326.945992857 332.385917143 334.758485 332.102705714 2 2 2 1 0 0 0 0 0 0 0 0 0 1 0 0 0 0 0 1 0 1 2 11 5 1 2 1 3 1 0 0 1 0 1 132.054 129.054 129.054 132.054 0 1 0 0 0 0 1 0 0 0 0 1 0 0 0 0 0 1 0 1 0 0 1 0 5 11 5 12 5 1 0.714 1 0 0 0 0 3
321.30899 321.30899 321.30899 321.30899 321.23789 317.44829 298.28839 268.035956 239.742428 217.591442 2 2 2 0 0 0 0 1 1 0 0 0 0 0 1 0 0 0 0 0 0 2 2 10 6 2 2 0 0 0 1 1 0 1 0 126.892 132.054 132.054 126.892 0 1 0 0 0 0 1 0 0 0 0 1 0 0 0 0 1 0 0 0 1 0 0 1 6 10 6 11 1 4 0.167 0 0 0 0 1 1633
209.939106667 207.221654286 212.352876667 237.428115 264.510977143 270.084448333 268.535405 268.743998333 268.813477143 262.98555 2 2 2 1 0 0 0 0 0 0 0 0 0 1 1 0 0 0 0 0 0 2 1 9 7 2 1 0 1 1 0 0 1 1 0 130.3515 126.892 126.892 130.3515 0 1 0 0 0 0 1 0 0 0 0 1 0 0 0 0 0 1 0 1 0 0 0 1 7 9 7 10 2 3 0.333 1 0 0 0 0 595
256.022365 262.598763333 276.126276667 289.883073333 300.621028333 294.100848 278.50224 274.599396667 273.120161667 252.882975 2 2 2 1 0 0 0 0 1 0 0 0 0 0 0 0 0 0 1 0 0 3 0 8 8 3 0 8 0 1 0 1 0 0 1 128.811 130.3515 130.3515 128.811 0 1 0 0 0 0 1 0 0 0 0 1 0 0 0 0 0 1 0 0 1 0 1 0 8 8 8 9 3 2 0.5 1 0 0 0 0 195
220.780345 216.99706 203.926538571 182.400175 163.114801667 155.912445 157.603141667 154.658272857 144.181536667 143.83701 2 2 2 0 0 0 1 0 1 0 0 0 0 0 0 0 0 1 0 0 0 4 0 7 9 4 0 7 0 0 1 1 0 0 1 0 128.811 128.811 0 0 1 0 0 0 0 1 0 0 0 0 1 0 0 0 0 1 0 0 0 1 0 1 0 9 7 9 8 4 1 0.667 0 0 0 1 0 2
245.94 245.94 245.94 245.94 237.1882075 200.586765 192.121127143 196.3296675 227.335132857 254.42186875 2 2 2 0 0 1 0 0 0 0 0 0 1 0 0 0 0 0 0 1 0 4 0 6 10 4 0 6 1 0 1 0 1 0 1 0 0 0 0 0 1 0 0 0 0 1 0 0 0 0 1 0 0 0 0 1 0 0 1 0 0 1 0 10 6 10 7 1 4 0.167 0 0 1 0 0 979
278.60028 309.999528333 341.720532 359.567792 361.414536667 352.407282 335.714782 319.806288 292.522246667 266.61394 2 2 2 0 0 0 0 1 0 0 0 1 0 0 0 0 0 0 1 0 0 4 0 5 11 4 0 5 2 0 1 0 1 0 1 0 0 0 0 0 1 0 0 0 0 1 0 0 0 0 1 0 0 0 0 1 0 0 1 0 0 1 0 11 5 11 6 2 3 0.333 0 0 0 0 1 101
249.29639 235.7409025 226.518583333 219.117906667 207.2416475 198.17836 189.66814 184.026973333 179.87726 178.016113333 2 2 2 0 0 0 1 0 0 0 0 0 0 1 0 0 1 0 0 0 0 4 0 4 12 4 0 4 3 0 1 0 1 0 1 0 0 0 0 0 1 0 0 0 0 1 0 0 0 0 1 0 0 0 0 1 0 0 1 0 0 1 0 12 4 12 5 3 2 0.5 0 0 0 1 0 4
174.378666667 163.03195 150.986751667 147.519628 146.578721667 143.81086 138.928943333 123.987636 94.3407683333 66.898124 2 2 2 0 1 0 0 0 0 0 0 0 1 0 0 0 0 0 1 0 0 4 0 3 13 4 0 3 4 0 1 0 1 0 1 0 0 0 0 0 1 0 0 0 0 1 0 0 0 0 1 0 0 0 0 1 0 0 1 0 0 1 0 13 3 13 4 4 1 0.667 0 1 0 0 0 22
67.3259766667 97.0923625 145.569053333 184.643636667 216.36133 228.9897 235.532373333 242.28211 248.0018725 250.788483333 2 2 2 0 0 0 1 0 0 0 1 0 0 0 0 0 1 0 0 0 0 4 0 2 14 4 0 2 5 0 1 0 1 0 1 0 0 0 0 0 1 0 0 0 0 1 0 0 0 0 1 0 0 0 0 1 0 0 1 0 0 1 0 14 2 14 3 1 3 0.2 0 0 0 1 0 2
251.16419 247.56002 240.931514 226.418742 199.893268333 169.630734 143.535738 131.908978 121.475496667 82.436434 2 2 2 0 1 0 0 0 0 0 0 0 1 0 0 0 0 0 0 1 0 4 0 1 15 4 0 1 6 0 1 0 1 0 1 0 0 0 0 0 1 0 0 0 0 1 0 0 0 0 0 0 1 0 0 1 0 0 1 0 0 1 0 15 1 15 2 2 2 0.4 0 1 0 0 0 820
77.454885 168.28778875 222.96216 241.765525 237.637976667 199.07754625 116.3138375 74.00892375 118.82459375 126.6000075 2 2 0 0 0 0 0 1 0 0 1 0 0 0 0 1 0 0 0 0 0 4 0 0 16 4 0 0 7 0 1 0 1 0 1 110 0 0 0 0 0 0 1 0 0 1 0 0 0 1 0 0 0 0 0 1 0 0 1 0 1 0 0 16 0 16 1 3 1 0.6 0 0 0 0 1 2499
