149.037 120.49069 85.80713 54.29601 39.83148 29.7834 27.01062 25.90232 17.11715 20.57286 2 0 2 1 0 0 0 0 0 1 0 0 0 0 1 0 0 0 0 0 0 0 6 15 0 0 6 0 0 1 0 0 1 1 0 0 1 0 0 0 1 0 0 0 0 0 1 0 0 0 0 0 1 1 0 0 0 0 1 0 15 0 16 1 9 0.091 1 0 0 0 0 306 10 0 1 0 0 4 2 0.0 0.0 2.0 0.0 0.0 9.0 0.0 0.0 0.0 0.0 0.0 0.0 0.0 0.0 0.0 0.0 0.0 0.0 0.0 0.0 0.0 0.0 0.0 0.0 0.0 0.0 0.0 0.0 0.0 0.0 0.0 0.0 0.0 0.0 0.0 0.0 0.0 0.0 0.0 1.0 0.0 0.0 0.0 0.0 0.0 0.0 0.0 0.0 0.0 0.0 0.0 0.0 0.0 0.0 0.0 0.0 0.0 0.0 0.0 0.0 0.0 0.0 0.0 0.0 0.0 0.0
41.22404 62.93879 79.28968 109.54944 135.03672 169.37779 198.90668 214.0042 213.2669 202.12771 2 2 2 1 0 0 0 0 1 0 0 0 0 0 0 0 1 0 0 0 0 0 5 14 1 0 5 2 0 1 0 1 0 0 1 0 1 0 0 0 0 1 0 0 0 0 1 0 0 0 0 0 1 0 0 1 0 1 0 1 14 1 15 2 8 0.182 1 0 0 0 0 231 1 10 2 1 0 4 32 0.0 0.0 2.0 1.0 0.111111111111 9.0 0.0 0.0 0.0 1.0 0.0 0.0 0.0 0.0 0.0 0.0 0.0 0.0 0.0 0.0 0.0 0.0 0.0 0.0 0.0 0.0 0.0 0.0 0.0 0.0 0.0 0.0 0.0 0.0 0.0 0.0 0.0 0.0 1.0 0.0 0.0 0.0 0.0 0.0 0.0 0.0 0.0 0.0 0.0 0.0 0.0 0.0 0.0 0.0 0.0 0.0 0.0 0.0 0.0 0.0 0.0 0.0 0.0 0.0 0.0 0.0
166.70187 99.33281 30.30646 7.11836 -1.05259 5.26452 8.18874 12.86053 3.54169 -11.53458 2 2 2 0 1 0 0 0 1 0 0 0 0 0 0 0 1 0 0 0 0 1 5 13 2 1 5 1 0 0 1 1 0 0 1 0 1 0 0 0 0 1 0 0 0 0 1 0 0 0 0 1 0 0 0 1 0 1 0 2 13 2 14 3 7 0.273 0 1 0 0 0 1574 1 10 2 1 1 20 4 0.0 0.0 2.0 2.0 0.222222222222 9.0 0.0 0.0 0.0 1.0 0.0 0.0 0.0 0.0 0.0 0.0 0.0 0.0 0.0 0.0 0.0 0.0 0.0 0.0 0.0 0.0 0.0 0.0 0.0 0.0 0.0 0.0 0.0 0.0 0.0 0.0 0.0 0.0 1.0 0.0 0.0 0.0 0.0 0.0 0.0 0.0 0.0 0.0 0.0 0.0 0.0 0.0 0.0 0.0 0.0 0.0 0.0 0.0 0.0 0.0 0.0 0.0 0.0 0.0 0.0 0.0
-24.44029 -45.7448 -62.06036 -53.97108 -39.8355 0.66561 21.98251 40.3102 44.85914 32.30122 2 2 2 0 1 0 0 0 0 0 1 0 0 0 1 0 0 0 0 0 0 1 5 12 3 1 5 0 1 0 1 0 1 1 0 0 1 0 0 0 0 1 0 0 0 0 1 0 0 0 0 1 0 0 1 0 0 0 1 3 12 3 13 4 6 0.364 0 1 0 0 0 76 2 1 1 2 0 23 24 0.0 0.0 2.0 3.0 0.333333333333 9.0 0.0 0.0 0.0 0.0 0.0 1.0 0.0 0.0 0.0 0.0 0.0 0.0 0.0 0.0 0.0 0.0 0.0 0.0 0.0 0.0 0.0 0.0 0.0 0.0 0.0 0.0 0.0 0.0 0.0 0.0 0.0 0.0 0.0 0.0 0.0 0.0 0.0 0.0 0.0 0.0 0.0 0.0 0.0 0.0 0.0 0.0 0.0 0.0 0.0 0.0 0.0 0.0 0.0 0.0 0.0 0.0 0.0 0.0 0.0 0.0
-144.28674 -118.54147 -90.84538 -70.64813 -72.46137 -72.61569 -59.89218 -37.71293 -3.57557 23.43723 2 2 2 1 0 0 0 0 0 0 1 0 0 0 0 0 0 0 0 1 0 1 4 11 4 1 4 2 2 1 0 0 1 0 1 0 1 0 0 0 0 1 0 0 0 0 1 0 0 0 0 0 1 0 1 0 0 1 0 4 11 4 12 5 5 0.455 1 0 0 0 0 186 1 2 1 3 0 20 1 0.0 0.0 2.0 4.0 0.444444444444 9.0 0.0 0.0 0.0 0.0 0.0 0.0 0.0 0.0 0.0 0.0 0.0 0.0 0.0 0.0 0.0 0.0 0.0 0.0 0.0 0.0 0.0 0.0 0.0 0.0 0.0 0.0 0.0 0.0 0.0 1.0 0.0 0.0 0.0 0.0 0.0 0.0 0.0 0.0 0.0 0.0 0.0 0.0 0.0 0.0 0.0 0.0 0.0 0.0 0.0 0.0 0.0 0.0 0.0 0.0 0.0 0.0 0.0 0.0 0.0 0.0
21.93665 44.29251 57.39533 67.94341 46.40531 33.15841 45.65271 54.96379 61.54686 53.88033 2 2 2 0 0 0 0 1 1 0 0 0 0 0 0 0 0 0 0 1 0 2 4 10 5 2 4 1 0 0 1 1 0 0 1 0 1 0 0 0 0 1 0 0 0 0 1 0 0 0 0 1 0 0 0 1 0 1 0 5 10 5 11 6 4 0.545 0 0 0 0 1 694 1 2 1 3 1 12 1 0.0 0.0 2.0 5.0 0.555555555556 9.0 0.0 0.0 0.0 0.0 0.0 0.0 0.0 0.0 0.0 0.0 0.0 0.0 0.0 0.0 0.0 0.0 0.0 0.0 0.0 0.0 0.0 0.0 0.0 0.0 0.0 0.0 0.0 0.0 0.0 1.0 0.0 0.0 0.0 0.0 0.0 0.0 0.0 0.0 0.0 0.0 0.0 0.0 0.0 0.0 0.0 0.0 0.0 0.0 0.0 0.0 0.0 0.0 0.0 0.0 0.0 0.0 0.0 0.0 0.0 0.0
23.80222 40.54847 59.66932 85.325 115.49196 127.3872 127.38289 112.46963 64.21096 19.7635 2 2 2 0 0 0 0 1 0 0 0 0 0 1 1 0 0 0 0 0 0 2 4 9 6 2 4 0 1 0 1 0 1 1 0 0 1 0 0 0 0 1 0 0 0 0 1 0 0 0 0 1 0 0 1 0 0 0 1 6 9 6 10 7 3 0.636 0 0 0 0 1 93 1 1 1 4 0 21 13 0.0 0.0 2.0 6.0 0.666666666667 9.0 0.0 0.0 0.0 0.0 0.0 0.0 0.0 0.0 0.0 0.0 0.0 0.0 0.0 0.0 0.0 0.0 0.0 0.0 0.0 0.0 0.0 0.0 0.0 0.0 0.0 0.0 0.0 0.0 0.0 0.0 0.0 0.0 0.0 0.0 0.0 0.0 0.0 0.0 0.0 0.0 0.0 0.0 0.0 0.0 0.0 1.0 0.0 0.0 0.0 0.0 0.0 0.0 0.0 0.0 0.0 0.0 0.0 0.0 0.0 0.0
19.95838 20.11588 12.47949 23.21112 53.14337 94.64756 130.84399 164.1019 177.10743 171.21044 2 2 2 1 0 0 0 0 0 0 0 0 0 1 0 0 0 1 0 0 0 2 3 8 7 2 3 3 2 1 0 0 1 0 1 0 1 0 0 0 0 1 0 0 0 0 1 0 0 0 0 0 1 0 1 0 0 1 0 7 8 7 9 8 2 0.727 1 0 0 0 0 1355 1 1 1 4 1 6 1 0.0 0.0 2.0 7.0 0.777777777778 9.0 0.0 0.0 0.0 0.0 0.0 0.0 0.0 0.0 0.0 0.0 0.0 0.0 0.0 0.0 0.0 0.0 0.0 0.0 0.0 0.0 0.0 0.0 0.0 0.0 0.0 0.0 0.0 0.0 0.0 0.0 0.0 0.0 0.0 0.0 0.0 0.0 0.0 0.0 0.0 0.0 0.0 0.0 0.0 0.0 0.0 1.0 0.0 0.0 0.0 0.0 0.0 0.0 0.0 0.0 0.0 0.0 0.0 0.0 0.0 0.0
72.98149 48.7024 27.59417 -4.11724 -31.12064 -29.63946 -16.5508 -0.87645 13.38896 10.06546 2 2 1 0 0 1 0 0 1 0 0 0 0 0 0 0 0 1 0 0 0 3 3 7 8 3 3 2 0 0 1 1 0 0 1 0 1 0 0 0 0 1 0 0 0 0 1 0 0 0 0 1 0 0 0 1 0 1 0 8 7 8 8 9 1 0.818 0 0 1 0 0 474 1 1 1 4 2 17 8 0.0 0.0 2.0 8.0 0.888888888889 9.0 0.0 0.0 0.0 0.0 0.0 0.0 0.0 0.0 0.0 0.0 0.0 0.0 0.0 0.0 0.0 0.0 0.0 0.0 0.0 0.0 0.0 0.0 0.0 0.0 0.0 0.0 0.0 0.0 0.0 0.0 0.0 0.0 0.0 0.0 0.0 0.0 0.0 0.0 0.0 0.0 0.0 0.0 0.0 0.0 0.0 1.0 0.0 0.0 0.0 0.0 0.0 0.0 0.0 0.0 0.0 0.0 0.0 0.0 0.0 0.0
30.05144 19.30348 10.1326 0.94356 2.09811 -4.75939 -2.47051 3.19185 16.9945 30.74581 1 2 2 0 0 1 0 0 0 0 0 1 0 0 0 0 0 1 0 0 0 3 3 6 9 3 3 1 1 0 1 0 1 0 1 0 1 0 0 0 0 1 0 0 0 0 1 0 0 0 0 1 0 0 1 0 0 1 0 9 6 9 7 1 7 0.111 0 0 1 0 0 1534 1 1 1 5 0 0 5 1.0 0.5 2.0 0.0 0.0 7.0 0.0 0.0 0.0 0.0 0.0 0.0 0.0 0.0 0.0 0.0 0.0 0.0 0.0 0.0 0.0 0.0 0.0 0.0 0.0 0.0 0.0 0.0 0.0 0.0 0.0 0.0 0.0 0.0 0.0 1.0 0.0 0.0 0.0 0.0 0.0 0.0 0.0 0.0 0.0 0.0 0.0 0.0 0.0 0.0 1.0 0.0 0.0 0.0 0.0 0.0 0.0 0.0 0.0 0.0 0.0 0.0 0.0 0.0 0.0 0.0
36.00166 21.61154 -8.8413 -51.34137 -98.28661 -144.74562 -151.77733 -131.41929 -93.08575 -43.42219 2 1 2 0 0 1 0 0 0 0 0 1 0 0 1 0 0 0 0 0 0 3 3 5 10 3 3 0 2 0 1 0 1 1 0 0 1 0 0 0 0 1 0 0 0 0 1 0 0 0 0 1 0 0 1 0 0 0 1 10 5 10 6 2 6 0.222 0 0 1 0 0 1895 1 1 1 5 1 21 10 1.0 0.5 2.0 1.0 0.142857142857 7.0 0.0 0.0 0.0 0.0 0.0 0.0 0.0 0.0 0.0 0.0 0.0 0.0 0.0 0.0 0.0 0.0 0.0 0.0 0.0 0.0 0.0 0.0 0.0 0.0 0.0 0.0 0.0 0.0 0.0 1.0 0.0 0.0 0.0 0.0 0.0 0.0 0.0 0.0 0.0 0.0 0.0 0.0 0.0 0.0 1.0 0.0 0.0 0.0 0.0 0.0 0.0 0.0 0.0 0.0 0.0 0.0 0.0 0.0 0.0 0.0
-6.94527 32.35673 66.96924 74.24411 69.01119 71.88532 82.38512 101.23494 109.96604 104.99404 2 2 2 1 0 0 0 0 0 0 0 1 0 0 0 0 1 0 0 0 0 3 2 4 11 3 2 1 3 1 0 0 1 0 1 0 1 0 0 0 0 1 0 0 0 0 1 0 0 0 0 0 1 0 1 0 0 1 0 11 4 11 5 3 5 0.333 1 0 0 0 0 231 1 1 9 6 0 4 32 1.0 0.5 2.0 2.0 0.285714285714 7.0 0.0 0.0 1.0 0.0 1.0 0.0 0.0 0.0 0.0 0.0 0.0 0.0 0.0 0.0 0.0 0.0 0.0 0.0 0.0 1.0 0.0 0.0 0.0 0.0 0.0 0.0 0.0 0.0 1.0 0.0 0.0 0.0 0.0 0.0 0.0 0.0 0.0 0.0 0.0 0.0 0.0 0.0 0.0 0.0 0.0 0.0 0.0 0.0 0.0 0.0 0.0 0.0 0.0 0.0 0.0 0.0 0.0 0.0 0.0 0.0
98.37119 78.35311 51.36069 30.88115 13.8164 -5.38038 -17.51482 -31.2599 -42.32631 -56.16031 2 2 2 0 1 0 0 0 1 0 0 0 0 0 1 0 0 0 0 0 0 4 2 3 12 4 2 0 0 0 1 1 0 1 0 0 1 0 0 0 0 1 0 0 0 0 1 0 0 0 0 1 0 0 0 1 0 0 1 12 3 12 4 4 4 0.444 0 1 0 0 0 1574 1 1 9 6 1 20 4 1.0 0.5 2.0 3.0 0.428571428571 7.0 0.0 0.0 1.0 0.0 1.0 0.0 0.0 0.0 0.0 0.0 0.0 0.0 0.0 0.0 0.0 0.0 0.0 0.0 0.0 1.0 0.0 0.0 0.0 0.0 0.0 0.0 0.0 0.0 1.0 0.0 0.0 0.0 0.0 0.0 0.0 0.0 0.0 0.0 0.0 0.0 0.0 0.0 0.0 0.0 0.0 0.0 0.0 0.0 0.0 0.0 0.0 0.0 0.0 0.0 0.0 0.0 0.0 0.0 0.0 0.0
-119.09052 -128.27832 -104.96372 -65.26675 -29.34285 2.29374 27.53384 43.43408 45.37052 52.55964 2 2 2 1 0 0 0 0 0 0 1 0 0 0 0 0 0 1 0 0 0 4 1 2 13 4 1 1 1 1 0 0 1 0 1 0 1 0 0 0 0 1 0 0 0 0 1 0 0 0 0 0 1 0 1 0 0 1 0 13 2 13 3 5 3 0.556 1 0 0 0 0 205 9 1 7 7 0 15 17 1.0 0.5 2.0 4.0 0.571428571429 7.0 0.0 0.0 0.0 0.0 0.0 0.0 0.0 0.0 0.0 0.0 0.0 0.0 0.0 0.0 0.0 0.0 0.0 0.0 0.0 0.0 0.0 0.0 0.0 0.0 0.0 0.0 0.0 1.0 0.0 0.0 0.0 0.0 0.0 0.0 0.0 0.0 0.0 0.0 0.0 0.0 0.0 0.0 0.0 0.0 0.0 0.0 0.0 0.0 0.0 0.0 0.0 0.0 0.0 0.0 0.0 0.0 0.0 0.0 0.0 0.0
31.6908 7.30877 -8.06598 -44.11487 -52.86142 -63.97612 -63.43093 -75.32556 -89.62148 -92.93625 2 2 2 0 0 1 0 0 1 0 0 0 0 0 1 0 0 0 0 0 0 5 1 1 14 5 1 0 0 0 1 1 0 1 0 0 1 0 0 0 0 1 0 0 0 0 0 0 0 1 0 1 0 0 0 1 0 0 1 14 1 14 2 6 2 0.667 0 0 1 0 0 337 7 9 0 8 0 20 16 1.0 0.5 2.0 5.0 0.714285714286 7.0 1.0 1.0 0.0 0.0 0.0 0.0 0.0 0.0 0.0 0.0 0.0 0.0 0.0 0.0 0.0 0.0 0.0 0.0 1.0 0.0 0.0 0.0 0.0 0.0 0.0 0.0 1.0 0.0 0.0 0.0 0.0 0.0 0.0 0.0 0.0 0.0 0.0 0.0 0.0 0.0 0.0 0.0 0.0 0.0 0.0 0.0 0.0 0.0 0.0 0.0 0.0 0.0 0.0 0.0 0.0 0.0 0.0 0.0 0.0 0.0
-77.48427 -64.58596 -37.80446 -17.63916 8.48653 23.0078 51.67482 71.9976 91.11441 114.12183 2 2 0 1 0 0 0 0 0 0 0 1 0 0 0 1 0 0 0 0 0 5 0 0 15 5 0 0 1 1 0 0 1 0 1 0 0 0 0 1 0 1 0 0 0 1 0 0 0 0 0 0 1 0 1 0 1 0 0 15 0 15 1 7 1 0.778 1 0 0 0 0 377 7 9 0 8 1 5 18 1.0 0.5 2.0 6.0 0.857142857143 7.0 1.0 1.0 0.0 0.0 0.0 0.0 0.0 0.0 0.0 0.0 0.0 0.0 0.0 0.0 0.0 0.0 0.0 0.0 1.0 0.0 0.0 0.0 0.0 0.0 0.0 0.0 1.0 0.0 0.0 0.0 0.0 0.0 0.0 0.0 0.0 0.0 0.0 0.0 0.0 0.0 0.0 0.0 0.0 0.0 0.0 0.0 0.0 0.0 0.0 0.0 0.0 0.0 0.0 0.0 0.0 0.0 0.0 0.0 0.0 0.0
