188.415060894 188.637976482 189.08262793 189.746662201 190.626565764 191.71768372 193.014245144 194.509394503 196.195228968 198.062841427 2 0 2 0 0 1 0 0 0 1 0 0 0 0 0 0 0 0 1 0 0 0 1 16 0 0 1 2 0 0 1 0 1 0 1 0 130 0 0 0 1 0 0 0 1 0 0 0 0 0 1 0 0 0 0 1 0 1 0 0 0 1 0 0 16 0 17 1 8 0.1 0 0 1 0 0 34 1
200.102368964 202.303046525 204.653265489 207.140636817 209.752058435 212.473786481 215.291510027 218.190428859 221.155333898 224.170689815 2 2 2 0 0 0 1 0 0 0 0 1 0 0 0 0 0 1 0 0 0 0 1 15 1 0 1 1 1 0 1 0 1 0 1 0 0 0 0 0 1 0 0 0 0 1 0 0 0 0 1 0 0 0 0 1 0 0 1 0 0 1 0 1 15 1 16 2 7 0.2 0 0 0 1 0 4 1
227.220719391 230.289489151 233.360995818 236.419253095 239.448378307 242.432678437 245.356735065 248.205487764 250.964315474 253.619115437 2 2 2 0 0 1 0 0 0 0 0 0 1 0 1 0 0 0 0 0 0 0 1 14 2 0 1 0 2 0 1 0 1 1 0 131.216 0 0 131.216 0 1 0 0 0 0 1 0 0 0 0 1 0 0 0 0 1 0 0 1 0 0 0 1 2 14 2 15 3 6 0.3 0 0 1 0 0 107 1
256.156379226 258.563265479 260.827668927 262.938285336 264.884672011 266.657303532 268.24762241 269.648084393 270.852198167 271.854559242 2 2 2 1 0 0 0 0 0 0 0 1 0 0 0 0 0 0 0 1 0 0 0 13 3 0 0 13 3 1 0 0 1 0 1 134.216 131.216 131.216 134.216 0 1 0 0 0 0 1 0 0 0 0 1 0 0 0 0 0 1 0 1 0 0 1 0 3 13 3 14 4 5 0.4 1 0 0 0 0 149 1
272.650877826 273.238000549 273.613925906 273.777813345 273.72998594 273.471926644 273.006268141 272.336776348 271.468327666 270.406880106 2 2 2 0 0 0 0 1 1 0 0 0 0 0 0 0 0 0 0 1 0 1 0 12 4 1 0 12 0 0 1 1 0 0 1 0 134.216 134.216 0 0 1 0 0 0 0 1 0 0 0 0 1 0 0 0 0 1 0 0 0 1 0 1 0 4 12 4 13 5 4 0.5 0 0 0 0 1 15 5
269.159438437 267.734013568 266.139576369 264.3860062 262.484034426 260.445183225 258.281700036 256.006488005 253.633032808 251.175326256 2 2 2 0 0 0 0 1 0 0 0 0 0 1 0 0 0 0 0 1 0 1 0 11 5 1 0 11 1 0 1 0 1 0 1 0 0 0 0 0 1 0 0 0 0 1 0 0 0 0 1 0 0 0 0 1 0 0 1 0 0 1 0 5 11 5 12 6 3 0.6 0 0 0 0 1 15 5
248.647787115 246.065179558 243.442529721 240.795040795 238.138007163 235.486728014 232.856420938 230.262135977 227.718670593 225.24048604 2 2 2 0 0 0 0 1 0 0 0 0 0 1 0 0 0 0 0 1 0 1 0 10 6 1 0 10 2 0 1 0 1 0 1 0 0 0 0 0 1 0 0 0 0 1 0 0 0 0 1 0 0 0 0 1 0 0 1 0 0 1 0 6 10 6 11 7 2 0.7 0 0 0 0 1 51 5
222.84162559 220.535635078 218.335486192 216.25350295 214.301291751 212.489675414 210.828631547 209.327235609 207.993608965 206.834872246 2 2 2 0 0 0 0 1 0 0 0 0 0 1 0 0 0 1 0 0 0 1 0 9 7 1 0 9 3 0 1 0 1 0 1 0 0 0 0 0 1 0 0 0 0 1 0 0 0 0 1 0 0 0 0 1 0 0 1 0 0 1 0 7 9 7 10 8 1 0.8 0 0 0 0 1 51 5
205.857104249 205.065306632 204.463374587 204.054073665 203.839022887 203.818684232 203.992358572 204.358188084 204.913165119 205.653147501 2 2 2 0 0 1 0 0 0 0 0 0 0 1 0 0 1 0 0 0 0 1 0 8 8 1 0 8 4 0 1 0 1 0 1 0 0 0 0 0 1 0 0 0 0 1 0 0 0 0 1 0 0 0 0 1 0 0 1 0 0 1 0 8 8 8 9 1 9 0.091 0 0 1 0 0 120 5
206.57288017 207.66602305 208.925185006 210.341963703 211.906991156 213.609984718 215.439803245 217.384508124 219.431428835 221.567232701 2 2 2 0 1 0 0 0 0 0 0 1 0 0 0 0 0 0 0 1 0 1 0 7 9 1 0 7 5 0 1 0 1 0 1 0 0 0 0 0 1 0 0 0 0 1 0 0 0 0 1 0 0 0 0 1 0 0 1 0 0 1 0 9 7 9 8 2 8 0.182 0 1 0 0 0 120 5
223.77799843 226.049293066 228.36625192 230.713661054 233.076041855 235.437737252 237.7829991 240.096076245 242.361302801 244.56318615 2 2 2 0 0 0 0 1 0 0 1 0 0 0 0 0 0 0 0 1 0 1 0 6 10 1 0 6 6 0 1 0 1 0 1 0 0 0 0 0 1 0 0 0 0 1 0 0 0 0 1 0 0 0 0 1 0 0 1 0 0 1 0 10 6 10 7 3 7 0.273 0 0 0 0 1 180 5
246.686494175 248.716341267 250.638272609 252.438346291 254.103212804 255.62019146 256.977343335 258.163540317 259.168529887 259.982995267 2 2 2 0 0 0 0 1 0 0 0 0 0 1 0 0 0 0 0 1 0 1 0 5 11 1 0 5 7 0 1 0 1 0 1 0 0 0 0 0 1 0 0 0 0 1 0 0 0 0 1 0 0 0 0 1 0 0 1 0 0 1 0 11 5 11 6 4 6 0.364 0 0 0 0 1 180 5
260.598610606 261.00809089 261.205236301 261.184970778 260.943374557 260.477710503 259.786444091 258.869256911 257.72705362 256.361962281 2 2 2 0 0 0 0 1 0 0 0 0 0 1 0 0 0 0 0 1 0 1 0 4 12 1 0 4 8 0 1 0 1 0 1 0 0 0 0 0 1 0 0 0 0 1 0 0 0 0 1 0 0 0 0 1 0 0 1 0 0 1 0 12 4 12 5 5 5 0.455 0 0 0 0 1 1850 8
254.777328105 252.977700586 250.968814122 248.757562196 246.351965258 243.761132474 240.995217532 238.065368751 234.98367374 231.763098906 2 2 2 0 0 0 0 1 0 0 0 0 0 1 0 0 0 0 1 0 0 1 0 3 13 1 0 3 9 0 1 0 1 0 1 0 0 0 0 0 1 0 0 0 0 1 0 0 0 0 1 0 0 0 0 1 0 0 1 0 0 1 0 13 3 13 4 6 4 0.545 0 0 0 0 1 453 8
228.417424133 224.961172975 221.409538735 217.778306818 214.083773788 210.342663536 206.572041033 202.789224105 199.011693728 195.257003294 2 2 2 0 0 0 1 0 0 0 0 0 0 1 0 0 1 0 0 0 0 1 0 2 14 1 0 2 10 0 1 0 1 0 1 0 0 0 0 0 1 0 0 0 0 1 0 0 0 0 1 0 0 0 0 1 0 0 1 0 0 1 0 14 2 14 3 7 3 0.636 0 0 0 1 0 2 9
191.542687358 187.886170349 184.304675721 180.815136055 177.434104577 174.17766857 171.061365153 168.100099873 165.308068546 162.698682777 2 2 2 0 1 0 0 0 0 0 0 0 1 0 0 0 0 0 0 1 0 1 0 1 15 1 0 1 11 0 1 0 1 0 1 0 0 0 0 0 1 0 0 0 0 1 0 0 0 0 0 0 1 0 0 1 0 0 1 0 0 1 0 15 1 15 2 8 2 0.727 0 1 0 0 0 603 5
160.284499545 158.077155249 156.08730455 154.32456436 152.797463263 151.513396642 150.478587764 149.698055025 149.175585526 148.913715136 2 2 0 0 0 0 0 1 0 0 1 0 0 0 0 1 0 0 0 0 0 1 0 0 16 1 0 0 12 0 1 0 1 0 1 110 0 0 0 0 0 0 1 0 0 1 0 0 0 1 0 0 0 0 0 1 0 0 1 0 1 0 0 16 0 16 1 9 1 0.818 0 0 0 0 1 130 5
