255.522179542 255.640659491 255.876732604 256.228630613 256.693714355 257.268489563 257.948627789 258.728992334 259.603669032 260.566001719 2 0 2 1 0 0 0 0 0 1 0 0 0 0 0 0 0 0 1 0 0 0 2 16 0 0 2 2 0 1 0 0 1 0 1 137.444 134.444 0 137.444 0 1 0 0 0 1 0 0 0 0 0 1 0 0 0 0 0 1 1 0 0 0 1 0 0 16 0 17 1 12 0.071 1 0 0 0 0 365 8
261.608632182 262.723544361 263.902112544 265.135153301 266.412980831 267.725465428 269.062094726 270.412037364 271.764208718 273.107338317 2 2 2 0 0 0 1 0 1 0 0 0 0 0 0 0 0 0 0 1 0 0 2 15 1 0 2 1 0 0 1 1 0 0 1 0 137.444 137.444 0 0 1 0 0 0 0 1 0 0 0 0 1 0 0 0 0 1 0 0 0 1 0 1 0 1 15 1 16 2 11 0.143 0 0 0 1 0 16 8
274.430038557 275.720874322 276.968433103 278.161395219 279.288603742 280.339133699 281.302360182 282.168024942 282.926301102 283.567855607 2 2 2 0 0 0 0 1 0 0 0 0 1 0 1 0 0 0 0 0 0 0 2 14 2 0 2 0 1 0 1 0 1 1 0 131.11099 0 0 131.11099 0 1 0 0 0 0 1 0 0 0 0 1 0 0 0 0 1 0 0 1 0 0 0 1 2 14 2 15 3 10 0.214 0 0 0 0 1 133 1
284.083909033 284.466292435 284.707500863 284.800743264 284.739988449 284.520006877 284.136407968 283.585672766 282.865181704 281.973237335 2 2 2 1 0 0 0 0 0 0 0 0 0 1 0 0 0 0 0 1 0 0 1 13 3 0 1 3 2 1 0 0 1 0 1 134.11099 131.11099 131.11099 134.11099 0 1 0 0 0 0 1 0 0 0 0 1 0 0 0 0 0 1 0 1 0 0 1 0 3 13 3 14 4 9 0.286 1 0 0 0 0 803 1
280.909081866 279.672909375 278.265872639 276.690084506 274.948613786 273.045475667 270.985616696 268.774894382 266.420051523 263.928685383 2 2 2 0 0 0 0 1 1 0 0 0 0 0 0 0 0 0 0 1 0 1 1 12 4 1 1 2 0 0 1 1 0 0 1 0 134.11099 134.11099 0 0 1 0 0 0 0 1 0 0 0 0 1 0 0 0 0 1 0 0 0 1 0 1 0 4 12 4 13 5 8 0.357 0 0 0 0 1 207 5
261.309211872 258.570824917 255.723451226 252.777700691 249.744812689 246.63659857 243.465380624 240.243927884 236.985389078 233.703223125 2 2 2 0 0 0 0 1 0 0 0 0 0 1 0 0 1 0 0 0 0 1 1 11 5 1 1 1 1 0 1 0 1 0 1 0 0 0 0 0 1 0 0 0 0 1 0 0 0 0 1 0 0 0 0 1 0 0 1 0 0 1 0 5 11 5 12 6 7 0.429 0 0 0 0 1 171 5
230.411127526 227.12296506 223.852689177 220.614268495 217.421610828 214.288487152 211.228455935 208.254788252 205.380394101 202.61775033 2 2 2 0 1 0 0 0 0 0 0 0 0 1 1 0 0 0 0 0 0 1 1 10 6 1 1 0 2 0 1 0 1 1 0 126.66701 0 0 126.66701 0 1 0 0 0 0 1 0 0 0 0 1 0 0 0 0 1 0 0 1 0 0 0 1 6 10 6 11 7 6 0.5 0 1 0 0 0 156 5
199.97883058 197.475037632 195.117138556 192.915203004 190.878545019 189.015668689 187.334217938 185.840930781 184.541598276 183.441028431 2 2 2 1 0 0 0 0 0 0 1 0 0 0 0 0 1 0 0 0 0 1 0 9 7 1 0 9 3 1 0 0 1 0 1 129.66701 126.66701 126.66701 129.66701 0 1 0 0 0 0 1 0 0 0 0 1 0 0 0 0 0 1 0 1 0 0 1 0 7 9 7 10 8 5 0.571 1 0 0 0 0 48 5
182.543015282 181.850313321 181.364617446 181.086548546 181.015644833 181.150358983 181.488061126 182.02504768 182.756556011 183.676784865 2 2 2 0 1 0 0 0 1 0 0 0 0 0 0 0 0 1 0 0 0 2 0 8 8 2 0 8 0 0 1 1 0 0 1 0 129.66701 129.66701 0 0 1 0 0 0 0 1 0 0 0 0 1 0 0 0 0 1 0 0 0 1 0 1 0 8 8 8 9 9 4 0.643 0 1 0 0 0 110 5
184.778920458 186.055168131 187.496789396 189.094144204 190.836738218 192.713274854 194.711711824 196.819321896 199.022757549 201.308119196 2 2 1 0 0 1 0 0 0 0 1 0 0 0 0 0 0 0 0 1 0 2 0 7 9 2 0 7 1 0 1 0 1 0 1 0 0 0 0 0 1 0 0 0 0 1 0 0 0 0 1 0 0 0 0 1 0 0 1 0 0 1 0 9 7 9 8 10 3 0.714 0 0 1 0 0 2499 1
203.661026616 206.06669322 208.51000276 210.975588087 213.447911525 215.91134645 218.350259635 220.749093921 223.092450777 225.3651723 1 2 2 0 0 0 0 1 0 0 0 1 0 0 0 0 0 1 0 0 0 2 0 6 10 2 0 6 2 0 1 0 1 0 1 0 0 0 0 0 1 0 0 0 0 1 0 0 0 0 1 0 0 0 0 1 0 0 1 0 0 1 0 10 6 10 7 11 2 0.786 0 0 0 0 1 374 1
227.552422228 229.639765517 231.613246064 233.459462145 235.165639179 236.719699401 238.110328079 239.327035912 240.360217262 241.201203909 2 1 2 0 0 1 0 0 0 0 0 0 0 1 0 0 0 0 0 1 0 2 0 5 11 2 0 5 3 0 1 0 1 0 1 0 0 0 0 0 1 0 0 0 0 1 0 0 0 0 1 0 0 0 0 1 0 0 1 0 0 1 0 11 5 11 6 12 1 0.857 0 0 1 0 0 213 1
241.842314023 242.276896088 242.499367532 242.505247838 242.291185967 241.854981909 241.195602255 240.313189689 239.209066331 237.885730906 2 2 2 0 0 0 0 1 0 0 0 1 0 0 0 0 1 0 0 0 0 2 0 4 12 2 0 4 4 0 1 0 1 0 1 0 0 0 0 0 1 0 0 0 0 1 0 0 0 0 1 0 0 0 0 1 0 0 1 0 0 1 0 12 4 12 5 1 5 0.143 0 0 0 0 1 3 12
236.346849747 234.597241649 232.642856665 230.490748926 228.149043624 225.626898332 222.934458826 220.082809671 217.08391979 213.950583312 2 2 2 0 1 0 0 0 0 0 0 0 0 1 0 0 0 0 1 0 0 2 0 3 13 2 0 3 5 0 1 0 1 0 1 0 0 0 0 0 1 0 0 0 0 1 0 0 0 0 1 0 0 0 0 1 0 0 1 0 0 1 0 13 3 13 4 2 4 0.286 0 1 0 0 0 113 12
210.696355996 207.335487561 203.882850277 200.353864173 196.764419268 193.130795218 189.4695788 185.797579668 182.131744818 178.489072208 2 2 2 0 0 0 1 0 0 0 1 0 0 0 0 0 0 0 0 1 0 2 0 2 14 2 0 2 6 0 1 0 1 0 1 0 0 0 0 0 1 0 0 0 0 1 0 0 0 0 1 0 0 0 0 1 0 0 1 0 0 1 0 14 2 14 3 3 3 0.429 0 0 0 1 0 113 12
174.886523996 171.340939828 167.868950666 164.48689357 161.210727913 158.055953453 155.037530699 152.169803988 149.466427679 146.940295852 2 2 2 0 0 0 0 1 0 0 0 0 1 0 0 0 0 1 0 0 0 2 0 1 15 2 0 1 7 0 1 0 1 0 1 0 0 0 0 0 1 0 0 0 0 1 0 0 0 0 0 0 1 0 0 1 0 0 1 0 0 1 0 15 1 15 2 4 2 0.571 0 0 0 0 1 150 8
144.60347589 142.467146281 140.541538976 138.835886613 137.358374868 136.116100211 135.115033254 134.359987927 133.854596609 133.601291359 2 2 0 0 0 1 0 0 0 0 0 0 0 1 0 1 0 0 0 0 0 2 0 0 16 2 0 0 8 0 1 0 1 0 1 110 0 0 0 0 0 0 1 0 0 1 0 0 0 1 0 0 0 0 0 1 0 0 1 0 1 0 0 16 0 16 1 5 1 0.714 0 0 1 0 0 26 8
