-2.89399 -2.01299 -0.68499 -8.49837 -19.35501 -17.54836 -10.10223 -2.75222 12.19733 25.11822 2 0 2 0 0 1 0 0 0 1 0 0 0 0 0 0 0 0 0 1 0 0 4 10 0 0 4 1 0 0 1 0 1 0 1 0 1 0 0 0 1 0 0 0 0 0 1 0 0 0 0 1 0 1 0 0 0 1 0 0 10 0 11 1 5 0.143 0 0 1 0 0 1371 1 0 9 0 0 3 21 2 4 5 0 0.0 0.0 2.0 0.0 0.0 5.0 0.0 0.0 0.0 0.0 0.0 0.0 0.0 0.0 0.0 0.0 0.0 0.0 0.0 0.0 0.0 0.0 0.0 0.0 0.0 1.0 0.0 0.0 0.0 0.0 0.0 0.0 0.0 0.0 0.0 0.0 0.0 0.0 0.0 0.0 0.0 0.0 0.0 0.0 0.0 0.0 0.0 0.0 0.0 0.0 0.0 0.0 0.0 0.0 0.0 0.0 0.0 0.0 0.0 0.0 0.0 0.0 0.0 0.0 0.0 0.0
42.67133 54.84201 36.29072 20.80031 -12.71228 -36.67184 -53.75908 -69.43774 -75.32491 -58.55903 2 2 2 0 0 0 0 1 0 0 0 1 0 0 1 0 0 0 0 0 0 0 4 9 1 0 4 0 1 0 1 0 1 1 0 0 1 0 0 0 0 1 0 0 0 0 1 0 0 0 0 1 0 0 1 0 0 0 1 1 9 1 10 2 4 0.286 0 0 0 0 1 1201 1 0 9 0 1 4 29 6 2 0 0 0.0 0.0 2.0 1.0 0.2 5.0 0.0 0.0 0.0 0.0 0.0 0.0 0.0 0.0 0.0 0.0 0.0 0.0 0.0 0.0 0.0 0.0 0.0 0.0 0.0 1.0 0.0 0.0 0.0 0.0 0.0 0.0 0.0 0.0 0.0 0.0 0.0 0.0 0.0 0.0 0.0 0.0 0.0 0.0 0.0 0.0 0.0 0.0 0.0 0.0 0.0 0.0 0.0 0.0 0.0 0.0 0.0 0.0 0.0 0.0 0.0 0.0 0.0 0.0 0.0 0.0
-40.84714 -37.59696 -43.96007 -40.17309 -44.2712 -50.45704 -48.47588 -51.71273 -50.21024 -43.40031 2 2 2 1 0 0 0 0 0 0 0 0 0 1 0 0 0 0 0 1 0 0 3 8 2 0 3 2 2 1 0 0 1 0 1 0 1 0 0 0 0 1 0 0 0 0 1 0 0 0 0 0 1 0 1 0 0 1 0 2 8 2 9 3 3 0.429 1 0 0 0 0 345 9 1 7 1 0 16 10 7 4 0 0 0.0 0.0 2.0 2.0 0.4 5.0 0.0 0.0 0.0 0.0 0.0 0.0 0.0 0.0 0.0 0.0 0.0 0.0 0.0 0.0 0.0 0.0 0.0 0.0 0.0 0.0 0.0 0.0 0.0 0.0 0.0 0.0 0.0 1.0 0.0 0.0 0.0 0.0 0.0 0.0 0.0 0.0 0.0 0.0 0.0 0.0 0.0 0.0 0.0 0.0 0.0 0.0 0.0 0.0 0.0 0.0 0.0 0.0 0.0 0.0 0.0 0.0 0.0 0.0 0.0 0.0
-40.64442 -29.41871 -24.33937 -16.61495 -7.18583 -5.65397 -22.46862 -19.09647 -16.26432 -13.60173 2 2 2 0 0 0 0 1 1 0 0 0 0 0 0 0 1 0 0 0 0 1 3 7 3 1 3 1 0 0 1 1 0 0 1 0 1 0 0 0 0 1 0 0 0 0 1 0 0 0 0 1 0 0 0 1 0 1 0 3 7 3 8 4 2 0.571 0 0 0 0 1 10 7 9 7 2 0 11 13 2 0 0 0 0.0 0.0 2.0 3.0 0.6 5.0 0.0 0.0 0.0 0.0 0.0 0.0 0.0 0.0 0.0 0.0 0.0 0.0 0.0 0.0 0.0 0.0 0.0 0.0 0.0 0.0 0.0 0.0 0.0 0.0 0.0 0.0 0.0 0.0 0.0 0.0 0.0 0.0 0.0 0.0 0.0 0.0 0.0 0.0 0.0 1.0 0.0 0.0 0.0 0.0 0.0 0.0 0.0 0.0 0.0 0.0 0.0 0.0 0.0 0.0 0.0 0.0 0.0 0.0 0.0 0.0
-11.39019 -6.30003 -6.76882 -18.29566 -36.31176 -40.60012 -85.97389 -88.22619 -83.08533 -81.22553 2 2 2 0 1 0 0 0 0 0 0 0 0 1 1 0 0 0 0 0 0 1 3 6 4 1 3 0 1 0 1 0 1 1 0 0 1 0 0 0 0 1 0 0 0 0 1 0 0 0 0 1 0 0 1 0 0 0 1 4 6 4 7 5 1 0.714 0 1 0 0 0 172 7 7 1 3 0 1 13 2 0 0 0 0.0 0.0 2.0 4.0 0.8 5.0 0.0 1.0 1.0 0.0 0.0 0.0 0.0 0.0 0.0 0.0 0.0 0.0 0.0 0.0 0.0 0.0 1.0 0.0 1.0 0.0 0.0 0.0 0.0 0.0 0.0 0.0 1.0 0.0 0.0 0.0 0.0 0.0 0.0 0.0 0.0 0.0 0.0 0.0 1.0 0.0 0.0 0.0 0.0 0.0 0.0 0.0 0.0 0.0 0.0 0.0 0.0 0.0 0.0 0.0 0.0 0.0 0.0 0.0 0.0 0.0
106.9929 103.063 82.971 65.468 48.83499 32.82059 32.57621 29.31996 26.18039 27.22791 2 2 2 1 0 0 0 0 0 0 1 0 0 0 1 0 0 0 0 0 0 1 2 5 5 1 2 0 2 1 0 0 1 1 0 0 1 0 0 0 0 1 0 0 0 0 1 0 0 0 0 0 1 0 1 0 0 0 1 5 5 5 6 1 6 0.125 1 0 0 0 0 227 7 7 1 3 1 8 20 2 4 0 0 1.0 0.5 2.0 0.0 0.0 6.0 0.0 1.0 1.0 0.0 0.0 0.0 0.0 0.0 0.0 0.0 0.0 0.0 0.0 0.0 0.0 0.0 1.0 0.0 1.0 0.0 0.0 0.0 0.0 0.0 0.0 0.0 1.0 0.0 0.0 0.0 0.0 0.0 0.0 0.0 0.0 0.0 0.0 0.0 1.0 0.0 0.0 0.0 0.0 0.0 0.0 0.0 0.0 0.0 0.0 0.0 0.0 0.0 0.0 0.0 0.0 0.0 0.0 0.0 0.0 0.0
30.65357 20.23336 18.13185 8.77557 6.87293 6.35367 12.91816 10.70835 6.78744 14.87469 2 2 2 1 0 0 0 0 1 0 0 0 0 0 0 0 0 0 1 0 0 2 1 4 6 2 1 2 0 1 0 1 0 0 1 0 1 0 0 0 0 1 0 0 0 0 1 0 0 0 0 0 1 0 0 1 0 1 0 6 4 6 5 2 5 0.25 1 0 0 0 0 3165 1 7 9 4 0 4 29 6 2 0 0 1.0 0.5 2.0 1.0 0.166666666667 6.0 0.0 0.0 0.0 0.0 0.0 0.0 0.0 0.0 0.0 0.0 0.0 0.0 0.0 0.0 0.0 0.0 0.0 1.0 0.0 0.0 0.0 0.0 0.0 0.0 0.0 0.0 0.0 0.0 0.0 0.0 0.0 0.0 0.0 0.0 0.0 0.0 0.0 0.0 0.0 0.0 0.0 0.0 0.0 0.0 0.0 0.0 0.0 0.0 0.0 0.0 0.0 0.0 0.0 0.0 0.0 0.0 0.0 0.0 0.0 0.0
10.88635 9.32963 3.77516 -10.97964 -12.47995 -22.28368 -17.47869 -20.34584 -18.04582 -9.48199 2 2 2 0 0 0 1 0 1 0 0 0 0 0 0 0 0 1 0 0 0 3 1 3 7 3 1 1 0 0 1 1 0 0 1 0 1 0 0 0 0 1 0 0 0 0 1 0 0 0 0 1 0 0 0 1 0 1 0 7 3 7 4 3 4 0.375 0 0 0 1 0 187 1 7 9 4 1 19 36 9 0 0 0 1.0 0.5 2.0 2.0 0.333333333333 6.0 0.0 0.0 0.0 0.0 0.0 0.0 0.0 0.0 0.0 0.0 0.0 0.0 0.0 0.0 0.0 0.0 0.0 1.0 0.0 0.0 0.0 0.0 0.0 0.0 0.0 0.0 0.0 0.0 0.0 0.0 0.0 0.0 0.0 0.0 0.0 0.0 0.0 0.0 0.0 0.0 0.0 0.0 0.0 0.0 0.0 0.0 0.0 0.0 0.0 0.0 0.0 0.0 0.0 0.0 0.0 0.0 0.0 0.0 0.0 0.0
-17.07476 -12.28486 -11.506 -11.79576 -10.62117 2.35996 13.07318 8.17267 -0.50093 -11.09218 2 2 2 0 0 1 0 0 0 0 0 0 1 0 1 0 0 0 0 0 0 3 1 2 8 3 1 0 1 0 1 0 1 1 0 0 1 0 0 0 0 1 0 0 0 0 1 0 0 0 0 1 0 0 1 0 0 0 1 8 2 8 3 4 3 0.5 0 0 1 0 0 105 9 1 7 5 0 10 2 1 2 0 0 1.0 0.5 2.0 3.0 0.5 6.0 0.0 0.0 0.0 0.0 0.0 0.0 0.0 0.0 0.0 0.0 0.0 0.0 0.0 0.0 0.0 0.0 0.0 0.0 0.0 0.0 0.0 0.0 0.0 0.0 0.0 0.0 0.0 1.0 0.0 0.0 0.0 0.0 0.0 0.0 0.0 0.0 0.0 0.0 0.0 0.0 0.0 0.0 0.0 0.0 0.0 0.0 0.0 0.0 0.0 0.0 0.0 0.0 0.0 0.0 0.0 0.0 0.0 0.0 0.0 0.0
-18.53862 -18.7563 -22.87291 -25.8105 -27.71265 -39.06142 -50.94988 -52.6824 -56.80337 -47.79819 2 2 2 1 0 0 0 0 0 0 0 1 0 0 0 0 0 0 1 0 0 3 0 1 9 3 0 1 2 1 0 0 1 0 1 0 1 0 0 0 0 1 0 0 0 0 0 0 0 1 0 0 1 0 1 0 0 1 0 9 1 9 2 5 2 0.625 1 0 0 0 0 227 7 9 0 6 0 8 20 2 4 0 0 1.0 0.5 2.0 4.0 0.666666666667 6.0 1.0 0.0 0.0 1.0 0.0 0.0 0.0 0.0 0.0 0.0 0.0 0.0 0.0 0.0 0.0 0.0 0.0 0.0 0.0 0.0 0.0 0.0 0.0 0.0 0.0 0.0 1.0 0.0 0.0 0.0 0.0 0.0 0.0 0.0 0.0 0.0 0.0 0.0 0.0 0.0 0.0 0.0 0.0 0.0 0.0 0.0 0.0 0.0 0.0 0.0 0.0 0.0 0.0 0.0 0.0 0.0 0.0 0.0 0.0 0.0
-40.3798 -41.99353 -58.82742 -73.14492 -69.53506 -48.5991 -32.7171 -30.7931 -31.1491 -37.2011 2 2 0 0 0 0 1 0 1 0 0 0 0 0 0 1 0 0 0 0 0 4 0 0 10 4 0 0 0 0 1 1 0 0 1 0 0 0 0 1 0 1 0 0 0 1 0 0 0 0 0 1 0 0 0 1 1 0 0 10 0 10 1 6 1 0.75 0 0 0 1 0 1081 7 9 0 6 1 23 1 1 0 0 0 1.0 0.5 2.0 5.0 0.833333333333 6.0 1.0 0.0 0.0 1.0 0.0 0.0 0.0 0.0 0.0 0.0 0.0 0.0 0.0 0.0 0.0 0.0 0.0 0.0 0.0 0.0 0.0 0.0 0.0 0.0 0.0 0.0 1.0 0.0 0.0 0.0 0.0 0.0 0.0 0.0 0.0 0.0 0.0 0.0 0.0 0.0 0.0 0.0 0.0 0.0 0.0 0.0 0.0 0.0 0.0 0.0 0.0 0.0 0.0 0.0 0.0 0.0 0.0 0.0 0.0 0.0
