234.333598456 234.374024956 234.454773671 234.57563631 234.736301122 234.936353723 235.175278186 235.452458409 235.767179733 236.118630826 2 0 2 0 0 0 0 1 0 1 0 0 0 0 0 0 1 0 0 0 0 0 3 18 0 0 3 3 0 0 1 0 1 0 1 0 130 0 0 0 1 0 0 0 1 0 0 0 0 0 1 0 0 0 0 1 0 1 0 0 0 1 0 0 18 0 19 1 14 0.063 0 0 0 0 1 93 5
236.50590582 236.92800669 237.383845873 237.872249118 238.391958558 238.941635995 239.519866383 240.125161513 240.755963869 241.410650658 2 2 2 0 1 0 0 0 0 0 0 0 0 1 0 0 0 1 0 0 0 0 3 17 1 0 3 2 1 0 1 0 1 0 1 0 0 0 0 0 1 0 0 0 0 1 0 0 0 0 1 0 0 0 0 1 0 0 1 0 0 1 0 1 17 1 18 2 13 0.125 0 1 0 0 0 108 5
242.087537996 242.784885242 243.500899459 244.233739995 244.981523171 245.742327058 246.514196332 247.29514719 248.083172316 248.876245882 2 2 2 0 0 1 0 0 0 0 1 0 0 0 0 0 0 0 0 1 0 0 3 16 2 0 3 1 2 0 1 0 1 0 1 0 0 0 0 0 1 0 0 0 0 1 0 0 0 0 1 0 0 0 0 1 0 0 1 0 0 1 0 2 16 2 17 3 12 0.188 0 0 1 0 0 6 5
249.672328565 250.469372572 251.265326652 252.058141092 252.845772667 253.626189541 254.397376107 255.15733774 255.904105471 256.63574054 2 2 2 0 0 0 0 1 0 0 0 1 0 0 1 0 0 0 0 0 0 0 3 15 3 0 3 0 3 0 1 0 1 1 0 130.61 0 0 130.61 0 1 0 0 0 0 1 0 0 0 0 1 0 0 0 0 1 0 0 1 0 0 0 1 3 15 3 16 4 11 0.25 0 0 0 0 1 8 12
257.35033885 258.046035284 258.721007879 259.37348186 260.001733509 260.604093859 261.17895222 261.72475951 262.240031395 262.723351225 2 2 2 1 0 0 0 0 0 0 0 0 0 1 1 0 0 0 0 0 0 0 2 14 4 0 2 0 4 1 0 0 1 1 0 134.12201 130.61 130.61 134.12201 0 1 0 0 0 0 1 0 0 0 0 1 0 0 0 0 0 1 0 1 0 0 0 1 4 14 4 15 5 10 0.313 1 0 0 0 0 753 8
263.173372763 263.588822704 263.96850297 264.311292786 264.616150529 264.882115352 265.10830857 265.293934824 265.438283007 265.540726958 2 2 2 1 0 0 0 0 1 0 0 0 0 0 0 0 1 0 0 0 0 1 1 13 5 1 1 1 0 1 0 1 0 0 1 132.634 134.12201 134.12201 132.634 0 1 0 0 0 0 1 0 0 0 0 1 0 0 0 0 0 1 0 0 1 0 1 0 5 13 5 14 6 9 0.375 1 0 0 0 0 109 8
265.600725933 265.617824838 265.591654242 265.521930164 265.408453645 265.2511101 265.049868462 264.804780127 264.515977692 264.183673514 2 2 2 0 1 0 0 0 1 0 0 0 0 0 1 0 0 0 0 0 0 2 1 12 6 2 1 0 0 0 1 1 0 1 0 127.683 132.634 132.634 127.683 0 1 0 0 0 0 1 0 0 0 0 1 0 0 0 0 1 0 0 0 1 0 0 1 6 12 6 13 7 8 0.438 0 1 0 0 0 50 5
263.808158073 263.389798169 262.929034947 262.426381763 261.882421904 261.297806158 260.673250268 260.009532249 259.307489607 258.568016451 2 2 2 1 0 0 0 0 0 0 1 0 0 0 0 0 0 0 0 1 0 2 0 11 7 2 0 11 1 1 0 0 1 0 1 130.683 127.683 127.683 130.683 0 1 0 0 0 0 1 0 0 0 0 1 0 0 0 0 0 1 0 1 0 0 1 0 7 11 7 12 8 7 0.5 1 0 0 0 0 887 5
257.792060513 256.980620096 256.134740946 255.255513071 254.344067508 253.401573055 252.42923298 251.428281708 250.399981508 249.345619179 2 2 2 0 0 0 0 1 1 0 0 0 0 0 0 0 0 1 0 0 0 3 0 10 8 3 0 10 0 0 1 1 0 0 1 0 130.683 130.683 0 0 1 0 0 0 0 1 0 0 0 0 1 0 0 0 0 1 0 0 0 1 0 1 0 8 10 8 11 9 6 0.563 0 0 0 0 1 14 3
248.266502756 247.163958236 246.039326339 244.89395931 243.729217774 242.54646765 241.347077129 240.132413733 238.903841449 237.66271796 2 2 2 0 0 1 0 0 0 0 0 0 0 1 0 0 0 0 0 1 0 3 0 9 9 3 0 9 1 0 1 0 1 0 1 0 0 0 0 0 1 0 0 0 0 1 0 0 0 0 1 0 0 0 0 1 0 0 1 0 0 1 0 9 9 9 10 10 5 0.625 0 0 1 0 0 2499 5
236.41039196 235.148200582 233.877466922 232.59949768 231.315580911 230.026983902 228.73495116 227.44070254 226.145431485 224.850303402 2 2 2 0 0 0 0 1 0 0 0 1 0 0 0 0 0 0 0 1 0 3 0 8 10 3 0 8 2 0 1 0 1 0 1 0 0 0 0 0 1 0 0 0 0 1 0 0 0 0 1 0 0 0 0 1 0 0 1 0 0 1 0 10 8 10 9 11 4 0.688 0 0 0 0 1 571 5
223.556454172 222.264988785 220.976980106 219.693467774 218.415457236 217.143918901 215.879787427 214.623961137 213.377301552 212.140633048 2 2 2 0 0 0 0 1 0 0 0 0 0 1 0 0 0 0 0 1 0 3 0 7 11 3 0 7 3 0 1 0 1 0 1 0 0 0 0 0 1 0 0 0 0 1 0 0 0 0 1 0 0 0 0 1 0 0 1 0 0 1 0 11 7 11 8 12 3 0.75 0 0 0 0 1 466 5
210.914742632 209.70037983 208.498256688 207.309047877 206.133390903 204.971886414 203.8250986 202.693555683 201.577750485 200.478141085 2 2 2 0 0 0 0 1 0 0 0 0 0 1 0 0 0 1 0 0 0 3 0 6 12 3 0 6 4 0 1 0 1 0 1 0 0 0 0 0 1 0 0 0 0 1 0 0 0 0 1 0 0 0 0 1 0 0 1 0 0 1 0 12 6 12 7 13 2 0.813 0 0 0 0 1 1743 5
199.395151533 198.329172651 197.280562875 196.249649172 195.236727997 194.242066296 193.265902558 192.308447891 191.36988713 190.45037998 2 2 2 0 0 1 0 0 0 0 0 0 0 1 0 0 1 0 0 0 0 3 0 5 13 3 0 5 5 0 1 0 1 0 1 0 0 0 0 0 1 0 0 0 0 1 0 0 0 0 1 0 0 0 0 1 0 0 1 0 0 1 0 13 5 13 6 14 1 0.875 0 0 1 0 0 215 5
189.550062158 188.669046569 187.80742448 186.965266701 186.142624771 185.339532131 184.5560053 183.792045028 183.047637448 182.322755194 2 2 2 0 1 0 0 0 0 0 0 1 0 0 0 0 0 1 0 0 0 3 0 4 14 3 0 4 6 0 1 0 1 0 1 0 0 0 0 0 1 0 0 0 0 1 0 0 0 0 1 0 0 0 0 1 0 0 1 0 0 1 0 14 4 14 5 1 1 0.333 0 1 0 0 0 1117 8
181.617358509 180.931396324 180.264807308 179.617520896 178.989458278 178.380533358 177.790653683 177.219721324 176.667633737 176.13428457 2 2 2 0 0 1 0 0 0 0 1 0 0 0 0 0 1 0 0 0 0 3 0 3 15 3 0 3 7 0 1 0 1 0 1 0 0 0 0 0 1 0 0 0 0 1 0 0 0 0 1 0 0 0 0 1 0 0 1 0 0 1 0 15 3 15 4 1 4 0.167 0 0 1 0 0 464 5
175.619564445 175.123361691 174.645563045 174.186054313 173.744720989 173.321448845 172.916124471 172.528635792 172.158872538 171.806726688 2 2 2 0 1 0 0 0 0 0 0 1 0 0 0 0 0 1 0 0 0 3 0 2 16 3 0 2 8 0 1 0 1 0 1 0 0 0 0 0 1 0 0 0 0 1 0 0 0 0 1 0 0 0 0 1 0 0 1 0 0 1 0 16 2 16 3 2 3 0.333 0 1 0 0 0 1117 8
171.472092874 171.154868761 170.854955386 170.572257477 170.306683736 170.058147105 169.826564997 169.611859512 169.413957622 169.232791347 2 2 2 0 0 1 0 0 0 0 1 0 0 0 0 0 0 0 0 1 0 3 0 1 17 3 0 1 9 0 1 0 1 0 1 0 0 0 0 0 1 0 0 0 0 1 0 0 0 0 0 0 1 0 0 1 0 0 1 0 0 1 0 17 1 17 2 3 2 0.5 0 0 1 0 0 1320 5
169.0682979 168.920419822 168.789105099 168.674307261 168.575985469 168.49410459 168.428635254 168.379553911 168.346842862 168.330490293 2 2 0 0 0 0 0 1 0 0 0 1 0 0 0 1 0 0 0 0 0 3 0 0 18 3 0 0 10 0 1 0 1 0 1 110 0 0 0 0 0 0 1 0 0 1 0 0 0 1 0 0 0 0 0 1 0 0 1 0 1 0 0 18 0 18 1 4 1 0.667 0 0 0 0 1 693 5
