-4.484 -2.611 -1.394 -1.015 0.963 6.604 17.889 29.932 36.495 42.752 2 0 2 0 0 1 0 0 0 1 0 0 0 0 0 0 0 0 0 1 0 0 1 16 0 0 1 6 0 0 1 0 1 0 1 0 130 0 0 0 1 0 0 0 1 0 0 0 0 0 1 0 0 0 0 1 0 1 0 0 0 1 0 0 16 0 17 1 11 0.077 0 0 1 0 0 52 12
55.917 69.443 82.554 77.267 41.924 21.576 7.636 0.122 -2.133 -25.37 2 2 2 0 0 0 0 1 0 0 0 1 0 0 0 0 1 0 0 0 0 0 1 15 1 0 1 5 1 0 1 0 1 0 1 0 0 0 0 0 1 0 0 0 0 1 0 0 0 0 1 0 0 0 0 1 0 0 1 0 0 1 0 1 15 1 16 2 10 0.154 0 0 0 0 1 10 12
-40.099 -30.027 -19.746 -25.809 -45.892 -62.364 -83.814 -97.356 -93.057 -80.701 2 2 2 0 1 0 0 0 0 0 0 0 0 1 0 0 0 0 0 1 0 0 1 14 2 0 1 4 2 0 1 0 1 0 1 0 0 0 0 0 1 0 0 0 0 1 0 0 0 0 1 0 0 0 0 1 0 0 1 0 0 1 0 2 14 2 15 3 9 0.231 0 1 0 0 0 1066 5
-53.25 -33.847 -18.687 -17.75 -34.78 -49.674 -58.57 -59.522 -55.863 -42.364 2 2 2 0 0 0 0 1 0 0 1 0 0 0 0 0 0 0 0 1 0 0 1 13 3 0 1 3 3 0 1 0 1 0 1 0 0 0 0 0 1 0 0 0 0 1 0 0 0 0 1 0 0 0 0 1 0 0 1 0 0 1 0 3 13 3 14 4 8 0.308 0 0 0 0 1 49 12
-26.376 5.992 39.046 72.155 105.842 116.362 108.799 82.918 52.979 29.087 2 2 2 0 0 0 0 1 0 0 0 0 0 1 0 0 0 0 0 1 0 0 1 12 4 0 1 2 4 0 1 0 1 0 1 0 0 0 0 0 1 0 0 0 0 1 0 0 0 0 1 0 0 0 0 1 0 0 1 0 0 1 0 4 12 4 13 5 7 0.385 0 0 0 0 1 2499 8
19.947 28.402 41.885 47.895 42.639 26.598 10.887 -4.479 -22.093 -30.683 2 2 2 0 0 0 0 1 0 0 0 0 0 1 0 0 1 0 0 0 0 0 1 11 5 0 1 1 5 0 1 0 1 0 1 0 0 0 0 0 1 0 0 0 0 1 0 0 0 0 1 0 0 0 0 1 0 0 1 0 0 1 0 5 11 5 12 6 6 0.462 0 0 0 0 1 296 8
-25.121 -16.987 -9.583 -2.191 4.938 5.423 -27.995 -58.133 -74.621 -71.216 2 2 2 0 1 0 0 0 0 0 0 0 0 1 1 0 0 0 0 0 0 0 1 10 6 0 1 0 6 0 1 0 1 1 0 126.892 0 0 126.892 0 1 0 0 0 0 1 0 0 0 0 1 0 0 0 0 1 0 0 1 0 0 0 1 6 10 6 11 7 5 0.538 0 1 0 0 0 526 12
-54.349 -31.287 -8.06 14.806 27.362 29.514 31.29 33.543 32.622 21.921 2 2 2 1 0 0 0 0 0 0 1 0 0 0 0 0 0 0 1 0 0 0 0 9 7 0 0 9 7 1 0 0 1 0 1 129.892 126.892 126.892 129.892 0 1 0 0 0 0 1 0 0 0 0 1 0 0 0 0 0 1 0 1 0 0 1 0 7 9 7 10 8 4 0.615 1 0 0 0 0 109 12
13.737 8.394 -3.376 -18.107 -26.324 -31.558 -34.786 -34.999 -38.294 -66.541 2 2 2 0 0 0 1 0 1 0 0 0 0 0 0 0 0 0 0 1 0 1 0 8 8 1 0 8 0 0 1 1 0 0 1 0 129.892 129.892 0 0 1 0 0 0 0 1 0 0 0 0 1 0 0 0 0 1 0 0 0 1 0 1 0 8 8 8 9 9 3 0.692 0 0 0 1 0 11 18
-73.189 32.378 65.32 85.632 115.754 138.857 135.748 102.338 56.343 14.448 2 2 2 0 0 0 0 1 0 0 0 0 1 0 0 0 1 0 0 0 0 1 0 7 9 1 0 7 1 0 1 0 1 0 1 0 0 0 0 0 1 0 0 0 0 1 0 0 0 0 1 0 0 0 0 1 0 0 1 0 0 1 0 9 7 9 8 10 2 0.769 0 0 0 0 1 466 12
-10.924 -17.056 -22.987 -28.909 -35.561 -50.735 -67.356 -68.646 -65.154 -65.882 2 2 2 0 1 0 0 0 0 0 0 0 0 1 0 0 0 0 0 1 0 1 0 6 10 1 0 6 2 0 1 0 1 0 1 0 0 0 0 0 1 0 0 0 0 1 0 0 0 0 1 0 0 0 0 1 0 0 1 0 0 1 0 10 6 10 7 11 1 0.846 0 1 0 0 0 2499 8
5.922 5.185 0.209 -8.277 -14.076 -25.756 -37.07 -44.799 -54.478 -60.203 2 2 2 0 0 0 0 1 0 0 1 0 0 0 0 0 0 1 0 0 0 1 0 5 11 1 0 5 3 0 1 0 1 0 1 0 0 0 0 0 1 0 0 0 0 1 0 0 0 0 1 0 0 0 0 1 0 0 1 0 0 1 0 11 5 11 6 1 2 0.25 0 0 0 0 1 166 8
-60.572 -60.093 -59.528 -59.771 -78.287 -86.81 -79.821 -68.509 -24.258 1.086 2 2 2 0 0 1 0 0 0 0 0 0 0 1 0 0 0 0 0 1 0 1 0 4 12 1 0 4 4 0 1 0 1 0 1 0 0 0 0 0 1 0 0 0 0 1 0 0 0 0 1 0 0 0 0 1 0 0 1 0 0 1 0 12 4 12 5 2 1 0.5 0 0 1 0 0 2499 8
107.106 126.76 127.975 129.263 130.622 132.046 132.867 127.588 113.903 89.743 2 2 2 0 0 0 0 1 0 0 0 1 0 0 0 0 1 0 0 0 0 1 0 3 13 1 0 3 5 0 1 0 1 0 1 0 0 0 0 0 1 0 0 0 0 1 0 0 0 0 1 0 0 0 0 1 0 0 1 0 0 1 0 13 3 13 4 1 2 0.25 0 0 0 0 1 1062 8
59.177 26.417 -0.071 -19.713 -36.99 -57.766 -71.74 -82.47 -86.599 -88.399 2 2 2 0 1 0 0 0 0 0 0 0 0 1 0 0 0 0 0 1 0 1 0 2 14 1 0 2 6 0 1 0 1 0 1 0 0 0 0 0 1 0 0 0 0 1 0 0 0 0 1 0 0 0 0 1 0 0 1 0 0 1 0 14 2 14 3 2 1 0.5 0 1 0 0 0 22 17
22.251 23.922 25.551 27.131 28.656 30.026 16.996 -12.69 -24.4 -29.746 2 2 2 0 0 0 0 1 0 0 1 0 0 0 0 0 0 0 0 1 0 1 0 1 15 1 0 1 7 0 1 0 1 0 1 0 0 0 0 0 1 0 0 0 0 1 0 0 0 0 0 0 1 0 0 1 0 0 1 0 0 1 0 15 1 15 2 1 1 0.333 0 0 0 0 1 117 8
4.25 5.227 4.61 -4.909 -23.779 -41.485 -45.035 -31.41 -27.115 -27.0 2 2 0 0 0 0 0 1 0 0 0 0 0 1 0 1 0 0 0 0 0 1 0 0 16 1 0 0 8 0 1 0 1 0 1 110 0 0 0 0 0 0 1 0 0 1 0 0 0 1 0 0 0 0 0 1 0 0 1 0 1 0 0 16 0 16 1 1 1 0.333 0 0 0 0 1 280 8
