yuan3 2.804 3.456 -3.072 9.744 0.941 6.541 -12.026 -31.721 -19.646 -16.024
fang1 8.002 15.529 19.066 49.008 45.826 66.411 61.844 38.930 48.800 42.891
de5 32.635 34.441 32.842 52.751 44.927 57.631 44.582 19.991 25.983 20.717
cheng2 0.565 -4.432 -12.353 3.050 -9.197 1.496 -9.344 -29.433 -13.011 -6.103
shi4 19.013 28.473 26.196 42.502 24.128 21.713 2.206 -21.364 -15.791 -10.788
ye3 -5.010 -6.912 -8.539 3.283 -8.206 2.790 -9.635 -26.962 -11.914 -10.641
zai4 -8.164 -5.076 -8.605 7.923 -2.612 10.423 -2.024 -14.796 -1.606 0.364
han2 -6.379 -6.228 -12.702 7.236 -3.308 6.592 -4.281 -19.343 -1.370 5.406
wo3 19.341 20.678 17.559 36.459 28.686 32.991 14.312 -11.043 -10.527 -15.427
men5 0.131 -0.864 -6.624 3.153 -12.392 1.155 -12.726 -30.414 -15.969 -9.948
gui1 -8.613 3.228 -6.552 21.360 13.217 31.754 15.503 -4.142 9.082 8.231
qu4 5.445 6.147 -3.988 12.723 1.773 1.817 -14.633 -29.620 -13.795 -5.596
