yi2 -1.684 -5.948 -10.014 7.542 -7.015 9.583 -0.063 -18.988 -3.557 2.406
liang4 24.221 31.474 32.874 57.071 51.829 64.113 47.673 19.273 19.373 8.720
xiang4 13.786 19.952 17.751 28.026 10.639 5.422 -12.477 -25.902 -14.076 -6.343
jiu4 0.772 0.193 -9.275 1.754 -10.096 -8.548 -20.010 -34.104 -14.042 -6.112
mian3 -7.274 -2.040 -5.050 11.120 4.521 9.109 -3.226 -24.317 -13.901 -12.509
bu5 5.726 11.470 11.928 32.387 31.986 45.559 40.288 24.967 34.559 32.822
liao2 16.799 10.810 1.597 8.419 -9.960 -4.076 -13.954 -26.670 -13.739 -12.548
qian3 -2.061 -1.622 -4.781 7.377 3.592 7.692 -4.807 -20.842 -15.218 -12.347
bo2 -0.346 -6.419 -13.806 -3.750 -18.710 -10.101 -18.711 -32.375 -23.628 -19.432
cu1 0.515 4.982 6.236 38.609 41.289 59.440 51.793 39.471 48.883 45.952
cao1 34.531 36.198 24.010 45.339 29.247 35.591 26.115 7.362 21.156 16.725
yu3 -1.686 0.801 -9.931 5.605 -4.362 5.569 -8.249 -26.080 -12.729 -6.919
cu1 -4.299 5.654 2.743 32.061 35.258 53.769 49.335 34.512 50.290 47.451
su2 26.581 17.672 -1.772 2.714 -15.029 -2.041 -5.684 -12.974 5.352 11.490
