wei4 24.280 21.866 16.153 38.548 28.599 45.321 30.504 9.090 20.185 15.336
wo3 -0.101 0.174 -8.530 4.734 -8.671 -0.561 -13.237 -32.671 -22.191 -18.464
guo2 -3.255 -2.697 -7.970 4.984 -2.330 3.856 -5.734 -17.697 0.415 2.215
wen2 11.655 9.886 -1.265 13.116 6.590 6.714 0.458 -15.737 4.301 8.273
yi4 33.168 43.944 41.487 63.386 53.162 67.813 50.049 26.410 29.593 27.876
shi4 27.218 30.950 22.138 34.469 20.338 24.344 6.380 -21.414 -11.814 -10.474
ye4 -0.844 -0.624 -9.750 2.520 -15.860 -10.221 -28.775 -47.504 -30.702 -22.681
de5 -9.321 -8.905 -17.609 -3.105 -16.960 -4.033 -6.070 -26.414 -10.272 -7.319
jian4 9.769 13.848 18.258 49.400 54.047 74.423 64.907 39.177 38.168 27.728
kang1 27.116 28.490 23.464 49.571 40.060 51.095 42.911 26.051 35.400 31.928
fa1 27.223 32.285 22.858 46.516 42.748 56.323 47.953 30.200 42.916 41.525
zhan3 18.398 13.286 -0.128 6.330 -10.508 -9.571 -21.075 -33.816 -25.308 -13.486
ti2 -5.587 -5.152 -15.007 4.651 -8.558 2.056 -11.309 -28.225 -14.307 -11.273
gong4 18.252 18.843 16.910 32.715 18.142 24.411 9.387 -13.346 -3.485 -0.293
ke1 11.436 16.137 11.110 41.968 44.904 61.260 52.698 37.616 53.127 48.516
xue2 22.142 15.103 0.281 9.184 -10.842 -1.652 -13.208 -27.078 -16.209 -9.860
ji1 1.778 9.726 4.828 30.308 31.836 49.083 36.412 21.869 35.793 34.295
chu3 9.524 1.512 -10.402 -1.702 -20.717 -13.198 -26.663 -39.604 -29.542 -20.490
he2 -7.285 -5.033 -15.271 -0.251 -12.102 -2.286 -7.797 -24.348 -14.284 -12.049
zheng4 13.945 23.195 26.247 52.289 55.454 81.356 74.363 52.866 48.659 34.840
que4 21.803 20.692 6.460 19.944 -5.355 4.277 -10.604 -38.765 -22.587 -17.290
yin2 -10.262 -7.519 -15.122 2.831 -10.814 2.338 -10.312 -28.181 -9.149 -3.672
dao3 8.724 12.824 8.316 16.930 -2.507 5.005 -7.292 -32.059 -22.035 -17.426
