ze2 4.462 2.751 -9.481 4.846 -4.988 2.184 -7.406 -24.588 -11.765 -4.688
gai1 12.148 16.491 15.597 43.186 40.018 55.815 45.974 28.507 48.185 42.421
xiang4 38.060 35.520 23.563 29.071 9.776 10.603 -10.001 -28.099 -17.871 -9.845
qing3 -10.763 -5.009 -9.122 5.876 -2.142 4.816 -7.688 -31.537 -21.045 -18.622
qiu2 -5.247 -3.250 -10.324 2.007 -10.717 -2.617 -13.640 -28.328 -14.086 -9.582
bi4 19.255 25.884 28.652 53.051 53.800 70.342 61.093 34.387 35.271 23.510
xu1 25.231 30.453 22.714 38.183 23.478 32.022 20.699 0.316 14.920 9.498
yu3 3.730 1.271 -8.374 2.222 -9.889 2.567 -7.848 -28.404 -13.266 -11.584
li2 -10.873 -11.335 -21.011 -4.972 -17.550 -7.384 -14.027 -28.281 -16.529 -13.851
hun1 10.717 10.457 7.254 32.726 27.172 37.485 25.928 5.563 18.142 14.619
de5 11.725 16.172 6.032 16.747 3.660 19.170 1.381 -12.032 0.917 3.276
su4 18.046 24.112 22.720 47.109 51.388 68.930 55.932 26.905 26.032 15.058
song4 9.904 5.114 -3.145 3.815 -13.791 -16.529 -27.521 -45.943 -26.689 -15.539
tong2 -8.686 -7.411 -8.789 12.860 9.945 23.270 19.179 11.409 38.524 44.784
shi2 27.853 24.916 11.149 17.776 -1.959 1.293 -6.517 -22.931 -13.324 -14.379
ti2 -9.347 -11.127 -18.707 -3.508 -18.753 -7.297 -15.839 -31.356 -16.587 -15.735
chu1 6.977 16.538 8.715 34.455 19.932 35.971 23.830 6.452 16.254 13.998
