ta1 28.360 30.220 22.061 48.834 38.762 58.454 46.566 24.420 38.227 32.741
men5 19.850 23.229 18.784 30.572 15.377 22.743 10.649 -8.939 -2.284 -4.024
gei3 8.415 6.116 -1.681 7.941 -5.057 4.087 -5.512 -19.352 -9.109 -6.370
xin4 13.872 21.173 26.190 52.225 55.442 82.616 77.343 51.379 48.948 35.901
fang3 24.861 15.618 6.145 15.389 -5.019 -1.933 -17.148 -38.050 -25.150 -19.481
ju2 -2.721 -1.745 -12.607 -0.155 -13.351 -6.734 -16.533 -31.694 -20.614 -14.455
song4 -7.163 -0.556 -1.608 17.307 16.273 31.158 12.206 -10.175 1.654 -1.764
lai2 -3.478 -7.125 -17.351 -5.509 -17.647 -8.461 -16.137 -34.676 -23.016 -18.599
le5 -7.557 -8.580 -17.334 -1.566 -18.873 -4.987 -14.230 -30.129 -16.428 -11.466
xu3 -13.359 -10.517 -12.961 9.047 2.776 11.768 -1.702 -26.863 -20.504 -17.717
duo1 -7.816 3.477 1.401 30.611 21.967 32.571 22.585 7.180 18.407 20.005
jin3 7.751 11.518 4.813 19.138 7.799 14.278 -4.243 -26.755 -22.917 -17.499
qi2 -2.901 -3.373 -13.080 4.085 -10.212 -2.273 -15.299 -27.959 -8.112 -0.260
he2 -4.159 -3.453 -12.204 3.726 -10.782 0.890 -10.349 -24.956 -12.803 -11.355
gan3 -16.963 -13.980 -15.724 0.114 -6.345 3.990 -6.746 -29.749 -19.487 -19.148
xie4 -9.905 1.436 4.283 28.884 27.122 52.210 41.115 16.242 18.065 18.058
xin4 18.405 26.799 25.345 42.835 34.701 40.708 13.537 -6.293 1.522 3.080
