wo3 -7.224 -2.619 -5.124 3.839 -5.030 2.841 -7.161 -29.156 -13.103 -8.939
men5 1.692 10.023 2.783 9.230 5.008 14.227 4.065 -14.089 -0.436 0.536
zhen1 12.073 15.267 12.573 40.655 34.424 53.895 41.839 24.898 40.743 37.062
cheng2 22.514 18.013 5.077 15.365 -3.504 -0.603 -11.672 -35.386 -19.013 -17.446
de5 -4.469 6.905 -10.847 1.238 -13.344 1.184 -13.985 -23.293 -13.254 -11.358
xi1 -3.549 1.484 -7.094 14.323 1.087 11.525 -2.760 -23.274 -6.600 -5.965
wang4 -5.264 -2.870 -14.589 -0.995 -17.707 -12.106 -26.576 -39.780 -24.462 -14.284
pu2 -9.213 -7.972 -10.753 12.497 8.374 22.395 18.365 13.528 38.682 45.548
fa3 32.978 31.369 20.962 25.918 8.061 7.696 -10.275 -35.009 -23.126 -18.547
biao1 -0.716 7.609 3.231 36.322 35.161 55.677 46.109 31.630 47.982 45.663
yu3 16.677 13.970 1.289 7.322 -8.820 -6.724 -21.544 -42.111 -29.639 -22.599
de5 -12.270 -11.101 -15.890 -4.368 -14.530 -6.376 -11.557 -31.868 -14.586 -11.725
du4 7.427 18.186 21.247 51.000 55.770 81.545 74.088 49.577 45.781 34.689
zhuan4 25.596 28.236 19.709 34.770 19.398 31.524 10.445 -15.264 -2.226 -4.986
zhe3 4.968 5.709 -11.157 -1.151 -15.666 -6.017 -16.927 -36.127 -18.712 -10.991
