huan1 16.125 18.661 7.604 37.880 28.245 45.439 35.042 18.225 32.358 30.549
ying2 14.218 11.155 -3.321 7.486 -8.343 -4.189 -10.689 -26.068 -12.727 -11.054
zai4 14.591 21.975 24.064 49.542 50.847 71.791 61.209 36.261 34.337 24.959
yu4 22.467 19.186 8.630 26.449 7.875 12.931 -1.312 -25.936 -14.059 -8.459
gui1 -0.135 6.912 1.950 26.413 24.342 38.749 25.945 8.832 24.002 17.701
lai2 2.627 -0.856 -14.979 -0.401 -17.813 -8.288 -19.607 -34.446 -23.656 -19.522
de5 -8.659 -9.993 -19.595 -5.842 -21.964 -8.203 -14.989 -31.911 -17.270 -11.419
zhu1 -0.016 8.670 4.524 34.910 36.218 56.827 48.688 35.595 47.828 47.678
chen2 23.873 16.965 -0.462 3.652 -19.604 -5.737 -11.792 -21.670 -7.135 2.182
he2 1.639 -0.631 -10.982 0.514 -12.431 -0.351 -6.233 -20.359 -9.696 -6.982
can1 4.713 11.046 7.713 34.920 33.288 48.499 41.785 27.364 41.419 39.811
sai4 30.157 26.688 13.965 21.198 3.302 4.502 -11.716 -33.771 -22.317 -15.725
de5 -6.091 -5.148 -16.495 -3.696 -19.531 -5.072 -12.319 -30.265 -12.634 -6.791
zhong1 1.141 10.333 4.771 36.584 39.329 58.353 46.058 29.859 47.045 44.078
guo2 24.857 20.896 5.964 9.919 -3.765 1.567 -9.391 -26.556 -13.995 -9.161
guo2 -13.224 -11.679 -19.586 0.609 -7.522 3.236 -4.429 -20.915 -7.458 -2.692
ji4 19.734 28.822 22.813 33.418 22.842 29.236 10.808 -8.707 1.464 2.269
xiang4 12.103 18.067 22.198 49.638 55.635 78.334 71.386 45.405 44.134 33.029
qi2 10.790 6.772 -5.198 3.339 -12.861 -7.101 -16.697 -34.838 -22.117 -19.029
dui4 -6.805 -3.440 -13.300 -5.479 -20.267 -13.039 -26.000 -39.432 -26.751 -19.443
quan2 -12.944 -12.585 -15.936 7.063 -3.103 12.015 4.770 -6.690 15.291 22.098
ti3 17.768 16.448 6.053 16.543 0.074 7.094 -5.212 -34.176 -22.569 -22.322
cheng2 -12.121 -11.125 -21.701 -0.541 -15.076 -1.725 -11.387 -28.875 -10.659 -6.469
yuan2 3.468 3.910 -10.002 -2.938 -20.054 -3.345 -10.337 -23.913 -11.807 -5.240
