mei3 -11.142 -9.097 -13.587 -4.690 -14.750 -4.203 -14.032 -29.665 -13.398 -7.717
xing1 1.274 11.005 10.242 37.179 34.501 50.363 42.593 25.357 37.328 38.504
qi1 28.719 32.078 18.005 31.943 16.065 26.632 14.426 2.545 18.861 16.131
wei4 9.052 6.789 -1.644 2.947 -16.789 -8.902 -16.222 -28.927 -10.188 -1.735
gai1 4.619 12.050 7.669 37.465 31.581 46.227 35.667 13.560 25.973 23.189
dao3 23.579 19.848 9.809 21.084 1.111 5.758 -12.286 -37.381 -25.950 -21.473
shang4 -4.527 -3.165 -12.214 -1.230 -20.036 -11.844 -29.039 -45.277 -26.785 -15.104
liang3 -10.184 -7.819 -8.569 10.297 5.150 10.499 -2.386 -27.057 -15.922 -12.395
ge4 6.042 9.781 1.520 9.851 -10.501 -3.263 -20.258 -36.073 -23.054 -12.805
cun1 7.422 10.945 6.726 34.071 33.157 48.180 39.993 21.058 31.543 29.534
zhuang1 29.909 34.023 23.321 47.106 38.459 54.051 43.360 22.560 33.876 31.077
de5 16.419 14.394 5.756 21.713 7.506 18.240 9.106 -11.163 2.779 5.064
ju1 12.420 19.063 10.179 37.271 37.853 53.595 42.705 26.761 41.611 39.864
min2 18.216 11.072 -4.718 1.343 -17.728 -8.739 -10.209 -21.458 -9.504 -2.496
mei3 -5.743 -9.903 -12.215 4.102 -5.276 8.694 -3.763 -22.946 -9.572 -10.823
ren2 -12.241 -12.775 -20.636 -1.434 -11.629 -2.646 -15.418 -31.186 -14.106 -10.522
mai3 9.431 12.459 7.362 25.464 16.289 23.731 6.870 -18.603 -15.388 -17.447
yi2 -8.411 -8.574 -17.091 1.983 -12.199 -0.685 -12.220 -27.301 -10.728 -6.818
kuai4 5.725 11.761 6.800 23.034 12.787 23.534 8.276 -14.339 -3.964 -1.589
mian4 -5.139 2.779 -9.599 9.986 -0.243 11.711 -1.638 -19.788 -8.639 -6.939
bao1 6.859 14.726 7.270 30.198 21.120 36.443 25.346 14.532 26.535 31.129
