bie2 -0.438 -5.065 -14.930 7.495 -2.322 14.811 8.478 -5.274 12.694 17.047
gu3 17.281 20.435 12.647 26.663 9.310 11.864 -9.326 -33.155 -24.235 -18.453
en1 -3.000 4.584 -4.838 17.640 6.737 14.310 3.294 -11.203 4.706 7.553
jiao4 11.295 17.154 14.104 34.103 20.958 26.063 5.661 -16.095 -8.419 -5.602
shou4 13.747 10.809 2.951 13.405 -6.837 -8.620 -23.270 -38.546 -24.284 -15.493
da3 -4.831 -3.006 -7.428 5.566 -7.583 2.517 -10.299 -28.833 -17.743 -13.139
suan4 2.224 9.649 8.026 27.607 17.320 21.904 9.097 -14.791 -1.242 -0.117
zhua1 9.111 13.509 7.776 27.719 17.390 28.457 19.024 -2.070 14.256 12.507
zhe5 20.032 17.206 3.875 14.470 -1.226 8.116 -1.963 -20.938 -4.650 -4.952
lu4 18.854 25.288 24.489 52.417 53.812 67.835 50.549 25.503 26.404 20.198
yi4 24.160 19.710 12.159 20.153 1.434 1.840 -13.720 -37.760 -20.636 -12.440
shuan1 -3.214 8.168 2.689 28.200 26.338 41.817 31.506 11.934 28.038 25.007
zai4 7.775 8.790 -4.454 1.395 -18.078 -7.641 -21.901 -36.679 -19.161 -12.109
dong4 -0.680 11.035 14.281 44.070 47.709 67.567 52.486 33.732 35.876 30.053
kou3 13.523 9.238 -3.070 5.588 -10.758 -4.277 -17.312 -39.118 -24.647 -17.867
shi2 -14.141 -9.881 -15.612 3.988 -0.764 7.691 -5.184 -17.776 2.612 13.776
tou5 32.323 39.576 37.661 59.955 56.625 74.921 62.082 37.304 43.756 34.419
shang4 27.244 25.972 12.019 25.101 13.975 18.787 -0.292 -22.800 -16.353 -16.237
de5 -7.156 -0.161 -11.530 -3.285 -12.590 6.736 -5.581 -21.859 -9.025 -11.053
sheng2 -7.897 -6.833 -13.979 11.628 2.692 16.813 10.765 3.895 24.367 33.261
suo3 28.036 25.372 12.048 21.293 4.444 3.137 -11.157 -36.749 -24.101 -20.950
xia4 -6.663 5.876 1.500 27.263 25.189 42.052 29.327 0.863 5.775 4.541
qu4 -1.945 7.189 -6.513 4.394 -2.593 6.413 -7.934 -29.915 -8.560 -2.522
