shui3 6.255 6.456 -1.233 14.220 -1.302 5.370 -13.392 -31.292 -22.667 -16.928
ku4 20.552 32.872 31.013 48.131 43.771 52.976 36.821 6.442 11.810 5.861
yan1 22.949 25.248 16.462 41.988 28.266 37.452 26.013 8.020 19.612 16.575
mo4 13.769 11.736 0.284 4.927 -10.487 -8.095 -20.996 -37.410 -21.320 -15.407
yun2 -9.901 -6.628 -12.721 2.185 -6.109 -0.067 -11.307 -29.177 -11.478 -5.361
xian4 26.105 32.012 24.577 33.295 14.271 13.245 -7.176 -31.566 -19.830 -16.879
yun2 -8.199 -9.152 -15.980 0.972 -7.676 0.412 -7.922 -22.231 -10.418 -4.833
xi1 27.858 29.731 24.135 45.532 27.109 32.203 23.763 7.986 13.421 14.922
liang2 -4.640 -3.798 -11.378 12.025 8.930 21.571 17.554 10.765 34.838 40.368
tian2 40.357 41.579 34.064 43.948 33.434 37.978 25.829 4.821 14.008 7.618
liang2 -1.257 -5.434 -15.867 0.102 -11.683 -1.344 -8.424 -22.880 -10.612 -6.793
di4 18.675 15.482 6.267 13.510 -9.542 -11.098 -25.314 -39.077 -24.710 -18.450
san1 4.406 13.813 9.476 43.462 46.132 66.214 57.975 43.365 58.754 48.509
shi2 32.642 28.198 13.465 18.714 -0.349 2.238 -5.998 -22.328 -8.421 -8.243
yu2 -10.459 -7.617 -19.810 -1.611 -10.350 1.324 -8.359 -24.755 -5.863 -7.090
wan4 7.983 17.112 10.519 22.730 22.071 37.301 23.244 0.281 16.874 9.533
mu3 8.178 10.592 -9.412 4.723 -9.409 -3.008 -19.706 -36.555 -15.987 -10.560
