zi4 26.839 29.418 28.079 49.689 46.042 62.364 52.336 28.884 32.856 29.134
shi4 29.136 24.718 20.534 29.796 14.335 10.188 -6.861 -23.951 -12.829 -9.478
you3 -7.181 -9.960 -14.187 -4.621 -19.621 -9.489 -17.897 -36.733 -19.347 -13.653
shen3 -14.967 -9.047 -6.915 10.698 5.113 13.705 -3.624 -27.118 -19.357 -15.032
ke4 16.245 23.565 25.625 50.934 46.877 65.049 51.112 20.754 25.987 16.870
cheng2 3.708 -2.756 -12.919 -5.112 -18.719 -8.597 -15.165 -30.972 -19.287 -15.380
cheng1 6.623 6.729 3.304 34.481 33.581 55.351 47.187 32.330 41.472 40.254
yao1 33.734 38.965 26.419 51.913 42.410 59.759 50.060 28.936 40.342 38.062
de5 18.110 23.164 17.477 32.965 18.147 31.139 17.352 -3.929 6.447 7.252
lao3 -4.272 -5.137 -13.665 1.001 -10.658 -3.108 -14.425 -37.768 -26.625 -25.051
wu2 -4.398 -5.836 -10.607 2.376 -13.737 -5.098 -12.108 -25.106 -10.701 -6.082
xi1 13.226 16.316 8.333 33.572 26.321 41.272 25.116 4.970 20.066 17.080
xi5 2.111 0.345 -0.126 19.029 -0.119 7.617 -2.801 -27.726 -10.862 -8.359
ha1 11.996 12.299 5.631 32.358 20.558 33.513 24.827 3.263 14.746 13.051
ha1 10.066 14.231 3.209 26.068 13.941 24.951 10.240 -9.455 5.472 3.147
de5 6.463 8.053 2.665 18.948 10.914 20.383 4.685 -16.572 -0.128 -5.857
xiao4 16.735 22.042 14.343 27.276 16.341 22.487 3.239 -23.913 -14.486 -13.684
dao4 7.182 9.336 1.194 13.523 -0.988 10.388 -5.187 -25.692 -10.117 -5.111
