pi2 1.656 -0.391 -13.706 5.291 -1.693 12.280 6.211 -5.642 10.834 19.259
pa5 30.157 32.126 31.510 58.017 51.069 70.380 59.506 36.419 42.972 37.352
ting2 25.373 19.818 2.063 7.536 -11.217 -4.216 -8.429 -22.398 -7.576 -5.780
yu3 -4.932 -5.141 -14.946 -4.346 -15.882 -3.111 -13.328 -28.898 -15.027 -11.098
xun2 -8.243 -9.268 -11.879 8.216 3.160 18.209 11.901 3.204 26.912 34.928
yang2 34.233 39.634 31.856 58.175 49.039 66.763 55.268 34.582 40.865 33.640
lou2 20.092 16.087 -0.307 2.739 -17.619 -11.549 -17.349 -31.395 -18.967 -13.854
yi3 -12.960 -13.873 -19.436 -2.422 -6.712 7.268 -8.760 -27.008 -17.439 -16.463
bu2 -16.666 -11.298 -23.525 -5.954 -19.149 -6.749 -18.192 -31.992 -15.599 -11.287
zai4 -10.872 -0.157 -8.332 6.472 -2.616 4.861 -1.123 -24.463 -8.565 -8.301
shi4 -6.200 -6.346 -15.914 -5.070 -20.111 -14.724 -22.282 -36.989 -19.300 -11.435
chun2 -6.676 -6.438 -12.426 3.727 -6.139 0.904 -7.164 -20.126 -3.888 5.045
ke4 24.482 31.395 36.019 57.042 58.722 80.590 75.187 44.876 47.204 35.172
ti3 16.225 7.947 1.493 12.524 -4.389 -2.106 -15.505 -45.586 -30.497 -26.132
de5 -9.093 -3.835 -8.535 9.296 -4.736 11.871 -4.419 -22.722 -7.354 -1.809
cun2 -4.882 -1.577 -12.459 11.025 0.740 8.666 -0.074 -18.071 3.586 12.580
zai4 14.165 25.575 19.500 35.524 27.417 35.669 21.032 -6.695 6.852 4.407
