gong1 17.330 16.378 6.794 31.145 21.925 42.900 34.664 15.443 29.262 30.760
an1 29.155 35.003 23.776 47.438 32.355 47.967 37.290 18.309 30.889 31.528
fen1 34.774 41.035 31.383 55.737 46.360 58.278 48.432 28.893 39.356 34.966
ju2 6.333 -0.700 -14.314 -4.807 -23.324 -13.764 -21.607 -35.323 -24.162 -20.791
dui4 -5.471 -3.448 -11.601 -1.867 -15.050 -4.729 -16.236 -27.702 -10.775 -4.863
ge4 8.571 16.001 19.297 46.731 51.721 74.359 68.397 44.627 46.868 37.161
pai4 38.593 40.782 38.148 57.175 47.603 64.033 51.607 22.786 24.587 22.403
chu1 13.190 19.020 13.081 39.070 33.638 46.202 35.137 15.851 30.994 28.835
suo3 13.648 10.340 -5.183 3.345 -14.301 -10.543 -16.295 -28.943 -16.786 -8.030
shi2 -2.715 -4.181 -15.285 5.117 -1.223 9.857 -1.966 -16.471 -0.236 3.048
xing2 8.609 3.604 -7.230 5.332 -12.656 -5.904 -13.519 -25.914 -18.595 -15.899
shuang1 3.045 13.458 9.858 40.533 41.175 60.201 53.018 40.372 55.354 49.390
xiang4 35.171 28.851 19.885 25.631 8.334 8.803 -10.123 -25.390 -13.844 -5.861
gua4 18.301 26.688 29.221 56.101 55.762 76.891 67.013 42.064 41.906 30.948
pai2 17.166 6.581 -7.830 0.478 -14.520 -8.149 -16.294 -35.986 -20.426 -17.672
du1 -3.669 4.081 -3.667 24.390 19.184 41.293 29.667 7.632 21.321 20.442
zhan4 7.071 8.546 -4.499 9.319 -2.823 1.350 -16.208 -33.309 -16.013 -9.202
