yao4 14.538 13.588 2.876 19.864 9.918 20.355 3.865 -7.942 2.061 8.055
jian1 14.590 16.878 14.132 42.264 38.024 50.116 39.636 24.572 39.294 36.585
chi2 13.943 10.572 -4.872 1.190 -13.007 -6.172 -8.092 -23.905 -14.262 -13.577
guo2 -10.894 -11.461 -17.765 2.389 -2.426 9.827 3.186 -8.809 11.091 15.688
fang2 23.067 31.253 24.171 40.591 30.538 38.869 24.211 3.638 16.153 14.923
jiao4 29.282 34.403 36.969 56.365 50.191 63.902 44.808 17.712 19.411 17.382
yu4 16.324 18.467 14.019 20.712 -0.463 -2.933 -21.279 -38.921 -27.295 -19.539
yu3 -4.527 -7.546 -13.355 -1.537 -14.487 -4.741 -12.499 -31.137 -12.390 -9.488
qun2 -7.571 -6.495 -10.157 10.116 -0.067 11.611 0.238 -9.998 9.692 18.607
zhong4 40.893 45.055 40.875 53.082 43.227 53.029 35.905 12.384 20.856 15.881
xing4 11.832 7.803 -0.034 6.727 -12.278 -10.561 -25.572 -42.336 -23.702 -16.262
shuang1 0.802 3.770 4.610 37.190 35.203 55.664 49.909 30.048 41.407 38.607
yong1 29.499 35.513 26.897 49.999 36.300 50.143 34.491 16.948 27.476 24.393
huo2 0.707 -1.063 -11.055 3.678 -9.490 -2.331 -9.040 -26.438 -12.645 -9.740
dong4 10.490 10.503 3.440 14.352 -0.934 3.276 -8.473 -30.958 -16.609 -13.146
xiang1 2.325 12.531 8.535 29.566 30.873 50.865 40.632 22.547 38.047 35.026
jie2 2.227 0.013 -11.893 3.246 -9.350 0.297 -10.393 -25.776 -8.716 -5.301
he2 11.528 8.365 -4.140 2.268 -12.113 -0.403 -10.155 -18.369 -9.324 -3.170
