shi4 31.026 38.517 33.963 59.853 54.950 73.567 61.307 35.205 35.167 32.088
jie4 32.558 38.339 31.310 42.990 25.475 27.619 11.805 -13.574 -6.706 1.538
wei4 16.516 24.250 25.397 50.245 37.523 50.643 39.612 17.445 16.571 14.633
sheng1 21.103 29.190 21.903 47.743 37.580 46.434 31.641 12.136 23.417 19.198
zu3 1.444 1.616 -9.971 1.781 -13.629 -8.052 -22.747 -44.237 -28.746 -22.494
zhi1 -8.036 1.130 -3.920 9.987 -3.869 7.342 -4.538 -18.957 -6.966 -1.011
ai4 21.293 33.409 33.466 58.010 54.789 70.891 57.018 33.377 38.422 32.120
zi1 37.231 41.093 30.640 57.074 39.650 53.170 39.943 16.945 31.970 24.774
bing4 31.926 31.137 19.687 23.425 7.558 6.363 -15.233 -32.923 -18.309 -13.869
te4 11.434 15.382 18.302 46.494 54.164 76.307 70.698 43.152 43.365 32.736
bie2 11.895 8.472 -4.506 6.179 -8.500 -1.923 -7.555 -25.534 -10.352 -9.433
ji4 12.195 21.715 20.422 42.542 44.110 59.450 43.782 21.271 25.132 16.610
hua4 -0.473 -2.641 -13.445 -7.989 -26.117 -17.374 -31.571 -47.664 -30.441 -21.084
zhu3 -15.277 -12.285 -16.054 0.897 -7.157 2.938 -10.376 -33.328 -22.516 -21.454
ren4 -13.176 -8.382 -5.910 15.276 4.606 16.017 -4.025 -21.743 -8.888 -4.841
qiao2 -8.149 -6.689 -13.609 5.214 -3.411 7.868 2.005 -9.896 7.557 16.356
na4 35.656 39.718 39.776 58.681 48.778 64.973 55.680 29.129 31.579 23.351
sen1 23.667 29.101 21.596 44.138 32.741 41.956 30.963 13.101 26.610 20.717
man4 18.983 24.779 21.832 43.423 38.948 51.987 36.453 16.528 16.416 11.054
en1 18.589 19.692 11.053 32.551 14.572 29.667 17.502 -2.764 8.900 5.681
yi1 7.295 11.494 -0.675 20.403 9.839 28.849 17.018 0.605 11.675 10.214
sheng1 17.618 21.062 5.865 30.532 19.592 37.195 21.401 0.895 12.757 8.761
shuo1 2.222 4.178 -7.807 12.029 -1.519 11.491 -0.920 -7.214 5.714 16.600
