xu3 -10.444 -7.659 -14.520 -3.099 -13.240 -4.607 -16.258 -34.218 -22.295 -15.850
duo1 2.726 6.687 4.107 20.547 7.201 18.650 11.371 -4.424 5.416 7.493
pian1 27.099 27.231 20.330 42.727 26.976 38.777 27.380 6.940 18.712 17.975
zhang1 20.972 22.149 11.464 32.025 16.141 29.100 16.780 3.421 15.641 11.747
dou1 11.520 17.468 7.851 32.815 22.903 34.986 22.259 2.961 14.588 15.576
shi4 3.266 5.227 -3.503 10.501 -5.544 4.101 -15.442 -35.077 -23.022 -15.478
xie3 -6.917 -11.254 -14.229 0.104 -15.398 -7.001 -16.614 -34.625 -15.485 -9.734
xian4 7.671 17.484 20.544 47.465 55.878 82.211 74.689 50.137 48.178 36.345
dai4 30.592 29.128 13.537 24.365 4.985 10.764 -7.207 -29.739 -16.017 -11.257
ren2 -8.530 -8.436 -18.853 -4.328 -18.160 -6.817 -17.330 -35.500 -21.819 -18.943
de5 -5.026 -5.289 -16.234 0.325 -14.895 1.038 -3.559 -22.072 -8.887 -3.921
sheng1 7.400 14.208 7.795 40.140 40.796 60.057 52.537 37.395 53.316 47.893
cun2 13.412 7.361 -4.869 9.187 -2.484 1.142 -4.024 -15.198 -2.082 7.574
zhuang4 22.292 31.130 25.797 42.380 40.404 49.202 32.270 7.302 7.639 1.311
tai4 2.516 -2.268 -10.728 -0.718 -18.249 -15.236 -29.417 -47.391 -30.244 -20.186
he2 -3.498 -3.238 -13.001 1.300 -11.764 -1.279 -7.721 -24.299 -13.542 -13.757
wu2 -15.621 -13.833 -17.279 1.630 -5.565 5.828 -2.343 -15.869 1.184 7.984
nai4 26.390 36.434 28.965 41.494 26.143 30.789 16.140 -14.289 -2.284 -5.163
xin1 -1.741 6.496 -2.205 25.880 21.192 44.644 34.384 17.134 33.720 35.308
qing2 12.949 6.377 -11.950 -6.198 -23.338 -8.368 -14.052 -22.998 -13.958 -8.426
