bing1 27.060 29.478 23.833 49.388 39.499 56.452 43.583 24.327 46.193 39.731
yu4 34.407 36.997 26.799 37.434 21.781 21.455 -0.223 -24.199 -13.629 -10.524
da4 9.234 17.549 19.765 43.397 38.795 56.697 45.192 23.992 26.692 24.060
yue1 30.100 35.557 27.217 48.539 33.944 43.747 30.442 9.930 25.661 19.327
zhi3 5.884 5.681 -1.883 7.549 -5.820 2.749 -9.019 -33.283 -17.639 -17.443
neng2 -8.689 -8.819 -19.070 -4.191 -16.871 -8.287 -19.105 -36.951 -25.318 -20.045
zai4 -7.490 -6.447 -14.928 -5.996 -20.887 -11.391 -19.165 -31.523 -14.635 -9.247
dong1 0.825 8.644 4.573 36.460 35.746 56.435 48.888 35.883 49.427 48.410
ri4 39.681 43.648 30.250 42.214 28.654 33.804 13.164 -14.465 -5.747 -1.765
li3 -3.299 -4.739 -15.768 -5.298 -20.559 -11.372 -23.317 -42.861 -23.937 -16.870
xiang1 -14.086 -2.985 -9.025 18.209 14.651 34.109 24.102 1.700 15.004 12.649
si1 23.928 24.854 20.688 43.443 30.467 45.276 33.706 19.942 31.713 36.612
