ming2 -0.947 -2.883 -14.659 5.377 -3.979 13.826 5.676 -10.069 6.780 10.895
bai5 32.731 38.141 37.653 58.763 54.895 71.415 64.422 41.290 47.800 43.619
bu4 41.293 43.479 32.850 47.124 32.758 43.087 25.863 -1.799 5.780 4.334
liao3 3.662 1.286 -6.683 2.168 -13.834 -5.855 -12.353 -29.558 -13.753 -11.386
zhe4 2.845 6.820 8.123 37.337 35.686 58.746 47.260 23.897 24.982 22.347
ge5 12.569 9.535 -1.966 13.274 -4.800 3.659 -7.673 -25.521 -15.583 -10.720
lian2 -4.218 -6.348 -15.961 -0.219 -15.176 -4.362 -17.461 -35.221 -23.730 -17.629
dui4 11.448 14.588 9.077 20.569 -0.489 0.832 -16.739 -32.593 -22.603 -14.799
gang1 11.810 15.655 6.890 33.644 22.338 37.357 28.402 4.593 24.407 25.270
yi4 25.897 26.194 17.547 26.722 5.851 6.731 -12.353 -36.121 -22.127 -16.512
hao2 -8.993 -7.008 -13.178 9.020 2.074 13.838 6.783 -0.905 23.833 30.098
shuang3 24.146 17.855 10.559 17.517 -4.655 -4.001 -16.763 -34.520 -25.189 -20.634
cu1 8.649 16.328 10.469 42.613 42.366 61.659 54.658 37.558 52.890 48.015
li4 33.320 30.389 16.468 28.521 11.684 11.689 -7.489 -27.362 -19.473 -16.488
de5 -8.868 -6.611 -17.956 -6.501 -22.523 -9.108 -15.765 -32.993 -17.720 -14.444
ying1 -4.667 4.754 -1.429 32.234 33.771 53.591 46.243 32.161 51.141 46.388
xiong2 23.348 17.882 4.264 10.314 -7.922 -0.699 -11.410 -29.195 -18.306 -13.568
xing4 -6.548 1.607 5.098 25.124 28.102 46.495 37.724 17.711 19.706 10.788
ge2 4.998 -0.798 -13.532 -5.937 -24.205 -15.490 -21.654 -37.989 -24.495 -20.852
he2 -11.467 -12.351 -14.548 6.922 4.418 19.502 16.963 9.972 32.031 38.742
yi3 27.290 24.167 15.036 21.994 6.066 4.798 -11.702 -31.551 -19.369 -17.177
de5 -10.203 -3.845 -9.946 2.439 -7.572 2.899 -12.889 -27.723 -14.435 -12.523
sheng1 4.368 15.938 8.324 31.294 16.085 27.401 14.641 -4.104 10.385 10.309
