ye3 -3.359 -3.065 -7.627 0.535 -10.861 -3.784 -13.533 -32.349 -20.015 -17.748
bu2 -12.234 -9.937 -15.778 1.585 -9.893 -1.118 -10.823 -26.810 -7.814 -4.020
hui4 28.399 35.606 34.090 51.583 39.178 46.294 30.876 -0.307 5.054 0.460
jiang1 4.815 9.291 -2.246 13.142 -1.425 8.844 -3.320 -22.831 -6.779 -8.384
men2 -14.190 -12.443 -17.929 1.595 -7.985 1.090 -9.485 -22.085 -0.660 7.610
wai4 21.413 32.076 32.407 52.895 43.989 53.025 32.401 2.876 6.804 0.304
de5 1.239 0.559 -12.663 -1.136 -15.269 -2.700 -8.641 -26.607 -10.576 -8.650
lang2 -4.889 -4.166 -12.322 10.844 4.613 16.864 7.289 -0.581 23.740 33.296
peng2 26.845 21.379 7.153 14.486 -4.142 -0.868 -10.653 -28.445 -18.184 -15.580
chai1 -4.562 3.491 -0.932 30.211 28.301 50.514 44.185 31.647 42.255 41.373
chu2 22.325 15.076 -5.972 0.605 -18.844 -4.670 -8.352 -18.415 -5.810 -1.410
