zai4 6.616 12.877 -0.766 9.742 1.480 17.324 6.038 -7.862 2.688 9.982
qi1 13.865 20.473 13.976 43.984 38.911 54.413 43.914 31.047 48.825 43.571
zi5 31.536 26.151 14.209 18.962 -0.074 3.371 -13.923 -31.638 -21.046 -16.077
qi3 -11.932 -9.123 -14.967 0.009 -9.063 -0.158 -11.492 -35.498 -25.812 -25.169
tu2 -8.385 -6.873 -12.878 3.691 -10.212 -0.594 -12.209 -28.738 -16.013 -11.504
tiao4 1.646 11.042 13.810 38.711 38.655 50.381 38.941 12.696 13.166 8.671
ni2 0.614 -0.259 -12.125 6.529 -6.689 2.701 -2.166 -17.879 -4.047 1.627
ya4 20.926 32.907 29.925 49.567 38.582 53.282 37.923 15.236 20.459 16.143
jia1 16.973 17.744 11.673 37.604 26.110 39.810 28.573 9.924 22.153 21.010
la1 27.918 35.279 24.265 45.556 36.138 49.573 37.662 20.876 31.799 31.220
pu4 25.166 33.831 32.833 54.650 53.051 67.500 56.279 29.057 25.751 18.375
bu4 16.261 13.528 2.524 8.410 -9.556 -11.027 -22.505 -40.961 -23.548 -16.185
zi4 8.028 15.261 17.930 43.793 43.543 65.208 58.121 35.198 36.808 29.781
sha1 28.160 33.087 26.450 48.302 41.903 58.412 47.964 27.925 45.026 42.239
qian2 13.728 7.680 -8.980 1.247 -13.585 -2.515 -8.430 -23.784 -11.217 -10.123
hen2 -13.761 -10.610 -22.731 2.027 -0.041 17.529 10.761 -3.868 16.616 23.569
jiu3 17.465 15.534 8.554 19.674 -0.780 2.680 -14.165 -31.728 -24.274 -16.890
