shi1 30.201 34.081 27.920 56.087 47.035 71.541 60.169 44.458 52.887 44.555
ren2 17.725 11.500 -3.848 6.728 -9.579 -3.029 -13.041 -28.388 -17.358 -12.596
ai4 3.438 13.174 11.626 34.554 24.577 43.374 30.084 5.714 5.972 2.391
qing1 29.177 32.326 24.566 46.911 28.745 37.924 27.434 12.119 20.800 20.246
duo1 14.165 15.708 10.036 38.635 26.302 42.131 30.089 10.641 26.899 22.690
ci4 22.298 18.266 7.085 10.897 -7.147 -4.989 -20.824 -37.592 -21.831 -14.423
pei2 -11.113 -8.914 -17.404 5.137 -7.352 4.034 -1.401 -19.653 -4.746 -1.484
wai4 29.308 35.590 35.499 60.057 57.653 76.432 61.516 32.277 33.054 23.273
bin1 25.070 31.042 25.265 46.301 34.704 43.341 29.668 11.570 26.987 22.576
qu4 -1.938 -1.625 -10.652 0.027 -4.747 0.634 -15.599 -32.057 -16.458 -8.570
fang3 -9.737 -6.450 -12.208 1.847 -10.221 -0.160 -12.197 -33.155 -21.841 -20.457
wen4 -16.730 -3.428 -11.574 4.240 -0.702 10.680 -4.324 -29.317 -12.365 -9.475
ta1 -2.760 4.416 -9.280 7.457 -5.735 3.706 -11.020 -26.239 -6.999 -2.595
