ta1 -2.818 -6.038 -11.166 6.012 -10.733 4.383 -8.150 -23.359 -6.755 -4.601
yi4 7.914 16.390 19.138 41.749 38.689 54.481 40.289 16.162 19.764 14.156
bian1 29.422 35.685 22.377 45.316 29.056 42.041 29.726 8.544 19.565 17.888
gu1 19.477 26.257 13.190 35.272 19.552 32.401 15.876 -2.818 9.291 7.135
suan4 2.735 0.756 -12.613 -6.403 -24.964 -18.727 -29.212 -42.100 -25.879 -19.901
bai2 -15.004 -11.237 -16.731 3.301 -1.001 11.508 3.419 -9.929 10.144 18.655
ma3 21.309 23.098 15.846 25.565 8.967 9.873 -9.153 -34.770 -28.871 -22.622
jia1 -4.764 2.547 -0.586 16.571 4.677 17.487 5.908 -9.272 3.725 3.624
xin1 12.419 18.679 13.414 43.301 40.414 60.707 53.906 36.045 49.335 41.936
fang2 24.855 15.639 1.898 12.745 -7.777 -5.986 -15.020 -32.788 -20.167 -16.525
de5 -6.648 1.803 -5.038 11.375 2.098 16.571 4.755 -11.663 4.186 1.009
mian4 8.315 15.491 7.726 25.546 23.802 36.108 17.166 -9.289 -5.413 -10.544
ji1 7.148 11.135 -0.711 14.823 4.774 17.981 6.626 -6.874 8.767 10.350
