mian4 35.234 36.865 33.615 59.333 51.638 73.672 61.129 40.911 38.728 30.991
qian2 8.150 6.354 -10.909 3.369 -11.571 -4.037 -10.237 -30.309 -13.141 -9.188
yi2 -10.842 -8.140 -18.875 0.226 -13.685 -2.157 -13.358 -29.326 -13.680 -10.717
wei4 12.690 16.440 7.956 17.669 1.350 4.983 -7.570 -23.613 -6.616 0.819
wu1 17.677 23.623 19.016 48.399 44.190 63.541 52.985 35.848 44.372 39.710
lan2 23.870 20.957 8.441 18.481 -1.480 7.710 -2.530 -19.465 -3.418 -0.753
wu1 10.625 16.706 10.679 35.489 34.267 48.816 36.929 19.371 31.310 26.331
de2 1.115 1.284 -10.981 3.287 -12.297 -2.290 -13.951 -32.244 -19.720 -16.077
shi4 -0.911 6.102 0.060 18.355 5.198 14.205 1.704 -13.071 -4.857 0.408
bu4 25.343 32.139 35.264 56.102 50.132 65.507 50.621 24.371 28.908 23.912
li3 -2.126 -1.134 -11.646 6.807 -7.542 7.813 -6.420 -20.056 -2.515 -1.316
ya4 -1.361 6.535 6.827 32.143 29.252 43.707 32.114 8.404 14.653 13.151
te4 19.899 22.021 16.486 34.667 17.472 25.072 5.582 -16.712 -9.561 -5.000
gu1 -0.746 5.625 -3.816 24.447 16.075 36.315 23.994 7.255 19.897 19.021
niang5 20.039 17.917 11.946 30.411 18.921 23.523 15.771 -7.530 -1.867 0.652
ming2 -4.004 -3.619 -15.722 3.407 -10.183 0.903 -13.104 -29.934 -12.755 -11.760
jiao4 0.577 7.938 -0.725 10.540 -2.095 3.982 -10.589 -29.344 -16.640 -12.047
ao4 4.792 13.009 4.398 25.399 14.950 40.652 27.993 3.274 14.112 10.699
qi2 12.727 9.135 -1.780 1.808 -11.744 0.967 -4.710 -8.740 6.461 14.536
