jie2 5.494 4.326 -8.533 3.107 -7.084 1.357 -8.882 -21.558 -3.567 4.062
chi2 10.891 11.495 -2.591 7.182 -5.009 0.015 -7.851 -24.249 -10.799 -10.487
yun4 7.073 18.762 20.531 42.635 47.253 60.528 43.399 20.558 24.946 18.979
chao1 30.653 35.154 24.252 50.858 36.821 49.942 40.916 23.281 32.839 32.112
che1 37.529 39.604 29.308 53.510 39.456 50.165 34.525 14.425 25.943 19.377
deng3 5.729 3.868 -6.704 5.342 -10.826 0.241 -11.548 -28.530 -18.598 -13.955
fan4 -3.316 6.798 10.032 33.629 38.166 54.116 35.988 11.667 13.660 7.242
zui4 0.864 1.168 -10.292 -2.214 -18.413 -11.136 -25.798 -45.533 -32.086 -26.212
xing2 -13.873 -14.231 -17.840 0.324 -5.578 6.688 -4.432 -15.823 3.350 11.633
wei2 10.471 9.422 -5.938 2.691 -18.250 -10.244 -19.341 -34.385 -23.181 -19.562
bi4 3.049 10.862 13.993 42.854 46.842 74.163 65.112 44.193 43.238 33.319
ran2 13.504 13.105 0.797 7.725 -4.302 -2.762 -8.430 -28.223 -14.618 -13.666
hui4 -0.247 -1.231 -9.877 -5.194 -23.510 -18.356 -29.515 -42.549 -26.274 -18.444
da4 6.763 16.190 21.707 47.857 55.238 82.006 72.404 47.532 43.888 32.015
fu2 7.995 0.650 -11.344 1.586 -13.687 -6.190 -10.877 -30.477 -13.066 -12.970
shang4 -6.882 3.825 -6.824 8.233 0.374 13.888 3.858 -18.788 -4.922 -6.492
sheng1 12.007 21.259 16.991 37.009 25.024 40.207 26.686 11.556 25.833 25.098
