na4 31.810 27.433 21.898 47.352 40.509 65.616 52.913 34.421 37.659 31.786
shi2 7.937 7.361 -5.375 3.871 -7.658 -3.732 -13.963 -30.343 -14.122 -9.533
zhu4 4.414 14.659 10.291 35.731 37.611 54.632 37.621 18.631 21.008 10.790
de5 18.789 22.508 15.808 34.206 14.606 33.692 16.133 -3.149 2.689 0.506
fang2 -6.391 -5.628 -12.985 9.958 -0.627 9.908 -0.566 -12.907 8.852 18.968
zi5 24.141 30.321 19.105 39.374 27.192 41.384 25.979 0.418 -0.817 2.446
bi3 2.934 3.838 -4.494 6.464 -4.075 7.004 -4.121 -22.780 -12.269 -11.189
niu2 -7.604 -7.101 -9.102 8.772 0.965 12.033 0.109 -8.410 8.317 19.093
juan4 35.637 39.609 29.306 44.578 24.857 29.861 9.025 -16.530 -7.518 -6.415
hao3 -5.591 -4.313 -11.201 1.717 -10.258 -5.306 -18.098 -37.850 -23.345 -15.340
bu2 -12.786 -9.274 -21.588 1.546 -9.958 5.834 -6.401 -19.586 -3.724 -1.600
dao4 5.579 7.841 -4.218 18.263 10.100 29.459 17.907 1.600 10.888 11.178
na3 -7.325 -4.286 -14.281 -1.370 -9.161 -1.210 -10.872 -32.354 -12.685 -10.082
qu4 1.510 7.606 0.825 14.484 7.355 15.512 -0.409 -19.820 -3.948 2.535
