zhe4 33.131 34.973 34.424 56.684 48.446 68.308 53.685 26.121 37.896 33.477
shi4 34.158 33.014 20.692 34.118 20.202 29.353 11.543 -16.320 -6.109 -8.013
dui4 7.487 7.074 -5.027 1.386 -15.494 -3.522 -12.892 -29.329 -12.458 -7.838
xie2 -4.827 -2.847 -9.542 10.361 3.419 14.767 3.470 -9.008 13.061 20.333
jiao4 36.637 42.430 33.911 50.757 32.209 34.979 14.730 -10.774 -2.048 -1.210
fa3 -9.375 -5.814 -10.454 4.826 -2.745 3.600 -5.741 -30.473 -18.639 -17.437
lun2 -8.322 -8.091 -13.460 2.238 -12.570 -0.509 -10.965 -24.402 -9.678 -2.569
gong1 26.175 29.611 23.867 48.087 40.574 52.441 39.598 19.270 29.261 25.052
xuan1 17.736 18.718 10.801 37.948 28.337 44.476 31.241 17.640 29.931 31.521
yang2 15.733 11.061 -2.549 6.119 -12.292 -6.224 -15.964 -32.608 -22.613 -19.859
de5 -8.144 -7.678 -20.167 -6.283 -20.398 -6.147 -12.175 -30.052 -13.163 -9.087
zhen1 -0.231 9.090 3.238 34.824 36.211 55.714 50.410 34.382 49.605 46.865
shan4 35.107 36.793 30.591 43.895 29.323 33.163 13.762 -11.947 -8.236 -7.566
ren3 -8.306 -5.083 -12.070 4.159 -7.770 0.759 -11.584 -35.472 -29.166 -24.105
de5 -9.885 -11.840 -18.456 -7.346 -19.202 -9.899 -16.507 -32.619 -19.028 -14.267
ji2 -13.795 -11.134 -15.137 8.389 3.234 12.257 8.372 -3.604 14.179 22.069
da4 34.131 42.641 34.796 56.712 47.548 64.606 51.365 27.820 29.274 25.523
feng3 -1.561 1.146 -9.654 4.968 -7.113 2.510 -11.554 -32.633 -19.871 -16.433
ci4 6.925 20.898 12.846 31.675 21.513 33.571 10.850 -16.123 -3.426 1.122
