jiang1 21.931 23.123 17.493 46.335 42.757 61.224 48.383 31.810 38.823 34.574
qi2 -0.039 1.138 -11.141 7.367 -9.566 3.991 -8.259 -26.455 -13.607 -9.772
shi1 9.637 17.012 13.504 40.440 34.856 49.587 40.122 23.325 35.475 31.625
ti3 8.863 2.332 -7.499 1.797 -15.199 -12.116 -21.850 -41.980 -29.445 -20.565
jia1 -12.580 -1.392 -5.558 19.474 11.477 24.212 8.595 -8.928 4.745 0.169
yi3 -6.953 -6.898 -11.416 -1.672 -18.452 -6.034 -15.326 -31.977 -15.795 -9.125
fang2 -8.199 -8.325 -8.785 13.590 9.529 23.995 20.002 15.327 39.306 46.940
fu3 34.574 32.623 22.312 30.221 9.509 7.913 -11.901 -33.524 -27.292 -22.519
chu2 -12.411 -10.370 -16.726 2.168 -14.228 -0.237 -12.108 -27.084 -11.245 -6.619
li3 1.178 3.753 1.111 10.646 0.874 4.773 -12.069 -33.800 -21.816 -21.297
hou4 -0.781 1.892 4.861 22.929 8.784 12.276 -12.465 -34.697 -20.855 -12.223
zang4 11.002 13.727 8.152 17.733 1.047 7.539 -10.347 -37.676 -19.948 -18.248
zai4 -5.516 -4.286 -14.464 -6.282 -22.631 -12.167 -19.561 -35.319 -15.395 -11.764
song1 2.846 8.390 7.888 39.451 43.774 57.726 51.950 37.497 50.220 43.938
ling3 19.733 16.973 6.817 10.619 -10.785 -6.995 -19.795 -43.507 -27.755 -23.860
gong1 7.304 11.783 14.100 38.368 38.792 54.380 49.920 30.651 37.833 30.929
mu4 6.616 8.985 4.076 11.631 5.292 8.448 -4.243 -19.705 -4.136 -8.457
de5 -6.921 -4.188 -14.508 -3.517 -16.558 -4.501 -11.515 -29.186 -12.507 -10.266
wei1 3.234 11.095 4.607 37.466 39.901 58.857 49.416 35.804 54.089 46.909
er3 17.600 9.906 -2.468 8.099 -6.901 -2.919 -17.528 -41.594 -24.836 -19.393
bo2 -12.874 -11.208 -16.698 1.667 -5.931 3.991 -5.096 -18.434 -1.693 3.505
mu4 29.468 37.124 32.741 49.585 45.484 57.837 36.939 11.031 21.845 15.583
di4 1.405 5.646 -3.569 8.532 -2.372 8.312 -11.158 -30.173 -12.875 -9.641
li3 -2.727 1.883 -8.852 -4.561 -14.840 -4.593 -11.948 -32.722 -13.466 -10.606
