hong2 3.056 3.120 -8.129 10.868 2.760 14.595 4.452 -6.870 12.768 20.864
lao4 36.285 46.186 41.158 58.381 43.321 50.663 30.335 4.937 12.074 10.210
zai1 28.043 36.066 28.559 50.346 41.123 51.357 43.473 23.425 39.919 34.915
hai4 32.283 37.025 30.538 42.808 30.598 33.140 14.406 -13.639 -7.503 -4.462
zao4 -1.981 5.070 0.385 16.819 10.457 20.213 2.996 -20.122 -11.568 -14.406
cheng2 0.022 -2.411 -13.356 -1.079 -15.475 -6.269 -18.139 -35.232 -24.140 -21.989
de5 -7.367 -7.211 -17.580 -8.061 -23.110 -10.395 -16.486 -33.071 -18.060 -15.550
zhi2 -10.113 -11.338 -15.627 3.417 -6.110 5.867 0.372 -13.307 -2.190 3.688
jie1 27.957 34.745 28.005 51.077 39.548 54.860 46.105 26.395 34.759 29.755
jing1 33.027 37.544 28.217 52.872 42.713 57.203 43.569 28.120 38.810 33.814
ji4 27.372 28.791 16.974 23.514 8.399 16.030 -2.184 -17.651 -11.691 -2.789
sun3 -1.232 -4.516 -9.610 0.803 -7.769 3.325 -9.761 -33.324 -23.492 -20.490
shi1 1.188 7.314 3.225 25.987 20.289 31.497 23.002 5.590 14.424 13.795
jiu4 5.781 3.855 -5.502 12.359 3.926 15.961 2.665 -15.209 0.207 2.152
da2 -3.766 -2.906 -15.292 3.305 -9.423 0.521 -7.921 -25.913 -11.866 -9.916
shi2 -9.414 -5.191 -14.828 1.481 -8.321 3.840 -5.924 -21.173 -6.848 -2.337
yi4 29.416 42.557 27.833 45.606 39.735 56.462 39.921 18.710 31.672 23.131
yuan2 17.342 15.534 -0.645 6.969 -13.080 -3.958 -11.451 -22.967 -8.688 -3.921
