zheng4 27.987 37.511 34.304 54.851 53.982 71.056 54.816 32.222 32.471 27.363
dang1 31.643 29.419 22.171 43.905 29.611 38.550 33.627 6.673 19.445 11.763
zuo2 -3.507 -4.907 -13.321 3.027 -8.003 -1.989 -10.631 -26.633 -7.628 -4.900
tian1 33.985 35.083 31.232 52.176 35.327 44.635 36.352 17.467 21.639 19.642
mei3 -8.069 -7.905 -11.415 6.014 -3.127 4.974 -9.151 -31.551 -18.220 -19.213
guo2 -7.783 -8.415 -15.949 0.554 -14.806 -4.361 -13.153 -30.715 -15.665 -9.369
zhong1 5.811 10.316 6.454 36.691 33.434 49.352 43.258 26.084 35.901 31.960
yang1 34.198 40.819 25.600 49.813 37.022 52.215 37.019 19.659 29.910 29.458
qing2 8.123 8.048 -3.145 13.374 4.274 12.557 4.860 -5.845 8.713 15.733
bao4 33.123 43.264 37.565 58.380 54.580 71.282 57.625 30.273 34.182 29.235
ju2 6.221 1.821 -10.221 2.003 -11.836 -1.315 -9.488 -26.963 -13.646 -9.294
ju2 -11.971 -12.954 -19.369 -2.801 -13.325 -0.063 -8.680 -24.210 -13.823 -9.783
zhang3 -1.226 -3.419 -7.095 3.582 -13.255 -7.516 -16.668 -29.452 -17.290 -11.599
te4 12.989 20.883 25.219 51.484 58.917 81.887 74.681 49.313 47.795 35.260
ni2 23.018 15.363 0.457 10.870 -1.774 0.208 -4.111 -20.967 -6.657 -2.870
te4 19.509 17.803 15.938 29.673 10.243 8.788 -9.948 -30.613 -24.343 -21.416
shou1 2.291 10.407 6.083 34.275 34.877 55.461 46.204 30.021 44.203 37.471
shi5 19.537 21.650 14.304 32.486 16.147 23.155 7.022 -19.228 -8.430 -7.800
xing2 -4.467 -9.172 -16.104 -2.138 -18.067 -4.901 -11.221 -28.344 -15.448 -14.074
zhuang1 10.143 17.737 18.166 33.968 27.316 45.228 35.494 25.293 31.175 32.345
