dang1 6.361 4.730 -2.884 19.996 4.575 24.310 14.226 -7.944 5.326 7.172
ta1 5.897 12.380 4.626 28.557 16.167 29.748 18.610 -3.354 9.057 6.424
de5 5.568 6.600 -5.066 7.176 -10.064 3.981 -1.489 -17.761 -7.469 -3.901
ba1 9.015 15.669 11.588 40.510 40.257 58.549 50.320 35.871 47.492 45.684
yue4 32.758 35.078 27.032 39.267 25.635 30.645 10.373 -16.549 -9.438 -6.456
de5 -7.874 -3.938 -14.012 -1.911 -17.692 -6.021 -12.435 -30.879 -17.465 -13.556
xiang1 5.363 9.132 4.350 30.847 28.260 43.258 32.269 13.067 24.696 24.620
cun1 27.307 31.522 23.085 39.944 28.472 37.639 30.314 16.683 25.554 26.475
zai4 1.000 -0.674 -10.329 -3.137 -19.414 -9.232 -18.243 -31.785 -15.529 -8.859
lu3 -10.301 -6.418 -11.979 2.442 -5.779 1.603 -10.953 -35.789 -24.652 -21.948
xun4 -8.216 -0.198 2.441 20.629 5.554 13.739 -4.908 -27.737 -13.557 -7.527
bang1 7.378 13.123 10.248 37.402 40.421 57.888 52.041 33.799 47.774 45.961
zhu4 35.785 36.121 32.452 42.067 31.988 38.775 22.510 -1.993 4.828 4.298
xia4 3.250 3.801 -6.907 2.044 -12.675 -8.613 -22.840 -43.255 -26.402 -19.488
chu1 -8.431 1.611 -5.058 20.649 18.651 42.549 27.121 8.218 21.846 15.471
ban3 16.459 13.369 4.727 16.037 10.469 16.047 0.103 -23.067 -11.003 -11.758
hou4 0.485 5.604 -2.528 9.890 -2.628 6.342 -15.214 -30.479 -10.657 -1.604
