chan2 8.626 7.941 -5.585 16.097 5.419 18.564 11.782 3.020 23.708 30.655
pin2 21.816 17.607 2.395 10.866 -7.167 -5.375 -14.460 -27.088 -18.161 -13.789
yuan3 -15.511 -12.527 -13.097 2.273 -4.111 5.847 -6.995 -27.574 -20.850 -20.476
xiao1 -2.778 3.503 -1.567 17.775 4.586 15.458 4.425 -5.914 7.312 13.395
ri4 16.223 22.062 22.406 49.955 53.804 75.403 63.522 40.428 39.699 29.547
ben2 22.432 16.454 6.226 9.918 -11.493 2.108 -1.404 -8.504 7.058 9.550
mei3 2.698 2.189 -3.466 9.056 -2.561 3.932 -10.942 -30.900 -24.116 -21.678
guo2 -4.655 -5.518 -14.238 2.424 -10.719 -2.001 -15.080 -25.984 -9.534 -4.449
han2 -2.494 -6.416 -11.036 9.337 2.268 15.637 7.964 5.415 28.135 34.840
guo2 25.542 17.253 2.175 8.614 -10.400 -7.609 -14.497 -25.555 -17.827 -13.730
ou1 10.306 18.799 12.799 45.531 42.828 65.346 54.925 35.378 52.650 48.368
meng2 29.156 27.871 15.493 23.722 8.275 18.621 9.878 -5.281 10.016 13.504
deng3 4.626 1.080 -8.395 4.442 -4.927 3.370 -12.970 -33.010 -19.854 -18.301
guo2 4.025 4.488 -8.861 2.765 -7.357 5.385 -2.100 -11.811 3.501 7.357
