jin1 20.349 20.624 15.569 44.324 35.103 54.947 45.683 28.243 42.320 38.433
nian2 11.909 4.344 -9.506 0.143 -16.148 -9.458 -12.045 -25.800 -13.876 -13.115
qing1 5.149 12.794 11.250 39.995 37.006 56.287 43.030 29.564 42.307 39.240
hai3 20.688 14.560 1.945 10.977 -11.351 -7.270 -21.894 -38.298 -28.977 -23.458
tou2 -10.655 -8.651 -17.373 1.670 -13.405 -1.003 -12.745 -29.298 -18.795 -12.472
zi1 9.920 11.229 4.086 23.851 3.510 12.959 1.385 -18.600 -5.261 -4.615
san1 12.151 20.286 14.002 46.453 46.992 67.690 62.741 46.202 57.984 47.744
shi2 35.916 30.170 14.906 28.431 10.102 14.068 1.945 -20.386 -6.790 -1.264
yi4 2.620 6.816 2.257 16.938 7.446 16.804 4.237 -12.144 -3.633 -6.030
yuan2 8.405 0.358 -5.665 2.789 -13.969 -8.235 -12.771 -24.756 -13.803 -9.169
jia1 1.553 1.900 -3.703 18.784 5.290 17.650 7.914 -14.642 3.200 3.856
kuai4 -1.167 1.958 -9.598 5.069 -9.588 -4.519 -20.546 -39.543 -24.283 -16.364
nong2 -9.647 -9.922 -15.889 3.005 -10.995 1.308 -6.929 -21.704 -4.765 0.695
cun1 30.327 37.412 25.703 51.396 37.959 47.569 34.669 14.504 28.318 23.211
dian4 23.951 33.309 33.671 54.521 54.009 71.801 57.524 30.865 30.784 23.766
wang3 6.493 -0.465 -11.210 -2.825 -21.402 -15.475 -26.931 -44.802 -27.429 -17.496
he2 -0.322 2.185 -4.680 8.520 1.724 9.611 -1.490 -13.775 0.983 2.241
cheng2 -2.457 -4.473 -8.392 7.283 -0.449 5.757 1.162 -8.673 12.279 21.104
zhen4 36.350 44.214 34.780 48.909 36.127 43.193 23.180 -3.961 4.607 4.491
dian4 6.530 14.389 8.494 30.064 24.504 43.254 28.244 4.033 12.255 9.809
wang2 7.079 2.809 -8.930 4.744 -10.520 -1.734 -10.188 -29.067 -12.973 -9.909
gai3 -7.244 -4.995 -13.895 -3.600 -12.100 -6.837 -16.361 -37.249 -21.169 -20.974
zao4 -4.026 4.698 -2.855 10.115 2.283 15.829 -0.303 -22.788 -4.812 -3.913
