hei1 8.030 9.829 -0.349 30.426 22.552 39.076 27.251 9.420 25.718 18.281
de5 9.514 3.811 -6.308 2.132 -12.574 -3.759 -13.096 -29.307 -14.366 -11.062
bai2 -3.014 -5.717 -12.593 5.500 -5.930 4.645 -6.550 -22.085 -3.666 6.304
de5 22.956 22.775 10.754 18.566 4.772 11.899 2.955 -13.032 -1.744 0.824
zong1 13.684 21.804 18.583 42.396 38.436 52.048 44.148 32.160 42.812 38.762
de5 14.267 9.202 -4.885 2.706 -17.002 -11.184 -19.670 -34.520 -17.630 -11.550
ge4 5.639 13.005 11.957 36.929 35.220 54.858 42.567 20.437 27.034 27.141
se4 23.160 29.585 27.309 43.314 31.883 41.096 22.301 -4.915 3.416 1.288
ma2 -8.417 -9.453 -13.918 3.549 -10.097 1.601 -7.879 -23.668 -1.342 3.677
pi3 15.194 8.725 2.232 8.169 -12.192 -11.744 -22.743 -36.779 -26.403 -18.721
meng2 -8.438 -7.574 -18.318 1.044 -12.003 -0.590 -17.137 -32.937 -15.588 -10.139
zhe5 9.497 4.960 -0.511 12.797 0.223 11.838 4.708 -15.502 -6.564 -9.300
zhi3 -1.155 -4.350 -8.847 1.738 -10.505 -2.280 -12.933 -32.921 -20.361 -18.345
lou4 7.703 15.109 19.128 45.446 45.392 64.727 55.572 31.264 31.909 24.132
zheng4 24.729 23.156 21.843 50.345 38.507 56.690 43.287 20.653 25.400 19.106
qian2 0.185 -2.699 -10.968 2.886 -10.759 -0.156 -7.173 -23.971 -6.997 -3.274
fang1 19.418 21.810 17.888 42.698 29.226 41.123 26.788 3.328 13.462 7.901
de5 5.396 9.649 7.307 16.214 6.297 23.138 6.986 -6.692 3.548 0.787
yan3 -0.012 1.225 -8.537 6.884 -3.984 5.342 -9.067 -32.963 -20.177 -17.757
zhao4 4.628 14.497 5.009 27.435 19.197 28.414 5.999 -21.537 -7.817 0.056
