chu2 11.639 16.028 4.787 23.928 14.725 32.418 19.458 9.833 23.564 25.039
le5 28.248 29.023 20.396 33.796 18.781 32.806 19.641 4.170 17.159 13.201
dong3 -0.036 -0.561 -7.613 5.387 -6.132 1.087 -14.148 -35.858 -24.639 -22.653
yan4 5.136 13.207 20.826 45.843 48.640 68.913 61.579 37.912 37.484 28.245
mei2 15.307 10.126 -3.903 6.271 -9.619 2.129 -6.662 -19.354 -4.382 1.131
duo2 -7.373 -6.365 -15.687 1.468 -8.226 1.471 -11.495 -29.630 -17.313 -11.907
guan4 12.967 14.582 8.251 19.837 1.963 -0.298 -16.370 -37.534 -24.663 -18.975
hai2 -8.439 -5.563 -12.752 6.212 -3.090 7.546 -0.084 -13.360 0.852 6.236
suan4 31.692 33.217 29.692 53.859 45.788 63.786 48.189 24.967 27.487 22.291
shi4 11.885 11.704 0.686 9.389 2.981 11.423 -0.273 -16.233 1.705 3.461
ge5 -1.650 -5.747 -12.922 1.960 -13.640 -3.796 -14.336 -31.665 -17.715 -13.935
hao3 -9.827 -8.182 -12.282 3.953 -5.696 4.674 -7.980 -31.341 -20.711 -16.885
xiao1 -6.986 1.394 0.105 32.741 32.518 51.150 45.788 31.832 44.145 41.960
xi5 36.243 34.299 21.440 37.544 24.648 33.136 17.123 -11.011 3.197 2.607
wai4 15.439 20.810 8.584 18.292 3.307 11.614 -7.067 -29.013 -12.782 -10.923
