dai4 12.443 15.317 8.844 31.726 26.900 43.786 31.076 7.098 15.907 15.038
dong4 17.496 18.935 9.242 12.752 0.106 3.568 -10.431 -27.859 -10.910 -2.951
diao4 13.136 20.242 21.634 51.817 55.953 78.927 68.694 41.269 41.150 30.748
cha2 14.647 6.882 -7.839 0.809 -13.117 -5.044 -13.156 -31.403 -15.898 -11.618
ping2 -13.205 -15.172 -19.599 -1.914 -5.972 2.073 -7.219 -18.946 1.482 7.687
jia4 35.190 42.247 37.568 53.605 38.546 44.818 26.738 -3.234 4.346 3.994
gong1 13.585 20.573 12.334 37.369 35.444 48.330 38.905 20.784 34.964 32.912
zuo4 23.329 26.008 13.825 24.024 5.215 9.808 -12.863 -35.460 -24.074 -16.317
liu2 -15.659 -13.177 -19.265 -3.279 -14.597 -4.462 -13.528 -28.965 -10.504 -5.584
cheng2 -5.155 -3.367 -12.551 6.661 -8.744 3.672 -6.463 -22.338 -13.496 -7.669
de5 13.759 17.308 14.453 27.163 19.759 40.082 28.972 16.548 20.768 23.449
chong2 8.457 4.650 -4.322 15.451 6.659 16.331 14.571 5.626 27.431 36.436
zu3 14.127 4.651 -2.964 3.880 -16.137 -10.728 -21.933 -38.899 -29.391 -24.770
he2 -5.355 -4.457 -13.436 -0.743 -14.942 -3.370 -12.410 -28.249 -14.923 -12.554
chuan2 -7.291 -7.209 -7.687 14.756 10.962 26.142 22.052 20.090 44.572 48.307
tong3 30.956 25.969 17.491 19.569 -1.925 -1.090 -16.949 -39.432 -25.424 -19.922
gong1 2.448 4.237 0.818 32.870 28.083 45.287 35.600 19.052 34.066 32.269
zuo4 23.467 26.042 17.888 29.231 9.450 11.497 -6.985 -29.120 -13.486 -8.652
fang1 -2.923 4.195 -4.687 20.197 16.230 32.149 21.656 5.089 22.274 20.641
shi4 21.468 25.395 17.029 32.497 26.931 31.769 12.803 -14.333 -7.328 -10.513
de5 -9.585 -4.085 -14.119 -3.622 -13.083 -4.549 -16.104 -32.517 -13.691 -15.508
bian4 -3.454 4.682 0.741 17.496 20.383 29.970 21.096 -5.336 0.563 -6.764
ge2 5.545 -2.254 -16.430 -8.260 -20.658 -8.739 -12.419 -25.186 -9.565 -5.398
