wen1 33.275 34.033 28.938 56.011 50.727 72.501 60.501 45.084 53.587 44.689
de2 28.151 30.855 19.926 37.083 23.282 33.041 17.798 7.291 17.879 17.498
bo2 8.686 11.415 3.849 30.783 22.392 39.162 31.820 18.446 35.343 33.318
er3 16.540 24.564 12.036 27.222 10.411 24.475 2.114 -19.943 -6.440 -5.125
nei4 14.678 23.514 26.056 46.142 34.511 46.289 31.085 2.510 8.297 1.818
ji2 -11.290 -5.776 -16.121 3.267 -9.908 0.323 -9.666 -27.750 -5.620 0.043
tuan2 9.403 10.685 2.897 19.486 0.465 13.610 2.268 -11.110 2.218 1.326
dong3 -13.591 -4.519 -10.650 8.258 -0.607 6.867 -3.230 -27.764 -16.312 -15.511
shi4 -5.749 2.907 -0.343 25.529 15.366 30.769 19.527 -3.067 5.214 7.233
zhang3 5.701 2.755 -2.373 9.583 -7.842 -5.722 -17.422 -30.026 -18.391 -11.221
luo2 0.713 -0.532 -13.132 3.835 -7.995 3.927 -1.381 -17.161 2.443 7.266
bo2 29.311 31.629 19.394 41.158 23.077 38.468 27.012 10.713 18.231 17.160
te4 35.517 37.044 31.128 42.466 25.757 29.039 11.952 -11.896 -4.280 -2.566
wen1 7.890 15.278 9.607 43.451 44.172 64.443 55.777 40.737 56.119 46.572
de2 27.883 24.055 9.702 20.157 0.867 12.679 2.635 -7.499 6.911 12.497
bo2 2.145 -0.864 -4.913 15.463 11.599 24.570 20.902 10.803 26.177 27.958
er3 17.462 17.458 10.696 21.044 11.029 14.861 -0.988 -25.482 -9.802 -8.893
nei4 0.604 4.133 -5.666 5.752 -7.908 1.066 -17.959 -35.964 -18.456 -9.482
bu4 8.087 18.747 21.962 48.618 46.107 69.624 58.703 28.915 30.489 18.210
lang3 5.223 5.077 -9.041 -0.223 -12.992 -7.013 -15.128 -36.303 -20.440 -15.392
shuo1 -6.447 5.693 -0.070 16.222 8.841 20.311 6.545 -5.087 8.854 17.034
