er2 -3.312 -5.783 -14.035 0.390 -14.993 -1.647 -8.424 -25.203 -15.638 -12.595
xue1 0.967 8.289 6.753 37.741 37.686 57.597 48.369 33.023 45.350 44.832
shen1 38.382 40.313 30.294 52.212 35.665 46.326 38.299 16.017 25.862 23.160
deng3 12.579 11.290 0.802 13.069 -0.673 6.243 -7.008 -31.037 -20.843 -18.709
ren2 -5.542 -8.154 -17.130 -0.600 -15.622 -2.787 -11.708 -30.449 -20.674 -15.854
que1 -1.681 5.663 4.109 26.532 23.002 34.839 23.107 3.018 16.523 16.790
zhen4 10.590 7.901 -2.391 5.072 -14.827 -14.006 -25.550 -37.422 -25.472 -16.695
ken3 -0.243 -0.648 -5.412 9.039 -1.808 5.876 -6.957 -32.188 -20.368 -16.181
ding4 7.198 14.326 17.441 32.962 25.369 36.773 23.582 1.440 5.257 2.995
hui4 16.407 15.562 6.569 13.603 -3.731 -2.600 -15.671 -34.014 -16.254 -7.850
xue1 7.171 11.722 10.105 35.510 33.254 48.893 40.150 23.894 37.538 32.368
ruo4 4.592 3.681 -11.173 -4.613 -22.858 -15.103 -27.790 -45.801 -29.275 -21.353
guo2 -9.946 -12.486 -16.837 0.114 -11.911 -1.911 -8.222 -21.983 -5.561 -0.903
an1 15.695 21.881 11.207 39.887 33.561 44.038 31.427 10.597 23.881 24.338
dui4 29.907 35.145 24.177 36.730 29.730 32.375 12.975 -11.674 -4.416 -5.353
de5 -5.672 -6.175 -16.446 -4.018 -20.781 -6.110 -11.247 -28.949 -11.113 -6.866
gong1 1.670 10.189 5.052 36.128 40.864 59.551 54.211 39.618 59.116 52.649
fang2 26.074 21.939 5.766 12.925 -1.495 2.635 -7.363 -21.156 -8.056 -2.706
shui2 -8.248 -8.304 -16.916 3.332 -5.421 7.501 0.804 -13.365 9.800 14.823
zhun3 12.728 15.814 6.680 15.872 -5.615 -0.130 -12.743 -33.722 -20.906 -15.177
