jiao3 -1.974 -1.224 -5.967 6.075 -5.815 7.036 -8.501 -25.460 -14.348 -11.860
huai2 -4.940 0.248 -10.249 3.873 -4.216 11.052 4.192 -7.118 10.269 16.369
you3 18.999 22.725 15.067 29.333 17.704 17.949 -1.833 -23.542 -17.622 -13.522
shang1 5.809 15.478 10.624 36.625 35.019 51.146 38.260 17.745 35.589 31.625
de5 10.292 13.294 -1.330 12.122 -1.367 6.919 -4.824 -19.388 -7.218 1.339
du4 3.825 10.818 7.076 24.344 18.315 31.381 16.333 -3.995 -2.586 -9.822
feng1 22.953 30.065 24.084 45.289 34.410 46.712 34.264 20.434 31.146 30.519
zai4 10.784 7.998 -1.884 1.469 -17.288 -7.004 -12.625 -25.346 -9.053 0.017
kai1 3.783 15.242 8.915 40.824 41.704 62.076 54.684 35.345 50.063 46.692
chang3 27.972 23.355 13.771 19.884 -0.437 3.374 -11.500 -27.527 -15.768 -11.346
bu4 12.513 17.234 21.040 49.568 53.037 76.037 68.090 45.591 45.453 34.443
jiu3 21.407 13.499 7.212 19.613 -2.570 -1.981 -14.065 -24.485 -13.613 -4.966
ye3 3.616 0.228 -7.207 0.327 -12.519 -7.087 -19.242 -36.681 -25.094 -16.714
pi1 -3.242 7.705 5.406 31.146 29.624 47.673 36.262 20.080 34.333 33.931
gua4 26.687 30.477 24.239 42.705 31.485 39.060 18.583 -6.768 -3.531 0.336
shang4 -0.514 6.196 -0.767 14.607 7.973 25.666 10.368 -15.104 -6.865 -7.893
zhen4 6.947 13.820 6.015 17.508 6.476 15.017 -3.507 -24.754 -11.836 -7.493
