du2 -0.858 -3.641 -15.474 2.182 -10.232 0.237 -14.377 -23.477 -8.872 -5.789
chu1 5.452 10.679 4.416 27.424 17.599 23.499 13.251 -3.976 7.951 3.872
de5 1.445 3.824 -6.279 8.660 -6.171 3.201 -4.251 -22.223 -7.470 -1.506
que4 24.831 27.322 23.725 50.711 45.710 68.100 52.153 29.820 38.016 29.414
shi4 15.872 14.796 5.691 9.940 -6.315 -4.572 -15.499 -28.614 -9.315 -1.649
yi4 15.304 24.578 24.359 49.874 51.033 73.945 56.922 36.380 39.645 31.685
lian3 16.919 11.667 2.169 12.056 -3.069 1.153 -14.953 -41.289 -29.697 -24.286
de5 -7.673 -5.354 -12.035 1.362 -8.870 1.562 -2.666 -19.221 -3.172 -0.063
xing4 18.278 24.671 27.419 55.656 59.114 83.654 74.768 49.197 47.110 31.720
fu2 19.816 10.169 -3.568 5.303 -14.399 -8.250 -16.782 -29.113 -12.101 -4.591
yu3 -5.399 -6.423 -12.472 2.739 -5.020 4.367 -6.611 -26.440 -10.472 -7.421
zi4 -9.960 -2.136 -4.574 13.732 10.990 27.026 19.112 -6.428 8.013 5.638
hao2 13.037 7.935 -2.514 1.201 -9.956 -0.680 -6.573 -12.297 5.357 12.528
