wo3 10.135 8.420 6.237 19.601 17.139 24.330 7.178 -14.250 -7.620 -8.457
men5 14.666 20.335 19.681 36.671 29.742 49.154 38.745 10.848 18.118 12.884
de5 22.792 29.679 14.665 27.911 14.469 34.330 17.557 2.680 6.019 13.125
shi1 20.384 26.219 15.585 44.476 42.889 58.025 45.357 28.392 46.554 45.994
wu4 41.456 41.680 32.178 41.533 28.097 30.371 9.527 -16.278 -9.954 -6.225
zai4 -6.140 -0.258 -6.614 6.544 -2.987 8.380 -6.168 -25.663 -14.024 -12.623
yu2 2.252 4.735 -8.985 0.516 -13.568 -5.913 -12.559 -28.748 -17.907 -17.931
mei2 -16.050 -15.300 -24.763 -1.211 -9.234 9.470 -4.924 -17.385 -2.602 3.869
you3 8.944 4.338 0.158 13.212 1.562 9.542 -3.967 -23.685 -14.435 -15.547
xiang4 -4.797 -5.401 -12.153 -4.896 -21.339 -11.908 -22.218 -37.299 -15.535 -7.533
xiao1 -0.072 7.990 2.753 35.464 36.951 53.788 50.970 32.651 49.295 44.903
fei4 37.124 42.589 30.139 43.096 31.097 36.774 14.567 -7.970 0.432 3.311
zhe3 -4.380 -6.980 -17.278 -4.650 -19.583 -9.998 -21.766 -39.230 -22.797 -17.420
xiang2 -13.525 -15.729 -13.280 2.556 -2.673 5.680 -0.426 -11.807 7.078 16.991
jin4 32.742 36.725 31.136 48.172 44.844 60.782 38.788 12.725 16.935 8.147
de5 3.461 2.318 -10.837 1.852 -7.160 -1.006 -12.364 -30.266 -11.721 -14.550
jie4 -5.920 1.803 -7.333 11.425 9.784 21.769 10.196 -13.239 -1.894 -8.047
shao4 3.295 13.053 -1.892 13.791 6.278 13.741 -3.419 -27.573 -10.279 -5.325
