ting1 8.332 9.115 -0.888 23.075 8.142 25.231 12.129 -3.197 14.966 15.026
zhe5 22.165 22.366 10.192 20.782 8.675 12.552 -0.103 -17.104 -4.302 -1.896
si4 13.300 20.956 23.622 49.322 50.650 70.287 57.871 29.555 31.407 23.561
chuan1 32.455 39.433 29.104 52.868 36.839 46.997 36.535 16.844 29.912 27.288
dian4 25.495 35.598 34.361 57.945 50.987 67.155 54.145 28.918 32.334 26.748
xin4 26.193 25.373 15.255 24.038 2.728 6.506 -12.618 -33.822 -18.461 -12.219
zong3 -8.578 -3.099 -8.084 9.398 1.525 10.377 -2.891 -25.777 -13.206 -12.790
jing1 -7.697 -3.778 -3.496 21.098 9.955 20.035 8.906 -9.397 2.829 4.404
li3 -2.552 -1.932 -6.393 5.366 -8.849 -3.286 -16.607 -32.200 -19.080 -11.183
pei2 -9.795 -10.241 -10.718 8.951 2.970 12.012 3.030 -4.896 13.949 27.511
ai4 39.724 45.075 37.654 57.922 48.841 63.391 47.410 20.942 28.011 27.314
hua2 17.459 12.469 -0.669 3.109 -14.710 -9.119 -11.649 -26.859 -12.828 -7.357
yi4 12.243 19.842 20.052 47.266 48.369 68.376 60.430 38.487 41.350 29.887
dian3 17.869 11.582 4.770 15.703 0.753 3.827 -8.792 -28.257 -17.746 -12.926
dian5 10.310 11.763 6.763 20.664 11.250 25.372 10.653 -10.773 -0.328 -1.940
dao4 3.879 12.586 1.988 19.205 10.845 26.675 9.266 -14.737 -1.697 -4.980
lai2 7.381 5.498 -8.225 0.102 -11.950 -0.971 -6.204 -12.943 0.193 2.842
