cong2 -0.119 -0.898 -8.527 3.289 -11.360 -0.179 -9.267 -23.962 -11.616 -6.532
bian1 13.230 20.652 15.642 42.732 43.730 60.737 55.428 42.248 55.654 47.772
dao2 30.310 23.576 9.365 16.675 3.639 6.404 -3.599 -19.496 -2.746 1.489
yan2 -3.954 -6.706 -15.524 -2.724 -15.752 -2.706 -11.611 -26.937 -12.544 -4.692
na3 -13.019 -9.860 -11.097 4.746 -1.178 8.250 0.828 -20.281 -13.155 -11.193
ge5 0.678 5.014 -0.123 22.167 10.468 23.599 12.176 -6.103 -2.273 1.118
fang1 9.918 15.117 7.377 30.879 18.945 27.855 12.618 -4.740 7.248 6.400
mian4 12.159 8.391 -0.256 11.303 -7.207 -10.407 -25.302 -40.018 -28.214 -17.015
dou1 8.132 13.470 2.592 26.660 17.896 27.752 18.119 -1.583 13.023 8.339
kan4 -6.242 -2.620 -11.309 4.540 -13.278 -5.734 -21.242 -42.322 -27.331 -19.289
bu4 -9.302 -7.390 -12.489 0.809 -10.519 -1.065 -13.269 -34.139 -19.876 -18.477
chu1 -3.784 -0.964 -6.653 8.065 -7.905 6.680 -4.258 -22.562 -9.281 -7.874
you1 11.680 17.289 12.447 43.417 43.013 63.619 60.007 41.299 53.511 46.035
xiu4 35.075 37.838 33.875 47.322 37.870 43.053 22.098 -7.189 -4.798 -5.522
de5 -7.153 -7.127 -13.826 -0.588 -13.135 -5.535 -15.066 -34.092 -18.490 -18.800
hen2 -6.504 -5.725 -16.265 2.580 -5.944 4.902 -4.426 -21.536 -7.055 -3.443
ji1 19.003 28.718 21.135 41.119 29.641 46.597 33.068 20.808 27.166 29.647
