qian2 5.400 3.157 -8.993 11.544 1.049 20.852 9.413 -0.038 19.588 24.804
qi2 25.244 24.303 13.290 33.491 21.199 35.168 34.174 10.950 19.853 18.518
chen1 34.239 37.855 29.340 52.643 35.586 48.054 31.333 12.423 22.835 19.050
shou3 -6.681 -5.568 -6.659 4.614 -0.213 4.253 -5.227 -33.275 -17.237 -11.625
xian1 -8.777 -1.158 -4.524 11.953 3.969 12.135 1.419 -14.074 3.960 3.642
dui4 5.099 4.536 -4.058 1.242 -15.316 -3.115 -13.522 -24.628 -9.821 -3.767
tai2 -9.331 -11.020 -15.633 2.554 -8.487 4.431 -0.824 -13.834 0.375 4.901
wan1 31.559 39.910 29.649 53.565 42.539 54.386 39.662 24.149 38.399 32.995
ke4 24.974 33.351 34.418 58.263 59.199 80.057 75.398 47.965 49.972 39.634
ren5 25.671 17.737 5.645 19.617 5.277 16.772 -0.481 -18.643 -2.646 1.403
de5 2.877 8.108 -0.782 8.447 -2.805 14.008 4.737 -11.858 2.210 0.011
lai2 -9.431 -8.893 -18.200 5.696 -5.776 9.348 2.854 -11.863 2.402 6.188
fang3 16.651 14.479 5.005 13.498 -3.909 -6.170 -17.015 -31.934 -22.446 -14.924
biao3 -10.305 -8.267 -10.247 10.183 1.792 10.648 -3.012 -26.065 -19.655 -17.427
shi4 -7.508 2.588 -9.261 6.029 -9.901 4.338 -10.249 -31.390 -20.137 -16.546
huan1 -2.844 5.366 -2.999 23.698 17.663 41.851 33.135 13.145 30.064 31.658
ying2 19.641 10.536 -9.704 -4.000 -22.633 -6.746 -9.856 -15.925 -4.830 1.158
