fu4 29.737 33.435 35.121 57.032 49.311 62.019 43.934 25.730 25.304 18.902
yi2 -3.004 -6.073 -19.258 -3.586 -20.232 -12.344 -20.126 -34.916 -21.314 -14.510
bin1 18.023 26.622 19.711 39.586 28.810 41.685 26.143 13.146 21.383 20.962
dui4 10.868 8.475 -0.141 6.879 -10.154 2.375 -5.900 -19.641 -3.399 3.922
dang1 10.215 13.113 11.351 37.915 31.992 42.522 37.650 17.905 30.798 28.093
chu1 33.505 37.897 26.563 50.674 34.888 46.781 34.910 14.164 27.812 25.464
lian4 22.564 31.065 28.267 51.448 50.318 67.113 51.680 25.623 25.294 22.238
xi2 7.863 4.041 -6.574 1.609 -13.527 -4.874 -11.399 -30.744 -18.286 -15.522
fa3 -12.710 -10.907 -15.434 3.517 -7.048 5.796 -8.962 -30.679 -24.337 -21.964
lun2 -11.625 -10.740 -18.054 -2.936 -16.265 -4.161 -13.357 -25.761 -13.006 -3.612
gong1 20.244 25.450 17.888 46.363 38.800 55.131 40.260 17.497 29.746 26.526
de5 20.595 23.470 19.180 33.575 23.076 37.634 18.485 0.264 5.345 1.254
qing2 -4.945 -5.557 -15.039 4.744 -7.467 2.208 -9.075 -27.484 -10.853 -3.810
xing5 29.078 28.301 26.366 37.911 16.218 20.303 10.752 -13.782 -10.633 -8.399
reng2 -2.188 -4.535 -16.938 6.831 -9.130 6.546 -6.758 -22.581 -0.226 0.225
ran2 14.160 13.721 3.077 20.057 0.938 6.776 -6.603 -28.356 -15.378 -16.276
ji4 7.180 14.441 15.731 34.758 29.563 46.098 34.632 10.432 14.880 8.039
de5 -1.353 -3.827 -9.015 3.288 -13.896 -3.644 -13.177 -31.090 -17.157 -12.425
hen3 -9.709 -7.482 -9.465 4.100 -6.422 4.694 -8.260 -28.496 -17.084 -13.304
qing1 -6.362 7.170 6.220 32.609 28.998 49.640 39.332 26.627 40.239 37.182
chu5 27.704 23.412 9.129 17.594 -1.566 4.755 -11.622 -27.768 -14.779 -5.645
