yi4 15.858 22.646 24.325 43.052 37.682 57.566 44.548 27.127 38.268 37.142
duo3 26.084 24.397 15.558 20.293 1.265 6.808 -9.063 -30.153 -13.350 -9.252
xian1 8.436 14.795 9.880 39.021 38.005 55.867 48.826 32.098 49.377 47.352
yan4 33.483 39.490 33.778 51.311 40.815 51.879 31.224 3.877 8.520 3.742
de5 -1.650 -0.998 -12.081 2.988 -15.162 -1.757 -13.793 -31.186 -17.277 -14.857
xue3 -9.702 -6.634 -13.604 2.212 -8.989 2.271 -9.557 -34.838 -25.364 -23.145
lian2 -4.023 -3.018 -8.736 3.982 -11.285 -1.529 -6.939 -20.034 -4.259 2.791
sheng4 18.992 22.961 19.447 41.875 35.323 43.860 27.094 -2.023 2.243 -2.346
kai1 5.768 7.963 -3.407 13.805 2.216 10.164 -2.764 -16.201 -3.950 -3.603
zai4 -5.164 -3.532 -15.106 -5.902 -23.829 -14.383 -23.449 -36.262 -18.464 -10.095
xin1 2.410 3.844 3.995 34.806 29.876 47.450 40.155 23.860 35.072 35.122
jiang1 29.373 28.928 16.772 38.243 22.463 32.911 22.170 1.191 13.794 15.607
dong1 12.016 14.783 5.248 33.240 27.961 46.053 38.242 22.079 36.539 37.544
bu4 22.639 23.433 8.126 18.117 2.804 6.007 -11.826 -32.782 -18.412 -11.471
