ta1 4.583 2.570 -8.334 16.134 2.979 16.595 0.032 -21.871 -5.593 -3.865
men5 -3.999 1.510 -13.077 1.330 -16.882 -8.495 -21.410 -41.280 -25.018 -16.686
ting1 -5.533 -3.554 -11.974 13.588 -1.622 12.599 2.603 -20.138 -11.945 -6.963
shuo1 5.551 4.578 -1.315 13.936 -0.095 12.303 11.154 -3.153 5.927 3.612
xin1 18.835 20.193 14.815 39.089 36.348 49.297 42.230 28.196 38.097 36.077
tai2 19.425 19.428 6.011 19.916 11.856 15.825 6.815 -7.221 17.601 20.334
men2 4.921 3.973 -8.915 4.934 -11.277 -2.501 -14.163 -34.130 -19.861 -13.567
wang2 -16.816 -15.459 -18.138 3.421 -1.453 9.410 0.711 -11.326 9.275 13.740
zhai2 21.485 22.183 8.104 27.804 8.852 12.073 -2.283 -20.331 -11.474 -8.390
de5 21.889 17.195 9.863 23.753 7.564 18.439 11.453 -7.689 2.700 3.050
si1 14.608 21.041 14.591 43.591 42.717 60.328 49.548 33.684 48.930 48.664
shu2 27.181 21.054 2.778 5.721 -12.396 -0.598 -1.600 -13.617 0.435 5.917
you3 -6.583 -12.015 -18.162 -3.197 -15.873 -1.785 -15.368 -33.513 -19.050 -14.293
ge5 -12.256 -11.092 -16.048 -0.550 -15.718 -1.660 -12.422 -30.720 -16.794 -11.484
jiao4 -8.296 -6.209 -13.161 0.106 -14.969 -4.688 -19.952 -33.542 -16.100 -8.513
ai3 0.341 -0.397 -8.198 5.942 -12.803 2.696 -12.360 -34.963 -21.586 -15.086
lai4 9.419 17.566 20.574 48.633 49.915 72.577 66.440 39.801 41.630 31.014
hu2 14.196 4.234 -8.323 5.504 -7.184 3.864 -8.910 -24.081 -4.694 2.354
de5 1.007 3.176 -3.776 13.919 -2.682 11.347 -3.814 -19.908 -10.212 -3.971
xian1 -4.880 -3.161 -13.559 8.865 -2.490 11.658 -1.370 -19.980 -5.538 -6.340
sheng5 0.695 6.947 -5.570 4.879 -7.928 4.402 -9.924 -27.452 -10.506 -6.259
