ling3 -5.911 -5.861 -11.936 2.158 -7.390 2.899 -8.538 -28.203 -18.489 -16.621
nan2 -5.371 -6.624 -14.800 -1.424 -15.402 -6.973 -16.643 -31.166 -18.397 -11.439
shan1 23.354 29.377 22.792 47.870 43.485 52.995 46.290 26.419 38.523 34.576
qu1 34.275 36.587 25.760 47.720 29.697 37.518 24.040 2.497 17.316 12.738
xiao3 3.330 4.984 -1.077 11.889 0.653 7.980 -9.454 -31.266 -21.781 -16.625
fan4 1.574 13.520 18.033 39.630 39.217 52.713 38.693 12.670 15.709 12.560
dian4 6.919 7.281 -1.982 6.198 -15.310 -8.826 -27.366 -48.021 -31.285 -21.118
zhang3 -14.133 -9.381 -13.307 4.592 -3.992 5.110 -8.035 -32.758 -25.230 -22.651
gui4 -8.765 0.576 5.068 31.631 24.009 42.151 25.670 4.253 6.873 5.169
tuo2 -1.027 -6.399 -12.530 -0.871 -12.173 -3.387 -12.832 -24.569 -16.400 -9.363
ge1 22.268 29.314 25.260 44.701 31.796 44.604 34.333 20.336 30.859 30.072
zai4 1.136 -4.400 -12.838 -5.085 -20.753 -8.494 -16.801 -33.337 -14.491 -10.480
guo2 -8.336 -6.270 -12.753 5.964 -2.016 5.995 -4.346 -22.842 -4.283 3.440
gong4 30.108 37.764 32.686 48.304 27.901 32.531 9.731 -17.228 -6.104 -4.026
he2 1.985 3.060 -6.998 8.208 -5.266 5.073 -1.845 -18.271 -5.476 -4.275
ri4 10.760 19.255 19.267 49.609 49.595 73.301 63.130 37.092 41.857 29.776
wei3 9.744 3.705 -7.226 2.598 -16.453 -10.663 -24.573 -46.011 -31.466 -27.352
de5 -12.492 -11.830 -16.901 -3.753 -16.694 -6.914 -12.398 -31.350 -14.500 -10.534
la1 1.218 2.273 3.165 33.087 30.288 50.782 43.033 27.004 38.897 39.953
ju1 33.323 38.235 24.325 47.331 37.741 52.673 41.911 24.694 36.286 35.454
zhan4 33.744 34.906 21.632 33.111 25.964 28.406 9.764 -16.303 -7.516 -8.046
zhong1 2.830 12.536 -0.531 16.845 3.687 10.858 -6.061 -18.778 -3.406 4.580
