le4 299.922 300.510 308.419 289.156 293.719 270.531 275.338 270.896 249.314 236.244
kai3 222.241 218.082 225.034 215.436 221.366 196.857 187.199 188.680 172.137 173.104
min2 157.740 166.360 181.407 170.871 180.517 172.029 191.040 223.690 233.989 241.794
zu2 239.025 238.824 242.361 217.729 217.553 200.618 207.123 228.148 228.822 231.411
gong1 224.611 243.037 279.736 270.409 281.868 272.085 282.722 304.726 291.680 294.317
ye4 309.424 292.043 298.596 279.106 283.667 261.352 261.080 261.127 232.656 208.820
de5 191.644 185.422 193.084 176.836 185.964 176.529 181.412 199.371 184.979 184.523
da4 189.549 201.663 228.311 220.015 225.086 200.941 194.543 199.221 176.816 172.085
qi2 174.466 181.976 194.138 183.391 193.766 177.123 186.661 204.184 205.010 210.552
neng2 183.838 192.875 202.057 178.897 180.673 168.457 187.570 221.413 234.364 245.922
kang2 241.088 232.303 227.708 199.853 196.062 167.180 167.694 185.541 191.580 210.899
dao4 212.570 232.215 255.838 237.169 234.174 195.589 185.627 187.550 163.753 165.606
jin1 164.780 176.728 209.928 205.506 227.105 214.277 224.155 241.779 227.938 224.458
tian1 218.485 225.065 237.084 225.517 228.682 209.028 221.558 234.233 231.997 236.371
