ni3 218.169 227.546 226.905 212.422 228.274 213.605 227.723 240.635 224.009 222.405
shi4 217.980 222.060 243.476 229.570 254.411 248.603 267.019 285.211 276.022 268.522
yi2 258.719 236.385 238.961 208.670 215.463 206.228 218.403 238.508 233.957 237.810
ge4 232.277 252.065 272.397 247.048 238.953 208.998 204.442 206.695 188.746 183.785
zai2 197.066 200.435 218.904 194.387 198.635 177.524 188.835 213.846 211.636 220.868
man2 231.985 227.652 229.715 188.752 180.193 162.586 179.296 207.342 214.734 229.304
yong3 224.353 224.206 225.259 195.552 182.456 149.239 145.583 152.828 142.411 149.887
tan4 170.312 197.215 227.649 230.795 231.708 199.123 186.526 174.528 153.935 150.955
zai2 221.708 219.087 232.822 204.893 213.396 196.249 211.779 239.896 231.922 235.721
man3 256.400 263.316 265.131 227.648 205.385 165.001 160.757 161.840 146.869 150.683
zan4 164.590 188.425 230.917 227.117 240.399 220.605 222.539 222.510 199.505 189.794
yu4 178.906 177.302 191.251 184.211 193.753 171.126 164.170 161.554 147.923 153.784
ling4 286.872 289.940 301.443 276.975 272.257 245.285 248.577 252.689 221.074 203.364
ren2 213.609 199.751 196.922 163.425 175.954 161.808 176.091 202.558 198.099 199.494
lian2 204.322 201.404 203.858 171.527 170.699 151.640 162.525 183.749 186.492 202.726
ai4 209.859 232.587 254.153 232.538 220.989 181.104 170.496 167.126 152.441 156.844
ling4 270.721 277.928 287.284 266.176 268.737 244.795 251.590 256.631 233.429 214.796
ren2 223.306 212.820 214.508 180.472 193.031 172.801 183.021 201.967 191.444 178.688
mi2 196.619 197.650 198.354 173.243 179.696 171.499 181.527 203.638 193.675 197.523
lian4 207.250 228.042 254.630 247.053 248.887 214.711 201.295 189.190 162.702 154.369
de5 170.961 169.996 178.343 157.982 170.708 156.193 162.474 180.259 170.771 165.143
gu2 169.466 166.168 170.663 151.133 165.901 162.957 180.117 217.625 219.995 222.503
lao3 219.606 213.779 213.548 181.757 175.869 144.637 138.935 150.411 135.343 132.306
jing1 138.352 145.466 179.448 175.075 205.750 199.459 211.445 234.018 228.736 238.535
ling2 221.662 198.957 189.686 144.139 143.976 127.493 134.120 153.377 165.979 188.472
