shi4 332.627 322.711 326.101 304.266 309.634 292.651 302.723 309.519 284.182 264.417
jie4 261.668 262.929 273.472 260.413 274.279 261.526 272.409 283.913 265.327 254.522
wei4 244.948 238.708 248.947 240.298 254.389 237.022 244.151 252.273 237.025 229.367
sheng1 219.666 220.257 245.010 237.982 262.552 253.200 271.396 291.516 283.734 275.754
zu3 266.614 254.904 251.846 221.938 212.082 177.198 167.598 170.263 153.976 150.766
zhi1 157.593 179.384 209.478 200.746 219.646 210.133 222.004 242.618 231.215 228.673
ai4 303.727 297.697 304.109 281.073 280.982 253.849 251.440 253.984 231.837 223.125
zi1 222.196 223.674 247.962 236.318 261.376 254.428 271.705 294.908 282.930 281.757
bing4 270.225 279.474 294.118 267.955 260.024 231.260 223.372 228.362 207.533 208.326
te4 203.242 208.553 232.273 232.655 261.303 262.215 273.302 280.175 246.213 221.770
bie2 208.530 200.253 208.488 187.243 193.665 176.558 183.692 205.984 202.669 213.676
ji4 215.273 219.141 242.925 241.460 260.462 251.029 265.284 277.531 257.246 244.836
hua4 237.609 221.897 231.530 220.862 245.679 240.348 252.407 259.217 234.784 216.294
zhu3 198.399 199.398 203.834 188.433 188.609 167.587 161.605 170.739 152.770 153.612
ren4 136.301 156.353 187.345 192.219 214.158 195.793 191.654 194.278 171.776 164.464
qiao2 187.282 193.151 206.457 191.499 199.072 180.152 176.776 185.717 184.116 199.790
na4 196.740 215.232 239.741 227.520 230.545 199.403 190.514 193.475 172.382 171.131
sen1 180.569 196.416 228.484 227.364 251.852 244.038 254.629 272.706 261.268 257.448
man4 278.256 276.753 279.427 249.162 232.993 193.635 175.706 170.884 143.616 133.578
en1 191.030 192.969 216.161 202.948 221.842 211.499 222.985 245.474 236.677 239.718
yi1 216.301 210.527 227.294 204.424 220.258 209.620 222.834 242.918 238.465 238.769
sheng1 223.036 222.403 242.835 223.587 239.288 220.298 226.998 242.291 230.014 229.108
shuo1 225.328 219.156 230.008 215.569 217.973 196.528 209.559 218.653 213.791 222.104
