jin4 327.812 321.179 323.727 294.617 288.959 259.065 259.308 256.814 233.339 230.976
san1 246.806 247.495 275.873 261.123 280.146 262.815 273.944 294.583 281.437 286.114
nian2 303.612 286.597 283.263 237.658 227.474 187.402 185.970 198.793 187.313 194.120
lai2 196.448 195.780 198.679 162.166 170.585 151.213 161.260 177.266 176.474 197.147
xin1 308.082 293.187 304.207 279.541 290.524 269.449 286.548 302.466 285.087 282.612
ma3 293.314 280.459 277.188 233.629 221.204 176.171 175.105 177.327 162.230 168.645
tai4 180.954 182.892 210.895 209.350 235.884 230.164 241.174 246.480 221.607 207.681
lv3 200.248 192.717 199.492 178.704 181.236 151.694 157.340 165.043 151.674 154.102
ke4 153.873 163.134 191.671 193.419 219.176 212.192 216.860 222.527 197.454 189.591
dui4 189.600 215.244 250.107 241.516 245.162 214.875 213.743 211.729 185.642 176.445
nan2 171.798 171.071 186.205 163.824 168.877 147.369 162.965 192.612 201.647 223.782
hang2 234.887 223.213 225.135 200.231 203.698 171.880 171.781 189.864 192.146 207.681
fu2 209.974 201.019 216.704 196.918 204.240 191.558 195.420 208.745 202.494 210.356
wu4 208.549 201.626 223.325 213.585 223.063 208.004 218.523 228.443 211.342 204.299
de5 197.946 193.024 199.437 174.365 180.954 162.432 166.917 183.685 172.693 180.211
man3 186.466 185.268 197.465 179.340 181.041 155.666 150.259 158.294 141.689 144.153
yi4 145.576 146.108 166.278 164.681 183.016 173.480 185.978 198.316 179.768 177.006
lv4 166.639 178.939 200.644 194.735 202.706 174.430 165.790 164.777 147.651 153.920
jun1 281.138 274.547 286.310 264.777 275.757 253.134 267.876 284.131 272.167 267.222
bao3 261.033 252.972 250.238 212.153 194.980 156.205 149.915 157.739 140.576 133.968
chi2 191.279 186.158 197.234 180.216 196.901 186.926 202.554 208.042 196.778 193.940
zai4 194.036 213.251 238.549 218.603 218.223 190.908 185.487 193.663 172.488 173.830
bai3 188.111 189.451 200.298 179.647 179.726 155.660 151.747 165.671 147.127 154.523
fen1 165.153 180.444 207.925 202.804 230.736 218.406 227.519 243.578 238.351 240.738
zhi1 247.448 238.699 264.337 248.635 264.145 247.425 256.276 273.320 259.315 257.735
wu3 252.095 235.862 230.896 198.736 189.159 156.981 144.782 153.601 134.363 139.363
shi2 164.985 168.138 180.813 160.148 177.873 172.757 184.591 209.928 203.000 204.972
yi3 201.006 197.146 203.976 181.916 183.664 163.061 148.564 157.577 131.417 132.342
shang4 110.845 136.643 171.407 171.934 181.254 157.677 136.515 139.140 114.585 123.649
