zhe4 335.693 332.292 340.230 314.224 316.151 284.818 282.477 285.897 263.608 248.166
ge5 244.179 245.097 247.060 219.414 220.882 202.643 202.529 217.936 201.592 197.995
zi4 297.587 299.384 305.537 290.680 292.160 274.189 274.239 273.028 244.475 225.999
ming2 217.569 211.493 212.223 189.207 187.994 175.095 190.294 223.113 229.773 243.869
qing1 243.366 247.265 265.441 259.161 286.381 285.076 300.135 320.134 306.198 304.261
yi3 309.411 290.065 279.465 246.001 236.904 207.522 199.856 203.926 182.381 174.161
lai2 165.580 168.457 175.836 157.474 167.596 157.568 172.223 198.370 205.806 217.950
bu2 211.757 212.307 222.352 204.022 211.491 195.417 201.000 221.715 219.348 222.778
duan4 227.393 245.587 272.914 266.388 276.194 252.622 257.813 263.632 236.988 222.304
wei3 208.399 190.864 187.446 170.176 175.679 157.070 151.647 160.613 145.054 154.065
suo1 162.997 181.685 207.571 199.939 225.427 222.991 238.364 260.758 248.409 243.818
de5 241.900 237.510 239.788 216.985 215.923 188.577 184.234 189.653 166.376 163.462
hu2 168.887 167.703 175.655 155.526 175.515 169.437 175.952 191.557 182.761 191.404
po1 173.404 190.392 216.646 211.064 225.710 212.441 224.394 238.969 227.908 231.154
