jin1 331.940 327.700 334.311 306.447 309.093 293.028 306.079 320.879 298.901 292.485
nian2 283.319 257.859 241.172 195.875 188.469 175.957 182.832 206.894 210.040 223.859
qing1 220.198 221.130 246.019 243.076 268.944 268.178 283.881 302.872 294.251 292.454
hai3 294.688 273.543 263.206 238.189 232.204 198.124 179.828 175.191 156.405 149.192
tou2 193.007 197.131 205.568 189.490 203.966 186.552 190.970 205.634 202.281 205.253
zi1 188.662 201.577 226.458 214.941 232.135 220.928 233.279 255.873 246.860 246.392
san1 259.213 264.306 286.352 272.216 285.259 271.327 279.982 298.526 289.954 289.321
shi2 298.714 281.218 279.519 247.798 246.037 222.233 216.226 225.768 211.627 212.178
yi4 215.613 210.344 221.757 204.188 211.256 196.758 204.685 215.683 201.267 197.445
yuan2 173.956 167.986 170.321 145.464 156.463 151.254 158.433 178.005 183.861 205.222
jia1 295.715 293.506 303.948 283.248 287.618 271.057 279.840 295.501 281.714 285.602
kuai4 269.753 264.116 276.053 269.231 287.519 269.356 259.518 249.455 215.997 198.551
nong2 186.239 181.928 186.943 165.564 173.661 160.384 176.605 210.385 214.397 230.829
cun1 216.551 217.325 237.694 231.003 261.928 263.758 279.322 296.740 285.487 290.797
dian4 299.684 299.998 314.200 293.072 292.014 261.685 259.980 260.020 230.423 212.811
wang3 197.381 189.227 189.348 163.726 163.708 144.135 148.966 163.306 151.571 160.026
he2 176.430 180.186 190.866 176.213 186.140 175.009 183.769 202.453 204.775 219.540
cheng2 218.122 215.602 222.959 204.021 204.972 174.305 171.386 192.601 201.790 222.452
zhen4 227.644 250.180 283.091 278.898 284.662 254.649 245.604 241.561 212.109 201.326
dian4 210.254 213.374 232.958 223.135 234.351 212.830 213.220 218.552 193.214 180.539
wang2 168.371 160.955 165.372 138.195 146.470 132.278 148.581 184.650 194.872 210.201
gai3 213.477 212.991 221.116 195.826 181.383 152.479 140.978 151.295 130.962 133.596
zao4 132.803 157.682 192.161 183.354 183.928 153.421 145.271 153.401 137.805 147.373
