wei4 288.044 293.128 302.973 281.848 285.589 262.104 271.999 273.362 246.725 230.297
mang2 215.516 203.518 210.837 186.274 186.636 170.350 188.493 222.219 225.391 241.715
mang2 237.978 225.371 236.872 202.521 193.777 171.550 183.041 216.365 210.647 231.972
lu4 244.515 231.616 272.253 261.307 271.464 258.574 256.552 267.353 241.341 235.308
lu5 219.811 196.256 214.164 188.982 201.556 191.296 192.432 214.342 198.731 203.212
de5 193.337 187.366 212.162 192.312 202.792 189.431 191.176 214.899 208.157 225.213
xian4 218.891 223.031 255.126 257.565 281.784 283.419 277.309 287.425 255.028 246.260
dai4 237.863 232.891 262.949 244.844 249.903 227.514 225.770 239.983 212.988 204.779
ren2 192.689 178.687 179.568 160.740 166.686 158.252 167.841 200.387 205.997 223.654
ti2 227.321 212.143 229.526 210.102 216.880 204.392 205.546 227.684 214.598 222.065
gong4 227.667 251.337 285.493 267.629 265.680 239.918 234.623 243.029 216.133 207.272
ya3 197.660 178.987 188.386 172.897 177.841 158.097 153.598 171.070 153.414 160.194
su2 165.106 158.537 183.533 167.800 184.548 185.399 188.428 218.346 206.432 215.841
gong4 237.645 238.489 280.784 269.329 276.506 257.983 251.421 270.823 237.912 231.983
shang3 241.754 225.659 222.007 192.433 182.468 160.257 150.793 171.148 163.624 180.427
lao3 209.374 203.452 212.681 183.749 173.875 154.180 145.697 165.898 145.848 153.482
shao4 171.453 179.480 220.224 208.780 229.590 233.163 234.221 254.165 220.299 210.588
xian2 223.386 208.843 218.314 189.357 192.935 178.368 165.990 185.813 171.107 185.929
yi2 218.299 204.802 215.970 188.973 188.748 177.627 168.836 197.654 184.657 193.907
de5 195.926 188.060 211.493 190.967 187.062 171.331 169.978 185.009 171.168 170.157
yu2 180.695 166.008 171.700 149.104 164.070 151.290 154.232 179.128 178.282 189.483
le4 172.375 168.745 178.908 166.672 175.158 139.100 119.564 129.720 125.796 139.068
