ye3 232.796 236.589 237.549 223.020 232.551 218.278 226.066 240.605 221.946 214.186
bu2 198.040 200.140 216.572 208.129 223.184 220.199 239.556 271.273 268.074 272.450
hui4 248.127 249.114 268.719 266.249 294.414 291.220 290.321 291.777 267.493 253.776
jiang1 232.522 243.781 277.042 267.212 281.881 275.932 286.461 307.248 293.404 288.866
men2 280.812 260.204 248.806 210.146 199.009 174.981 177.164 200.815 199.637 215.681
wai4 208.066 225.888 256.165 257.993 269.631 247.941 238.652 234.199 202.911 190.371
de5 180.606 182.227 191.014 177.721 188.117 175.676 175.814 191.180 175.955 173.982
lang2 163.379 170.433 183.898 161.708 163.610 153.545 168.564 201.415 215.293 236.809
peng2 233.311 231.130 230.754 204.388 201.847 176.266 172.666 190.466 197.233 211.775
chai1 209.516 217.220 238.054 226.310 246.889 237.689 248.637 269.614 258.044 257.244
chu2 247.591 225.483 219.355 185.104 173.811 135.144 126.982 139.030 136.529 147.536
