chu1 324.296 320.202 326.787 301.716 310.651 296.195 313.413 332.605 316.581 313.517
xian4 309.499 301.219 309.358 296.852 309.856 295.160 293.908 293.806 259.634 238.337
le5 205.673 194.648 196.414 175.310 188.124 176.991 184.997 200.760 184.630 188.199
a1 236.237 239.225 261.071 250.167 268.372 253.752 264.914 286.350 277.338 280.028
ge4 299.869 298.440 303.178 278.747 280.529 252.356 252.911 258.713 235.640 224.747
jie4 224.061 229.264 245.354 236.969 251.228 235.477 237.363 240.631 213.597 197.414
ren2 189.334 180.360 182.000 159.396 171.244 157.374 165.198 190.861 189.023 201.608
shi4 197.716 213.916 236.364 236.254 245.010 220.404 211.967 203.997 178.482 168.096
yong3 193.974 197.860 207.986 192.926 193.794 171.632 172.149 189.004 174.162 181.666
yue4 186.414 198.584 223.163 229.588 253.478 240.726 244.347 247.075 219.881 210.256
can1 200.101 208.774 232.268 228.491 253.241 250.540 263.279 280.628 271.526 274.490
guan1 250.546 249.919 270.266 256.562 284.393 265.738 281.991 298.228 284.554 276.169
wo3 292.495 275.000 256.304 217.668 204.675 177.799 171.293 177.780 162.150 169.835
shang1 191.993 207.859 237.039 232.862 252.266 245.662 262.200 281.605 271.018 272.172
pin2 274.051 259.408 253.096 225.532 225.413 195.941 191.633 210.789 206.524 214.378
zhan3 219.930 221.279 225.866 206.042 196.979 169.081 164.161 171.699 145.513 134.877
de5 134.101 133.266 144.078 137.513 148.356 139.599 150.294 172.720 159.081 166.310
sheng4 170.803 180.441 206.037 209.656 231.528 217.779 211.932 205.499 166.283 158.829
kuang4 152.291 157.730 188.571 189.473 198.567 166.269 154.073 144.715 121.462 130.712
