yi2 225.001 232.346 242.734 230.929 245.205 231.949 251.746 281.132 267.880 272.235
liang4 271.338 287.936 312.600 300.887 293.673 266.782 257.603 257.761 230.761 228.169
xiang4 218.043 237.290 265.644 266.786 266.940 237.788 224.613 220.178 193.979 199.797
jiu4 206.644 230.876 262.009 272.997 291.054 278.751 275.783 273.323 244.744 227.341
mian3 218.837 215.547 220.979 202.823 201.881 177.741 170.421 179.614 165.096 165.542
bu5 159.036 166.462 182.212 174.606 193.968 187.774 199.139 223.983 211.900 210.052
liao2 203.977 199.825 200.791 173.366 171.080 161.681 175.215 206.699 221.071 244.771
qian3 230.235 229.214 230.947 211.338 207.449 176.924 165.779 166.311 157.484 170.379
bo2 153.207 170.053 186.375 174.236 181.077 173.114 191.091 219.373 233.959 246.166
cu1 218.929 230.152 249.013 244.343 272.283 270.461 277.822 290.774 279.067 273.766
cao1 264.068 263.663 280.029 268.488 288.677 277.636 282.750 300.978 285.902 281.585
yu3 290.985 267.848 253.973 225.800 213.894 184.475 167.176 167.285 149.095 153.116
cu1 157.887 172.907 192.803 185.996 215.918 224.041 244.060 266.680 253.940 248.613
su2 244.193 228.093 219.523 181.610 170.632 143.888 141.132 161.190 171.755 194.826
