ta1 318.742 316.369 324.909 299.634 307.381 287.594 299.886 315.858 297.689 294.054
men5 307.833 302.645 302.187 274.878 277.451 253.086 256.148 262.094 243.405 232.259
liang3 226.584 224.404 222.462 193.781 183.604 157.531 155.166 168.584 157.887 165.662
bie4 177.180 194.293 227.789 236.051 255.089 240.339 241.479 245.073 217.523 201.910
bie5 183.563 185.323 194.834 186.250 202.471 189.742 190.786 205.460 186.849 184.018
niu1 178.969 195.509 228.690 225.955 248.093 236.922 248.022 270.888 258.747 257.527
niu1 270.125 268.913 286.950 265.472 273.901 256.614 269.039 286.798 269.977 259.509
de5 250.862 238.921 243.925 221.473 220.425 197.880 200.033 204.968 183.028 173.086
yang4 172.122 183.495 219.686 224.643 241.080 218.289 205.537 196.598 163.067 155.105
zi5 148.741 149.028 162.901 149.583 160.203 138.160 132.622 148.826 141.456 141.525
