bu4 326.017 316.571 314.934 301.551 309.919 297.166 296.623 301.170 280.237 265.381
jin3 259.279 248.941 246.621 225.171 217.313 191.173 187.117 196.641 184.318 185.034
guan1 190.107 203.435 236.192 231.978 250.311 241.424 259.153 281.584 268.404 277.222
xi4 270.853 263.674 273.474 257.636 269.752 257.247 261.931 267.048 237.477 220.689
dao4 209.631 225.742 243.211 224.895 220.957 196.257 198.301 211.564 196.690 191.402
neng2 168.815 174.855 190.969 179.986 189.839 181.157 202.443 239.857 256.697 271.089
fou3 280.492 271.084 266.327 241.899 229.871 189.992 175.626 180.058 167.316 164.711
gao2 172.108 180.104 196.443 177.762 177.268 162.614 185.690 219.467 233.808 245.290
hao3 253.077 241.992 238.502 219.333 220.997 190.524 175.136 174.055 156.124 158.967
nong2 153.625 160.305 175.081 157.679 160.498 152.334 171.556 203.459 216.674 233.156
ye4 233.559 242.702 263.422 258.936 273.271 252.469 246.628 243.932 211.380 193.501
jie2 193.377 191.316 201.427 183.117 190.720 174.821 173.762 186.890 178.126 187.636
gou4 192.280 212.929 244.834 241.075 247.563 220.793 212.287 212.279 183.364 174.769
tiao2 182.601 182.936 191.561 168.250 173.064 149.762 151.139 176.977 183.382 199.781
zheng3 210.355 205.855 214.403 180.750 164.711 129.817 122.788 138.749 128.978 128.792
