qi1 325.278 317.483 324.474 298.590 313.150 293.396 305.417 320.365 300.518 291.174
zi5 291.358 286.453 281.042 241.301 230.599 200.514 199.053 213.357 199.624 203.473
zai4 196.212 222.898 253.359 244.596 250.258 228.047 225.626 230.642 213.602 210.146
shen1 197.868 209.833 242.750 247.357 274.748 270.629 283.488 301.955 292.999 289.966
ti3 290.704 274.584 268.537 243.696 241.024 208.629 192.324 186.746 165.419 155.602
zhuang4 279.591 288.762 304.591 281.408 272.019 237.933 231.256 234.775 210.432 210.279
kuang4 201.821 206.313 221.719 226.691 251.733 245.849 246.957 251.454 226.531 213.567
yun2 196.761 185.126 192.426 173.832 192.329 182.263 200.596 230.507 229.493 239.558
xu3 251.557 245.365 246.276 227.584 234.598 205.898 194.435 190.012 166.011 154.988
de5 152.512 155.040 167.645 153.599 169.410 159.785 171.843 197.819 194.176 196.997
qing2 196.174 196.728 206.842 192.131 205.330 188.442 189.018 201.229 196.183 205.693
kuang4 206.140 212.433 234.410 234.100 258.903 250.149 252.053 255.593 227.953 213.995
xia4 193.468 202.471 221.441 217.759 219.430 189.702 169.880 162.483 141.911 149.473
shou1 308.630 309.704 319.494 289.366 291.041 270.532 284.096 296.762 282.314 275.908
shi5 267.950 259.909 257.883 235.931 239.994 211.360 202.511 207.419 189.675 188.012
jia1 193.649 209.321 245.622 244.135 263.355 253.460 263.977 286.104 274.405 272.405
li3 272.506 261.232 255.870 226.599 213.440 179.556 169.231 172.672 151.068 143.836
de5 141.199 140.714 147.409 137.283 151.747 138.986 153.512 172.593 163.061 165.209
dong1 176.638 194.111 225.781 221.214 234.130 220.186 231.994 251.765 242.232 239.789
xi5 235.986 221.889 221.658 194.645 185.922 151.469 140.355 142.438 131.066 132.420
