ji2 251.221 252.315 262.768 251.005 261.183 249.725 269.741 295.540 286.872 278.922
lin2 283.174 282.542 285.170 253.684 245.944 232.814 249.016 278.939 277.027 276.029
sheng3 269.619 269.410 263.712 235.708 220.747 186.340 175.117 179.633 166.870 174.001
chun1 174.762 191.477 218.716 221.294 247.534 244.441 257.192 269.360 260.313 259.912
geng1 252.675 268.133 287.410 266.536 272.971 262.861 274.037 298.342 283.322 281.278
bei4 290.307 296.972 306.091 283.643 277.320 244.765 236.182 231.871 209.322 196.986
geng1 192.843 220.484 255.870 245.922 256.606 244.999 255.877 278.597 266.148 266.289
zhua1 268.530 271.481 292.235 275.230 284.938 271.220 281.714 298.366 287.148 280.968
de5 287.092 280.165 278.749 245.930 241.514 208.524 211.168 219.264 198.996 191.163
zao3 189.162 192.947 206.585 187.442 184.584 159.015 151.636 159.888 146.362 157.816
zuo4 173.734 196.882 231.978 242.112 259.696 242.146 243.688 242.223 210.569 186.699
de5 171.945 170.493 175.967 154.668 160.191 147.659 156.031 172.019 158.239 156.961
shi2 154.820 158.817 173.385 156.949 156.109 142.218 149.996 167.165 176.167 202.811
