wo3 221.338 224.687 232.712 214.339 221.243 203.542 210.273 230.064 218.873 213.707
men5 192.363 200.572 223.360 209.072 223.654 215.584 225.540 254.891 247.859 240.335
de5 218.091 211.180 229.013 224.553 235.873 226.307 228.181 243.329 233.573 229.032
shi1 214.846 218.733 240.614 234.094 257.448 262.266 282.641 310.609 293.453 285.373
wu4 280.750 273.855 281.628 262.234 263.345 243.355 236.877 245.284 224.634 217.340
zai4 213.678 227.550 260.290 265.952 280.261 260.992 263.534 270.937 239.176 218.905
yu2 198.536 186.127 186.096 172.477 182.976 175.289 187.538 217.859 218.866 226.548
mei2 210.656 213.612 224.624 206.407 215.307 205.019 221.946 247.733 244.695 253.735
you3 262.690 256.469 255.596 231.078 223.203 199.576 184.577 189.693 172.241 176.306
xiang4 177.429 188.450 214.751 217.561 240.257 231.084 235.697 241.430 220.654 215.373
xiao1 212.437 214.540 241.135 228.545 250.568 246.633 261.206 281.617 272.331 276.756
fei4 277.469 271.442 285.816 277.065 289.094 269.893 272.291 274.936 242.722 219.829
zhe3 207.005 199.700 201.455 187.686 188.372 168.463 160.151 167.679 146.348 149.652
xiang2 159.256 171.287 192.036 180.700 185.676 162.420 158.346 174.915 180.060 203.439
jin4 202.151 215.625 245.901 248.027 257.880 238.142 241.616 243.886 212.967 192.178
de5 181.089 175.147 180.003 165.691 168.321 154.931 160.910 179.738 160.118 163.274
jie4 159.209 164.995 194.257 192.267 207.380 193.507 198.242 199.116 167.186 159.973
shao4 155.537 158.752 190.816 187.422 194.476 163.676 147.252 143.536 124.328 137.980
