yu3 233.667 234.964 236.864 221.065 232.306 216.231 228.776 238.937 223.483 222.773
huan4 222.665 227.487 249.082 241.551 265.046 262.677 276.779 289.341 278.487 270.531
xin1 247.995 242.498 265.605 251.552 278.939 276.397 293.372 313.094 302.004 308.341
shi4 296.681 286.420 295.339 280.192 289.074 275.474 278.979 278.316 247.823 230.113
jian4 223.748 231.380 249.238 236.589 235.296 210.481 205.248 208.689 185.239 180.087
tong2 189.414 188.189 200.929 187.003 194.865 177.057 180.180 201.298 206.004 224.183
yang4 239.747 249.346 272.503 257.738 261.859 239.061 244.408 246.335 224.414 210.921
yin2 201.351 186.886 187.677 164.077 178.197 166.430 183.357 215.127 222.823 229.988
qi3 229.613 220.863 227.049 209.724 213.684 201.264 194.024 196.011 177.609 171.059
zheng1 162.610 169.021 197.654 188.713 210.263 204.576 219.871 233.827 225.137 229.444
yi4 234.801 224.682 233.534 215.437 212.187 195.943 197.912 202.668 181.411 170.327
de5 164.185 163.554 169.091 147.758 154.073 140.983 142.933 158.832 146.893 152.626
shi4 290.155 281.767 278.938 256.005 256.238 238.185 244.245 251.104 227.935 214.517
ai4 293.462 298.036 299.819 278.738 278.049 252.492 259.228 266.118 239.818 228.200
pu3 215.679 204.598 207.999 193.732 203.206 190.999 191.734 194.873 177.806 174.337
sheng1 170.593 185.755 210.247 205.157 236.526 229.228 245.725 266.257 255.261 253.582
da3 248.087 240.269 244.717 211.939 198.760 166.823 164.844 179.930 166.501 168.442
yin4 160.374 165.565 187.896 188.824 209.303 197.225 198.669 208.229 192.557 190.116
ji1 185.547 187.527 211.450 200.677 220.681 213.700 232.061 251.033 238.582 230.049
de5 214.062 215.235 218.185 191.234 190.257 169.398 172.471 184.795 172.517 174.719
mo4 166.386 183.806 220.915 233.539 253.897 236.309 225.259 219.023 180.857 165.791
he2 183.062 176.727 181.929 160.663 176.616 170.318 174.894 190.569 181.396 189.501
can2 192.820 185.909 197.862 175.325 191.637 173.063 169.850 174.692 159.034 160.451
liu2 145.505 148.378 159.010 126.719 130.938 116.250 129.767 151.082 166.141 189.291
