tu2 251.454 254.579 263.912 248.791 258.127 246.979 260.118 286.648 281.882 279.883
lu3 297.615 291.432 288.452 255.862 240.246 209.813 201.599 207.945 192.627 189.513
fan1 182.217 204.504 239.397 240.043 260.680 254.575 265.938 284.006 272.137 277.884
qi4 277.892 272.152 281.307 269.966 284.632 280.339 291.656 303.404 280.042 264.966
xiang4 237.803 236.922 252.861 245.569 259.845 243.718 246.009 250.115 223.416 209.801
tai2 210.879 207.436 214.971 199.094 207.187 188.837 188.354 201.248 192.255 198.853
tai2 206.196 211.860 223.236 207.083 215.127 192.741 191.788 208.786 204.632 210.011
zhang3 207.798 216.685 224.369 195.617 183.996 152.129 147.355 160.644 150.912 154.924
chen2 168.276 175.614 188.848 179.109 192.654 178.740 181.652 198.278 199.858 208.851
chun1 198.681 202.104 220.828 212.691 241.908 245.803 263.221 281.959 270.875 270.485
yan4 284.174 282.602 284.173 251.946 235.084 198.561 177.102 171.657 154.679 158.917
xiang4 262.484 273.373 289.769 284.851 283.503 249.455 234.301 220.505 187.069 185.023
ji4 198.257 202.131 219.043 209.409 224.754 213.251 219.843 234.698 211.360 200.302
zhe3 190.339 187.423 192.596 180.108 186.552 165.148 158.854 169.154 145.226 148.630
jie4 148.339 156.506 182.117 180.761 204.290 192.681 199.921 210.763 187.695 181.083
shao4 182.375 182.790 202.934 190.395 203.924 186.435 186.086 191.211 158.842 156.279
shuo1 147.120 160.303 190.740 191.760 203.093 189.183 200.491 213.004 207.647 214.452
