qiong2 246.050 254.316 258.747 235.470 229.300 207.147 212.980 238.998 252.832 263.413
si1 256.617 266.429 283.198 274.758 301.420 295.777 305.635 330.304 315.481 304.145
jie3 304.502 289.093 284.834 254.146 246.255 216.223 208.047 211.253 190.359 183.636
mei4 176.197 189.459 219.905 225.234 248.525 233.514 237.028 242.694 219.631 202.244
zou3 202.025 206.530 218.114 199.053 200.488 176.864 167.121 176.026 159.015 162.821
lu4 159.169 172.401 197.967 200.185 220.067 206.380 211.150 219.156 196.405 186.955
shi2 171.512 180.311 191.588 179.556 186.962 174.141 178.588 196.322 198.610 211.712
ta1 306.726 300.384 309.775 282.828 294.602 273.041 287.333 300.489 276.767 266.447
men5 284.586 273.706 272.084 236.874 231.974 205.870 207.570 218.582 206.236 212.445
shen4 203.625 214.185 237.259 233.376 253.367 250.185 257.403 270.938 246.162 240.771
zhi4 219.607 232.267 248.802 237.704 243.184 221.215 221.070 229.923 204.562 196.061
hai2 207.828 203.996 213.482 195.647 209.056 195.672 200.869 213.958 200.737 207.250
neng2 216.784 224.235 232.904 206.307 203.026 183.880 198.167 228.419 230.942 236.317
pao3 231.569 228.452 227.382 203.479 199.573 167.531 155.548 159.517 146.849 160.893
bu4 165.334 193.308 230.868 241.778 265.642 249.075 248.505 246.108 215.492 196.880
jin3 195.291 195.153 204.733 192.385 197.701 175.159 164.350 169.565 151.007 147.456
bu2 131.719 136.603 149.375 136.497 147.953 141.154 152.354 178.473 171.901 183.174
man4 189.715 204.381 228.373 209.855 190.001 147.976 126.573 131.201 112.869 121.763
