yong4 278.251 273.372 277.442 254.538 258.584 230.469 234.001 238.564 214.029 209.787
dong1 216.529 232.516 264.963 258.935 275.044 269.123 277.547 298.088 279.807 284.891
jie4 285.314 281.113 287.030 268.278 266.367 242.889 237.286 238.504 213.680 203.207
xi1 198.952 200.376 224.128 214.730 240.275 246.405 266.380 288.047 274.460 274.624
cou4 262.627 257.830 268.829 262.468 276.084 264.842 265.019 262.537 229.121 204.887
lai2 202.056 192.704 196.093 171.273 172.599 154.338 161.753 181.615 174.224 179.813
de5 183.436 193.632 207.982 190.438 193.605 176.255 175.954 194.904 180.777 182.947
san1 192.426 196.865 225.823 218.076 238.632 237.089 251.759 271.187 261.374 270.438
wan4 291.208 283.338 292.387 270.416 265.532 240.122 231.283 225.619 191.345 173.003
yuan2 161.788 154.122 156.510 136.055 150.333 144.325 154.329 182.617 192.842 216.242
mai3 198.489 210.516 218.648 199.674 191.906 167.341 169.520 181.511 160.645 161.432
hui2 168.287 166.544 178.398 169.832 185.891 175.055 185.814 208.073 208.166 217.967
yi2 217.527 213.370 216.088 196.092 202.915 191.736 200.369 223.335 218.422 225.232
wan4 220.256 236.990 258.503 247.715 251.739 220.644 208.772 208.013 180.928 171.192
zhu1 173.327 193.748 224.081 220.304 236.206 230.175 245.142 262.017 250.728 241.430
ci4 294.209 292.829 291.936 270.985 273.946 258.431 265.619 268.599 232.022 207.167
huai2 203.462 190.484 189.285 170.559 172.715 155.768 172.221 200.757 201.198 214.379
yu2 191.364 201.420 207.424 189.686 196.204 189.835 205.781 232.137 233.540 243.628
shu4 243.352 245.391 263.043 261.320 282.831 274.588 282.517 287.947 255.685 232.701
miao2 207.912 194.662 188.488 155.248 161.510 153.852 159.186 180.104 188.833 212.632
zai1 303.868 302.479 308.448 284.838 286.933 270.510 280.557 298.035 284.805 286.733
man3 276.125 266.614 256.601 216.146 200.085 159.703 149.485 158.872 140.456 141.758
sha1 147.573 160.914 191.674 188.855 217.757 211.446 219.329 238.378 232.115 239.167
hai3 232.017 214.654 211.693 190.287 181.962 145.746 136.190 136.708 134.374 141.210
