leng2 226.498 227.064 233.694 209.404 220.733 220.753 249.772 281.974 286.650 292.767
shui3 310.192 299.884 293.471 269.434 259.057 221.384 202.677 199.369 178.132 177.218
jiang1 181.301 202.685 240.653 238.006 256.840 247.757 260.912 281.238 268.880 272.142
lu4 290.207 284.739 294.407 274.862 272.812 241.707 237.028 231.630 207.237 192.087
duan4 192.860 219.154 235.940 215.995 204.014 168.352 157.311 158.983 145.945 150.019
cheng2 229.514 231.330 243.261 226.503 245.791 226.928 236.469 240.669 221.644 218.793
wei2 218.310 212.441 207.340 182.293 187.045 175.903 183.640 204.144 203.089 216.099
zhu1 200.832 215.529 251.499 252.606 273.916 268.942 278.714 294.428 277.812 277.384
liu4 296.948 296.961 313.886 296.304 293.874 261.860 251.509 247.910 221.328 213.579
fu4 208.887 209.872 227.150 220.147 239.822 234.370 249.298 264.227 243.489 234.659
xian4 212.043 216.961 237.840 238.276 259.133 248.871 248.479 246.280 215.076 199.586
hu2 197.811 189.334 193.742 177.515 195.853 185.174 193.323 211.624 205.912 210.220
nan2 212.399 212.328 214.295 186.651 180.946 158.600 162.434 181.134 178.624 188.299
duan4 189.594 224.501 254.113 237.478 230.818 196.883 180.998 178.292 157.495 162.723
guan4 178.127 206.289 243.808 244.078 254.255 231.660 224.675 222.937 198.941 191.349
tong1 190.489 197.561 226.044 219.326 243.993 241.729 257.736 278.415 271.855 275.617
zui4 280.305 284.269 301.532 287.811 292.421 262.179 252.475 243.107 208.513 184.484
zao3 179.219 182.270 191.098 176.356 173.754 150.711 141.776 152.438 135.116 138.559
de5 154.991 156.918 163.246 148.827 159.590 144.936 150.241 177.755 173.940 179.734
lu4 170.883 174.680 194.559 181.623 190.478 166.784 161.819 170.098 148.275 146.642
duan4 147.691 169.064 195.159 179.853 173.470 139.639 129.709 130.377 116.288 123.935
