lu2 223.229 228.595 244.290 228.077 243.663 239.375 263.308 289.018 283.345 281.778
gou1 257.243 275.157 302.724 289.943 306.466 295.215 304.609 325.516 311.914 304.819
qiao2 292.361 280.222 272.641 241.075 226.610 194.888 187.567 203.576 204.193 219.494
yin1 215.561 221.683 250.562 249.609 272.297 269.561 283.713 305.741 292.258 290.533
qi2 290.820 274.420 267.375 238.953 231.638 202.348 197.169 215.241 212.329 221.792
heng2 226.223 217.482 222.224 205.173 203.929 177.019 175.808 200.017 208.475 230.984
kua4 213.124 218.339 235.779 245.435 277.593 272.223 270.400 268.333 231.997 202.010
lu2 181.583 175.849 179.036 164.759 180.494 172.484 184.131 210.186 214.462 222.405
gou1 222.394 238.722 271.965 265.475 278.599 265.323 276.761 297.637 288.013 287.049
he2 279.769 256.485 241.677 207.008 202.747 178.469 175.395 188.605 186.945 202.605
jin1 318.943 310.955 318.849 296.763 301.095 284.743 290.814 307.727 294.308 290.533
yong3 292.139 274.098 256.418 215.122 196.973 165.108 159.817 168.375 160.875 164.459
ding4 185.706 210.017 243.147 244.616 252.572 227.245 224.803 227.245 202.571 190.870
he2 188.560 184.745 194.696 180.284 193.308 177.433 181.262 197.505 191.163 196.595
er2 182.161 177.073 180.353 157.005 164.133 150.660 167.142 188.222 173.107 179.158
de5 177.348 181.540 196.622 185.810 192.832 174.063 177.176 189.996 176.074 171.917
ming2 143.340 144.162 154.207 138.836 139.971 129.535 143.395 168.261 187.466 206.647
