fen4 336.124 329.671 332.300 312.009 317.462 292.276 294.575 300.925 276.020 263.358
nu4 266.066 259.717 274.689 262.088 271.661 249.728 251.176 262.932 240.083 224.111
de5 210.789 212.398 220.576 201.060 206.514 188.236 195.031 214.095 203.949 206.164
su4 197.070 210.683 235.428 234.326 260.425 258.408 266.305 276.391 252.461 234.628
shuo1 215.363 222.206 245.855 240.001 263.117 253.661 261.528 280.021 266.441 266.088
ta1 257.971 253.622 270.872 255.650 274.124 265.522 277.279 292.376 275.454 273.046
men5 281.912 270.430 259.111 223.004 212.956 185.252 181.821 195.822 184.477 188.010
zao1 195.482 209.112 243.352 241.626 261.191 252.221 265.989 287.874 272.927 273.868
yu4 284.943 270.737 278.625 259.649 260.809 235.783 230.624 229.845 199.850 182.138
de5 173.296 170.173 176.434 160.902 165.322 152.748 155.562 172.184 154.995 159.527
kun4 163.454 171.302 196.029 205.855 238.253 233.003 228.566 220.821 177.903 162.672
jing4 163.590 177.942 200.796 190.020 186.467 148.764 133.353 138.344 124.095 130.872
