tai4 319.397 316.843 317.000 300.187 303.283 284.689 289.403 294.270 277.242 260.031
kong1 245.203 246.267 264.481 254.914 277.795 275.064 289.147 313.423 301.637 304.320
chuan2 293.522 272.423 260.895 222.708 205.040 175.614 177.822 198.435 205.201 221.327
qiang2 224.538 226.343 238.639 216.034 209.231 178.630 177.865 201.956 209.784 234.799
li4 243.693 242.283 265.379 256.958 264.334 245.139 254.303 266.413 248.443 236.604
de5 220.786 214.915 213.867 197.528 209.566 195.525 199.919 212.891 201.847 201.952
yin3 191.265 184.994 191.342 177.768 186.763 163.433 157.771 168.023 149.383 150.476
qing2 166.045 178.524 190.044 178.191 181.366 166.781 181.581 205.933 220.563 230.562
suo3 237.094 235.676 236.498 220.217 220.508 194.357 184.211 188.432 170.348 168.278
hao4 163.585 178.799 203.577 214.926 244.801 233.870 234.891 235.171 208.872 194.645
ran2 183.574 184.180 191.314 172.276 178.224 165.902 177.956 207.036 214.962 230.803
liao4 238.716 258.254 281.361 267.927 268.277 231.628 219.017 215.710 189.137 181.986
zhi1 183.698 196.293 229.778 224.860 247.767 241.105 255.118 275.404 264.309 257.891
ju4 259.647 262.977 265.823 236.750 222.329 185.477 167.402 160.844 148.935 159.211
fei1 321.098 312.327 319.341 296.081 297.825 275.061 287.427 308.316 295.464 291.018
hai3 288.908 271.651 264.291 239.538 234.710 200.938 183.520 177.486 158.435 156.274
shang5 162.534 174.954 190.902 186.526 197.471 178.825 178.170 191.533 181.393 184.208
chuan2 185.563 191.708 201.900 191.122 204.401 185.208 179.027 188.010 182.959 190.636
zhi1 190.966 200.140 228.221 222.615 241.256 231.586 246.457 272.156 257.220 252.131
ke2 256.377 247.270 238.296 205.845 201.853 172.027 165.222 181.288 184.016 196.568
bi3 200.154 194.958 198.897 171.738 162.600 130.539 123.046 138.837 137.637 141.139
