you4 303.473 307.814 318.471 305.105 310.585 289.018 295.340 290.331 275.705 267.066
yong4 243.211 247.363 269.815 266.993 278.027 262.173 256.912 261.534 239.382 239.440
xi4 211.267 219.648 244.209 248.613 272.919 272.176 278.353 290.565 260.975 243.922
ni4 227.561 235.848 253.860 249.397 260.589 240.747 240.906 247.270 221.892 207.217
rou2 192.662 183.495 193.198 178.821 185.728 170.903 186.788 216.917 225.904 238.544
he2 235.485 226.623 231.010 212.809 226.988 212.442 212.705 223.509 207.609 207.043
de5 197.764 205.071 217.647 205.071 218.067 199.614 203.746 216.529 202.031 198.033
biao2 198.464 202.458 210.952 186.869 181.015 159.070 166.726 193.154 200.054 213.169
yan2 210.035 204.928 200.550 169.774 167.241 157.505 167.407 194.849 207.725 230.915
ti3 232.261 226.546 230.586 214.697 219.749 206.929 203.179 206.139 184.968 181.669
xian4 169.837 181.485 207.690 214.264 243.648 239.609 245.370 245.465 219.889 209.138
jin1 197.466 209.453 242.975 237.835 260.366 255.853 268.462 287.447 275.896 274.195
zi5 274.194 267.652 272.605 244.447 242.980 217.124 215.522 221.286 198.045 188.640
de5 180.142 182.382 194.691 178.568 184.755 167.857 173.073 188.824 176.384 184.893
shan4 194.341 209.913 233.599 233.064 252.305 244.317 246.805 243.980 215.007 200.328
liang2 186.752 181.623 185.923 160.072 157.677 146.430 154.708 185.527 196.546 220.722
he2 221.149 216.897 217.679 194.433 200.908 185.636 181.460 192.032 186.217 195.564
tong2 193.387 194.870 206.964 189.932 193.661 172.016 165.715 181.775 185.382 203.494
qing2 204.584 201.682 214.413 192.793 197.100 177.729 169.611 178.695 171.175 184.269
xin1 167.002 184.162 216.034 204.623 217.535 202.694 214.861 234.260 228.474 238.659
