ying1 294.687 292.185 311.480 290.838 301.506 283.205 295.600 315.549 300.826 300.273
dang1 304.363 312.502 327.688 295.188 303.245 287.529 297.509 324.353 310.155 305.305
xiang3 299.016 283.761 281.544 258.238 250.972 221.007 203.650 195.736 173.298 167.721
xiang5 161.838 172.169 194.348 191.379 196.934 176.788 173.992 181.230 169.890 178.477
shi4 314.498 306.798 306.169 283.995 289.204 272.691 285.381 295.163 268.656 249.495
fou3 236.691 235.093 239.955 222.974 220.323 191.589 182.148 189.348 173.094 177.283
hui4 164.955 173.196 195.996 205.790 238.652 240.630 246.744 251.195 225.082 213.490
gan1 206.274 225.096 259.880 250.993 268.190 260.307 274.251 297.727 284.972 280.690
rao3 278.229 259.629 246.527 212.605 199.685 169.445 164.597 171.028 155.185 152.569
lin2 140.918 147.270 160.588 146.083 160.878 150.854 167.187 195.230 200.492 210.750
ju1 197.154 198.757 220.687 209.996 230.124 225.806 241.847 264.929 251.909 245.119
de5 233.658 221.043 221.844 201.646 201.175 179.594 178.961 185.699 167.971 168.825
sheng1 169.547 183.046 207.983 200.699 221.174 213.045 227.622 250.968 241.314 242.301
huo2 247.629 224.969 215.216 182.682 168.810 128.913 120.239 131.555 124.300 133.268
