a1 275.996 290.963 274.428 256.785 265.970 238.399 238.525 268.139 255.013 249.397
er3 295.798 271.536 257.595 221.318 220.620 184.315 180.236 197.024 173.945 167.961
ji2 170.488 169.579 188.038 179.145 200.933 193.704 206.451 234.868 224.812 228.007
li4 230.933 232.311 251.929 246.806 254.092 231.840 232.016 239.993 222.416 214.122
ya4 210.034 212.357 228.006 214.753 210.610 179.520 164.568 161.904 146.784 155.918
shi4 309.164 304.183 309.016 288.564 287.163 273.635 278.651 285.652 258.751 250.200
bu4 240.305 250.952 270.260 265.083 281.826 263.901 268.123 274.326 243.730 225.324
jie2 218.348 212.522 221.379 201.667 208.530 192.811 199.471 216.803 205.984 210.173
meng2 214.286 220.510 230.541 207.935 208.014 187.390 194.704 213.060 203.258 211.744
yun4 202.248 210.404 231.369 230.387 246.047 229.602 226.748 229.314 206.684 202.251
dong4 215.970 239.137 261.652 246.148 244.355 214.971 209.785 213.890 195.688 191.833
zhu3 195.144 196.850 201.026 183.896 188.696 167.170 158.845 169.579 153.974 161.101
yao4 167.511 190.804 225.191 232.861 251.352 229.751 231.364 234.037 210.903 205.556
chuang4 206.184 213.374 231.636 234.085 263.185 253.553 257.729 258.875 225.506 203.934
shi3 205.182 199.573 199.939 176.964 186.159 169.592 174.222 186.636 160.344 146.962
guo2 140.161 154.512 171.915 157.895 171.129 154.981 160.696 177.877 170.980 178.221
zhi1 169.855 180.501 207.300 196.981 219.301 206.346 218.632 239.736 227.081 227.514
yi1 202.379 197.787 215.244 199.681 217.463 205.452 222.954 240.545 238.355 236.176
