xiang4 311.056 309.613 309.542 289.345 282.345 253.218 249.860 253.227 234.524 232.376
deng1 238.911 252.615 283.518 275.658 290.990 280.369 293.495 314.297 299.977 301.953
lu4 300.381 293.885 301.800 280.802 283.986 257.731 253.421 256.083 232.550 215.463
shou3 213.635 215.906 223.723 212.113 214.376 187.905 174.557 179.711 161.985 165.939
chuang4 178.537 201.774 229.675 236.652 254.207 234.827 229.358 232.219 205.361 196.318
wang3 195.808 191.818 197.114 178.465 180.930 163.758 169.889 190.327 173.960 171.241
luo4 167.567 175.072 196.018 196.217 213.949 202.151 208.173 222.695 205.873 201.367
xin4 195.595 198.913 214.079 204.983 221.159 211.388 223.878 240.074 222.499 214.865
xi1 217.527 209.729 226.221 210.251 233.104 222.987 242.381 267.579 249.527 245.954
dao3 248.161 242.269 232.702 194.886 174.425 144.630 148.809 164.104 153.697 156.761
da2 164.859 175.129 190.774 171.448 169.122 151.506 163.721 191.582 201.892 217.861
ti2 215.761 215.826 224.308 209.731 219.547 205.968 206.546 217.070 211.845 218.474
huo4 203.475 205.245 223.292 226.943 257.158 254.311 255.810 254.614 221.971 198.923
jiang2 199.619 196.784 203.831 180.629 180.809 161.718 172.609 199.815 208.349 219.824
zhe3 217.493 222.916 225.530 201.050 192.518 163.708 155.815 163.354 147.967 154.152
ban1 166.197 194.734 235.793 231.289 252.514 243.756 253.882 273.806 261.232 262.613
fa1 258.544 252.160 275.823 258.153 264.456 253.490 262.224 278.986 259.774 258.387
le5 266.284 248.751 243.540 219.884 209.572 187.773 185.394 189.208 167.638 170.637
jiang2 162.206 169.032 183.153 163.180 159.933 142.133 149.168 175.265 178.188 192.687
pin3 190.970 184.789 194.669 173.275 179.809 154.235 139.764 147.622 129.762 124.246
