ta1 303.508 300.986 307.395 282.105 291.082 275.591 288.112 305.871 285.548 285.266
men5 285.043 271.444 264.102 221.038 211.445 189.073 190.825 205.964 197.515 209.610
jian4 198.923 220.515 254.941 263.892 276.137 257.778 252.552 244.976 211.653 194.391
gu2 191.256 191.964 200.624 182.159 192.299 189.234 207.557 242.514 248.154 250.818
zhang3 236.277 240.127 238.576 192.130 177.288 147.177 151.458 168.641 161.539 172.623
die1 188.688 197.921 231.133 221.502 241.276 233.262 252.323 274.709 265.797 261.395
de5 267.624 261.642 263.120 231.147 225.342 195.605 199.970 209.267 193.641 188.414
zhun3 182.923 185.644 199.679 186.341 188.102 162.991 155.288 162.092 144.090 149.523
que4 164.201 174.451 199.181 197.284 221.608 231.394 248.950 257.300 238.094 219.345
lv4 195.055 204.474 221.066 204.831 201.748 171.912 156.635 156.175 140.583 145.043
bing4 290.079 290.858 296.901 272.430 269.758 244.515 244.261 252.883 228.126 219.289
bu4 223.040 228.941 244.558 236.327 253.244 243.063 253.325 266.800 244.835 231.862
bi3 207.040 201.998 201.505 176.146 177.619 161.536 161.027 175.967 157.818 164.674
da4 186.583 212.187 245.401 233.421 239.624 215.998 217.839 225.517 211.346 206.623
xing1 182.389 188.673 211.992 204.501 230.383 228.208 241.689 260.214 253.883 252.068
xing5 262.598 248.362 247.453 223.013 214.979 182.034 167.470 170.000 159.624 160.338
sui2 218.062 221.322 227.706 203.709 199.517 174.159 180.868 206.807 217.187 235.365
bian4 235.968 252.740 275.969 266.084 272.549 244.832 236.685 233.466 203.381 193.042
chou1 196.121 199.802 224.389 216.502 246.094 245.363 262.184 282.725 274.764 276.990
qu3 263.082 250.327 253.426 230.512 233.446 218.372 216.083 222.373 202.702 191.131
gu3 171.424 173.162 186.115 171.008 177.558 153.924 151.704 163.101 144.807 143.582
piao4 146.687 164.676 198.514 208.889 235.481 221.068 215.616 209.092 178.545 170.201
geng4 173.056 196.147 232.078 225.960 231.353 193.574 177.698 169.256 139.856 140.107
gao1 158.043 180.757 212.227 197.266 209.405 193.359 204.852 224.429 219.721 221.859
