gui4 343.545 339.056 339.410 314.685 313.267 285.430 294.473 298.593 267.611 253.502
zhou1 263.186 261.293 286.757 270.450 285.949 270.816 286.143 306.213 289.616 290.350
sheng3 288.397 270.605 268.181 241.492 229.710 187.959 173.264 173.689 150.224 155.362
xing1 164.349 171.835 199.408 196.500 227.924 222.200 241.759 255.115 242.191 246.986
yi4 263.895 253.096 259.732 242.945 245.404 224.563 226.978 229.179 206.248 199.495
shi4 196.069 203.623 220.910 218.055 225.744 207.116 207.198 208.114 177.925 170.196
ju2 187.968 186.258 201.578 187.565 199.327 190.040 198.860 207.642 200.709 198.277
shan1 190.948 202.406 229.562 224.256 239.416 221.549 230.123 245.327 232.885 237.880
xin1 247.931 240.977 258.050 239.616 256.564 245.026 257.410 270.605 260.349 261.541
qu1 247.949 238.381 251.246 234.835 251.252 244.874 259.052 270.111 255.375 250.748
gong1 250.561 254.752 281.617 262.563 271.106 254.661 271.233 289.045 270.931 262.429
wei3 268.712 241.768 230.765 186.444 171.876 141.194 131.733 137.908 120.567 133.587
zai4 276.470 276.034 278.535 246.561 239.189 206.809 206.471 215.748 193.951 197.748
xin1 191.497 195.912 215.923 208.685 231.731 220.858 233.510 248.810 240.326 241.389
qu1 236.338 230.618 244.022 228.200 247.955 236.437 250.789 263.297 252.784 249.275
kai1 242.605 235.975 250.395 235.667 250.856 236.387 246.112 256.340 244.963 244.046
fa1 237.541 230.060 251.246 236.918 248.787 230.360 237.773 249.272 236.619 234.571
zhong1 223.311 236.066 258.994 232.468 238.740 222.006 240.308 264.084 246.909 242.183
tuo3 214.376 215.630 221.996 205.542 209.292 189.619 183.585 182.123 158.274 153.723
shan4 161.938 173.742 203.910 208.607 229.309 205.394 204.501 204.587 173.357 162.112
an1 218.096 220.097 247.354 232.077 253.512 232.940 249.369 269.111 256.492 262.686
zhi4 259.836 250.035 264.959 246.209 246.111 216.895 211.998 216.187 193.002 195.241
xin1 196.497 196.404 217.832 208.752 233.336 219.963 232.388 250.512 240.771 238.722
qu1 238.638 231.791 245.562 230.292 249.973 233.692 245.527 261.458 248.195 245.057
shi1 259.292 249.710 263.420 247.019 261.907 243.188 258.966 277.193 261.175 254.413
di4 271.025 265.408 283.333 264.260 259.036 225.902 228.754 236.014 201.727 190.343
nong2 177.072 171.855 181.706 150.327 160.972 139.511 150.599 179.693 175.103 186.337
min2 190.312 193.972 204.650 170.014 172.216 144.771 145.533 169.051 163.142 176.382
jiu4 162.976 179.835 218.549 215.265 227.125 196.995 181.454 182.252 145.449 143.226
ye4 114.223 122.185 152.118 143.733 157.632 141.863 131.496 139.720 116.031 126.678
