yuan3 228.655 227.895 233.669 217.628 221.676 206.192 208.152 222.299 205.390 209.012
fang1 204.675 217.147 247.784 249.677 273.549 265.207 281.201 307.743 293.418 287.054
de5 296.335 292.716 299.110 269.645 270.241 240.538 243.099 255.661 238.210 231.129
cheng2 229.140 221.995 226.840 213.290 217.505 194.908 191.778 212.452 213.141 231.344
shi4 219.487 234.136 251.391 246.077 242.878 209.696 198.640 192.521 172.872 170.625
ye3 221.550 225.028 226.387 208.305 217.206 198.298 204.189 217.459 200.162 196.990
zai4 194.751 216.893 246.162 244.647 257.093 239.244 240.022 246.320 224.935 213.987
han2 212.556 206.122 209.879 193.982 205.908 190.864 194.612 216.309 211.316 226.133
wo3 251.809 245.972 248.690 227.969 225.210 193.494 178.614 179.155 157.299 152.456
men5 141.663 145.809 154.062 142.343 155.317 143.399 151.117 169.018 162.920 170.280
gui1 173.672 187.825 221.355 215.314 234.551 221.010 236.369 254.856 249.021 249.426
qu4 254.440 248.507 257.359 241.632 234.172 192.456 169.982 151.465 130.442 137.692
