ba1 319.595 316.955 328.972 300.911 309.753 292.774 300.504 315.246 300.122 294.988
zheng4 304.228 308.649 320.659 296.090 292.731 261.601 252.293 255.017 231.767 221.339
fu3 199.902 200.671 206.534 192.921 201.025 182.751 173.938 182.720 165.142 168.810
jiang1 177.914 203.614 239.705 235.264 251.999 239.334 248.953 266.222 256.887 255.369
gen1 251.137 257.563 283.688 268.382 281.569 268.558 278.492 298.883 288.282 287.497
ju4 284.804 280.699 284.824 261.873 258.579 231.242 223.642 226.182 207.807 203.177
xiang1 198.601 214.040 243.904 241.574 261.206 252.674 260.632 279.710 268.293 269.282
guan1 266.532 269.883 295.190 277.628 287.692 272.265 281.344 299.756 288.473 281.955
fa3 270.084 256.973 253.872 230.048 220.669 187.904 169.707 168.138 147.472 143.939
lv4 170.797 182.166 204.297 195.706 204.887 176.272 171.068 165.748 145.953 152.893
hui2 226.333 224.124 231.722 210.570 218.949 202.000 205.786 219.242 206.514 220.018
ying4 214.638 231.226 253.134 249.999 256.815 226.165 215.118 210.696 183.777 181.190
zha1 192.388 208.532 238.807 227.531 244.091 232.608 240.378 262.156 251.727 253.451
yi1 242.351 239.295 251.406 230.383 243.107 234.619 246.881 270.145 262.265 257.805
fu1 245.423 242.880 259.038 241.209 256.105 247.175 262.041 283.385 265.709 252.962
de5 247.498 242.271 243.193 215.444 213.996 189.424 191.875 200.887 182.057 182.155
qing3 178.732 177.898 190.209 175.685 190.397 178.734 177.431 175.013 148.626 142.013
qiu2 135.595 148.648 163.480 148.920 147.373 125.677 138.168 153.442 157.590 176.882
