dui4 328.357 327.822 328.022 293.520 287.742 258.106 264.152 269.235 255.534 248.743
lian4 244.199 255.507 281.482 281.560 293.549 268.055 256.811 247.502 216.153 201.932
tie3 190.830 192.078 202.567 193.922 202.017 181.395 178.078 178.292 157.568 162.840
lian4 208.884 229.802 257.448 254.156 265.384 238.737 228.135 222.315 196.447 185.105
gang1 188.818 214.571 251.827 246.515 260.200 252.018 263.168 279.176 265.426 261.698
er4 286.592 286.615 293.751 275.507 275.272 245.896 237.864 230.245 200.596 183.262
zha2 166.454 172.476 187.337 161.108 163.088 153.998 169.740 191.536 192.318 210.951
jin4 324.894 316.443 319.614 299.701 300.850 271.649 271.178 272.306 247.584 232.634
xing2 221.603 212.860 221.288 204.657 217.355 199.484 200.884 213.504 193.853 197.709
le5 182.270 188.998 195.029 183.017 192.012 173.980 180.432 197.310 184.431 187.198
san1 190.623 206.058 234.600 231.365 254.826 249.806 264.063 284.410 275.751 281.822
da4 292.419 297.628 305.353 281.727 267.223 231.477 217.927 215.830 189.859 183.215
ji4 190.781 189.861 201.924 191.912 203.151 190.473 204.232 217.456 197.545 189.394
shu4 190.222 184.154 195.334 183.313 194.720 179.303 191.958 204.487 180.177 168.341
gai3 171.005 177.308 185.365 169.380 162.119 141.344 145.903 161.126 141.806 140.468
zao4 142.333 163.730 196.818 187.287 187.517 159.773 151.307 156.242 139.749 147.794
