zheng1 330.301 330.278 341.290 310.707 314.364 293.876 303.961 322.973 302.899 299.290
shou1 283.728 282.233 297.790 279.194 288.872 275.722 284.474 303.428 290.891 284.688
fan3 269.430 259.369 252.519 221.360 209.310 177.751 169.820 177.231 163.988 166.494
qing1 170.618 186.538 213.765 214.849 243.744 241.528 253.918 270.583 263.563 264.740
xiao1 269.319 264.266 280.521 265.860 286.718 277.728 287.673 304.953 290.503 292.256
shui4 298.511 292.658 303.778 291.426 304.172 286.382 285.632 282.069 245.786 218.391
de5 206.632 200.698 209.182 190.257 198.223 182.179 189.662 208.166 192.126 189.733
shui4 184.052 197.537 222.404 222.372 246.785 250.804 260.611 264.080 234.592 218.962
lv4 197.927 206.160 221.764 206.884 204.985 174.796 159.733 160.020 147.186 156.717
bu4 307.130 305.515 307.476 284.138 285.063 258.901 261.681 271.620 238.142 215.420
de2 209.734 204.246 207.237 183.874 189.122 177.408 188.500 209.117 201.090 208.765
chao1 190.215 200.138 225.510 223.426 247.467 242.313 254.898 273.433 262.723 263.465
guo4 252.071 258.850 268.666 242.609 235.979 203.161 191.863 193.637 172.807 174.579
qing1 179.360 193.101 220.398 221.373 243.345 240.191 248.862 265.549 254.502 256.319
xiao1 263.841 260.762 276.859 259.566 276.348 259.733 269.151 285.609 269.850 267.136
fu2 272.630 257.399 247.404 215.157 206.721 175.811 164.318 176.517 172.179 179.943
du4 171.900 196.993 221.363 210.109 201.441 159.749 139.673 141.714 132.212 148.142
