cong2 229.762 239.272 242.966 222.048 213.963 201.852 217.590 246.010 249.086 250.198
bian1 238.565 258.768 283.274 269.910 277.260 265.241 278.557 301.679 284.591 275.067
dao2 250.568 241.672 239.372 200.894 193.037 179.249 190.217 221.729 224.812 235.654
yan2 233.283 229.226 227.512 195.853 189.890 171.585 183.593 215.793 224.748 237.639
na3 258.867 260.483 254.420 217.110 198.502 162.362 155.702 165.435 154.478 153.171
ge5 167.880 174.971 189.928 178.371 192.103 179.240 184.767 204.919 195.209 192.120
fang1 196.948 204.606 232.463 226.324 247.814 242.257 254.998 275.711 266.995 270.894
mian4 282.820 282.942 282.024 241.888 219.829 181.898 158.446 156.462 142.983 143.973
dou1 297.451 295.166 303.881 280.416 286.899 268.952 280.859 300.592 285.030 284.156
kan4 273.296 270.101 273.070 258.338 272.452 256.994 253.007 250.636 223.425 200.383
bu4 189.351 181.900 190.848 171.959 180.808 165.139 167.847 176.623 164.872 161.250
chu1 250.841 243.429 243.961 223.727 236.201 220.108 230.138 248.490 237.431 237.702
you1 241.174 242.477 262.241 253.764 274.811 264.738 275.361 294.150 282.994 284.381
xiu4 285.145 281.122 289.618 276.110 281.521 258.460 252.297 245.908 208.237 180.812
de5 170.007 168.930 171.183 154.862 160.954 146.768 152.457 168.941 153.362 153.906
hen2 155.227 159.100 170.413 160.522 173.280 156.813 155.787 173.951 172.067 188.167
ji1 181.131 196.408 221.475 212.143 223.220 207.294 221.698 240.599 233.060 231.162
