zhi3 258.240 259.017 262.676 243.277 253.631 233.971 236.279 246.897 229.474 227.105
jian4 227.413 254.166 285.318 280.595 293.949 278.126 272.878 278.349 253.674 237.801
yi2 219.991 207.809 216.862 201.063 212.453 206.348 220.140 250.346 250.354 260.051
jia4 241.516 272.093 300.965 285.115 277.158 246.430 234.077 232.576 209.991 211.693
ju4 206.594 219.619 249.283 255.842 280.328 276.244 280.745 291.006 259.894 241.587
da4 247.974 256.825 282.399 270.391 276.813 247.231 247.778 253.628 229.755 211.971
wu2 195.253 179.980 182.772 168.593 187.548 181.671 202.337 235.490 243.685 249.604
bi3 255.103 248.386 251.819 228.028 221.463 188.377 177.341 183.902 164.990 159.424
de5 152.079 149.136 164.841 152.643 168.145 156.585 165.492 193.478 183.934 189.001
shu4 183.275 195.439 216.083 216.545 242.421 244.095 250.957 249.491 217.318 194.382
qin2 196.964 197.243 202.628 185.969 187.068 170.571 176.522 195.149 208.271 226.819
jia4 328.934 337.483 342.488 318.953 314.767 278.037 269.210 264.556 233.127 221.811
zai4 225.322 235.480 251.075 235.607 241.131 219.366 222.297 229.864 211.313 208.557
bu4 209.692 213.247 230.575 224.547 244.903 233.361 242.380 253.147 227.308 214.973
yuan3 202.442 193.852 195.133 174.659 180.881 157.136 154.013 166.091 149.128 152.836
de5 147.925 154.267 172.372 158.961 174.402 159.827 174.288 196.884 184.471 184.487
shan1 174.894 183.601 213.650 207.632 236.480 231.730 248.914 273.180 264.086 268.522
liang2 285.326 262.972 246.733 196.265 174.959 143.857 144.129 164.119 165.327 181.457
shang4 180.295 199.181 231.235 226.097 217.882 176.671 150.713 138.077 112.400 116.885
