huo2 220.114 226.679 232.116 217.840 221.732 207.402 214.434 232.790 235.323 242.406
tuo1 228.811 230.723 250.068 238.140 266.320 263.513 274.439 293.908 284.659 288.322
tuo1 269.310 258.621 266.527 252.217 267.220 259.501 269.226 285.644 271.332 269.911
shi4 270.947 270.430 278.750 265.720 259.150 236.280 227.926 229.391 203.347 201.334
tian1 200.753 204.199 231.840 226.704 254.854 258.797 275.464 293.922 284.682 291.183
shen2 304.006 281.674 273.122 241.566 231.054 198.606 188.807 199.735 194.141 202.759
di4 218.137 219.853 240.076 231.578 238.802 223.015 229.809 236.874 216.465 207.625
mu2 188.281 180.817 178.831 156.875 168.213 162.712 174.327 201.245 207.812 219.626
jian3 223.835 225.211 233.822 211.646 207.726 180.990 174.721 184.502 169.370 175.451
jin4 174.181 185.043 213.108 214.579 237.234 231.004 240.680 253.202 235.385 221.127
le5 197.853 193.074 196.267 178.132 188.137 172.870 182.599 200.956 180.988 179.003
ren2 165.127 168.177 181.947 167.493 181.716 171.316 185.341 214.217 221.615 238.636
jian1 216.412 229.103 259.906 251.160 268.624 265.014 274.298 292.030 280.597 287.951
zi4 295.246 289.613 299.971 285.181 283.555 260.962 263.419 262.799 233.036 210.181
ran2 199.307 186.236 186.645 158.300 163.910 147.415 167.067 200.733 211.934 227.208
tan3 231.066 228.125 232.007 211.423 207.616 177.346 164.546 165.908 148.230 152.127
dang4 165.933 183.168 219.089 212.861 217.957 202.649 207.099 216.500 200.198 194.850
de5 179.553 168.588 173.920 156.915 163.743 153.857 160.332 173.326 166.343 168.182
qing2 165.506 167.184 177.610 161.079 174.078 160.226 160.833 178.372 180.788 196.714
su4 200.495 216.231 234.631 220.695 211.762 178.076 156.146 150.313 137.338 146.217
pu1 302.571 288.409 288.201 261.514 265.943 250.130 264.925 286.379 273.771 271.598
jiu4 274.472 275.231 286.509 266.238 261.294 225.786 211.344 205.093 168.855 156.428
er2 151.490 139.678 143.843 120.781 132.899 125.949 139.686 161.330 158.232 171.157
cheng2 156.981 163.102 170.093 150.259 141.826 112.595 122.380 137.170 147.417 167.383
