que4 318.326 311.252 313.409 295.865 303.561 285.351 290.518 303.560 276.044 261.235
ren4 245.232 247.262 263.920 254.873 265.847 248.613 249.838 257.494 239.010 232.872
kong1 205.322 211.271 235.730 233.775 261.394 262.926 277.279 296.871 282.481 285.517
nan4 288.167 292.772 297.329 266.377 249.901 216.618 206.417 211.795 193.798 195.620
xi4 192.800 209.052 235.367 241.732 257.159 241.125 237.859 239.537 209.853 203.150
pao3 215.572 213.508 221.098 213.282 219.929 201.087 193.439 197.962 176.456 173.347
dao4 177.260 202.750 238.428 236.308 240.068 219.839 223.734 235.196 222.174 218.528
shang4 204.161 216.598 239.438 240.550 259.040 247.187 247.146 247.405 217.758 199.895
yi2 201.672 190.478 195.013 176.911 189.864 180.449 191.364 213.312 204.981 206.995
kuai4 196.073 209.469 229.891 235.849 257.865 246.173 239.752 237.505 213.673 208.274
jin1 206.269 214.987 246.643 242.038 264.406 259.090 272.997 294.749 285.310 283.985
shu3 280.961 267.625 261.129 237.021 232.970 210.874 192.093 186.748 160.943 158.010
pian4 154.368 174.202 201.080 207.896 224.347 207.795 200.004 199.771 178.120 180.729
ge1 185.711 200.087 235.323 231.888 249.342 245.475 263.555 283.308 269.640 269.151
po4 272.000 265.887 274.965 267.837 285.261 271.155 267.929 258.990 224.637 204.450
lun2 176.873 169.602 174.356 151.835 160.421 148.649 157.332 186.857 188.437 204.022
tai1 197.144 208.483 234.209 226.784 247.252 245.231 258.287 272.835 257.963 261.589
zao4 258.646 258.721 280.253 260.648 241.977 205.918 192.452 182.862 144.162 146.134
cheng2 136.034 141.575 157.079 142.431 142.436 121.099 126.666 148.556 152.634 175.642
