biao1 323.168 326.934 336.230 305.953 311.427 291.625 301.526 323.873 311.876 307.459
zhi4 311.160 309.705 320.310 297.714 295.874 268.291 265.598 269.235 244.518 226.110
zhe5 218.562 220.365 227.828 208.271 211.206 190.910 197.440 214.101 196.429 194.628
dang3 201.328 212.569 221.364 195.083 187.372 161.428 158.972 173.142 159.076 161.320
de5 153.648 169.478 191.342 184.337 198.383 189.342 199.263 220.325 208.788 205.456
wen2 187.964 187.282 198.330 183.026 192.451 178.928 190.780 217.974 222.961 241.330
hua4 225.611 224.348 243.577 251.510 286.507 285.177 285.960 286.115 255.084 231.974
shi3 226.724 220.658 220.659 199.951 209.483 198.955 201.505 204.276 180.246 175.230
ming4 161.610 178.111 208.668 211.950 232.054 216.767 220.043 221.733 193.334 181.639
gan3 199.301 199.687 208.029 186.476 182.652 159.145 152.329 167.162 147.573 148.267
de5 146.923 141.799 153.346 145.802 157.821 144.126 156.392 177.991 167.972 171.881
zeng1 177.302 193.504 225.695 217.444 241.286 220.036 235.149 259.067 253.076 254.983
qiang2 239.348 226.521 215.925 174.441 156.793 132.274 139.159 159.964 169.737 192.514
