qian2 249.047 251.550 260.933 235.816 227.238 201.011 209.555 232.561 244.009 261.176
tai2 264.597 260.910 269.150 247.319 248.942 220.785 218.733 236.379 233.017 242.483
ci2 245.122 242.114 244.243 224.871 227.147 204.273 204.575 225.294 226.657 237.430
chi4 239.781 240.934 253.814 245.389 271.918 270.792 289.165 305.172 280.540 258.363
luo2 241.961 224.518 217.038 190.481 193.623 178.489 192.031 222.501 223.358 233.739
luo3 228.319 226.572 226.083 201.353 195.414 167.478 161.770 169.606 155.690 161.308
si1 166.850 182.103 207.923 206.569 235.339 237.696 258.760 282.181 268.974 259.733
hao2 273.148 254.120 246.336 216.960 213.244 185.875 179.914 192.704 192.180 209.129
bu4 217.856 222.977 249.385 251.570 271.205 257.574 268.546 282.271 253.508 232.634
yan3 213.547 196.207 193.540 172.320 172.945 150.247 146.042 153.527 131.544 133.923
shi4 133.050 150.429 185.672 191.452 209.573 187.994 177.871 170.195 154.246 164.989
