mao2 228.308 230.091 242.974 220.523 231.273 227.184 254.195 286.070 290.878 285.355
zhu3 285.960 281.717 288.035 261.462 257.273 227.549 221.477 224.093 209.368 202.103
xi2 200.563 204.145 212.275 195.116 198.052 183.616 197.257 226.602 229.352 235.609
pin3 235.542 229.325 235.646 223.001 227.903 204.504 193.936 197.475 177.983 169.825
chang2 180.101 185.611 195.783 185.566 197.966 179.923 184.984 200.860 197.057 201.514
ta1 203.527 210.945 227.508 221.965 245.897 235.770 246.802 262.641 248.858 242.939
men5 244.745 238.132 235.659 206.716 206.320 180.092 183.650 199.709 186.233 187.754
peng1 186.134 197.102 223.995 223.676 252.833 252.233 267.913 284.672 272.959 274.114
zhi4 274.203 279.374 289.496 267.735 265.562 236.541 228.978 229.704 202.322 188.256
de5 181.313 185.666 197.744 182.123 189.056 177.775 182.571 201.346 191.211 194.848
mi4 185.944 203.457 236.555 242.392 262.426 250.766 249.045 251.474 225.541 213.343
zhi1 214.505 226.385 259.554 254.138 272.563 264.719 277.095 298.799 287.157 281.781
huo3 280.651 258.606 249.732 229.145 227.863 198.384 178.231 171.006 147.674 150.936
fang1 174.744 198.191 233.658 233.810 259.804 251.717 265.145 282.305 268.203 262.410
deng3 264.027 256.220 245.200 208.410 185.824 153.227 150.682 162.728 153.434 154.309
yang2 150.113 157.074 171.588 151.022 160.996 152.607 168.925 200.039 212.942 229.160
zhou1 219.073 231.590 266.914 259.683 268.530 255.545 267.840 284.516 269.569 268.861
ming2 272.129 254.046 241.512 198.678 179.852 155.846 155.382 179.859 182.138 202.561
cai4 198.471 210.840 237.016 235.711 238.991 221.167 216.431 205.207 165.016 159.210
hou4 146.832 145.666 167.874 164.566 176.504 154.268 147.871 146.590 122.838 122.984
