zai4 316.852 318.272 313.531 280.683 274.584 245.594 246.819 249.203 232.877 227.605
ta3 224.306 220.630 228.714 218.177 219.687 190.677 180.018 183.339 168.486 175.966
he2 178.927 176.711 189.248 181.155 202.844 198.455 208.470 227.330 216.808 224.983
he2 231.468 223.785 228.240 215.058 229.559 214.377 211.942 226.350 215.613 223.174
pan4 212.981 235.449 261.020 253.869 256.627 230.352 218.973 219.253 196.697 200.284
zhong4 213.610 231.127 265.318 267.523 281.827 267.967 267.754 277.324 246.847 228.033
le5 218.355 207.095 208.258 186.369 191.178 171.677 177.452 191.930 181.334 185.115
shi2 189.521 195.901 206.104 189.216 200.558 189.729 199.788 220.009 212.796 216.022
nian2 218.434 223.289 228.395 204.820 202.292 182.512 181.805 200.017 191.870 196.822
mian2 199.935 204.204 210.600 189.913 194.561 176.036 174.406 190.730 183.533 192.287
hua1 186.390 189.854 208.463 203.447 237.463 240.856 257.603 276.140 265.543 259.953
de5 247.888 245.542 247.557 217.764 213.259 189.237 185.178 198.881 183.231 182.361
xia4 184.992 199.367 226.211 227.994 253.240 248.969 254.733 257.355 224.922 204.016
long2 194.268 188.948 190.749 163.779 167.218 149.232 158.943 185.950 190.557 203.409
qing1 181.321 201.605 235.132 230.046 249.529 240.748 252.061 269.534 262.849 260.760
yi3 202.493 207.191 212.658 194.348 195.251 181.471 184.832 193.931 170.661 170.587
jing1 187.127 198.403 230.681 225.166 249.596 243.260 257.354 281.609 273.724 272.922
lei3 270.884 252.946 236.708 196.558 185.854 158.539 150.640 156.442 145.822 152.816
ji4 156.260 174.220 201.044 202.163 221.456 210.234 210.883 215.839 192.839 182.608
kai1 181.640 187.157 207.071 197.053 215.546 209.943 220.943 241.884 232.084 235.435
di4 231.370 239.987 250.246 224.363 208.110 163.712 146.197 153.388 139.649 145.919
