dai4 334.206 335.515 340.241 312.590 310.913 285.254 286.954 288.593 268.465 249.814
yan3 243.011 227.834 223.985 200.294 199.574 177.977 174.473 184.895 173.078 176.565
jing4 179.684 192.984 226.924 234.642 254.045 239.725 242.146 247.957 222.401 204.348
de5 198.585 202.138 209.156 190.295 200.175 182.878 189.985 207.019 192.405 188.367
ge3 192.623 200.120 211.591 196.670 199.022 175.923 167.678 171.871 153.893 154.615
zi1 163.072 188.682 223.606 220.625 241.175 235.387 248.809 265.339 248.210 234.335
zai4 304.500 303.622 301.994 271.271 260.856 232.988 225.158 227.884 202.740 192.537
yao2 189.910 189.948 201.579 184.997 191.275 179.163 198.480 230.055 234.162 247.894
yao2 250.653 245.520 245.810 215.984 210.105 184.712 190.130 212.075 208.606 221.780
huang4 201.736 207.656 233.156 244.926 275.664 268.447 265.835 266.331 235.864 223.310
huang4 214.694 209.986 227.625 229.404 256.235 246.241 245.839 245.608 213.718 193.094
de5 183.527 176.996 183.188 167.909 178.021 164.419 169.995 184.112 174.748 177.335
che1 172.169 186.054 208.308 201.029 226.558 227.495 244.368 263.052 249.196 245.234
zhong1 239.965 253.253 276.603 259.124 264.984 247.411 261.610 282.735 269.086 264.722
zhan4 278.618 288.418 306.636 289.167 280.723 240.600 226.396 218.472 186.436 168.568
qi3 176.126 172.768 178.243 163.841 173.511 168.548 179.369 191.980 164.115 150.371
lai2 119.704 127.773 137.441 116.138 130.874 122.550 145.107 169.154 168.161 171.121
