ying3 239.687 240.369 243.805 226.222 226.673 207.873 217.073 235.054 226.025 227.350
shi4 213.228 223.484 249.619 250.217 275.049 271.626 282.337 297.668 280.537 264.175
zhong1 247.867 260.906 294.389 283.000 296.977 287.208 299.065 320.581 305.221 298.970
de5 297.655 288.637 282.007 245.596 235.442 205.760 205.490 214.861 196.640 192.674
huang2 192.966 187.256 199.205 188.974 195.049 175.023 179.663 205.917 217.695 243.817
di4 242.321 253.019 280.020 275.414 280.258 255.018 256.453 261.719 239.803 232.772
xi4 216.658 219.443 235.696 235.254 251.313 238.233 231.062 231.151 203.450 199.279
que4 198.930 216.693 241.630 247.187 267.098 256.331 254.758 249.956 215.592 199.582
zuo3 196.881 199.428 211.426 195.195 196.628 169.002 158.345 161.903 151.265 156.016
yi2 149.024 153.749 165.485 144.468 156.759 150.296 165.940 197.584 186.707 192.570
bu4 182.615 195.812 219.470 211.757 203.783 165.778 143.154 151.135 137.230 147.629
