lai2 224.465 233.502 240.077 220.021 228.229 217.111 233.672 259.416 249.500 252.763
zi4 241.133 262.403 285.612 271.274 269.204 244.557 240.281 243.848 223.060 216.163
pin2 210.345 211.534 226.789 218.095 223.694 206.095 208.139 227.250 234.145 253.002
kun4 234.754 239.411 259.168 258.339 288.620 285.856 286.472 288.505 264.441 247.649
shan1 234.350 240.138 261.528 251.474 276.324 265.269 277.888 296.406 285.556 281.129
qu1 265.110 261.413 274.489 256.836 279.837 272.086 288.012 304.283 285.456 271.030
de5 249.330 246.251 240.553 207.616 203.260 178.470 183.402 200.927 188.509 189.270
ji1 198.859 208.860 240.274 237.114 258.781 257.109 274.503 294.022 283.377 280.444
xie4 286.154 275.018 283.185 268.616 283.259 264.914 259.997 256.330 225.299 207.826
fen1 203.508 210.990 239.914 234.759 258.371 253.145 266.568 284.826 274.092 276.228
ku4 269.622 259.848 266.143 252.670 269.030 261.270 264.497 265.232 238.508 220.441
zhan4 216.821 226.185 250.316 241.494 245.168 221.488 219.231 221.316 196.022 186.680
shi4 173.976 182.190 201.720 203.571 222.757 211.549 204.440 204.950 178.953 177.568
zhao4 190.503 215.425 247.813 243.117 245.881 217.656 210.120 206.977 180.111 176.282
zhong1 187.216 205.350 240.409 231.387 248.305 230.286 246.758 267.279 252.468 249.386
yuan2 229.699 205.056 192.298 149.113 147.272 127.025 134.895 158.411 164.315 181.891
