jiang1 306.004 301.856 307.834 277.761 281.571 264.172 277.376 298.542 285.793 288.656
yan2 268.915 252.840 245.049 208.746 202.747 181.071 191.698 223.163 225.860 238.029
ge2 231.754 230.134 243.163 224.185 226.811 208.578 211.639 228.433 222.264 228.306
zun1 211.047 223.512 255.899 249.802 271.345 264.015 276.419 297.263 288.675 290.234
shou3 291.109 276.685 272.237 244.581 233.252 195.042 176.250 172.866 157.193 163.714
shi4 168.188 178.409 197.722 194.254 220.438 229.700 249.904 267.190 251.058 237.358
mao4 239.947 244.981 260.917 246.499 250.620 224.362 218.295 220.224 194.439 186.453
zu3 178.602 179.159 188.124 177.581 186.555 165.437 153.086 159.065 138.054 142.999
zhi1 157.765 162.488 186.902 177.715 194.438 188.846 200.984 219.727 212.425 212.965
gui1 222.967 229.923 255.925 239.738 247.180 229.926 243.725 261.837 248.640 242.279
ze2 230.402 217.529 211.009 170.112 157.366 125.270 122.372 137.619 131.161 138.066
