chang4 325.571 322.052 328.445 307.751 306.390 279.892 281.688 283.908 255.425 238.107
zhe5 218.765 221.015 224.806 203.298 206.084 189.252 197.129 216.751 201.396 199.252
zhu1 199.659 219.945 248.838 248.404 270.634 265.449 277.996 289.434 273.761 264.414
a5 254.349 248.014 249.391 220.911 218.457 193.888 196.090 210.720 201.558 202.420
yang2 187.658 184.030 188.505 168.761 176.537 170.819 188.500 214.219 224.671 245.319
a5 242.464 250.187 263.768 240.896 238.038 210.008 205.892 217.719 208.324 210.202
song4 189.644 207.356 238.227 247.400 275.035 269.099 272.973 278.913 247.705 228.635
dao4 238.984 244.273 263.684 249.374 256.191 228.389 230.262 239.356 217.655 204.455
na3 202.974 194.911 198.631 178.118 177.782 149.982 146.236 155.581 139.362 140.494
li5 137.236 139.789 150.787 140.849 154.792 140.638 147.186 170.504 158.126 162.057
qu4 253.918 247.298 253.716 237.683 234.763 196.653 183.326 165.008 146.521 152.649
