jie3 263.047 258.124 258.160 235.385 237.942 215.737 215.398 219.394 207.525 201.898
jue2 186.483 193.659 206.226 192.646 204.746 196.506 212.612 228.853 225.702 224.099
ou1 280.315 287.821 306.391 289.548 307.735 290.735 307.553 330.306 316.483 311.928
mei3 318.533 300.090 279.097 235.559 217.723 182.122 177.161 182.676 170.627 171.390
zai4 179.364 212.671 247.962 245.920 252.111 227.435 221.448 223.347 197.980 196.119
zhe4 195.032 204.300 235.812 238.848 257.729 243.475 255.734 270.468 242.062 222.442
ge5 207.098 205.302 213.283 197.091 210.656 192.555 198.621 211.585 195.211 191.909
ling3 185.515 185.141 193.689 181.510 186.472 160.765 155.877 166.762 146.506 150.062
yu4 148.228 152.230 169.664 170.597 194.053 181.400 197.491 212.251 192.701 179.934
de5 173.319 169.901 172.687 155.871 162.083 147.154 156.584 175.379 161.740 162.845
mao2 166.292 167.907 175.834 149.580 154.701 137.769 145.110 167.405 165.167 180.472
dun4 183.186 208.364 236.385 220.618 202.961 156.746 131.761 131.773 115.547 127.985
