kun4 316.506 318.050 317.834 302.132 309.678 293.120 300.632 310.245 280.107 257.881
rao2 242.555 227.634 223.361 197.120 200.123 188.483 208.312 238.688 240.402 247.710
mei3 250.301 248.968 241.749 212.370 200.980 171.386 169.771 179.171 166.316 169.274
zhong1 178.842 201.646 238.559 239.053 259.060 250.347 262.608 282.486 269.151 269.610
mao4 284.896 281.135 290.537 266.657 263.507 239.038 235.247 243.501 224.380 215.398
yi4 212.320 207.066 216.126 203.577 214.920 196.684 201.810 216.715 202.415 199.804
guan1 201.489 213.983 244.671 236.910 252.960 243.147 252.427 272.449 260.763 265.440
xi4 255.503 248.320 254.909 242.128 257.945 244.612 243.081 246.671 217.380 203.444
duo1 196.053 208.572 239.919 233.305 253.061 247.042 260.880 279.317 264.173 258.694
nian2 258.263 242.788 232.090 192.748 181.323 159.387 164.043 186.111 191.239 206.106
de5 204.701 214.379 235.732 218.963 222.969 201.228 203.489 218.062 201.430 196.011
yi2 187.230 180.371 192.704 169.624 184.310 176.213 192.545 216.490 210.864 213.170
ge4 200.510 203.337 221.361 214.363 227.010 210.190 221.732 235.480 217.266 205.665
nan2 194.146 186.003 185.013 159.616 158.724 141.999 152.901 184.609 192.889 210.459
ti2 215.729 215.327 213.797 193.027 193.321 171.029 171.348 186.999 193.465 205.283
you2 205.539 206.291 211.561 189.914 194.977 180.315 195.217 230.825 240.890 248.732
ci3 231.984 226.045 227.369 206.261 210.462 192.773 186.465 182.796 155.319 144.760
jie2 135.369 136.738 153.632 139.793 154.165 140.292 147.967 158.725 145.433 153.778
shu4 147.601 149.699 179.632 187.544 203.789 180.496 168.741 155.435 129.490 130.210
