dan4 323.228 322.223 321.947 292.883 285.630 260.388 259.509 260.367 232.627 223.013
huang2 206.133 195.385 202.978 191.186 194.547 179.394 185.725 209.916 217.151 241.220
di4 233.440 255.071 285.639 280.002 283.630 261.659 258.154 263.223 240.574 234.301
bi4 224.041 232.659 254.017 250.811 266.780 252.108 258.656 275.174 256.237 244.649
jing4 241.650 246.814 264.424 254.172 263.761 241.098 243.718 252.122 233.278 224.491
shi4 203.473 208.822 224.104 220.664 232.619 217.924 215.632 221.731 196.998 197.031
zong1 204.793 226.700 265.181 262.866 279.755 273.490 284.513 303.047 289.485 284.939
fa3 282.260 266.620 260.987 234.234 219.200 183.205 167.065 169.732 152.667 158.610
feng1 169.974 186.973 221.968 223.316 249.174 245.172 258.341 276.382 265.350 270.316
jian4 277.142 283.085 298.074 284.532 285.045 257.880 250.782 243.408 215.346 201.993
zhi4 200.662 205.427 224.069 218.486 233.659 216.597 225.258 240.588 216.130 203.792
du4 205.309 203.765 217.854 204.569 212.283 191.235 195.144 210.591 190.557 178.973
de5 179.663 177.464 175.949 157.157 165.803 149.313 154.576 175.298 157.583 159.458
chan3 202.036 197.650 201.169 183.147 196.611 180.015 178.787 185.742 161.269 156.323
wu4 132.924 135.501 164.288 167.160 187.348 166.703 164.592 167.240 148.156 152.346
