liu2 216.597 224.703 229.885 209.776 220.605 211.843 232.059 265.457 269.061 275.823
ban4 267.381 285.341 310.959 300.917 306.391 284.831 280.393 282.418 256.508 236.069
nong2 210.687 195.912 195.783 171.733 177.851 175.376 188.971 217.499 226.432 243.892
zheng4 242.360 270.313 301.784 291.068 285.913 254.487 241.848 237.767 217.783 215.682
zhen4 213.988 230.534 260.717 258.444 272.038 248.353 248.917 250.782 224.757 203.386
duo2 196.338 195.655 203.095 182.531 192.910 181.139 196.626 228.499 230.293 234.046
deng3 232.568 233.433 246.227 220.382 213.104 181.676 173.386 180.278 162.673 158.779
hu1 146.752 154.961 175.480 174.171 206.876 217.181 236.508 259.214 244.571 243.423
yu4 242.771 235.757 240.258 216.076 210.695 179.972 163.696 163.420 153.635 161.667
kai1 304.874 298.153 304.587 281.441 291.489 277.957 286.069 299.453 278.288 274.051
pi4 259.110 253.284 260.266 246.879 255.030 233.642 226.449 225.120 198.805 190.511
su2 200.634 208.392 219.139 205.001 209.616 190.607 201.010 225.802 229.527 235.072
wen2 238.776 229.806 232.005 207.047 211.964 194.240 201.592 220.414 204.368 207.570
xue2 225.979 226.874 229.131 207.217 210.238 183.668 181.278 192.264 187.525 197.456
yan2 193.863 195.547 199.216 173.465 173.410 155.264 161.982 186.355 190.121 203.353
jiu1 191.590 206.741 239.837 237.386 255.590 247.562 256.494 276.821 266.056 269.967
zhen4 280.275 287.020 299.250 278.414 262.253 220.696 199.703 189.757 153.255 141.326
di4 146.641 161.488 183.129 175.723 179.804 151.764 140.502 148.139 140.681 150.201
