you3 235.703 237.888 236.636 216.442 219.767 195.494 203.479 216.743 211.418 208.702
de5 199.719 214.721 241.593 234.997 252.062 245.962 263.325 290.378 274.696 265.147
ye3 266.146 247.650 249.785 234.308 238.469 223.984 227.713 240.400 220.072 211.896
zhi3 203.410 204.855 215.421 202.976 202.198 177.618 177.414 187.985 168.875 164.516
shi4 167.033 182.468 205.881 210.579 222.241 212.426 212.915 220.114 198.619 196.358
mian4 209.235 224.838 254.099 258.564 267.472 249.434 245.096 242.048 211.335 197.274
tiao2 192.253 189.131 196.487 181.273 179.708 165.976 173.746 196.424 204.602 227.220
shui2 235.392 233.302 230.959 211.723 204.289 183.774 191.548 222.512 240.263 257.393
jiao3 269.277 265.383 257.026 220.788 197.941 161.128 157.288 164.680 161.591 170.268
hun2 181.047 178.281 181.193 172.953 181.477 168.659 178.142 202.254 216.671 238.591
tun5 239.348 241.638 245.550 234.162 242.459 223.738 216.118 223.021 209.451 202.851
you2 177.410 177.179 182.470 168.895 179.545 171.025 186.662 218.234 235.807 252.360
cha2 255.411 244.701 234.430 201.508 190.295 160.399 157.671 172.337 180.449 202.698
he2 222.902 228.450 233.416 213.449 210.916 194.451 202.962 223.353 220.313 228.941
you2 234.598 229.984 228.682 204.596 200.769 182.091 190.101 214.223 217.530 226.654
tiao2 231.361 227.482 230.103 208.286 203.375 172.529 174.527 196.213 209.024 222.705
ci2 231.128 232.727 234.405 213.405 217.941 202.524 205.615 222.678 218.629 224.206
ba1 225.133 241.871 272.360 258.236 270.731 256.616 265.269 288.033 277.378 271.537
deng2 269.698 255.204 246.348 198.428 183.830 158.507 165.858 195.315 195.211 200.128
zao2 203.936 204.020 208.011 174.301 170.232 144.079 153.420 182.199 189.004 200.013
dian3 204.689 205.812 208.304 173.318 155.291 120.761 117.821 128.624 123.366 124.921
