duo1 331.840 330.661 339.494 308.323 317.280 299.443 311.074 327.018 305.140 293.738
ming2 299.492 274.643 262.193 217.937 206.486 187.519 193.227 219.416 220.883 234.577
xia4 222.810 241.750 269.194 269.533 277.041 246.947 231.425 222.947 192.316 183.473
gang3 195.811 201.220 210.583 188.060 186.493 163.574 160.558 175.737 161.140 166.127
shi1 166.004 176.299 198.383 191.659 218.634 220.665 240.675 265.655 252.509 252.125
ye4 264.496 259.667 265.493 246.088 255.224 235.172 242.051 246.562 220.404 201.358
ren2 192.877 183.018 184.634 161.185 174.124 159.853 172.749 191.505 183.658 190.421
yuan2 186.683 187.953 186.231 158.820 162.619 154.562 161.064 180.542 183.017 205.795
jie1 307.448 302.317 309.807 286.671 296.589 279.546 291.635 308.474 293.541 289.730
shou4 286.000 282.386 294.674 280.247 287.570 268.834 270.431 268.292 239.162 220.153
le5 200.133 189.417 191.570 172.677 187.963 172.668 183.639 200.162 185.551 180.323
ji4 187.521 194.576 212.045 202.385 220.574 213.550 228.004 242.447 231.658 224.936
suan4 210.798 215.040 233.837 226.648 240.277 221.606 216.749 217.466 187.533 175.115
ji1 170.105 183.893 208.047 198.670 219.070 210.298 225.273 246.133 236.238 231.985
ying1 242.427 253.201 270.358 254.519 267.826 254.075 265.864 294.341 282.678 280.841
yong4 280.144 281.794 284.775 258.769 247.587 215.506 204.414 202.748 179.681 173.863
zhi1 180.812 188.843 214.962 206.455 223.518 218.181 233.486 256.932 245.167 241.526
shi5 235.811 229.018 236.665 216.088 221.847 202.904 204.147 212.992 185.120 168.630
de5 154.318 155.012 160.676 141.811 149.546 134.404 144.348 161.657 148.312 152.503
pei2 156.814 159.935 174.205 160.102 174.639 162.437 159.264 165.779 148.471 159.194
xun4 160.541 169.809 201.051 209.313 218.189 185.020 164.055 146.001 118.643 124.069
