wo3 235.324 228.547 232.145 221.368 229.289 208.485 210.361 239.308 216.819 206.813
ren4 224.215 234.309 258.038 257.872 274.984 258.761 264.917 279.035 257.155 239.958
wei2 207.734 202.666 215.065 198.009 210.507 200.871 224.845 255.641 260.793 273.445
lu3 284.567 273.199 271.272 243.924 231.468 197.708 192.003 200.837 184.256 183.701
xun4 171.847 190.637 219.802 229.485 257.927 250.366 250.289 251.968 224.653 213.993
guang1 204.046 222.257 259.512 253.497 270.724 263.535 271.879 293.812 281.813 283.249
kao4 274.103 268.906 282.040 275.426 295.449 283.965 278.902 279.346 248.479 227.643
yi4 231.186 220.057 226.364 213.552 222.210 200.195 208.441 223.929 206.726 199.972
dui1 195.701 208.903 238.729 231.011 250.471 242.028 256.971 276.893 263.582 258.347
za2 241.255 232.527 234.022 200.072 189.825 161.062 165.167 185.216 180.294 189.077
wen2 190.511 187.191 189.592 165.658 171.341 160.017 171.828 201.307 214.045 232.426
ji3 230.704 229.161 235.932 217.820 216.163 194.435 183.534 189.593 172.637 170.981
ge4 179.839 187.714 205.244 202.115 222.360 210.702 226.137 246.067 228.618 219.414
duan3 209.734 211.056 212.034 184.444 176.630 148.451 145.829 160.095 147.490 155.389
pian1 154.647 174.978 212.299 217.670 246.326 243.263 253.170 265.160 252.502 258.410
shi4 271.574 271.563 286.070 278.387 291.038 279.851 278.943 273.882 242.238 225.794
li4 220.339 219.847 236.240 225.658 234.465 209.686 210.017 210.874 178.058 169.956
bu2 178.096 165.931 177.036 159.735 161.928 147.095 152.518 176.781 159.060 168.246
zhu4 163.016 173.809 200.252 202.222 202.810 180.247 176.746 182.600 142.925 140.278
de5 131.187 133.259 140.308 121.448 129.476 110.252 114.782 139.817 130.978 135.061
