shi2 248.507 252.061 264.637 249.985 257.139 234.632 246.612 272.010 268.442 273.487
dai4 271.846 293.372 313.895 293.959 289.995 263.938 262.558 273.113 251.275 244.317
da4 233.905 247.814 273.220 264.559 268.929 244.905 243.369 249.198 226.623 218.187
ba4 216.124 222.380 248.439 243.137 252.083 229.325 226.864 233.551 210.344 203.128
shang4 195.190 210.377 235.732 234.542 241.473 220.965 211.334 211.474 186.784 191.637
na4 184.714 204.667 235.502 238.401 251.647 229.030 227.462 230.884 206.850 199.083
wei1 178.618 188.029 221.692 222.238 250.485 246.252 256.161 276.984 262.350 259.307
wei1 267.681 260.611 279.911 259.810 273.667 259.626 272.733 292.056 277.875 266.172
de5 258.972 248.623 247.084 217.333 208.048 177.140 171.563 176.634 157.777 149.884
chan4 251.120 251.343 261.732 251.281 256.346 226.157 215.183 202.718 165.599 160.993
dong4 164.903 188.487 210.363 195.987 187.308 147.538 134.681 131.115 120.792 131.560
