yi1 309.053 308.908 312.915 298.075 308.760 291.539 303.185 324.725 301.260 295.235
hu4 284.467 276.902 283.350 273.824 292.280 284.112 290.477 295.432 256.384 232.636
ren2 208.624 190.198 195.355 180.540 192.648 186.022 199.843 217.063 204.322 203.285
yuan2 210.577 208.801 203.475 179.475 175.708 164.217 170.809 193.300 193.553 208.157
hai2 206.640 206.127 212.996 198.798 200.443 179.428 175.651 194.204 196.595 215.988
ding4 210.439 237.089 269.969 267.172 272.588 243.653 234.426 236.189 211.661 209.021
qi1 204.925 212.909 235.591 226.385 251.741 254.038 272.436 293.593 280.998 276.041
hui2 278.106 256.472 249.935 225.572 223.283 193.584 184.054 198.750 200.013 217.748
gu4 214.690 238.965 268.535 262.707 265.272 237.636 227.077 223.393 198.816 190.655
he2 198.634 195.061 200.626 188.240 207.234 198.472 202.262 214.313 207.787 215.056
fen1 212.020 223.942 252.732 245.095 269.392 263.343 271.826 288.197 281.308 285.034
xi1 282.468 274.673 287.655 268.060 287.140 280.604 293.148 309.302 294.202 289.073
bing4 292.046 292.775 303.570 283.242 278.768 252.158 245.059 240.458 213.283 196.630
ren2 182.790 171.202 174.646 148.076 157.472 146.272 156.556 183.525 178.933 189.898
de5 193.484 201.778 221.299 206.615 208.090 188.058 195.747 212.715 195.625 195.887
zhi4 183.921 190.172 212.499 207.219 223.197 212.420 222.884 230.311 206.651 192.348
liao2 181.350 177.220 185.870 163.952 167.392 149.246 150.394 170.863 161.407 177.075
xiao4 188.421 205.390 234.710 241.465 260.690 241.810 232.970 225.387 183.205 168.584
guo3 166.152 164.005 174.271 150.115 144.464 120.817 121.540 139.804 141.140 157.478
