tu2 250.845 251.387 260.926 244.409 257.823 245.810 262.048 290.442 284.479 282.904
rang3 285.778 279.697 267.656 227.211 205.595 175.140 179.100 194.130 183.859 182.688
fei2 187.395 193.117 208.172 193.808 199.972 182.841 189.359 208.498 208.583 222.928
liao4 216.635 239.221 268.003 261.615 263.720 233.041 223.166 220.505 191.696 180.318
guan2 187.771 192.375 207.583 188.636 187.700 168.426 175.773 201.331 204.699 214.049
li2 217.306 222.966 230.103 211.333 214.836 201.365 218.456 248.869 249.124 249.728
ti3 245.232 237.257 236.505 217.321 217.989 197.685 187.966 191.204 170.447 170.855
xi4 154.311 171.230 193.397 200.057 222.958 216.165 218.627 221.474 195.638 186.943
he2 199.502 203.766 210.354 198.395 207.325 195.759 198.376 212.699 211.105 221.129
jian1 206.461 227.354 262.452 256.644 274.075 268.693 276.989 294.752 286.880 288.495
ce4 297.320 291.130 294.895 279.354 290.506 279.460 283.077 280.449 249.464 226.126
ti3 195.458 190.096 191.655 174.416 190.211 181.310 180.154 182.490 158.350 155.932
xi4 145.532 154.859 177.108 177.968 189.349 175.763 169.601 170.372 148.175 148.936
chu1 287.831 279.983 276.970 249.513 258.011 245.651 259.991 281.639 266.733 262.978
bu4 271.984 275.207 283.166 265.040 264.086 234.030 224.642 220.412 192.072 183.798
jian4 187.017 194.480 212.814 209.142 221.572 198.479 196.814 202.796 170.239 153.965
li4 141.021 143.254 162.065 154.218 169.751 146.466 139.496 148.613 135.423 133.809
