dang3 232.951 230.650 233.042 209.693 209.693 192.100 199.174 218.988 206.390 206.339
zhi1 206.769 218.400 253.410 255.265 276.381 268.217 283.367 307.139 293.772 286.968
bu4 281.904 289.333 301.552 280.884 277.024 252.133 248.206 251.360 227.677 218.888
bei4 209.579 231.825 266.131 271.676 283.792 265.061 262.479 259.502 229.959 212.297
ping2 207.556 205.432 214.107 205.170 212.862 195.189 195.162 217.156 218.567 232.795
wei2 230.896 223.766 220.998 194.835 190.004 171.335 178.520 202.501 207.914 219.592
quan2 213.083 219.785 229.396 212.106 210.919 182.104 177.677 193.509 200.367 220.345
jun1 209.798 222.545 250.122 244.277 268.140 262.618 271.521 289.076 279.322 281.104
you1 270.409 264.850 276.330 260.274 277.155 268.987 278.089 293.474 283.317 280.830
xiu4 284.037 283.605 295.626 290.658 301.887 278.948 259.845 244.616 208.179 192.069
ji1 193.519 200.095 225.556 219.309 242.270 238.021 254.739 277.887 261.276 255.159
ceng2 259.865 246.665 241.486 212.646 204.839 173.569 169.176 186.012 189.934 202.425
dang2 218.989 217.041 219.959 180.175 165.501 143.189 160.599 194.254 208.335 220.115
zu3 219.109 208.531 213.734 193.048 188.935 156.750 141.370 148.264 127.961 129.920
zhi1 213.560 203.056 205.109 189.187 195.214 170.059 181.065 193.110 188.420 186.101
