jiu4 343.856 339.304 342.635 323.137 325.529 299.181 297.903 303.694 278.863 263.201
sheng4 246.822 249.032 259.905 257.696 270.753 251.612 244.203 241.237 207.906 184.596
an2 205.773 199.079 207.173 185.795 201.235 188.797 204.384 232.502 219.836 222.149
lao3 239.877 241.061 239.782 208.972 200.192 164.572 162.599 172.531 158.883 158.501
shi1 162.297 175.835 197.738 194.486 221.184 223.829 247.164 270.125 259.405 248.734
yi2 255.580 242.609 230.680 197.820 195.534 176.385 183.256 208.148 209.107 216.498
ge4 218.628 244.210 259.969 241.132 230.933 195.649 181.331 179.825 160.344 157.166
an3 195.333 202.303 208.961 190.697 195.660 175.311 172.224 184.024 162.836 160.539
die1 160.797 180.304 210.208 212.260 239.541 235.765 249.618 262.633 250.306 240.831
rang4 246.064 258.735 279.069 267.005 269.494 236.683 232.922 232.239 205.902 186.230
an3 188.946 192.101 193.165 166.618 168.076 145.762 152.068 169.472 155.052 155.468
gen1 174.248 201.623 235.459 233.669 255.762 245.906 262.256 279.559 268.794 252.441
an3 218.871 220.447 215.985 191.493 194.808 167.309 169.016 180.693 164.276 160.378
ye2 153.530 153.574 162.807 153.585 179.329 174.582 184.317 201.191 201.618 214.071
kan1 211.686 219.957 242.294 243.122 266.173 261.178 273.542 287.914 280.251 279.879
cheng2 272.676 258.745 250.154 220.750 215.763 185.115 179.079 195.682 197.346 208.720
bao1 226.776 242.658 271.125 258.810 270.115 253.428 266.159 286.200 273.312 268.121
de5 259.589 252.908 247.946 216.163 205.426 175.339 168.247 177.112 162.809 162.082
cai4 174.376 185.020 205.818 205.024 233.014 234.134 244.957 250.428 217.203 199.630
yuan2 181.821 173.078 177.508 154.082 154.184 134.043 134.876 156.457 163.515 182.777
zi5 186.727 187.593 194.988 174.597 170.236 142.592 134.129 152.236 145.580 149.841
