wai4 292.596 297.821 307.104 290.847 296.761 271.657 270.194 273.222 252.309 237.310
zi1 222.527 232.041 256.231 249.186 271.031 265.181 274.812 299.279 291.381 287.272
jin1 279.599 281.072 300.283 282.080 296.076 283.417 292.799 312.542 301.380 291.342
rong2 276.546 260.461 248.380 207.250 198.846 177.116 185.426 212.480 210.752 216.912
ji1 202.741 208.469 234.347 228.287 251.215 244.186 260.189 281.866 268.646 261.950
gou4 254.241 264.480 265.385 229.863 217.588 186.819 183.740 190.416 181.308 184.530
ying1 227.451 237.296 260.757 249.874 268.985 257.524 268.767 292.745 280.272 277.811
dang1 276.625 286.063 301.621 272.275 272.325 258.096 271.568 296.904 285.421 284.569
que4 266.786 265.580 276.630 266.087 283.889 274.852 280.389 281.326 250.177 222.068
bao3 207.134 202.917 208.239 185.498 182.121 159.134 156.513 172.359 158.639 159.336
qi2 160.232 171.388 185.924 174.876 190.030 177.066 186.754 203.612 204.837 210.370
zi1 211.230 224.357 253.811 248.432 269.824 260.246 273.581 294.669 281.327 268.540
chan3 224.578 220.126 221.491 202.139 194.983 164.516 155.214 161.528 147.282 148.056
de5 140.628 151.321 167.337 159.151 171.420 163.598 173.501 200.427 191.130 195.522
liu2 182.730 184.617 189.805 167.117 170.291 151.784 158.217 182.017 186.240 200.536
dong4 205.646 224.654 252.739 241.055 236.695 198.877 187.778 190.607 153.217 153.016
xing4 152.219 155.508 176.895 171.787 181.267 159.281 154.859 147.978 121.064 116.188
