zhu3 263.827 261.383 257.029 237.884 241.893 220.837 224.672 233.703 217.870 214.663
zhang1 211.039 238.080 269.436 261.305 278.305 268.561 281.135 299.132 284.583 275.279
hong2 271.069 263.029 255.699 229.161 223.286 196.682 198.010 218.621 223.013 231.383
jun1 211.152 236.424 262.034 249.424 260.008 246.457 260.751 279.970 264.414 251.770
ying1 250.948 257.124 276.831 266.609 283.230 275.217 285.417 306.358 294.710 289.527
ji2 271.840 264.840 261.260 228.710 225.324 205.564 209.765 229.875 223.009 227.235
zhong1 221.160 243.457 277.032 266.317 277.420 266.521 277.808 298.250 282.555 276.966
yi2 264.055 245.241 238.928 205.761 205.983 188.702 195.728 219.739 218.499 228.644
qie4 224.034 232.098 252.049 251.463 278.014 274.402 283.108 290.001 263.285 242.417
li4 233.032 228.838 239.213 227.480 235.168 216.586 224.189 233.282 211.780 200.790
liang4 182.209 200.420 221.415 204.768 196.108 160.525 144.074 145.394 136.482 144.902
qian2 224.185 223.306 233.130 212.744 213.893 188.327 183.871 199.130 197.632 217.612
ru4 202.354 220.539 241.518 239.171 250.749 222.563 213.401 207.159 179.010 170.085
di2 176.966 187.090 201.249 189.322 201.920 197.074 215.038 247.753 247.959 254.357
ren2 244.628 235.900 226.093 187.269 179.467 160.995 172.273 199.746 205.450 218.379
zhi1 219.290 231.562 263.549 258.768 277.902 269.834 281.622 305.220 289.778 283.205
yuan3 274.120 256.656 246.922 214.147 203.498 168.576 156.768 161.665 140.007 138.928
hou4 135.510 149.679 178.514 195.326 231.181 226.082 220.897 214.446 171.587 158.971
fang1 158.806 182.244 210.409 203.192 216.209 198.905 211.875 230.020 222.959 222.851
