gwok3 237.799 238.821 240.759 239.081 237.708 225.966 224.053 224.690 218.200 211.767
gaa1 230.207 230.726 235.994 232.403 233.796 233.790 234.918 238.830 232.956 231.752
zyu2 225.613 226.270 229.692 233.207 231.162 226.104 219.196 217.698 216.887 216.477
zik6 212.322 218.062 225.393 227.613 220.742 208.947 195.357 185.598 183.039 182.644
gong1 190.166 206.603 233.889 242.631 249.487 250.616 254.970 258.939 257.676 254.873
zaak6 231.039 226.630 223.570 215.323 202.268 185.644 175.381 166.502 163.805 162.413
man4 156.068 153.572 154.781 146.971 136.682 133.654 138.882 142.340 150.623 153.423
zok3 233.472 232.390 233.333 230.086 229.012 227.977 217.445 213.489 204.007 200.605
jat6 209.849 207.493 210.152 212.600 210.931 207.607 202.399 195.704 194.917 188.086
hoeng3 187.968 193.273 202.237 210.435 214.209 218.901 219.644 223.844 218.190 211.773
gong2 198.557 198.005 195.377 191.246 185.437 182.082 191.415 204.448 219.249 223.804
ngou3 228.425 231.692 235.664 240.218 232.433 226.125 218.081 208.963 199.804 193.275
loeng5 183.318 180.457 173.937 167.428 162.898 161.840 164.125 172.455 179.614 182.352
go3 199.233 206.625 210.163 215.057 212.348 209.093 207.885 202.275 199.733 198.083
dak6 185.678 187.106 189.384 193.172 190.633 183.997 178.767 169.131 166.268 163.929
bit6 156.015 159.929 166.398 173.236 174.498 173.467 170.048 167.122 168.004 164.885
hang4 162.994 164.639 163.997 159.717 155.629 147.798 145.524 147.174 150.131 150.873
zing3 150.484 163.445 177.433 184.854 187.759 184.186 186.749 189.704 192.333 194.558
keoi1 204.027 216.072 225.258 236.955 248.516 254.329 261.595 260.980 264.667 264.199
dik1 251.134 253.132 263.333 267.055 267.164 262.245 257.020 251.971 247.559 248.401
geoi1 250.274 256.293 260.496 268.621 267.987 266.030 262.612 261.997 257.027 252.142
man4 239.497 223.539 205.103 182.526 161.991 150.936 144.174 139.106 140.541 144.211
biu2 146.725 146.763 150.634 152.240 155.425 158.339 164.218 179.786 202.278 213.297
daat6 203.301 204.755 204.233 199.208 193.410 184.980 176.151 168.864 164.162 161.459
sei3 161.972 166.320 176.126 184.552 185.996 182.589 178.554 175.480 171.908 171.811
go3 172.225 177.399 182.992 186.271 184.235 181.824 183.463 182.397 181.978 184.283
hei1 186.821 198.165 205.055 218.247 226.982 233.461 232.377 231.174 226.427 218.866
mong6 211.926 199.064 184.643 170.038 158.843 156.018 158.676 167.947 176.468 180.187
jiu1 227.167 232.848 233.108 230.445 228.906 223.599 231.884 230.170 229.961 224.040
kau4 205.130 205.646 205.888 203.124 198.784 186.496 174.211 162.428 155.621 153.475
cyun4 150.592 151.954 158.386 166.164 168.260 166.429 165.392 157.802 156.383 154.375
mui4 148.010 149.991 153.041 155.899 152.266 151.572 151.483 152.761 157.168 161.085
zyu3 158.629 169.039 182.072 196.834 205.476 208.093 205.530 202.306 200.685 194.248
zung6 192.555 195.232 198.618 199.927 192.293 186.519 180.872 179.006 177.231 172.933
se5 169.397 173.702 177.840 181.970 179.406 175.020 169.391 168.249 172.066 174.896
wui2 176.874 175.283 173.419 174.287 178.644 183.640 187.967 196.832 207.235 214.542
zaak3 210.923 218.954 223.025 222.357 215.414 200.103 188.700 177.704 173.791 168.724
jam6 168.434 165.328 163.701 155.413 152.791 156.927 163.955 172.556 184.717 188.665
zoi6 210.121 209.575 214.208 216.243 213.903 210.138 201.821 194.867 190.441 188.073
se5 186.394 189.646 195.478 199.884 199.552 196.542 192.483 190.690 191.263 193.794
wui2 187.992 186.010 186.605 186.184 188.113 195.493 201.324 214.771 228.606 239.249
faan4 230.521 227.921 224.752 214.288 193.522 174.293 157.419 148.211 144.090 140.668
wing4 145.216 142.349 142.074 137.911 131.408 131.602 137.446 141.923 151.157 157.345
gwok3 225.450 229.211 234.896 230.585 229.265 224.919 219.072 216.710 211.767 209.856
gaa1 220.452 226.128 227.576 223.396 218.882 217.778 220.436 219.885 223.498 220.855
lei6 217.971 218.198 213.111 205.372 200.596 192.207 188.887 182.357 180.554 180.829
jik1 191.088 204.037 220.260 230.030 235.674 240.916 246.169 246.768 242.711 235.678
wo4 173.387 173.307 170.240 166.889 160.315 157.621 154.311 150.335 149.777 150.308
man4 148.298 150.621 151.441 149.398 143.953 145.194 146.242 148.005 152.655 155.912
zuk6 157.255 162.190 170.422 180.002 181.688 184.683 185.447 180.099 176.894 171.938
daai6 171.628 176.629 182.628 182.738 177.467 172.957 172.311 173.353 175.594 175.725
ji6 172.320 171.991 174.008 176.390 177.733 178.646 181.491 180.562 179.259 173.881
dang2 170.067 175.130 179.873 175.347 170.464 173.619 179.135 193.070 212.402 220.522
fong1 220.494 232.364 242.329 247.461 248.317 247.762 250.374 250.482 249.633 245.264
min6 241.050 237.768 228.371 216.489 202.278 188.473 178.892 171.823 171.153 168.379
faat3 173.068 175.413 180.324 185.555 191.035 191.478 185.301 180.683 179.100 177.068
fai1 184.618 199.979 215.479 229.420 234.157 239.559 238.146 237.101 237.232 235.080
zik1 228.837 230.948 238.630 246.645 247.181 246.387 238.629 229.752 223.489 215.264
gik6 205.145 202.014 198.153 192.404 183.751 175.364 165.076 159.023 155.522 154.984
zok3 183.925 187.440 189.172 190.166 185.596 178.069 169.365 163.963 158.822 158.997
jung6 166.523 165.486 166.187 158.136 155.144 156.561 158.782 167.088 167.884 171.048
jau6 199.127 200.639 200.345 196.406 193.124 187.455 187.523 186.950 187.433 189.775
lik6 182.421 180.600 185.347 186.410 185.508 181.500 177.400 176.220 172.997 171.048
ting5 174.574 174.416 178.801 178.847 174.778 173.437 172.079 173.599 180.535 183.514
loeng5 181.845 178.145 173.981 166.541 162.145 158.328 159.542 164.400 171.026 174.022
wai2 173.611 170.343 167.168 166.369 166.955 167.789 170.963 179.339 190.267 197.797
dak6 198.576 200.051 203.345 202.265 197.647 189.094 180.860 167.750 158.112 151.011
sau2 157.517 165.174 163.783 161.607 154.601 143.827 152.318 167.484 190.620 209.471
jiu1 206.734 207.755 209.612 209.054 210.171 211.767 213.178 213.792 213.897 209.218
kau4 201.583 201.360 202.668 195.709 185.246 168.715 158.154 148.540 145.005 140.794
gong2 136.283 140.898 148.387 151.053 150.945 152.013 162.390 178.225 193.308 203.328
ngou3 214.027 219.591 223.656 227.399 224.817 218.951 217.511 210.540 207.532 209.147
geoi1 212.473 223.065 232.308 245.673 252.229 255.032 257.020 258.793 257.338 253.166
man4 239.053 229.247 212.642 192.934 172.048 155.746 147.537 143.847 142.463 144.969
zi6 144.032 150.721 156.579 166.078 173.134 172.190 171.438 169.858 169.151 167.860
gok3 171.756 180.608 185.469 191.089 193.129 189.693 186.143 182.404 177.288 173.013
wai4 170.103 166.580 161.738 157.222 152.641 148.749 143.306 142.427 143.975 145.166
wu6 144.772 149.610 152.690 157.842 161.797 164.214 163.800 163.188 165.602 165.779
hang4 164.694 165.746 163.388 161.163 156.406 152.143 146.522 145.544 145.682 148.362
zing3 149.726 158.174 171.503 178.417 182.532 180.216 180.430 181.187 180.464 177.134
zoeng2 175.434 178.349 175.015 170.567 163.624 158.254 159.949 168.633 185.478 196.017
gun1 200.546 216.183 231.575 240.360 242.412 246.909 246.721 245.277 243.217 237.106
kyun4 219.127 207.424 196.996 182.611 164.249 149.948 140.793 136.286 141.819 144.238
wai1 149.894 165.347 181.109 188.209 197.879 209.924 219.147 223.219 224.920 222.320
bat1 227.328 225.437 233.031 236.859 239.708 236.841 230.833 223.156 218.643 212.963
wan5 202.367 199.643 199.303 189.004 179.211 172.770 171.057 171.965 172.971 171.004
heoi2 179.037 180.519 180.076 178.494 176.021 173.272 179.146 188.633 201.436 211.238
zeon3 209.515 215.604 222.850 223.627 219.210 207.109 197.865 192.584 186.668 180.171
hang4 178.935 174.582 167.658 160.196 151.286 145.838 142.462 141.482 142.352 144.525
zam1 149.933 170.822 193.996 212.663 225.437 235.072 245.183 253.479 255.675 252.601
deoi3 243.554 243.532 242.451 237.258 225.385 214.398 204.818 197.164 193.239 193.656
zung1 192.043 207.348 221.931 231.982 236.002 241.594 240.992 243.219 241.338 234.793
joeng1 243.892 243.230 241.670 240.490 239.531 244.642 243.928 243.244 241.906 233.515
zing3 218.113 214.123 212.216 201.955 187.613 176.519 168.178 164.053 164.961 163.713
fu2 159.191 164.376 163.370 156.171 154.745 158.066 164.870 183.557 207.145 215.590
wo4 170.337 172.368 167.920 163.676 158.112 149.593 147.825 144.026 145.804 147.912
fan1 154.992 173.116 192.102 210.527 223.199 229.846 237.026 245.270 245.962 241.356
lit6 227.606 221.768 212.623 203.045 195.583 188.472 179.913 176.576 172.413 168.548
gwok3 174.219 180.232 187.111 190.764 187.779 179.559 172.980 171.205 170.447 171.769
gaa1 188.996 203.103 216.746 221.366 221.907 221.011 227.452 227.111 229.891 229.484
dik1 232.579 236.605 243.294 244.052 241.663 239.755 231.834 225.859 220.016 209.657
wut6 192.692 184.138 182.917 177.472 174.450 170.011 170.626 169.932 170.445 165.497
dung6 155.444 159.846 164.181 159.258 151.937 152.215 156.268 161.862 171.324 173.154
ji5 179.302 178.765 178.641 175.763 175.078 174.651 178.402 178.112 182.310 181.578
kap6 185.362 188.667 192.722 198.023 197.638 193.884 184.008 179.415 174.359 167.897
wai4 158.541 157.142 154.753 151.110 150.924 146.107 146.642 145.457 144.161 142.138
wu6 149.362 152.105 154.871 159.872 160.741 162.721 162.131 162.449 164.452 167.887
kap6 171.700 176.517 174.992 179.881 183.930 184.225 177.736 173.272 175.264 174.251
zeon1 206.713 218.435 228.617 237.988 240.930 242.749 244.824 244.961 240.435 236.007
sau2 226.757 219.315 214.284 204.582 192.215 175.796 168.794 169.252 174.658 182.525
gei1 192.582 207.548 222.687 229.654 233.167 234.346 230.006 229.962 224.573 215.555
bun2 202.484 194.174 189.309 176.101 165.032 159.227 165.136 168.882 182.084 189.305
faat3 189.343 196.966 205.817 203.190 193.431 184.463 175.406 172.348 174.279 171.329
cyun4 178.214 178.577 178.902 180.309 177.792 168.349 158.699 151.554 149.349 148.842
min6 147.619 153.797 157.790 160.492 160.383 160.069 159.548 163.459 165.902 168.633
gun3 178.249 184.879 194.798 203.095 205.734 203.167 200.728 203.095 199.083 195.915
cit3 201.856 201.486 205.697 210.895 215.777 216.167 206.985 199.274 196.001 193.239
jat1 204.453 211.582 219.747 230.800 242.632 244.773 245.221 243.865 239.645 232.972
gwok3 231.151 229.474 227.831 221.746 207.680 194.593 181.197 170.342 164.779 160.862
loeng5 159.892 157.401 154.439 150.476 145.269 146.354 147.144 153.253 157.954 162.426
zai3 164.035 166.648 175.077 176.878 172.362 169.972 161.387 161.421 162.462 163.810
fong1 165.396 178.238 193.150 205.989 206.426 205.156 202.494 205.341 207.552 203.615
zam1 203.617 212.856 214.825 219.942 210.745 207.929 206.739 207.927 211.368 212.889
