waan4 181.686 187.769 182.677 176.251 170.284 158.037 151.795 155.578 156.880 160.402
ging2 160.216 168.921 176.277 180.841 185.094 191.216 203.772 221.007 238.585 247.737
sik6 251.327 254.251 256.000 257.817 255.266 245.301 231.608 215.868 203.571 191.132
mat6 189.385 189.982 191.317 194.916 191.070 190.516 185.667 180.845 178.047 172.211
guk2 167.159 173.714 181.628 180.866 181.741 180.966 186.085 193.629 206.209 208.354
guk6 212.483 217.285 221.953 218.233 212.544 202.088 191.418 184.510 176.700 171.630
zoeng2 170.037 175.174 175.938 165.356 160.469 160.313 174.086 195.408 219.814 235.454
jam6 200.795 204.182 201.129 198.286 196.955 193.021 192.649 190.669 198.793 202.664
gwaan1 202.613 210.968 217.446 219.684 219.086 224.046 227.951 232.435 234.952 231.568
pui3 224.946 227.509 233.066 237.903 236.985 234.370 230.527 220.985 215.736 209.527
jing1 211.583 217.820 230.274 235.726 240.735 246.611 251.859 253.832 251.385 246.062
tau3 234.329 227.523 226.442 220.558 213.527 201.421 194.173 186.657 180.847 179.304
lou6 174.012 172.274 170.437 168.947 162.263 167.871 175.824 180.384 183.947 185.267
ming4 171.238 168.094 164.705 160.013 153.190 150.289 149.095 148.321 149.970 150.322
nin4 142.629 141.078 145.632 144.947 140.859 144.857 146.930 149.168 150.474 152.647
co1 159.502 173.550 193.066 215.575 230.363 239.123 246.469 251.415 251.272 247.500
hoeng3 242.986 244.726 242.445 241.997 233.277 224.410 217.245 209.298 205.489 197.040
laap6 195.764 189.594 187.144 182.329 174.295 169.646 166.092 166.708 168.094 169.125
faat3 176.413 183.205 190.426 199.450 200.704 195.893 187.362 181.622 177.068 173.232
wui2 169.510 166.715 165.507 165.442 166.755 172.915 177.945 187.865 202.078 210.745
gin3 212.834 221.905 227.570 228.526 216.866 202.157 191.837 182.834 179.933 178.846
ji5 165.897 159.164 155.811 155.083 157.410 166.445 167.541 172.041 182.784 187.016
zoeng1 226.866 235.126 243.478 244.389 240.883 237.243 237.271 235.774 232.926 229.452
laap6 223.751 220.772 209.657 194.440 179.491 166.674 156.111 151.041 154.065 155.097
saap3 177.162 181.784 187.416 188.955 184.671 179.493 173.598 167.344 165.271 161.082
cung4 168.576 166.213 166.926 167.164 161.339 153.680 145.624 139.710 137.772 140.580
fat6 144.169 148.815 152.821 163.423 168.696 170.959 166.633 160.044 157.240 157.188
fun2 157.488 161.812 168.400 173.468 171.826 170.190 171.476 181.980 194.217 203.240
ngaak2 205.844 208.118 205.734 196.759 181.544 175.193 176.910 190.967 207.482 217.758
ding6 200.082 200.891 201.224 200.130 198.057 191.496 187.439 181.402 180.398 175.447
wai4 157.186 150.396 150.881 151.337 151.908 151.430 150.752 148.073 147.697 147.641
luk6 146.988 149.462 154.634 160.039 161.574 162.671 162.119 158.386 160.102 161.449
baak3 177.198 182.282 192.885 195.056 192.238 187.840 184.241 179.700 175.248 173.061
jyun4 176.266 168.080 167.220 151.148 144.329 145.289 149.153 153.906 160.609 162.349
ji4 166.537 162.631 160.809 158.600 160.172 159.946 160.408 159.411 159.647 158.727
gong2 152.616 158.791 168.007 170.895 169.035 172.775 183.682 202.488 221.428 230.566
fu2 240.338 239.810 245.390 248.238 243.091 239.808 237.146 241.309 242.645 243.255
mei6 251.599 250.655 245.320 241.873 230.635 220.438 209.595 199.270 191.139 184.118
loi4 175.778 165.696 157.520 154.574 148.894 143.440 139.390 134.326 134.433 133.366
loeng5 136.159 135.640 140.871 143.457 142.690 144.749 149.262 155.647 167.380 174.780
go3 190.050 195.206 199.501 196.537 194.087 187.327 185.859 184.173 184.597 182.862
jyut6 171.934 171.356 170.295 168.166 163.424 163.830 163.449 169.084 169.764 167.650
jau5 175.805 168.689 165.980 161.057 160.429 156.919 161.204 165.722 173.404 178.100
fong1 185.085 200.847 220.446 232.068 233.776 234.925 234.885 233.788 238.800 227.857
ngon3 222.720 222.288 221.024 216.711 205.655 197.141 188.980 182.920 180.669 174.269
gaam2 174.268 171.946 169.543 160.051 151.271 147.423 152.854 163.885 184.238 192.367
siu2 190.107 190.252 193.112 190.114 183.242 170.557 166.174 167.312 176.254 185.838
fai3 190.654 196.553 201.764 202.137 194.524 180.760 169.662 160.144 154.454 156.444
mat6 144.774 147.812 148.598 150.320 148.288 146.156 144.216 142.007 141.272 140.480
