zoi6 245.082 243.153 241.856 242.591 234.920 225.786 218.306 214.708 212.667 208.591
zeon3 214.635 224.474 232.210 242.427 242.863 238.638 240.016 235.780 235.823 229.554
hang4 222.152 216.000 205.018 195.623 179.396 168.797 163.205 159.805 159.649 158.828
duk6 165.369 173.211 177.716 181.588 183.878 180.928 178.822 177.735 176.824 173.356
lap6 183.051 184.758 187.093 188.611 185.686 182.672 181.729 180.564 181.976 179.144
jung6 187.653 190.258 189.224 187.814 186.203 183.048 184.189 184.644 186.803 184.440
din6 187.188 191.351 194.279 191.921 187.319 181.318 179.960 180.707 183.451 184.313
jyu6 180.445 176.925 180.332 179.630 180.072 179.042 180.627 178.057 177.501 174.378
caak1 183.823 199.020 216.141 232.578 240.225 244.959 243.693 244.069 242.560 238.556
si4 222.421 216.110 199.445 180.690 163.169 157.572 155.757 157.554 165.073 166.429
zing3 221.747 224.651 223.712 222.556 223.238 217.798 215.303 213.044 208.266 205.200
fu2 204.830 200.036 199.477 197.891 200.784 198.800 198.537 202.461 206.217 208.329
zi1 206.973 215.964 224.463 235.604 245.165 246.271 244.922 247.141 243.553 237.722
dou3 233.753 232.351 228.987 217.928 198.893 193.321 192.757 194.802 199.355 202.465
ji5 201.481 203.104 200.644 199.616 201.634 202.627 203.172 201.553 206.790 212.239
ging1 209.901 217.329 221.194 222.729 218.498 211.214 216.562 218.903 220.220 218.646
jau5 229.508 230.886 228.459 223.203 210.846 201.411 197.460 197.566 199.453 200.633
jat1 215.908 222.190 226.769 228.523 234.753 234.775 235.180 233.961 235.754 229.467
se1 236.229 240.264 248.257 255.722 258.067 258.553 256.331 252.132 245.433 237.209
bun2 217.269 209.621 201.521 190.566 181.196 176.678 180.315 189.406 204.635 213.182
dei6 202.081 207.263 206.802 202.228 191.029 179.474 174.359 168.158 168.135 166.797
zai3 160.901 166.714 174.606 179.862 179.064 179.725 179.939 176.711 177.236 174.999
zou6 166.942 172.598 176.706 179.309 175.433 167.718 164.644 161.222 163.498 165.653
soeng1 185.167 209.242 233.595 239.324 240.589 243.275 246.155 251.128 254.053 253.953
zuk6 208.649 207.266 208.088 207.632 204.625 199.148 190.565 180.924 175.001 170.181
zim6 175.375 178.174 185.341 188.369 188.588 187.851 182.816 184.410 180.604 176.282
baa2 178.271 179.654 180.543 175.034 170.071 165.786 171.854 186.244 205.214 215.725
kei4 217.540 218.881 221.457 215.964 211.330 197.204 180.842 167.864 159.932 153.125
sang1 158.470 176.427 196.607 218.952 231.087 238.811 244.958 248.051 246.818 237.866
caan2 225.906 219.380 212.476 203.318 193.899 185.882 186.599 192.647 204.775 209.780
cing4 213.476 210.152 208.011 202.465 192.029 175.031 159.141 149.855 144.621 141.840
zeoi6 143.732 146.282 155.082 160.586 158.788 154.692 152.232 150.482 152.216 154.698
cin1 164.854 178.907 196.353 217.273 230.697 238.543 245.117 245.820 245.717 234.407
ji4 214.617 205.538 186.289 178.605 169.255 162.991 157.579 153.495 148.366 141.710
zi3 140.108 144.767 153.806 163.354 166.106 168.787 167.824 163.150 163.571 161.600
noi6 156.181 155.915 157.010 156.272 153.710 153.521 154.576 153.037 154.011 153.065
dei6 157.068 161.516 164.951 160.505 157.765 158.222 161.755 168.060 175.042 177.361
bing6 209.893 211.015 213.956 215.042 212.769 209.505 205.518 202.368 199.984 198.956
ji5 199.716 199.203 197.247 198.251 198.668 200.630 205.457 205.473 209.003 210.488
ging1 207.923 219.147 232.345 237.340 238.597 241.885 242.653 243.449 243.605 230.576
baa2 225.117 220.018 209.980 195.689 179.524 172.948 174.564 183.513 197.226 208.298
ze5 199.773 202.965 204.901 203.452 198.681 189.538 181.105 173.768 171.307 172.090
go3 175.780 179.208 185.191 185.943 182.229 182.762 177.995 178.380 174.998 173.327
cing4 167.894 168.047 170.686 173.520 170.086 157.809 149.207 143.341 140.802 140.806
fong3 171.984 185.594 196.047 201.777 200.793 193.992 188.400 188.383 186.789 185.309
naap6 184.035 181.748 176.736 167.043 164.532 159.446 157.021 161.261 159.021 161.292
jap6 179.977 180.380 176.185 170.322 170.094 163.487 158.902 163.036 160.519 158.643
haau2 166.121 166.177 163.974 163.992 163.072 158.459 160.834 170.222 185.823 198.568
leoi6 209.340 209.769 207.847 204.075 199.856 189.132 182.020 177.191 171.805 169.132
jan1 178.553 189.097 199.107 206.110 215.049 220.071 224.577 229.071 226.444 216.664
sou3 229.010 229.601 227.288 225.741 218.722 202.103 188.512 180.602 176.333 173.742
zi1 172.480 187.681 203.072 214.802 220.709 224.336 227.020 224.837 222.403 214.777
lit6 198.220 182.264 171.507 158.284 155.680 160.004 166.239 169.759 169.627 174.638
kei4 169.231 168.542 168.384 166.566 164.927 159.401 156.060 150.944 146.136 147.991
hau6 156.485 163.050 165.477 164.439 167.056 165.673 166.573 164.460 166.439 167.959
hin2 177.199 173.419 176.978 178.099 179.861 182.900 189.146 197.052 205.124 211.079
si6 221.836 226.094 225.967 213.364 195.365 183.408 175.147 173.112 171.941 177.547
zung1 216.832 216.150 215.896 213.407 212.276 211.264 210.572 210.826 211.032 207.705
din6 217.065 220.930 223.563 222.022 212.062 202.392 194.572 189.399 187.645 178.299
wo4 162.595 157.332 153.968 148.814 146.125 143.631 141.867 141.445 142.521 143.075
zing3 147.107 159.753 172.585 184.078 187.237 185.410 184.615 187.288 190.294 186.505
fu2 192.526 192.762 194.014 193.432 188.758 187.466 189.582 195.332 209.887 219.809
ging1 218.078 232.044 245.539 250.904 252.396 252.742 254.212 254.721 253.488 248.250
zai3 238.970 238.572 238.933 233.628 219.946 204.868 191.902 184.169 183.236 182.478
fan1 184.131 200.828 213.116 222.315 228.339 231.878 234.332 235.422 237.494 236.943
sik1 232.382 232.831 240.308 243.331 246.125 247.196 240.754 230.756 224.747 215.637
bou6 207.363 204.742 198.974 189.783 176.996 164.713 160.185 159.066 160.649 164.088
dik1 170.255 184.322 199.237 207.368 210.467 211.673 213.471 210.611 204.841 202.071
jyu6 186.190 179.613 176.283 172.013 168.206 164.952 163.045 162.626 162.792 162.130
caak1 171.345 192.300 212.543 219.254 221.042 221.407 224.319 226.846 228.026 227.854
gaau3 209.775 214.598 212.162 207.027 203.288 192.451 185.750 182.448 183.490 183.268
sat6 177.381 179.027 180.564 181.557 184.893 180.079 172.706 164.077 160.365 157.107
zai3 158.593 163.744 172.302 177.529 180.072 178.496 176.125 172.975 173.623 169.185
jung6 169.873 170.842 171.618 168.928 166.811 162.534 162.444 162.088 160.520 161.061
din6 164.731 167.000 171.305 170.501 169.365 165.694 164.769 161.895 160.793 160.264
loeng6 154.743 156.623 159.984 156.407 155.049 152.087 153.070 151.256 152.410 155.026
wai6 152.816 151.437 152.955 153.392 151.418 147.576 145.694 145.716 149.376 154.424
gou1 169.513 192.121 209.768 215.118 212.488 214.298 214.386 217.761 221.301 222.107
