jyun4 191.087 189.721 187.926 183.800 182.164 179.586 171.024 166.369 163.992 162.429
long5 151.182 156.788 162.499 166.282 165.436 168.632 181.201 192.644 203.969 207.881
gam2 203.719 205.349 207.483 197.161 191.583 189.966 193.805 203.975 224.342 235.379
tin4 248.576 243.939 236.087 222.773 205.500 188.177 174.765 161.370 158.717 159.897
gung1 167.924 187.270 214.506 226.277 234.201 244.455 249.976 256.731 256.830 252.004
lou6 238.926 227.074 211.147 195.550 177.732 173.729 169.795 174.566 179.941 185.563
zok3 242.154 240.606 238.539 236.109 234.108 233.829 224.570 211.730 204.065 197.783
san4 199.325 198.427 198.303 191.662 180.225 170.447 159.621 156.325 153.337 150.858
faat3 164.663 176.308 187.969 199.143 207.899 211.015 208.244 206.551 202.814 201.274
sang1 212.867 224.658 236.647 249.029 251.470 255.828 258.569 258.451 252.829 246.171
siu2 228.372 222.310 218.522 212.553 198.711 192.881 182.863 189.891 197.906 202.869
baa1 213.507 225.724 238.494 244.725 242.698 243.684 246.759 247.349 247.240 241.814
jyu5 236.291 229.878 219.372 210.491 201.032 192.321 187.249 186.065 188.648 189.298
si1 193.637 206.745 222.706 239.899 247.289 253.677 253.364 254.747 254.501 246.973
gaa1 250.389 255.308 259.314 262.893 259.554 254.600 251.628 250.930 251.755 250.872
ce1 242.036 246.393 251.113 259.858 262.870 261.523 258.883 255.896 253.439 244.144
sau2 236.071 226.619 216.666 204.567 191.501 175.322 167.318 171.774 181.973 191.318
mei5 200.998 201.682 196.619 190.250 183.235 176.262 168.197 167.926 170.100 172.167
soeng1 185.733 201.852 218.275 232.259 234.957 235.464 235.942 236.095 237.150 228.981
zong6 219.581 214.288 212.354 202.847 190.485 178.575 172.298 167.244 166.009 164.526
ji3 161.644 162.590 166.707 170.539 172.843 176.650 178.740 176.933 173.668 171.339
ngoi6 165.774 164.133 167.319 161.979 158.089 157.733 159.275 163.981 171.286 175.378
jat1 223.894 228.592 224.455 222.010 215.433 213.370 218.249 214.619 210.847 205.494
loeng2 190.882 185.234 178.110 174.028 158.399 158.476 164.115 167.084 174.413 182.628
si1 192.743 206.171 223.218 238.955 246.865 251.432 251.765 251.256 250.347 242.202
gaa1 242.260 244.867 251.236 252.165 249.468 244.424 243.555 240.037 238.940 236.524
ce1 230.465 231.852 238.890 245.610 250.321 250.422 251.126 249.661 245.322 240.759
si1 236.849 244.084 252.046 263.224 267.357 266.411 264.055 260.265 255.808 251.102
gei1 247.559 252.137 258.911 266.130 264.906 259.759 257.768 253.786 251.997 246.705
ji4 222.627 204.139 187.932 169.712 153.248 147.244 144.457 141.409 145.876 148.039
gan1 151.963 172.926 194.919 208.735 214.577 223.266 231.354 238.903 239.981 236.641
ce1 231.501 232.202 236.960 241.435 245.232 246.159 246.459 242.155 241.706 230.132
taai3 225.836 222.063 221.561 216.571 206.700 193.991 187.326 181.025 178.481 179.361
tip3 176.418 181.137 189.374 192.418 190.609 192.515 191.208 190.587 191.517 192.447
sat1 245.097 244.577 245.933 245.862 246.464 241.211 232.157 226.632 222.104 215.029
hung3 208.738 209.563 215.009 215.800 213.583 208.268 202.065 195.788 190.197 183.682
zong6 177.385 178.099 179.737 180.527 177.644 172.518 168.292 167.984 168.347 171.026
hoeng3 174.259 178.900 186.552 189.974 190.700 190.377 190.878 189.493 188.428 184.398
cin4 185.011 182.003 183.924 181.907 174.532 161.955 151.703 143.476 138.874 134.379
haang4 141.955 140.702 141.548 142.298 141.486 143.685 143.198 145.776 145.289 147.887
jat1 150.119 158.761 177.805 193.747 204.408 215.312 220.798 226.497 222.836 216.256
loeng2 209.448 197.793 179.648 166.483 154.695 154.790 166.452 184.744 207.962 219.172
zeon2 181.039 184.181 181.601 178.828 175.823 172.776 175.701 182.939 195.982 207.751
bei6 216.364 224.372 227.334 227.165 218.496 205.279 194.843 187.824 180.407 173.852
ting4 168.892 170.551 169.623 165.159 159.919 152.138 146.974 145.583 145.689 147.285
ce1 151.601 165.288 182.621 202.822 220.248 231.757 241.649 245.538 247.764 246.412
lok6 242.949 240.147 230.735 220.933 205.355 191.300 179.599 175.832 170.849 172.218
haak3 180.470 185.252 191.613 198.171 199.692 192.318 186.605 186.220 185.042 186.526
gung1 204.222 216.034 231.899 241.418 244.744 248.046 254.730 256.842 255.341 251.285
gung6 239.623 234.551 225.371 213.089 194.880 180.508 169.632 165.575 163.532 161.066
siu2 163.139 165.489 169.260 167.489 163.341 156.199 153.870 159.098 169.251 177.087
baa1 177.984 196.527 211.124 211.889 210.909 210.029 213.355 214.632 218.144 217.192
ce1 220.980 222.958 229.043 233.255 233.899 233.925 233.520 223.859 221.898 210.319
mei5 198.251 188.499 171.212 158.129 149.778 149.736 154.246 163.244 176.682 186.006
loeng5 172.196 172.789 168.606 163.894 161.743 159.699 162.713 167.645 175.954 182.737
ce1 188.597 196.645 206.337 216.843 224.631 228.072 228.723 229.592 232.562 225.079
gung6 229.409 229.185 226.701 217.571 204.270 191.257 183.463 178.683 179.231 180.780
cat1 185.878 192.729 204.588 218.188 227.016 234.003 233.585 229.413 229.863 220.247
jan4 215.226 202.805 187.359 167.079 153.444 143.031 137.017 137.774 138.123 139.393
sau6 150.133 152.285 158.440 164.242 165.291 157.947 153.090 154.262 155.114 159.699
soeng1 173.401 194.420 213.343 220.269 215.840 216.357 215.701 216.805 219.839 218.833
