leoi5 198.253 200.975 196.699 187.477 184.668 177.777 179.259 176.151 181.328 191.049
fu6 199.601 209.182 210.768 219.150 224.984 220.411 212.533 203.661 201.167 196.007
zuk6 197.579 203.813 204.978 206.171 202.443 194.237 186.168 181.646 182.038 183.770
cing1 196.107 211.261 231.760 236.374 241.428 245.573 249.778 256.247 258.809 258.766
ji4 178.596 177.266 175.997 173.952 171.916 166.777 166.709 161.480 162.943 158.505
zi2 145.393 150.522 159.464 166.432 172.158 179.685 187.601 195.752 207.965 215.927
zaap6 221.210 227.053 229.522 228.337 219.340 207.276 194.974 185.456 181.494 178.970
gwaan3 177.598 183.867 189.461 192.135 190.445 188.766 188.105 189.196 189.266 187.377
mui5 181.898 179.993 179.135 176.434 171.579 171.758 175.625 182.493 189.075 192.788
ci3 186.418 192.743 198.249 206.662 210.832 210.919 204.111 199.027 195.135 188.605
kau3 185.034 185.843 189.206 192.658 194.197 193.928 189.092 184.674 183.856 182.135
maai5 172.186 171.600 170.699 166.032 161.948 160.070 161.357 164.937 171.371 179.620
sap6 187.528 191.049 194.207 196.040 194.091 191.229 179.399 173.790 168.904 165.726
kei4 164.366 164.313 165.382 166.470 162.924 153.670 146.193 141.422 144.670 148.439
dik1 156.433 172.713 191.393 208.528 219.295 228.868 232.313 229.875 227.016 222.076
luk6 208.732 205.609 201.190 197.056 189.750 182.054 176.141 168.046 161.205 157.385
hap6 166.477 167.270 167.140 168.549 169.042 167.845 167.495 164.803 162.001 158.161
coi2 181.079 177.425 175.925 173.935 170.376 162.863 160.342 165.684 177.857 191.380
zoeng2 190.601 189.097 188.113 179.608 165.898 155.966 152.036 156.286 166.181 179.097
gyun3 190.402 200.720 202.933 195.147 180.533 177.657 178.266 181.060 185.870 184.603
jik6 219.640 216.932 215.407 211.990 209.045 204.687 201.132 197.830 196.088 196.499
si6 197.814 201.307 202.810 210.292 216.819 219.811 214.918 209.635 204.772 203.306
zi6 182.862 185.654 190.589 197.524 202.229 203.021 197.203 192.216 187.420 184.012
gei2 178.240 183.047 184.800 185.505 183.499 183.903 187.444 202.444 218.649 228.627
tin4 233.503 231.087 230.541 221.564 204.149 185.517 167.251 154.390 150.631 148.464
se2 144.266 148.072 151.653 158.886 160.147 157.565 159.228 170.153 183.839 194.305
hou6 211.516 216.837 214.980 213.115 203.634 193.202 184.067 173.501 169.360 167.522
maa5 165.440 165.495 158.691 150.916 143.758 144.391 153.737 167.797 184.591 192.548
daan6 197.930 198.848 198.864 194.395 192.043 189.680 186.504 185.741 185.648 184.731
zi3 186.237 190.674 200.393 205.316 208.746 206.994 203.486 201.848 199.766 198.240
gam1 207.057 224.775 236.860 240.454 237.385 237.336 239.792 242.364 246.185 238.720
ji4 173.685 172.183 167.427 165.552 160.014 155.651 155.683 150.310 149.071 146.238
zi2 138.581 144.271 151.243 160.541 165.779 171.662 179.510 193.220 206.438 214.047
cung4 227.154 222.860 226.030 222.009 216.487 205.146 188.654 176.965 166.632 159.454
mei6 154.503 155.018 159.920 159.489 161.602 159.687 160.356 163.561 163.322 164.578
zaau2 155.683 161.143 166.689 166.952 162.416 157.311 164.047 180.921 201.455 214.974
dou3 217.983 227.469 234.968 231.620 225.214 209.869 202.908 198.054 196.537 196.543
goi1 203.589 217.777 232.304 237.934 240.981 240.772 242.372 245.348 244.636 241.794
zoeng1 241.278 246.631 253.923 256.674 252.670 250.119 246.188 246.457 243.271 234.856
zung3 218.679 217.169 215.461 209.266 195.184 185.201 177.841 172.648 168.014 164.144
coi2 166.526 164.637 165.356 167.599 164.189 160.015 155.350 158.849 166.843 174.417
coi2 184.299 185.380 184.831 184.870 175.084 164.538 157.654 160.173 169.396 178.150
piu3 192.881 203.242 206.001 196.521 180.110 178.709 178.440 181.035 187.288 190.842
ji4 150.709 149.700 149.675 150.226 148.450 149.049 149.506 150.857 148.398 149.488
taa1 150.836 165.376 180.483 193.422 208.563 218.631 228.211 237.762 242.958 242.258
jik6 242.781 241.890 234.189 228.432 220.807 211.479 197.111 188.435 179.846 173.923
mei6 175.285 175.960 177.060 175.728 173.612 170.570 167.617 166.884 166.270 168.576
cang4 167.251 167.986 174.438 173.281 167.152 157.195 148.252 144.250 142.096 141.041
gin3 147.350 158.239 171.223 178.963 182.258 181.806 183.338 183.627 182.624 182.047
gwo3 184.086 191.540 198.258 200.683 191.612 182.616 179.857 178.447 179.314 181.940
goi1 191.738 208.662 225.565 233.014 231.862 233.289 235.445 235.532 236.092 230.714
zoeng1 229.665 237.018 244.283 249.301 246.118 241.068 239.588 238.457 234.371 227.028
coi2 213.238 201.559 192.283 184.021 168.953 156.720 151.677 150.793 158.362 169.624
piu3 177.351 186.805 191.900 184.377 168.278 163.692 161.329 160.088 162.303 169.700
