hang4 197.110 194.157 190.548 186.629 182.529 176.044 172.998 171.055 169.321 171.231
zing3 174.737 184.622 199.187 211.227 217.913 221.032 223.262 223.224 224.610 219.816
zoeng2 217.953 213.421 210.143 201.669 189.295 186.870 188.073 198.857 213.536 220.324
gun1 222.050 229.879 233.843 236.042 235.597 236.921 237.470 237.617 238.346 233.407
zoi6 232.156 234.730 237.403 236.744 233.555 218.044 204.658 193.001 186.678 180.625
zaan3 172.364 179.724 188.582 194.152 193.487 185.632 182.054 182.595 183.180 182.580
se2 173.162 173.731 175.467 174.289 171.689 167.900 163.316 169.790 177.441 181.524
si1 194.513 209.401 226.192 243.819 255.573 260.126 259.876 260.244 256.952 248.744
zing3 239.991 236.774 237.200 229.729 217.449 200.307 189.109 183.707 178.865 175.212
bou3 177.738 180.262 184.398 184.764 180.448 177.473 176.355 173.715 173.381 173.474
gou3 177.227 183.079 186.783 187.617 185.350 181.837 177.484 174.722 173.597 168.514
kei4 164.921 166.044 163.569 165.917 161.675 154.128 144.057 138.534 138.989 139.205
gaan1 150.548 174.839 200.779 205.629 213.868 217.917 226.162 232.862 235.648 239.932
jat1 224.271 218.764 220.289 217.159 213.139 217.432 221.688 215.609 211.511 204.381
zik6 197.708 194.911 202.214 207.569 201.595 199.450 185.726 173.032 164.717 164.708
ting3 169.443 173.085 178.586 186.641 189.248 190.511 187.264 187.007 186.533 183.344
ceoi2 181.587 181.747 180.679 182.438 181.811 176.913 173.472 175.938 186.667 197.644
gok3 201.322 216.766 224.013 224.553 221.465 201.940 192.129 187.116 184.896 188.258
gaai1 204.563 220.179 229.399 238.974 240.947 237.008 237.702 241.993 241.126 243.966
cang4 237.883 232.517 227.810 218.252 200.417 178.706 161.779 151.210 145.795 140.755
jan4 145.359 144.142 136.430 136.410 131.850 131.646 133.489 135.877 141.935 143.349
si6 143.160 150.349 155.785 165.799 172.400 168.478 166.658 163.558 163.660 163.606
dik1 176.807 191.290 206.843 224.624 225.764 227.753 227.346 223.624 220.892 217.824
ji3 204.512 199.622 195.622 193.942 186.992 184.509 180.896 177.883 175.323 172.285
gin3 169.441 177.918 186.927 182.862 175.886 170.906 173.906 178.620 181.968 186.412
taa1 222.952 221.465 222.913 220.168 219.018 221.582 218.132 220.672 224.072 218.390
hei1 207.912 212.191 210.069 211.212 212.705 219.738 219.282 217.616 212.202 213.111
mong6 214.130 213.693 207.229 198.617 183.712 173.857 167.243 163.917 163.785 163.359
zik6 166.531 171.879 173.295 178.337 176.153 170.155 164.142 156.987 151.341 149.775
ci2 158.803 158.180 157.804 165.549 168.975 171.565 167.951 168.481 173.426 176.583
gei1 183.516 198.310 215.819 225.345 228.000 226.684 226.642 226.725 226.706 219.861
wui6 208.016 194.514 183.408 170.219 163.467 163.489 165.268 171.591 178.741 183.800
hoeng3 238.269 238.134 237.134 234.306 233.482 232.959 231.992 226.569 226.457 223.651
ting3 222.721 222.581 226.494 229.914 230.493 227.868 223.962 220.882 219.089 214.783
zung3 215.024 217.545 223.766 227.494 220.530 212.506 205.763 202.107 201.337 195.865
gaai2 189.952 188.443 184.359 180.828 168.411 163.116 162.913 170.881 182.752 191.191
sik1 198.229 212.795 228.021 241.019 246.748 249.627 244.974 242.313 238.501 229.944
taa1 232.786 237.468 239.344 240.168 241.640 240.405 239.468 238.852 242.488 240.588
dik1 237.716 242.372 243.068 242.104 239.250 236.561 233.288 225.096 221.622 219.860
si1 226.878 232.048 238.280 245.891 249.870 251.390 249.817 242.609 240.631 231.031
zing3 219.293 220.365 219.738 215.711 204.313 191.035 182.293 176.822 177.462 175.266
fong1 174.325 192.420 203.783 215.867 216.427 216.867 217.358 216.094 219.539 215.387
zam1 215.767 225.506 234.767 232.470 231.056 223.597 224.549 229.691 237.054 231.742
ji4 154.983 153.123 148.300 150.257 146.663 148.295 146.620 147.902 149.039 146.264
gang3 150.457 159.966 171.612 177.911 174.040 175.450 178.074 178.651 180.488 177.910
zung6 176.522 180.708 183.473 184.681 178.770 171.390 164.927 162.369 161.226 161.511
jiu3 169.687 171.453 174.420 177.605 180.727 183.018 183.897 185.804 183.941 187.182
dik1 195.460 215.690 225.896 232.896 234.097 229.547 225.253 224.767 227.974 223.835
si6 196.565 198.501 197.798 208.100 210.493 208.088 200.188 195.757 190.989 185.931
ting3 182.634 184.075 187.505 195.601 197.811 196.050 192.960 193.523 192.153 189.581
ceoi2 187.427 184.183 180.227 184.900 183.781 180.563 174.096 172.446 179.042 183.931
taa1 189.209 200.431 212.729 223.139 227.620 230.006 231.841 235.314 240.713 235.547
mun4 231.426 222.571 207.211 191.574 173.641 157.610 146.949 143.330 142.736 138.487
dik1 142.305 156.745 172.959 187.960 197.677 199.748 203.840 204.025 204.693 201.853
wui4 180.398 171.216 157.745 154.998 146.714 137.496 134.985 135.123 136.394 133.186
jing3 138.867 138.264 141.816 146.050 149.018 152.511 159.171 164.781 168.950 168.176
