ji6 227.497 229.481 225.389 223.731 223.468 222.035 224.500 220.524 215.226 212.915
sap6 218.636 218.284 221.704 225.069 228.324 227.321 224.984 220.592 213.390 216.095
jat1 230.168 231.351 230.896 233.772 236.376 237.999 235.820 235.251 233.513 238.531
seoi3 243.042 249.045 259.214 265.335 262.071 254.085 240.934 230.297 223.819 224.443
cing1 215.333 219.044 227.863 238.303 243.746 251.383 254.921 257.132 256.053 250.409
nin4 240.299 229.943 208.595 192.336 175.864 162.468 152.404 149.715 147.834 148.448
ling4 146.737 147.752 145.713 146.890 144.851 143.513 145.433 146.586 151.520 153.213
san4 156.692 159.349 166.646 167.313 161.504 155.001 149.680 148.825 148.849 150.610
zoi6 150.199 159.601 171.777 181.002 182.909 176.347 174.677 175.191 177.950 183.310
san1 195.156 213.223 230.533 247.028 254.536 259.613 262.921 264.256 265.838 264.258
heoi1 259.542 262.392 259.577 266.537 268.438 269.352 267.601 264.939 265.037 261.370
gung1 253.641 261.660 265.804 270.468 267.086 260.776 257.342 257.937 257.100 253.265
jyun2 238.681 221.672 203.745 186.839 174.786 170.463 171.045 173.755 180.859 186.866
daan1 196.111 208.414 223.098 226.699 221.464 219.398 221.359 223.857 226.293 223.081
ce1 223.960 227.527 236.907 242.000 245.117 245.764 244.540 240.547 238.556 231.772
ging3 220.318 219.175 223.494 216.250 201.664 191.569 185.188 182.386 181.943 181.575
noi6 170.372 168.014 161.231 155.460 154.789 158.729 160.603 163.379 170.081 173.115
bei6 210.286 210.202 211.878 213.524 213.512 212.096 206.633 201.600 195.426 196.669
luk6 197.444 194.081 189.546 186.843 185.138 181.850 179.385 176.835 175.288 174.005
ming4 171.605 171.465 165.962 157.489 153.043 144.267 140.599 142.750 146.920 151.919
gam1 166.302 184.930 207.542 224.284 236.667 246.623 254.298 260.197 260.883 251.849
mou4 236.606 228.720 213.295 197.074 182.818 169.925 160.000 157.533 151.512 151.560
cing1 151.859 168.105 188.186 209.048 224.686 235.881 243.021 245.145 248.487 238.739
nin4 224.750 212.791 192.387 176.578 163.788 154.192 147.215 147.981 144.623 140.843
pok3 148.334 155.547 161.891 170.230 172.887 175.325 171.318 165.422 162.878 161.569
tau4 173.683 174.225 173.006 171.469 166.608 158.123 149.995 144.048 139.953 140.684
hang4 145.601 150.367 151.439 155.859 151.291 149.041 144.855 143.537 145.914 147.966
gip3 156.146 167.918 177.825 184.553 185.459 186.313 186.164 189.348 188.072 185.583
syun2 198.443 195.041 190.805 194.249 192.221 186.596 183.171 184.518 191.163 197.852
sat1 203.347 215.402 219.925 234.346 244.328 250.025 241.817 241.974 235.337 232.608
gaa3 232.553 237.968 239.828 232.192 221.283 205.885 196.964 191.618 188.830 185.468
zik6 181.710 185.654 191.077 195.368 192.365 188.880 179.871 172.300 165.125 164.857
loeng5 168.193 171.270 168.232 163.419 158.824 158.558 157.458 163.397 172.546 180.186
maan6 182.866 184.990 183.687 176.515 168.237 161.532 159.048 159.653 158.705 161.190
jyu4 157.178 155.169 152.277 151.124 151.558 150.455 150.813 147.845 146.956 145.692
jyun4 139.843 138.885 141.127 144.127 141.782 143.853 146.137 148.072 148.845 152.826
dik1 162.552 180.292 198.765 220.420 229.234 237.312 240.430 244.600 243.943 241.097
paa4 224.979 219.073 206.449 194.766 175.825 155.931 144.074 140.622 142.758 147.008
saan1 145.192 166.980 186.582 206.741 214.840 220.523 224.900 230.840 236.650 235.891
daan1 228.116 237.837 243.834 243.924 239.212 236.026 233.870 234.089 237.418 237.061
ce1 232.589 237.908 243.410 250.087 252.260 248.562 246.020 242.080 241.059 232.221
kap6 224.049 214.065 210.367 206.187 195.624 183.953 175.165 166.672 162.544 159.249
baak3 163.273 169.969 178.211 182.450 179.169 175.820 172.181 166.163 162.092 160.015
gau2 163.450 167.217 166.421 165.518 155.703 150.690 149.150 157.759 172.501 185.162
jyun4 191.155 193.620 188.008 181.808 165.946 154.359 144.622 137.415 137.035 139.249
jin6 140.374 140.175 141.799 146.872 144.845 141.952 146.910 145.030 148.220 153.621
gam1 163.983 184.109 202.530 208.892 208.772 207.541 209.725 215.009 215.795 214.872
