hoeng1 219.708 219.391 220.678 216.273 216.960 217.175 223.121 223.336 225.692 219.226
gong2 204.048 212.033 208.583 207.073 198.290 195.288 199.534 213.621 228.470 233.275
ji4 232.193 227.519 220.747 209.328 193.647 179.297 170.750 161.392 160.815 159.226
man4 158.650 158.688 157.188 152.574 147.068 145.156 145.245 144.861 146.276 146.344
loeng4 145.661 147.848 149.528 148.166 143.438 143.164 146.991 151.963 155.572 160.955
jing1 183.759 193.105 203.346 218.090 229.732 243.372 253.763 258.457 257.152 258.311
ming4 260.164 250.522 235.125 215.622 191.738 172.119 158.790 154.441 153.049 152.993
kap6 159.432 164.478 169.661 175.720 181.779 182.254 180.570 177.293 177.688 179.171
syun1 191.225 208.159 229.619 243.991 253.131 257.934 260.944 258.696 256.943 247.243
zi2 222.603 211.792 205.559 195.599 191.464 188.471 185.267 191.358 197.341 200.809
lin4 202.148 196.830 186.270 177.857 163.604 157.285 149.637 146.395 145.541 142.821
fu1 149.918 164.463 181.764 199.160 209.069 219.366 222.261 222.875 220.557 213.093
fu5 204.295 198.510 188.149 176.979 162.594 155.194 155.801 170.043 177.042 191.298
jan1 230.830 233.747 226.973 221.230 218.637 218.313 220.450 221.705 219.258 217.740
gon1 210.033 214.962 214.693 212.460 213.943 214.823 214.559 216.484 217.698 217.148
sip3 215.342 218.491 219.575 221.964 221.937 213.938 200.528 191.746 177.311 170.470
neoi5 167.239 167.123 162.566 161.328 160.038 158.986 157.565 161.323 166.134 170.876
ji4 165.372 162.903 163.070 159.575 159.737 155.395 151.401 148.972 146.849 145.746
jyu5 148.153 149.948 153.265 157.817 164.544 167.780 172.098 177.261 183.203 188.810
hak1 204.375 214.357 228.081 239.660 248.217 250.320 248.154 243.536 243.858 230.106
jan4 216.248 207.467 187.730 172.274 155.188 145.480 140.995 138.433 141.445 140.228
naam4 141.444 139.910 138.725 137.208 135.452 135.568 137.311 140.290 146.130 151.607
jau5 150.982 151.155 151.128 151.676 148.554 152.266 154.505 159.222 163.603 168.922
loi4 164.553 164.101 160.560 157.552 153.511 148.488 143.430 140.659 137.891 138.013
wong5 143.670 142.928 145.567 145.362 142.577 147.904 157.758 171.565 186.743 195.426
soeng1 231.361 230.837 231.019 227.295 223.074 223.670 220.406 219.355 219.776 215.739
soeng1 210.919 217.051 217.953 222.812 223.076 219.849 220.921 222.277 222.784 224.729
bei6 219.190 221.856 222.179 216.741 207.030 195.068 181.551 176.282 172.739 167.997
neoi5 158.628 158.113 157.243 156.249 154.368 155.425 156.353 159.728 164.941 169.443
ji4 160.903 160.514 159.929 157.443 157.652 151.200 149.080 147.460 146.152 144.686
kap6 150.239 157.415 165.432 174.124 180.068 178.296 175.204 169.730 165.953 160.450
naam4 156.244 154.763 151.054 145.435 140.165 137.050 137.197 138.199 141.578 146.758
jau5 145.356 145.822 146.000 146.873 145.620 148.909 152.046 155.940 161.268 166.679
saat3 177.311 187.307 195.049 204.273 204.826 198.909 189.216 183.128 178.970 175.759
hoi6 177.987 178.013 177.706 171.870 164.378 163.287 166.289 170.135 174.174 176.838
fu1 226.175 227.121 225.595 228.305 225.202 216.940 215.884 216.001 213.081 207.069
fu5 199.700 205.211 214.053 215.244 210.061 205.400 197.768 189.813 187.355 178.630
wai4 158.975 159.991 155.436 150.667 149.629 145.037 143.919 140.478 141.143 142.043
tai2 141.092 145.731 148.464 151.673 150.444 154.738 167.391 187.367 209.999 222.989
jyu1 220.234 221.414 223.838 223.673 222.874 223.366 225.283 221.916 219.468 214.204
nau2 199.766 197.219 193.590 191.210 177.492 174.645 176.219 181.243 191.271 199.949
joek3 217.472 220.722 220.577 221.287 217.489 209.070 203.830 197.367 191.435 181.686
si4 174.636 173.554 171.110 172.570 167.486 158.496 151.851 145.048 144.589 142.046
gaan3 140.686 158.361 173.979 183.052 187.116 181.154 183.279 187.877 193.601 200.263
zau1 211.773 222.176 236.407 241.944 244.407 244.645 245.334 243.331 240.942 234.715
luk6 228.549 226.881 215.603 205.504 193.209 183.453 175.316 171.215 169.334 169.157
zung1 177.435 194.101 210.503 224.445 229.414 233.457 238.343 238.325 235.182 225.329
ng5 188.229 173.579 163.590 159.538 159.008 161.021 164.143 167.891 170.502 168.520
sap6 177.945 178.443 181.980 184.267 182.150 177.199 170.227 164.609 159.178 156.875
ji6 182.686 183.208 178.195 175.977 174.400 173.313 168.591 168.362 167.333 163.267
si4 164.936 164.337 164.015 166.537 165.370 158.866 149.545 141.415 139.570 136.796
geoi2 139.444 143.740 150.238 153.007 151.919 151.281 152.483 164.833 181.798 191.555
ban3 199.753 213.886 216.947 207.357 190.214 182.066 182.281 185.472 194.148 195.694
zoi6 221.204 219.491 220.342 220.999 221.131 214.141 209.206 203.093 201.028 200.794
bou3 202.140 206.076 215.377 220.120 218.658 217.578 214.023 213.821 212.422 207.854
lou5 205.273 197.772 194.965 185.861 179.928 178.077 181.667 181.497 191.149 194.455
hak1 199.058 202.746 210.226 218.146 231.163 237.778 237.424 238.714 232.985 229.227
lam4 237.968 226.406 211.228 192.132 170.985 157.551 152.328 150.529 153.479 155.469
keoi1 162.256 177.310 198.845 216.725 233.324 243.501 247.301 249.250 253.561 251.164
cing1 237.492 239.158 248.354 254.146 253.013 253.784 252.589 250.576 248.599 239.244
muk6 228.337 225.560 213.622 204.840 194.983 185.491 176.944 171.944 168.332 165.859
fo2 168.805 170.572 175.196 175.879 168.391 159.073 153.685 157.771 172.299 185.974
zong3 192.201 203.077 213.306 212.304 203.716 190.655 180.449 171.333 169.558 164.921
coeng4 162.160 163.892 167.357 165.219 157.493 145.401 137.269 129.015 126.789 126.645
fo2 135.641 139.471 147.622 153.099 147.182 140.069 140.723 147.533 160.603 171.322
faa3 186.679 203.450 208.006 197.818 178.515 164.331 159.686 162.345 165.391 167.440
