zoi6 238.585 241.160 234.504 234.700 223.205 215.237 202.093 201.320 195.951 191.725
si5 199.883 205.643 207.829 215.093 215.823 214.016 211.815 214.918 216.870 220.963
man4 210.338 204.252 192.237 179.810 165.281 155.517 147.965 147.510 146.561 148.768
pou5 151.549 160.870 170.097 175.164 174.193 173.638 175.455 178.796 184.480 187.351
jyun3 191.548 203.502 209.399 216.384 219.022 216.968 215.729 218.004 218.706 213.276
mei6 212.814 209.817 208.567 205.618 196.634 191.767 189.108 182.934 182.830 181.955
jau5 179.647 179.725 179.022 179.155 174.133 173.559 173.950 181.334 190.673 195.625
hoeng2 204.993 205.358 202.284 198.433 197.948 196.917 201.037 209.912 223.456 233.135
sau6 248.363 250.000 250.191 247.991 237.487 217.873 200.360 191.971 189.766 190.077
ging1 197.438 212.623 229.744 241.254 245.936 251.748 254.461 258.322 258.065 255.131
zai3 244.741 242.297 243.047 242.729 228.551 216.004 203.817 196.619 193.744 194.441
zang1 194.718 211.382 225.478 239.403 245.405 252.652 251.205 253.761 250.081 241.293
coeng4 231.452 221.738 209.556 196.653 183.773 168.159 152.745 144.745 142.255 142.440
sing4 151.047 150.081 154.895 157.047 153.106 147.711 143.191 138.030 138.971 137.590
gwo2 144.684 152.137 155.338 154.582 149.806 155.871 167.249 186.991 210.836 221.898
gaa1 224.296 226.964 225.419 226.498 225.690 224.563 220.469 218.017 217.621 215.272
soeng6 213.107 215.261 222.057 221.114 208.787 198.575 184.578 173.771 172.736 169.425
haa6 178.769 182.870 183.578 184.397 179.405 176.664 168.615 168.564 169.240 169.793
jyut6 174.499 178.005 178.921 184.847 183.665 184.083 178.600 176.767 177.689 175.691
jau6 177.285 180.134 181.586 181.906 175.895 174.157 170.902 171.603 176.349 176.398
jiu3 179.925 186.578 194.450 203.565 207.731 210.166 209.910 210.317 208.344 201.534
giu2 194.221 198.120 194.526 193.007 190.651 189.276 195.056 204.814 219.866 227.158
fu6 227.505 228.916 232.242 234.158 226.489 212.135 197.078 187.073 182.465 179.319
baak3 175.717 182.365 190.081 197.077 194.200 193.002 187.614 184.977 181.513 179.175
fan6 183.187 186.846 191.217 193.084 187.340 177.456 168.943 168.047 171.483 174.714
zi1 184.199 198.918 216.079 232.854 242.793 250.802 253.398 253.349 249.974 241.600
ng5 198.906 181.178 167.737 160.124 162.427 165.961 164.483 170.707 171.002 169.783
san1 179.994 198.394 211.870 226.450 227.943 231.381 229.475 231.229 231.015 227.638
gam1 228.619 240.786 243.070 243.015 238.520 235.577 233.694 240.814 243.031 240.723
gung1 228.313 230.279 228.192 226.436 221.117 221.241 216.619 219.432 212.942 203.942
koeng5 195.907 198.270 203.666 197.665 185.275 177.059 169.920 167.062 169.847 169.397
zai3 172.800 180.087 189.316 194.257 187.127 186.607 176.254 178.024 179.771 179.492
gung1 189.403 203.439 223.953 235.817 237.405 242.280 246.632 252.713 251.661 247.428
zik1 239.787 238.669 246.037 251.276 251.938 252.307 247.763 242.029 231.477 226.953
gam1 237.932 247.067 250.347 250.396 245.852 238.984 236.295 240.281 237.705 232.604
zi1 228.684 232.230 234.266 235.108 240.336 242.413 241.639 240.193 234.836 224.407
zai3 212.081 213.680 209.527 195.075 181.160 176.409 179.260 181.929 186.641 192.836
coi4 176.772 175.992 175.800 174.719 172.527 169.054 157.937 151.084 146.864 145.827
zing3 152.128 162.568 179.051 189.127 192.351 196.273 196.283 200.473 204.107 205.234
si1 218.555 228.001 236.694 248.480 253.796 257.939 257.840 257.835 255.724 250.559
si1 241.289 244.016 249.208 256.011 260.893 261.647 258.809 255.239 249.066 239.311
zoeng2 219.953 214.440 205.681 190.633 175.255 163.894 164.909 173.461 187.641 195.760
zang1 199.261 215.037 227.651 235.107 240.876 245.272 243.150 243.362 237.828 227.980
jam3 235.191 226.940 218.373 204.619 193.662 183.800 179.416 176.235 173.782 169.405
kyun4 168.940 171.997 170.199 163.273 150.689 145.358 143.711 142.315 152.533 158.085
zok3 229.550 231.098 235.511 236.210 235.607 229.925 220.952 210.892 203.491 199.508
jat6 197.961 197.233 198.444 198.282 195.630 190.879 186.280 183.836 180.391 178.613
dat6 177.553 179.091 185.955 188.940 186.587 185.999 177.511 170.034 166.025 162.741
jin4 167.096 166.319 166.186 159.940 155.226 153.342 150.965 149.575 150.619 153.704
syun1 160.419 176.553 194.272 216.240 229.245 238.636 245.870 250.580 251.311 248.282
bou3 251.626 254.551 257.935 255.262 240.287 226.003 213.898 206.636 200.789 193.914
loeng5 189.211 185.056 179.654 173.966 171.719 171.229 170.347 176.327 181.638 184.768
hong6 195.284 197.171 197.938 195.448 187.473 179.957 174.537 172.857 174.347 174.438
dak6 176.908 178.275 180.947 182.990 182.568 177.278 172.885 166.092 160.086 156.271
bit6 155.350 157.636 165.513 172.695 174.573 176.893 171.649 167.908 165.698 162.239
cou3 167.959 175.455 182.546 192.868 194.428 190.106 185.270 182.693 183.070 183.720
si1 202.881 219.191 233.759 242.902 241.551 245.189 246.713 246.697 244.606 239.518
jat1 218.439 215.185 217.848 217.624 211.596 211.082 212.864 210.245 207.680 202.831
si6 202.529 207.295 213.097 219.800 216.737 210.909 198.016 187.876 181.056 177.064
dung3 179.593 184.307 190.360 197.856 197.791 197.081 197.456 199.768 199.286 196.494
git3 199.317 200.910 204.553 209.747 212.295 209.082 205.965 201.844 197.317 190.408
sei3 195.831 200.990 211.266 218.164 216.789 209.852 203.679 199.403 197.444 192.397
hong6 192.549 191.852 192.260 189.017 182.517 176.589 173.059 173.744 176.360 174.474
jing2 178.648 180.730 177.547 177.749 179.272 179.962 188.517 198.410 208.422 214.379
hoeng2 221.522 220.361 216.589 207.287 197.026 193.389 190.897 198.751 210.747 221.462
cyun4 221.302 214.303 208.794 201.664 184.683 168.306 150.352 140.274 136.307 134.307
gong2 137.941 140.447 144.841 143.525 142.846 147.056 153.607 167.902 184.294 194.405
si5 205.322 205.898 208.054 208.183 201.528 195.407 186.446 178.218 175.791 178.253
man4 175.925 173.746 166.640 152.502 139.916 134.684 131.723 134.924 141.830 144.763
wo4 147.943 148.873 146.130 143.603 139.978 138.597 136.781 139.941 138.938 143.443
bat1 147.683 165.217 184.399 205.006 217.712 230.448 238.821 244.415 241.698 240.692
siu2 232.002 231.055 230.589 225.421 212.085 202.965 198.132 201.222 211.384 219.821
hong4 212.532 210.205 199.465 189.388 174.484 158.822 151.489 144.095 141.793 140.744
jip6 142.917 144.473 149.644 155.086 156.999 157.717 159.183 161.257 162.685 166.091
dik1 173.527 190.297 208.617 225.630 230.513 234.482 233.262 236.678 230.897 231.476
sau1 239.382 244.116 252.010 255.849 256.626 247.645 243.620 239.173 235.944 230.621
fai3 219.838 221.020 214.776 201.336 179.631 173.815 172.632 175.825 182.157 189.940
baau1 221.602 222.843 226.805 220.959 216.178 212.865 208.767 209.920 213.151 209.556
kut3 196.042 198.239 204.663 209.451 208.158 206.392 201.383 194.327 184.002 179.395
seoi2 161.979 164.903 166.303 170.026 164.711 160.625 156.110 158.621 170.258 176.896
fai3 190.238 205.939 212.716 204.700 187.150 181.595 181.150 179.986 187.416 191.771
paai4 168.940 168.787 167.995 164.838 159.923 150.979 147.425 141.844 141.163 146.609
wu1 152.061 160.246 177.483 193.491 204.538 219.671 228.083 237.141 236.892 237.689
fai3 219.723 223.390 221.327 208.849 190.708 185.323 185.408 187.514 193.769 200.080
hok6 219.802 217.682 217.474 215.523 209.021 202.105 194.945 186.972 184.766 184.186
fai3 190.214 202.289 213.993 209.134 199.787 199.194 202.214 205.010 210.002 213.517
wo4 165.766 161.820 162.404 158.079 153.605 149.756 151.384 149.542 153.849 152.231
ji1 169.335 172.255 186.970 200.226 218.098 234.203 241.287 245.426 243.598 239.545
liu4 218.384 209.689 198.479 184.421 172.265 159.595 156.636 149.014 149.196 150.117
fai3 153.083 170.903 187.893 191.445 185.758 190.648 192.380 198.450 207.282 212.393
daan6 218.280 219.300 219.982 218.008 215.275 211.967 209.390 210.349 210.126 209.225
mut6 210.268 212.623 215.622 217.804 216.035 213.471 213.899 210.024 208.637 205.469
jau5 205.333 203.914 200.850 199.858 192.412 190.627 195.129 200.417 207.159 210.555
ding3 212.445 219.144 226.831 229.167 224.370 220.001 221.828 221.112 220.036 215.201
haa6 214.463 208.404 206.409 201.777 194.592 188.095 186.001 181.811 180.260 176.321
gaai2 179.790 180.571 180.637 177.604 170.629 169.508 174.543 187.039 202.226 215.351
dung3 219.251 228.164 234.132 233.173 225.462 218.082 212.253 206.592 202.564 198.561
jat6 184.357 181.772 179.349 178.254 172.754 173.275 169.835 164.898 162.767 163.381
kei4 161.737 164.257 168.710 166.935 154.520 146.018 144.123 149.295 157.282 164.038
ling6 206.269 205.777 203.052 204.824 202.595 202.837 202.136 208.091 209.268 213.939
jat1 218.378 222.102 216.882 218.859 221.069 221.619 223.731 222.167 224.836 223.123
si6 224.791 228.808 235.161 243.096 241.194 231.724 217.355 204.749 200.642 195.132
zing3 194.451 196.433 204.996 211.167 208.066 204.423 202.707 202.111 201.659 196.637
fu2 193.542 192.954 192.265 193.027 194.145 192.361 195.785 202.210 211.065 215.862
baa2 217.248 216.644 216.094 205.042 189.636 182.771 178.940 184.189 193.485 203.840
ciu1 210.473 217.355 228.819 238.471 245.414 253.517 250.315 246.443 245.089 238.909
dai1 239.392 241.659 245.956 248.890 251.359 252.808 250.452 248.192 244.883 239.361
ham4 223.817 211.367 199.373 182.417 168.982 154.848 147.779 139.336 141.542 143.124
lau4 147.913 144.344 141.496 140.389 139.801 141.831 139.532 141.655 143.831 145.752
loeng6 141.540 147.099 151.336 152.918 154.062 155.591 156.208 157.528 160.838 163.050
caai4 159.774 162.025 164.186 165.895 164.222 156.724 147.639 142.658 140.567 141.993
jau4 136.876 138.637 139.823 136.722 134.382 133.350 136.362 142.545 150.974 155.738
jin6 215.808 215.581 212.769 211.214 209.061 206.996 204.323 204.931 201.447 199.130
si4 193.939 191.739 187.260 187.543 178.676 171.609 160.794 152.754 147.700 146.698
mui5 147.045 149.490 153.492 159.098 161.285 164.426 170.204 178.397 186.530 199.497
gung1 200.876 215.227 229.556 242.074 245.216 250.375 254.578 255.748 257.762 258.304
sing1 248.882 251.839 255.790 253.919 248.553 245.238 239.958 236.965 237.012 229.035
jat1 242.129 241.368 239.542 238.878 241.784 245.727 242.770 239.525 235.160 227.310
dim2 212.634 199.067 187.346 172.633 162.911 160.374 162.243 170.050 184.993 192.426
jat1 199.996 206.682 214.283 220.023 225.579 231.564 232.152 229.655 226.383 224.747
jat1 233.764 230.828 231.039 232.482 238.324 243.340 239.946 236.483 230.481 224.393
jyun4 194.007 186.061 178.016 167.711 156.613 148.120 141.559 136.720 141.747 145.148
dik1 161.886 175.574 195.161 213.522 217.967 228.163 224.852 227.798 223.603 222.260
jau1 239.691 240.891 240.250 239.193 237.635 239.922 238.387 236.252 234.765 227.794
wai6 212.947 202.700 193.359 182.580 172.317 162.867 160.119 154.098 155.799 156.823
seoi3 158.341 172.636 186.934 188.288 181.728 182.386 184.052 191.250 196.542 201.926
jin4 178.906 175.685 169.655 165.758 161.535 152.059 149.945 148.127 149.928 151.466
coeng4 151.780 159.241 159.643 161.678 157.381 153.789 147.085 146.462 147.072 155.029
do1 170.265 186.630 202.314 221.678 233.601 239.076 246.617 251.909 254.211 251.164
luk6 237.255 233.827 223.684 211.858 200.896 191.801 181.235 173.256 169.406 167.309
go3 174.841 174.994 184.978 185.031 179.179 175.999 174.440 170.729 170.852 172.114
jyut6 170.960 170.266 168.813 164.689 162.810 166.716 174.593 180.183 186.247 184.066
zik6 223.208 219.196 218.729 221.555 219.329 210.852 201.646 189.965 186.445 181.510
zi3 203.035 205.183 211.523 221.770 224.914 222.291 220.770 212.405 211.267 201.187
ming4 194.409 188.331 178.520 168.686 158.493 146.582 144.206 140.917 142.566 143.765
nin4 148.652 151.305 148.508 144.955 143.031 142.848 144.553 146.733 148.277 153.738
luk6 154.478 160.955 158.640 160.304 159.051 162.524 167.076 164.646 167.657 166.986
jyut6 165.662 166.738 165.445 171.850 172.928 175.219 173.935 172.135 174.484 176.694
saam1 194.964 210.630 223.635 239.970 243.437 244.384 246.738 247.529 245.687 238.103
sap6 223.909 218.333 213.335 208.989 202.016 192.624 180.752 169.037 166.421 164.858
jat6 157.794 157.696 160.628 160.441 157.530 159.171 157.975 163.427 168.827 165.654
coi4 172.925 173.470 168.342 173.687 169.082 158.593 149.787 138.525 145.083 147.047
fui1 158.048 172.004 188.403 216.599 230.243 237.297 246.938 252.640 253.484 251.242
fuk6 244.985 241.436 239.143 235.210 221.393 202.950 183.849 168.785 164.994 160.404
mui5 165.456 163.845 160.786 159.727 155.743 157.048 162.329 162.657 174.026 179.150
gung1 187.335 202.159 218.757 235.273 239.661 239.959 245.061 246.487 249.505 248.526
sing1 245.163 246.696 253.152 252.900 247.591 240.903 234.627 228.572 229.743 220.800
ji6 216.151 203.834 192.166 178.981 172.911 164.863 162.282 156.910 152.795 150.632
jyun4 147.238 145.784 135.035 137.420 132.231 135.464 131.263 134.890 135.852 141.042
dik1 151.778 163.409 172.595 188.478 189.025 188.832 190.954 190.887 194.798 192.460
seoi3 199.675 195.345 193.266 188.288 177.822 165.503 156.287 151.196 149.543 150.243
leot2 146.905 140.000 138.348 127.856 129.899 128.680 133.425 141.149 154.278 153.661
