ci2 207.001 209.495 207.609 201.570 205.755 203.239 201.216 202.283 211.490 222.290
ngoi6 231.531 232.280 230.745 218.318 202.259 191.022 187.794 188.612 192.977 190.281
zin2 198.286 196.395 199.169 199.039 193.873 190.578 192.380 196.128 205.303 217.639
laam5 226.231 231.260 232.593 226.462 212.867 201.060 195.159 193.646 192.024 191.163
wui2 185.193 186.263 181.683 185.272 188.232 190.953 197.801 200.525 209.808 213.738
zoeng1 208.624 219.158 231.463 241.087 242.875 247.901 250.130 253.684 251.289 245.696
gaai3 235.955 237.486 236.637 229.502 217.947 203.744 194.428 189.629 185.320 181.541
siu6 186.523 188.290 192.141 196.572 190.558 184.275 177.728 171.446 170.010 168.756
gu3 167.466 176.964 184.267 190.254 190.306 187.759 186.063 185.357 188.130 181.220
jyun4 165.266 160.984 157.408 152.629 149.340 145.470 143.360 143.546 142.411 143.799
zoi3 147.736 155.185 166.997 174.384 178.140 180.048 180.535 177.318 178.293 174.018
pui4 173.276 172.222 173.395 177.785 180.334 176.826 168.614 164.314 158.442 152.597
fan3 158.122 169.258 181.133 189.570 191.669 188.623 186.333 185.368 183.298 180.011
guk6 176.395 183.509 189.060 189.483 182.302 177.037 175.571 173.486 171.094 171.438
dik1 238.897 248.381 253.037 258.014 254.273 247.722 242.853 237.647 234.368 226.712
zoi3 226.689 225.692 226.420 225.890 216.783 201.349 191.377 178.434 171.183 165.942
pui4 162.393 159.563 159.479 161.748 162.859 158.012 152.201 149.263 146.588 145.468
fan3 149.322 161.773 171.909 179.577 178.614 179.140 176.066 174.693 176.008 173.572
gai3 178.627 186.669 190.913 191.208 183.635 178.277 174.611 172.355 172.927 172.572
waak6 163.579 165.743 165.042 160.576 158.401 156.690 159.216 160.264 163.833 164.802
si5 181.538 180.954 180.884 184.844 182.678 182.429 176.933 174.385 177.262 172.102
man4 175.841 174.166 172.717 162.487 155.848 146.919 143.132 143.480 141.841 142.665
ho2 159.532 157.081 159.227 159.877 161.172 163.226 165.358 176.559 181.095 188.645
zik1 201.247 214.238 226.597 244.747 251.871 254.661 251.430 249.936 244.716 236.788
coeng4 235.772 227.357 216.673 205.645 193.723 175.297 157.433 151.810 145.426 140.881
bou3 148.787 154.055 164.948 170.854 167.015 169.771 169.567 169.154 171.108 169.299
duk6 190.347 190.515 186.635 181.776 174.817 167.178 156.811 155.402 148.750 148.772
jau5 157.226 155.759 151.232 147.681 148.442 148.510 146.775 152.715 159.698 165.363
gwaan1 176.624 192.556 208.083 215.945 218.161 218.772 219.637 222.537 226.404 218.217
fo3 214.292 214.717 214.949 211.688 204.130 191.420 181.487 173.927 168.959 163.327
cing4 162.119 164.384 166.236 159.658 146.387 140.428 139.292 142.709 148.734 152.776
wui2 184.706 185.164 184.311 180.798 181.025 186.872 192.908 198.814 213.527 218.202
coeng4 229.251 230.827 233.988 226.428 210.414 189.540 175.426 161.642 157.217 155.476
jik6 163.650 159.569 162.553 163.565 162.732 163.575 161.044 162.564 161.760 161.985
bei6 168.112 170.345 174.119 173.917 171.045 168.865 166.234 163.699 165.093 164.634
jau5 168.466 165.882 164.863 162.879 162.128 161.823 166.969 171.567 174.654 177.691
gok3 179.792 191.488 199.294 204.345 202.021 197.151 191.601 186.102 181.902 179.780
leoi6 168.304 165.532 163.606 162.007 158.277 158.330 157.771 160.922 162.250 165.354
zi1 167.831 180.292 200.695 219.392 231.644 240.021 244.207 245.347 243.417 234.938
liu2 224.502 213.687 203.270 193.491 181.603 177.661 174.254 177.092 182.498 187.965
daan1 191.511 204.001 216.017 224.147 223.911 222.239 222.529 224.023 227.311 227.947
zoeng1 227.534 235.007 244.744 249.885 245.597 239.674 238.162 235.994 236.501 230.251
gung1 228.829 234.765 241.351 240.899 237.777 235.699 236.195 232.329 231.490 224.540
si5 214.983 207.222 205.199 200.354 191.370 183.054 172.054 166.179 161.056 160.992
man4 161.572 160.687 152.164 146.891 138.180 131.839 132.244 129.218 127.666 130.446
saak3 132.692 143.846 152.230 163.202 164.608 159.379 157.091 154.472 152.006 150.917
ceoi2 153.559 158.318 159.600 151.840 146.844 146.717 152.717 165.723 186.074 196.970
