jyu5 200.634 202.147 200.397 198.003 199.925 191.149 194.809 192.777 201.307 210.612
haau6 215.027 220.142 220.262 220.879 217.703 213.123 207.856 206.269 203.792 196.576
zoeng2 194.183 195.095 194.557 191.794 179.216 177.884 186.288 203.891 218.619 231.752
hoeng3 233.029 235.937 239.910 239.539 230.070 221.354 216.443 208.836 201.422 193.730
gei3 199.799 202.074 207.894 208.724 202.265 197.205 191.303 187.738 186.483 187.008
ze2 173.195 175.165 178.236 179.299 178.672 173.246 173.596 179.716 193.999 202.853
biu2 196.252 200.665 202.365 202.218 191.244 186.080 185.963 195.406 205.268 213.888
si6 213.922 219.271 217.850 205.494 188.691 177.385 171.672 173.777 180.020 186.584
wui6 196.968 195.951 197.183 192.253 193.164 195.599 198.485 198.697 199.970 201.153
hoeng3 208.906 214.249 219.838 224.967 225.430 227.388 228.004 230.007 228.713 222.440
jing6 214.632 210.791 206.369 200.746 193.553 192.024 193.927 192.021 197.210 201.730
sik1 192.785 196.158 210.905 221.662 228.661 234.489 234.523 236.792 231.690 227.441
siu2 223.642 220.601 223.052 220.432 209.788 202.617 193.583 195.828 200.657 206.803
ngaa5 210.093 210.288 205.377 199.563 189.237 175.977 172.819 172.811 176.241 182.730
dik1 192.727 204.774 217.995 230.000 236.085 235.473 232.976 229.715 226.720 225.179
tung4 211.985 205.043 195.814 188.076 172.198 159.583 149.335 144.923 145.170 145.253
hok6 151.721 157.330 158.969 164.131 166.106 164.651 160.881 159.424 159.652 162.402
zeon3 163.619 175.904 188.230 196.436 198.310 190.708 189.147 190.916 190.288 189.045
hang4 175.173 172.968 169.738 163.705 154.299 148.072 142.796 144.115 145.576 147.430
sam1 155.542 174.431 197.241 213.704 225.768 230.782 236.145 241.380 243.243 241.480
lei5 221.355 217.197 204.955 194.832 183.820 177.787 172.943 169.925 166.310 165.607
fu6 168.522 170.296 173.600 175.979 173.574 167.714 162.929 157.960 156.698 156.872
dou6 157.153 162.646 169.065 160.190 152.924 151.313 154.981 160.285 168.321 173.003
zi3 211.121 209.559 210.571 210.758 210.250 210.549 206.456 200.890 196.763 194.277
jyu1 204.221 206.750 212.256 216.610 225.187 231.423 234.368 233.227 232.680 227.277
sit3 214.329 215.905 220.510 225.560 224.359 218.256 204.858 193.427 184.174 174.493
caak6 173.140 175.754 176.945 181.075 177.896 172.117 166.193 158.535 154.863 156.206
si6 160.368 164.798 170.160 177.729 181.634 179.520 174.762 167.340 163.652 162.659
seoi4 162.793 168.096 172.015 163.185 151.257 142.437 141.132 140.862 149.214 153.958
muk6 200.994 205.860 205.227 200.976 197.673 190.924 188.584 183.825 183.758 185.475
cin4 181.571 181.282 182.642 182.588 176.340 167.315 159.251 152.695 148.638 145.437
jing4 148.511 149.978 149.062 148.263 149.340 145.970 145.177 147.237 147.250 147.019
wai6 148.243 153.296 157.137 157.542 160.428 158.622 159.833 157.275 158.676 157.070
jyun4 150.475 151.262 149.777 150.546 148.257 142.410 139.428 139.563 138.353 140.444
ngon3 149.353 160.193 169.824 169.681 166.983 169.137 172.981 182.917 189.476 193.252
