tyun4 196.008 194.886 196.972 192.606 190.714 183.398 178.820 176.392 167.390 165.671
mun4 163.562 165.745 169.520 169.098 164.849 163.443 164.048 169.273 168.415 172.356
hoi2 172.550 176.346 181.533 182.370 184.672 190.244 192.269 204.799 218.858 232.480
ceoi3 256.077 261.929 265.536 272.298 267.802 256.282 244.995 236.650 227.889 226.163
faa1 232.363 238.141 244.047 251.839 253.642 254.769 254.711 256.223 253.824 251.268
jyun2 244.720 237.426 226.888 217.412 200.448 198.355 195.096 197.903 207.448 216.719
soeng1 224.409 233.405 245.446 256.487 260.428 263.635 262.399 267.024 261.872 258.392
coeng4 243.790 234.613 223.045 206.147 183.666 164.469 151.625 148.656 150.868 154.222
zaa1 158.367 174.591 194.928 212.422 223.280 230.367 235.060 240.273 241.166 237.194
daa2 229.771 226.292 220.301 206.641 195.326 183.186 179.867 184.317 195.623 203.071
ngan4 220.913 220.313 218.525 208.822 192.188 178.665 159.777 155.199 151.016 151.071
hong4 155.077 151.413 154.724 152.790 147.140 142.446 138.535 140.192 145.253 150.570
jat1 164.267 172.792 183.806 198.603 209.330 223.531 228.834 230.977 228.965 225.853
bou6 227.623 227.103 227.410 221.493 212.160 198.922 186.726 178.987 174.845 173.624
duk6 166.286 170.702 177.181 178.428 175.492 172.562 171.492 168.664 164.476 164.579
lap6 164.247 169.145 170.669 173.053 171.532 169.752 168.549 168.997 168.894 169.508
gwai6 195.374 198.510 192.932 189.225 180.702 174.005 164.297 162.027 162.817 162.152
jyun4 158.434 157.599 151.502 147.134 146.551 142.178 135.658 136.928 138.466 143.604
gei1 168.520 190.600 214.101 225.768 237.549 240.384 248.017 252.425 253.260 252.358
soeng6 216.431 216.262 215.926 213.793 207.875 198.222 188.900 184.366 183.174 183.181
zau1 198.335 205.103 213.954 216.714 221.254 220.110 222.787 225.394 221.345 221.174
ng5 191.820 182.556 178.002 176.940 175.927 176.670 177.878 182.716 186.934 187.531
faat3 208.478 213.619 219.488 223.385 225.908 222.646 215.124 209.434 206.708 206.227
sang1 214.791 226.590 239.805 253.071 257.450 260.138 261.141 260.123 257.868 251.746
lei4 237.350 230.939 210.963 192.781 177.195 162.898 151.776 148.439 146.471 140.235
kei4 150.394 150.694 152.364 157.051 158.021 153.557 150.983 146.929 144.704 145.067
sat1 154.908 167.177 185.210 202.697 216.182 226.382 226.566 225.173 224.456 219.495
sit3 224.578 225.059 231.062 233.699 231.673 221.399 207.166 194.558 185.630 177.326
ngon3 169.763 175.752 181.492 179.603 173.049 174.277 181.798 191.616 198.896 205.327
jat1 239.076 238.394 237.944 233.533 230.714 228.398 228.275 224.598 223.907 220.364
baak3 209.661 213.775 217.603 218.918 215.004 204.874 200.642 191.542 187.872 189.316
do1 196.539 207.882 219.626 226.867 228.447 230.078 230.904 233.852 234.942 230.596
maan6 230.815 224.141 214.316 199.902 182.212 171.441 165.920 161.803 161.585 157.948
jyun4 152.549 149.726 146.137 146.078 144.020 143.500 143.445 143.274 142.652 143.122
bat1 150.375 165.172 188.098 207.547 219.945 232.803 236.846 239.093 236.715 228.869
jik6 219.908 216.941 207.835 199.230 188.293 182.547 174.209 165.935 160.454 149.915
ji4 145.572 143.072 141.142 136.965 137.937 140.436 137.562 137.286 138.259 137.217
fei1 156.348 178.023 197.187 210.321 217.239 224.207 229.640 236.446 233.356 231.741
ging2 187.868 183.483 180.177 175.289 172.063 168.818 171.502 180.654 191.019 199.947
fong1 201.401 212.809 224.310 229.392 227.281 224.958 225.906 230.080 229.811 227.853
zing3 227.850 230.049 240.266 239.546 232.132 220.503 210.715 205.399 200.747 194.971
zau6 192.868 192.099 194.814 190.092 182.998 173.000 165.757 163.745 168.985 172.241
goi1 178.162 197.234 214.387 223.403 231.380 235.279 239.398 243.417 246.779 244.199
zung1 239.323 244.938 251.956 259.913 258.952 257.378 258.413 258.329 254.273 247.913
lei4 231.640 221.292 204.782 185.896 171.262 160.938 153.107 151.101 148.865 145.582
kei4 148.597 148.793 150.828 155.412 156.556 153.860 149.916 148.117 145.705 145.635
sat1 148.859 160.272 177.856 201.017 214.324 223.983 226.652 226.743 225.431 221.155
sit3 223.905 223.266 230.998 236.634 234.730 225.769 209.905 196.060 184.813 176.018
ngon3 165.765 170.031 175.829 177.904 174.487 171.617 174.992 175.660 177.083 176.664
zin2 170.340 169.336 169.482 171.284 167.575 166.489 165.181 169.556 180.531 186.915
hoi1 191.065 198.904 211.542 219.559 225.544 231.252 230.383 229.215 227.926 221.819
tiu4 209.661 201.897 200.011 193.795 183.934 170.657 157.348 152.355 142.683 140.063
caa4 139.295 151.055 154.754 149.949 132.757 130.420 127.790 131.670 142.120 144.755
