din6 239.947 247.837 236.712 231.954 228.050 219.125 225.859 220.445 221.748 215.639
seon3 226.139 232.853 241.111 244.536 246.977 241.508 240.164 234.408 231.813 225.369
gun2 221.285 219.885 217.057 210.111 203.717 204.089 207.631 213.724 224.208 229.401
lei5 244.130 246.821 243.718 241.809 234.335 224.605 222.889 215.323 208.520 203.411
guk6 195.815 198.362 203.880 200.193 193.263 187.830 183.210 179.256 176.873 178.445
gam1 194.926 210.817 227.593 239.675 247.775 249.156 253.866 256.792 255.270 254.273
jat6 245.935 243.042 232.897 227.840 219.909 208.488 201.926 195.156 190.103 187.896
syun1 190.737 206.985 223.656 241.888 248.233 248.740 246.963 245.559 243.405 236.426
bou3 226.898 226.069 223.000 208.795 193.102 181.598 182.238 184.549 192.438 197.528
zeon3 224.089 228.290 227.107 223.317 222.201 226.041 218.103 217.863 213.941 211.483
jat1 215.413 214.187 218.079 216.613 217.628 219.745 214.283 213.692 211.901 212.389
bou6 217.458 220.482 225.959 226.015 221.839 211.813 202.825 194.248 190.265 182.574
tiu4 167.742 169.039 171.079 168.478 166.903 165.446 158.117 154.167 155.303 160.861
dai1 162.720 179.602 194.918 213.258 227.810 235.572 242.078 247.084 251.233 254.951
wu6 249.449 243.382 233.662 226.473 214.559 204.467 189.445 182.250 175.849 169.678
lyun4 161.623 158.633 152.549 149.819 146.792 144.710 142.528 143.598 143.487 145.156
mong5 139.776 145.664 148.761 149.504 147.649 149.187 154.743 161.560 172.976 179.385
jung6 186.920 190.820 187.368 184.462 182.034 175.890 176.472 178.551 179.866 178.496
wu6 180.692 175.378 177.363 175.250 177.426 175.998 177.378 176.155 177.061 178.230
dik1 187.372 204.654 223.059 239.560 244.423 247.475 246.714 245.205 245.257 246.770
gung1 244.318 253.455 259.165 267.429 265.838 261.897 261.373 261.077 259.815 255.592
gung6 242.475 235.249 228.240 218.516 204.259 189.168 182.694 177.870 179.318 183.960
fei1 186.775 201.570 215.137 232.781 239.118 243.234 242.693 238.943 242.856 241.120
zyun1 233.461 239.343 247.667 255.681 254.789 250.862 247.983 245.576 244.332 235.319
lei6 225.586 218.242 206.665 199.718 188.815 183.334 178.225 174.595 169.505 170.029
din6 161.691 165.025 168.864 171.624 168.697 164.706 162.008 161.641 162.205 163.933
seon3 171.081 176.902 187.119 193.579 197.004 194.549 189.975 184.934 181.641 178.958
fuk6 175.316 178.848 179.747 180.450 179.730 179.731 174.424 164.667 161.290 156.035
mou6 155.416 158.106 159.268 162.291 161.759 157.586 157.682 157.193 158.606 164.183
sau1 182.157 196.625 210.919 222.610 229.076 228.021 224.690 225.567 226.511 220.412
fai3 209.593 211.611 210.904 196.561 180.468 173.546 173.038 173.751 184.884 192.553
tung4 178.217 179.068 173.208 172.623 168.568 160.970 158.506 151.876 153.652 151.658
si4 151.613 156.810 163.053 158.065 153.582 147.870 148.066 148.668 152.315 154.899
lau4 164.099 162.674 161.507 159.039 154.121 154.084 149.133 152.429 148.895 151.968
dung6 157.428 168.541 175.396 182.761 183.940 183.939 185.409 188.518 189.563 192.032
din6 196.826 199.753 202.403 201.552 198.465 196.635 194.980 193.783 190.215 187.542
waa2 197.751 196.850 193.612 190.929 183.999 185.239 189.933 202.560 218.370 226.411
mong5 232.200 232.926 230.075 220.135 205.487 189.635 182.512 180.459 182.901 184.039
lok6 184.568 179.926 177.547 168.864 167.728 163.316 162.762 166.669 166.158 165.452
jyu5 196.470 194.964 192.630 194.499 197.585 201.435 202.597 201.567 206.902 207.439
gu3 205.042 211.758 218.520 221.842 227.323 225.117 221.923 216.837 214.732 208.452
ding6 208.894 207.059 206.097 200.117 192.259 186.091 186.141 184.025 184.579 182.498
din6 182.936 183.743 187.090 184.260 179.671 178.528 177.635 174.155 171.883 170.171
waa2 170.408 170.674 168.551 166.468 163.796 161.773 171.088 183.915 201.218 211.836
mong5 228.324 229.563 226.597 216.470 202.881 189.889 183.491 181.136 182.861 184.212
lok6 176.274 178.786 171.640 163.244 161.287 149.751 149.115 147.560 149.002 145.481
zi1 164.377 182.588 202.269 221.855 233.586 240.752 243.919 241.554 243.314 239.718
gaan1 234.033 240.334 243.454 244.780 242.602 236.400 236.058 233.074 231.792 230.537
dik1 233.656 236.223 242.562 240.814 239.474 234.803 230.382 221.668 217.474 212.356
wu6 185.286 187.267 187.715 185.950 171.010 172.269 165.812 158.374 162.943 147.184
lin4 147.620 142.627 136.779 138.897 137.033 136.911 135.318 136.535 138.927 140.663
fai3 157.851 166.393 172.828 178.453 181.904 178.978 172.497 168.838 165.738 163.763
jik6 168.015 168.360 169.160 168.971 165.590 161.958 154.360 150.761 143.785 142.672
wui5 151.741 149.874 149.747 152.687 154.227 158.931 160.019 159.350 166.843 168.371
haa6 169.589 171.167 170.065 170.170 165.360 159.793 152.036 148.893 148.661 147.292
diu6 151.832 158.705 160.791 150.191 149.419 149.450 152.439 156.320 159.340 163.892
