zing3 241.220 242.528 246.852 244.136 243.003 232.463 230.685 236.764 230.463 223.203
fu2 217.862 215.501 211.536 201.588 198.329 196.681 199.697 215.534 229.473 232.412
wui6 240.288 242.901 244.719 244.862 242.279 233.460 228.343 223.204 213.190 204.147
zoi6 195.561 201.213 205.428 211.207 207.900 200.660 193.205 185.788 184.662 180.546
mei6 176.414 180.040 183.386 186.355 182.433 180.828 179.044 177.932 177.914 176.701
loi4 168.025 165.485 163.025 160.385 159.608 156.417 152.757 153.336 152.674 152.472
sou3 153.655 166.885 184.504 197.784 197.620 199.184 194.454 193.824 191.648 190.940
nin4 178.260 174.110 164.452 155.113 143.704 142.364 145.841 152.369 162.328 164.614
hou3 226.822 230.897 231.953 227.877 229.266 229.634 226.881 227.036 228.284 228.613
zi1 222.042 224.114 222.731 226.002 229.559 229.612 230.648 230.008 233.863 231.132
saam1 234.029 235.680 237.955 238.927 237.376 234.050 231.854 233.363 232.571 233.447
jik1 244.806 240.688 244.887 241.666 239.694 244.064 239.050 234.346 227.768 216.405
ji6 211.850 205.663 202.132 197.393 191.591 190.764 190.548 187.372 187.416 184.612
cin1 188.325 201.067 218.810 232.799 243.874 252.116 253.879 257.700 256.726 249.292
do1 253.818 253.402 257.614 255.305 251.891 252.001 245.924 247.464 240.398 232.581
maan6 237.461 226.595 214.024 196.852 178.657 168.554 163.256 163.502 165.989 163.537
jyun4 155.182 153.893 150.889 144.585 140.903 142.574 146.474 152.233 159.129 162.918
tai4 172.998 176.079 172.217 169.668 167.474 164.681 156.947 150.589 150.776 155.139
sing1 160.232 178.753 196.439 213.048 223.558 231.224 236.710 242.988 246.553 242.130
tou4 236.572 233.006 222.828 209.581 191.900 176.725 160.080 150.559 149.108 151.345
syu1 152.655 170.202 191.269 211.753 225.688 236.443 244.842 247.182 249.907 242.171
gun2 228.780 224.383 217.154 205.689 189.146 185.594 184.561 191.544 208.416 214.352
dik1 223.377 234.366 243.498 247.123 250.289 249.134 246.386 242.820 237.645 232.216
din6 220.415 218.020 213.774 205.993 190.871 177.811 170.907 167.043 165.071 163.758
nou5 160.085 160.767 155.830 157.846 156.180 157.086 159.780 161.693 163.888 165.348
hai6 166.661 168.778 170.476 173.153 169.705 168.892 165.574 160.992 159.238 158.575
tung2 161.841 165.889 166.753 162.367 160.359 162.812 177.581 198.753 221.217 233.045
kap6 220.125 221.526 224.513 228.247 227.477 229.006 216.148 207.248 201.624 193.826
tai4 179.027 176.536 174.523 169.933 164.481 160.055 154.163 149.872 148.515 149.452
gung1 165.183 182.714 205.012 222.247 235.037 243.851 250.570 255.832 255.251 250.757
cyun4 227.836 217.886 205.931 193.661 176.386 163.803 153.018 146.606 146.322 146.674
min6 150.412 155.030 161.138 163.347 163.008 162.464 166.524 171.207 176.225 180.902
dik1 197.575 209.592 223.038 231.373 238.572 240.308 240.690 238.415 237.596 239.215
sou3 241.307 244.583 247.730 251.233 243.553 226.939 210.250 201.359 193.151 185.991
maa5 180.370 179.148 172.868 165.384 160.282 155.412 155.444 161.236 168.793 174.162
tou4 171.351 173.791 171.721 169.341 162.720 153.561 147.497 139.426 140.329 139.631
syu1 142.436 159.246 180.102 201.670 216.973 228.951 234.009 236.054 239.571 232.953
gun2 220.121 213.998 202.848 188.331 180.959 175.850 177.687 187.904 198.684 201.815
fuk6 196.822 197.966 197.689 195.392 197.470 191.406 178.865 169.636 160.989 152.571
mou6 149.936 151.753 153.618 150.979 149.338 152.758 159.336 164.795 173.057 174.800
ze5 186.365 184.185 188.521 188.450 188.022 186.207 181.821 179.508 179.543 182.732
loeng5 174.588 176.029 178.182 174.911 171.496 169.549 169.993 178.443 185.329 189.114
go3 202.563 207.947 211.759 211.485 208.894 205.713 204.573 208.212 206.472 207.191
san1 209.082 216.092 225.020 231.859 237.279 237.589 239.589 242.419 240.786 233.129
hai6 229.402 226.165 222.291 217.189 210.583 200.789 194.349 186.447 179.480 172.474
tung2 166.959 169.831 170.374 165.368 161.432 164.225 177.995 200.239 221.844 233.718
zoi6 212.491 214.104 219.645 221.338 221.841 214.854 206.328 198.780 194.936 191.092
nin4 169.271 165.607 162.077 157.994 152.916 150.051 148.714 150.775 151.952 154.053
dai2 149.569 155.520 161.542 164.042 164.286 166.236 173.603 186.489 201.656 209.712
kai2 219.853 221.291 221.553 218.548 211.327 206.063 200.486 200.450 206.634 211.946
jung6 217.886 218.147 215.494 209.507 197.333 187.178 180.900 171.341 165.590 161.928
si4 165.163 165.958 166.756 156.433 144.328 140.418 139.746 137.391 145.918 151.469
wui6 209.780 209.223 209.958 209.995 212.351 210.767 211.223 214.333 212.725 215.908
wai6 216.257 211.901 210.815 205.940 201.265 197.847 196.122 193.536 192.467 190.561
si5 195.330 196.489 203.474 211.775 213.694 215.291 213.643 210.959 213.517 213.815
man4 214.943 208.136 201.228 187.046 171.957 160.545 154.322 152.597 149.340 148.767
tai4 155.068 153.918 157.049 156.806 159.688 156.912 156.454 152.725 151.193 151.629
gung1 155.624 178.112 205.077 223.062 235.614 246.200 254.894 259.862 259.815 257.798
gang3 247.089 246.635 241.114 230.439 216.176 204.408 194.980 194.995 196.874 195.660
gaai1 197.340 211.166 220.482 228.066 229.033 234.715 236.995 238.904 235.002 235.382
dik1 240.196 244.409 251.501 253.180 250.454 250.864 244.169 240.078 233.657 227.842
tou4 184.957 181.651 180.041 177.608 166.055 157.212 147.111 141.167 138.193 141.339
syu1 148.004 164.843 183.012 203.582 220.056 227.925 236.541 237.749 241.811 235.376
gun2 208.236 204.420 199.145 190.189 176.487 171.531 176.576 189.122 207.567 216.033
zi1 205.032 216.364 228.801 239.014 248.244 251.329 250.888 249.752 246.958 238.207
seon3 227.491 228.050 229.278 223.320 211.862 197.711 184.956 183.024 181.981 179.736
fo1 190.457 203.932 220.099 230.507 237.015 239.924 242.923 242.601 240.119 232.955
gei6 220.756 217.832 212.594 206.835 193.896 183.933 173.756 164.800 159.717 158.111
fuk6 162.569 164.626 169.499 170.726 170.129 165.711 158.785 153.941 151.113 147.041
mou6 149.363 150.932 156.001 153.317 148.173 150.272 157.051 159.949 165.172 171.222
baau1 216.070 224.528 227.713 223.764 224.651 217.700 216.965 214.931 219.721 213.548
kut3 198.522 201.912 204.314 204.173 195.146 192.543 186.982 185.530 183.399 184.343
tai4 166.493 166.691 167.805 167.829 163.869 159.807 153.824 145.323 147.277 149.951
gung1 157.118 178.408 201.093 218.236 231.525 239.328 247.191 254.007 255.178 252.526
zi6 226.975 221.567 220.177 214.977 204.041 196.166 185.957 174.709 168.792 163.926
syun2 162.316 167.892 172.338 174.526 172.579 167.398 172.732 187.263 204.393 216.526
jing2 207.375 202.641 194.949 182.982 171.491 170.651 172.490 178.702 186.569 193.854
jam1 201.353 216.120 219.823 220.213 226.389 230.797 234.797 239.327 240.950 239.569
zi1 237.552 236.691 241.262 243.095 248.337 246.580 246.032 242.596 236.603 226.774
liu2 205.647 193.672 177.993 165.716 155.854 156.952 165.881 184.468 205.018 221.176
kap6 213.748 213.071 217.688 216.658 218.747 215.434 206.246 197.065 188.256 182.877
ji6 203.731 202.217 200.139 202.494 202.585 201.621 205.710 206.517 204.959 201.569
sap6 211.443 213.292 214.091 217.975 221.098 218.478 213.557 208.004 204.845 199.537
sei3 206.299 212.497 217.185 224.897 229.176 227.718 222.416 215.363 213.383 206.289
siu2 203.968 203.454 205.968 207.897 205.988 202.087 204.898 212.408 222.938 228.728
si4 230.153 227.919 224.449 217.808 205.878 187.337 169.084 154.926 146.659 142.781
mong5 145.278 146.225 146.745 145.022 144.906 147.170 149.686 155.678 163.917 170.586
soeng6 184.850 190.097 194.730 190.709 181.948 171.318 164.361 160.324 159.459 159.284
caa4 163.820 164.092 161.117 158.322 152.827 143.727 137.735 134.693 136.073 137.256
seon1 157.718 181.880 208.956 219.415 228.181 231.634 239.743 244.701 247.373 247.112
zuk6 201.255 199.703 200.866 196.570 189.787 180.368 171.639 164.142 161.650 158.408
ze3 168.817 178.169 186.405 185.232 179.606 178.584 184.254 186.775 190.427 196.295
jyu6 198.252 195.451 195.157 195.205 194.787 191.095 189.475 186.151 184.261 185.851
joek3 189.672 195.004 201.659 201.342 198.454 197.534 201.581 204.574 208.560 204.166
wo4 182.743 177.916 171.741 164.818 158.625 151.096 148.648 149.588 152.333 150.928
gim2 152.506 160.475 165.260 172.525 173.967 176.833 189.915 206.475 223.941 231.391
si6 232.480 231.736 232.261 230.952 231.067 220.009 210.757 196.843 190.651 186.125
zi1 180.220 193.140 207.174 219.838 229.659 236.442 239.004 237.884 235.730 227.997
liu2 209.753 199.384 179.932 169.335 158.828 159.794 169.923 188.053 207.913 220.512
kap6 216.153 217.264 223.485 227.925 229.062 224.432 216.259 207.572 204.315 200.623
san1 203.981 212.683 217.153 220.557 218.260 216.780 219.918 219.793 220.183 216.911
cing2 209.446 206.767 206.043 199.738 187.553 179.316 181.336 190.825 202.451 207.231
ze3 196.830 198.071 208.431 206.744 204.623 195.839 189.113 179.845 178.582 177.559
syu1 184.820 195.064 211.012 226.512 239.467 241.781 243.131 242.491 240.969 236.005
zing3 219.170 216.692 219.844 213.504 201.588 188.129 178.511 170.890 167.375 167.080
fuk6 164.285 166.290 167.680 167.713 165.821 161.060 153.280 150.606 148.482 145.635
mou6 145.350 148.622 151.370 150.019 145.838 147.784 153.854 159.587 168.541 170.823
