dak6 236.096 235.809 226.033 225.494 213.695 205.870 196.579 193.944 192.752 192.496
sau2 192.501 196.023 194.729 194.289 188.794 186.232 188.100 201.486 219.213 231.649
dung2 223.424 228.456 232.032 227.605 215.912 210.745 217.399 224.834 231.726 234.023
gin3 236.414 241.379 246.027 245.548 242.587 232.973 223.903 217.804 207.946 200.009
waa4 192.692 185.484 179.590 169.753 157.096 146.068 142.614 141.177 142.508 145.356
soeng6 155.606 167.133 175.168 182.391 180.453 175.639 169.539 169.854 173.125 171.807
jyut6 178.796 178.776 177.227 177.641 178.972 178.026 178.880 177.898 173.621 169.639
ji6 174.888 174.870 177.828 182.546 186.322 189.776 190.064 184.608 182.007 177.235
sap6 185.845 191.467 195.308 201.246 205.697 202.031 192.803 191.744 183.291 178.968
sei3 213.021 215.298 216.579 220.912 219.715 216.096 205.166 199.575 195.194 190.474
jat6 184.060 184.209 185.286 185.404 181.334 175.746 168.773 166.085 162.405 163.274
ceon4 169.128 170.001 167.428 166.933 164.340 152.181 145.536 141.619 142.358 141.661
si6 150.300 155.109 159.051 167.345 175.132 174.395 173.084 169.700 167.716 168.229
sai1 176.951 194.686 215.268 235.028 246.632 248.364 246.236 248.944 247.925 242.618
gung3 231.140 230.328 228.878 218.982 200.137 189.435 187.368 190.219 195.976 197.933
bing6 215.055 214.368 214.072 214.103 210.550 207.129 203.105 199.417 199.913 202.084
caam1 207.336 212.184 214.858 215.428 217.393 214.985 215.122 214.503 219.750 218.276
gun1 212.717 217.453 223.793 229.518 231.283 228.746 229.245 229.306 227.313 220.732
wai6 222.063 219.885 212.505 201.349 189.993 179.710 175.603 170.230 170.628 174.079
jyu1 176.970 186.860 201.288 212.317 223.847 233.658 239.688 239.388 237.973 235.287
zoeng1 235.108 239.662 246.694 252.880 250.038 246.719 246.088 246.489 245.109 241.005
gwan1 248.881 250.937 252.339 254.644 250.921 248.858 245.514 243.290 241.085 238.434
ngou3 233.686 232.663 230.343 227.985 218.291 207.008 196.806 190.932 187.344 188.853
dik1 194.944 204.153 214.396 223.555 225.953 223.329 221.173 219.163 215.186 213.750
sei3 214.842 213.488 217.561 217.326 209.803 196.334 183.053 178.124 177.516 177.860
zau1 184.918 196.153 207.710 226.528 229.637 229.933 232.448 232.775 230.470 228.367
zaap6 221.904 219.755 217.000 211.529 197.540 182.450 173.832 164.990 158.978 156.417
tyun4 155.052 154.347 156.893 163.449 158.534 154.689 151.983 144.808 141.134 139.753
sik6 141.238 146.070 155.179 167.628 168.881 167.846 163.985 154.908 151.200 153.280
ban2 148.044 154.349 159.416 162.575 155.365 153.969 161.607 176.460 193.767 202.670
cong2 195.354 198.047 197.413 194.875 181.858 172.215 163.287 165.543 171.967 177.281
fong4 171.030 178.196 175.700 163.274 144.119 131.403 127.647 129.622 139.572 148.649
