ging2 194.385 194.435 198.227 194.358 188.287 188.066 190.170 198.835 218.617 231.714
jyun4 240.279 238.157 237.284 229.626 215.773 202.667 188.773 175.886 169.702 165.389
zoi6 156.979 163.361 174.563 181.368 181.296 178.245 174.987 171.212 172.205 171.871
ceoi3 176.809 184.214 193.127 206.391 211.162 209.861 202.244 196.070 193.474 190.252
ping4 179.367 176.605 175.286 173.257 167.038 157.816 150.693 149.074 148.735 147.708
faa1 163.645 178.903 207.412 219.802 226.992 230.464 234.233 237.876 241.272 239.937
jyun2 221.910 210.057 199.573 184.524 171.871 172.825 183.841 197.500 217.487 229.434
faat3 236.431 238.384 237.907 241.059 242.872 240.171 235.292 228.567 218.948 209.699
jin6 207.726 206.341 202.533 202.068 198.581 196.722 193.854 195.153 193.941 189.600
sip3 198.823 205.322 211.316 221.502 222.604 220.641 214.418 208.402 203.275 193.214
jim4 178.369 169.791 164.334 161.062 158.911 157.884 159.212 158.500 156.169 155.066
sing3 155.887 168.527 176.646 185.699 190.338 189.884 185.956 186.470 187.684 185.315
ceoi4 181.574 181.475 185.646 189.238 183.725 175.811 163.207 155.137 149.817 150.358
naam4 140.984 140.320 140.016 139.407 136.572 135.091 135.815 139.210 147.013 151.187
zi2 151.501 157.192 161.639 161.699 162.286 170.774 184.594 206.426 228.729 240.195
san4 193.689 190.076 185.297 181.707 176.558 167.016 155.385 153.454 148.164 149.584
cing4 148.243 154.416 162.490 166.948 167.467 161.047 155.367 155.262 154.981 157.067
mai4 148.535 149.113 149.398 146.835 149.418 151.466 149.790 149.566 149.018 154.552
mong5 147.959 153.482 154.977 154.276 149.699 150.954 165.504 186.271 203.042 208.684
zo6 225.407 224.774 228.075 224.949 223.482 220.193 211.872 207.041 206.891 203.759
zoi6 214.232 218.794 224.649 228.001 222.374 216.739 207.067 201.493 200.609 194.044
hang4 196.424 192.176 188.034 182.655 172.019 165.000 159.927 154.434 154.852 154.413
jan4 154.103 152.674 150.473 146.598 142.039 140.053 142.632 143.690 148.222 151.547
lou6 157.938 162.398 164.271 163.776 164.620 163.017 164.237 166.762 165.654 164.118
soeng6 185.564 195.075 198.500 193.254 178.320 167.936 169.674 174.325 183.018 188.815
san1 223.778 219.220 218.606 215.880 213.525 215.650 212.212 212.353 212.505 202.024
pong4 210.367 207.681 207.583 203.724 185.303 169.507 163.827 152.027 150.092 145.113
jau5 150.123 150.423 150.798 150.008 150.841 152.914 155.408 161.425 167.848 176.551
saam1 191.060 207.964 223.445 233.431 238.284 238.985 240.865 242.734 246.257 236.069
go3 243.108 243.296 241.608 237.701 229.952 219.313 211.761 202.305 197.239 190.502
ji4 172.144 164.094 160.825 158.609 158.190 155.920 149.495 150.150 148.460 147.993
sing6 154.748 160.417 170.512 175.918 174.174 169.337 165.547 162.177 162.850 162.870
zoi2 162.348 164.018 165.143 168.716 162.690 162.071 159.642 168.184 175.149 179.912
fai1 193.140 209.093 226.724 240.129 245.570 245.821 246.793 249.229 251.048 248.042
faat3 241.709 238.933 240.862 239.826 233.503 220.422 202.263 190.179 181.945 173.788
sing3 176.384 179.883 188.329 192.716 188.337 181.548 179.012 177.503 177.676 179.103
jik6 171.405 170.007 166.190 164.017 163.484 161.719 159.239 153.997 150.176 148.294
tai2 155.240 154.621 157.479 158.032 155.172 151.926 149.576 156.229 171.689 183.999
dik1 182.030 196.979 209.571 217.702 216.626 217.860 216.869 212.470 212.306 209.421
be1 214.420 220.231 228.694 233.078 231.040 229.788 226.894 223.109 218.609 210.353
zau2 201.226 194.625 180.697 172.327 159.428 146.834 144.002 151.303 162.708 168.067
zeon1 180.436 203.709 220.545 220.720 222.143 221.762 222.734 224.578 230.172 229.220
waai4 170.315 166.176 160.411 154.244 146.327 141.291 137.309 134.224 135.891 136.677
ji4 137.616 138.846 138.349 141.236 142.127 146.176 148.053 144.181 149.342 149.532
cang4 145.041 148.203 155.616 160.799 156.039 150.232 146.200 142.817 142.131 142.531
haai1 154.794 171.412 187.741 206.075 215.491 225.553 232.575 237.639 238.478 233.505
tin1 224.700 233.737 234.378 236.699 234.670 235.404 235.911 236.935 236.613 229.304
zoeng1 220.461 223.801 222.879 224.393 220.813 221.088 218.777 215.902 210.969 211.125
taa1 203.493 209.254 210.732 210.685 207.070 206.824 210.561 213.000 219.168 216.509
keoi1 190.338 191.034 194.654 197.562 195.750 201.324 197.446 198.490 200.828 193.447
bou6 181.129 180.920 175.329 163.643 154.885 150.738 147.289 151.624 157.496 164.200
