ngou3 253.206 249.754 249.029 242.996 236.787 231.761 231.682 233.244 235.175 231.539
zau1 225.603 225.961 226.545 226.506 231.298 224.547 226.048 225.978 227.416 230.150
syut3 230.344 237.188 248.325 257.519 256.991 251.029 236.001 220.799 211.671 204.353
lei4 176.860 175.507 166.315 158.880 154.894 150.393 146.167 146.004 146.827 151.132
jat1 163.575 178.486 192.335 209.544 224.536 234.795 245.941 249.361 250.192 246.815
ming4 247.892 241.445 232.150 217.467 198.425 179.666 167.575 159.971 155.362 155.527
loeng5 151.453 152.900 151.922 151.237 153.124 154.832 157.740 163.751 170.120 175.416
seoi3 190.926 196.775 203.261 210.299 209.949 206.640 198.748 190.060 185.956 182.927
waa4 177.672 172.979 167.163 159.564 153.566 147.454 145.518 143.306 142.588 144.642
jeoi6 147.820 153.220 154.461 159.150 159.451 161.285 160.890 161.334 163.281 162.834
naam4 154.376 154.866 152.052 145.513 139.753 137.722 138.070 138.102 140.524 147.385
tung4 152.324 155.379 159.987 161.399 156.929 151.932 146.638 145.900 147.120 150.092
jyun2 152.103 154.735 153.232 152.436 155.667 163.191 168.334 180.358 194.448 203.623
lei5 207.590 208.137 200.588 191.975 179.605 171.720 167.578 167.159 172.997 176.910
ou3 180.911 189.066 191.656 185.622 177.561 173.282 176.818 180.285 188.183 194.732
cin4 195.896 190.433 187.744 189.132 184.057 183.455 179.980 173.693 166.519 168.405
jat6 180.334 181.680 184.562 182.055 185.393 185.571 182.883 184.238 182.115 181.931
zoi6 183.744 187.774 196.104 198.946 196.718 194.743 189.814 188.682 191.251 194.102
gan1 195.959 208.346 220.311 226.076 230.077 232.952 236.620 244.213 247.696 243.710
ceoi4 240.571 234.031 231.488 224.178 212.691 196.809 179.723 164.593 158.345 152.499
sing3 151.576 159.784 171.500 179.451 183.765 180.189 177.110 176.343 175.869 172.212
lei5 164.519 160.100 159.928 155.542 152.206 151.979 151.858 158.629 164.463 171.606
dik1 186.339 197.348 213.870 224.513 224.414 225.189 224.573 220.038 216.125 213.732
mou5 211.316 206.276 198.241 191.241 177.228 168.450 163.397 164.679 167.755 172.953
can1 179.535 192.938 209.411 221.837 233.216 236.855 240.809 240.926 241.791 235.927
cin4 225.642 215.648 207.745 196.437 180.929 162.474 149.661 141.142 136.252 134.867
wong5 138.766 139.417 137.983 137.985 138.801 140.750 144.790 149.021 155.193 160.473
ciu1 166.911 179.607 193.674 211.199 222.854 232.575 233.320 230.659 230.836 225.080
kap1 226.174 229.876 234.793 237.260 244.761 250.185 247.436 244.172 242.695 238.003
coeng4 210.452 205.146 195.936 183.848 167.774 155.756 148.324 144.883 143.491 143.355
kau3 157.808 167.236 172.198 177.001 179.715 179.765 175.390 174.783 173.489 175.894
mat6 165.046 166.108 168.336 168.956 166.389 162.803 159.890 156.474 150.977 153.393
si4 153.686 157.497 161.477 156.076 150.358 142.507 141.186 139.200 145.251 149.875
bei6 216.467 219.383 224.715 223.243 221.518 217.183 212.175 206.679 202.782 201.308
duk6 198.860 201.066 204.997 206.161 202.304 195.130 189.427 184.116 180.201 175.559
lau4 166.543 159.360 158.180 152.799 151.310 148.653 148.941 147.797 148.642 149.340
zoi6 147.427 154.605 166.927 175.487 177.162 178.332 176.515 175.424 180.060 181.839
ce1 179.446 192.160 209.425 225.563 238.489 247.338 249.577 251.792 253.836 249.570
soeng1 248.622 252.738 258.037 263.325 260.616 257.271 256.438 255.600 251.427 242.941
hau6 236.973 230.323 223.236 215.980 203.060 190.017 181.632 170.600 168.503 165.524
zo6 159.225 166.029 173.057 171.445 161.314 159.442 165.200 173.151 178.946 186.565
kei4 171.054 171.847 169.958 167.722 166.557 158.828 154.166 148.008 144.605 145.579
hau6 155.741 164.902 168.069 165.759 165.520 163.587 164.029 169.006 170.229 172.609
bei6 218.552 220.138 223.394 223.524 221.826 217.301 211.233 205.801 205.406 206.023
tau1 204.377 206.287 209.580 210.478 215.554 217.503 220.364 222.757 227.987 231.464
ce1 221.320 223.688 220.668 226.183 233.892 233.612 232.703 233.322 232.741 234.448
caak6 230.307 230.460 234.723 232.699 222.309 209.521 191.534 178.638 171.627 166.665
lin4 156.950 155.701 155.435 151.580 149.683 147.688 145.649 147.287 149.082 151.909
jan4 145.685 145.685 143.458 140.675 138.647 140.061 141.786 143.829 146.535 149.536
daai3 147.858 160.387 172.616 180.105 181.931 176.191 177.649 181.427 181.769 185.656
ce1 192.283 204.347 219.236 230.609 239.602 246.116 250.725 248.319 247.959 243.105
jat1 249.106 246.876 248.342 249.388 249.201 250.216 247.898 243.184 238.143 231.361
ping3 222.212 217.812 215.569 210.214 199.850 189.630 182.541 177.386 178.605 180.101
tau1 181.159 189.647 197.696 206.486 211.754 216.613 219.938 219.550 218.237 213.169
zau2 204.085 196.855 182.639 168.249 153.511 151.451 157.145 173.778 194.851 208.735
dong1 216.223 223.132 226.148 224.744 224.164 220.728 218.918 216.668 219.387 213.151
ging2 192.585 193.931 194.132 192.664 181.617 179.470 184.280 189.262 200.495 207.288
fong1 210.782 220.933 238.239 246.267 245.776 246.878 245.812 247.881 248.734 241.232
zoi6 229.939 225.432 223.408 217.538 211.503 201.128 192.180 181.424 175.456 170.404
loeng5 165.340 164.722 163.359 160.039 157.494 158.711 160.213 167.331 171.963 175.631
go3 188.373 193.899 195.577 195.995 194.907 194.245 192.427 192.320 190.355 191.279
bun3 181.404 184.480 189.364 190.589 193.156 189.606 187.437 185.646 181.051 176.047
siu2 173.130 173.646 178.438 179.525 179.965 176.146 178.290 184.592 194.758 202.071
si4 209.561 208.637 209.437 206.528 198.554 185.846 168.935 157.763 147.335 141.949
hau6 148.071 150.102 153.719 155.613 157.312 154.556 153.287 150.886 148.670 146.947
cam4 154.820 154.991 159.091 160.770 156.386 149.221 144.737 137.734 135.842 138.450
wui4 139.123 135.697 134.839 135.872 139.213 139.091 141.137 143.977 144.637 146.173
sat1 152.027 165.397 184.252 201.221 217.382 222.183 222.813 220.121 221.246 217.078
ce1 221.548 224.309 229.763 238.873 244.993 246.696 242.513 238.447 235.420 228.037
si4 213.962 206.480 193.123 176.070 156.659 148.189 145.052 144.302 153.505 154.590
faat3 234.031 236.820 238.012 238.434 240.022 234.556 227.434 219.122 212.777 207.780
jin6 205.984 202.616 200.163 194.134 190.518 185.114 183.413 183.353 184.470 185.784
taa1 196.547 200.934 208.986 211.999 217.604 222.733 229.015 234.854 239.278 238.243
bei6 237.939 242.225 240.567 235.080 224.835 209.704 195.590 186.130 183.059 176.965
kwan3 181.385 188.491 193.904 198.337 196.757 189.374 184.439 181.870 184.784 185.621
jyu1 203.667 206.707 212.071 217.644 224.114 228.455 232.641 233.404 232.341 227.780
ce1 224.681 226.310 230.760 234.701 240.253 240.719 238.578 234.378 233.048 223.682
soeng1 228.417 232.397 238.560 243.862 243.119 238.766 235.770 231.661 230.424 222.176
noi6 206.497 193.293 179.458 163.169 155.027 153.901 154.466 159.750 164.425 166.635
ce2 186.836 189.244 185.229 186.592 185.216 180.679 181.161 181.011 190.826 201.814
bei6 215.241 221.760 224.974 223.911 218.604 208.778 199.812 189.768 184.691 176.333
guk6 172.454 175.063 178.827 177.609 174.696 170.426 167.394 164.821 161.433 160.718
zi3 161.600 165.943 174.078 184.007 191.628 194.565 194.854 189.477 189.596 188.142
fan1 192.097 205.023 220.030 232.716 241.094 242.164 246.406 247.780 247.153 237.828
mai4 236.867 227.027 208.739 186.857 169.765 155.312 144.624 141.908 141.093 140.074
bat1 143.345 154.487 168.154 180.118 191.203 194.030 198.759 203.793 207.650 202.163
sing2 198.628 192.869 183.969 169.893 158.069 153.972 161.223 180.508 205.865 216.113
sung3 233.066 235.885 238.386 236.312 233.912 225.033 216.837 208.307 204.711 198.843
jyun2 202.177 198.834 192.623 186.867 186.395 187.599 201.365 213.923 224.795 231.178
hau6 240.996 241.763 241.069 233.274 223.422 207.541 197.475 184.184 180.195 173.724
zing3 175.722 182.059 190.685 193.276 193.600 189.512 187.143 186.298 185.062 181.110
sat6 179.535 181.761 181.989 184.660 186.498 180.569 170.319 160.203 158.960 158.736
bat1 161.415 171.949 184.799 195.869 207.622 209.926 207.387 207.937 208.449 205.120
zi6 195.996 195.549 189.536 177.053 165.818 160.570 158.996 160.513 168.139 177.079
