ging2 188.640 190.380 186.330 184.959 177.834 181.420 177.310 189.817 207.664 223.329
fong1 212.938 218.922 228.882 231.401 225.752 227.239 228.049 228.778 227.871 225.111
jau6 232.693 235.835 235.266 229.512 216.946 205.170 195.922 189.988 189.474 183.530
jin4 178.831 174.551 168.843 162.897 156.417 151.301 149.331 152.134 150.819 153.534
gau3 158.549 170.183 179.255 184.096 186.607 185.191 185.646 186.533 186.108 182.080
gan2 191.010 193.556 196.561 189.833 183.102 176.611 182.993 197.664 216.013 227.101
kau3 234.227 239.603 242.198 244.654 237.823 224.688 213.910 203.533 197.153 189.392
jap6 183.946 182.370 180.933 178.831 172.890 167.204 167.659 167.269 169.967 173.200
jat1 191.670 198.541 211.131 224.796 232.121 238.049 241.656 241.626 234.831 232.056
bou6 236.178 232.060 232.150 225.892 214.219 197.258 188.644 181.602 180.798 183.939
cak1 187.862 201.093 211.308 231.147 243.713 249.937 248.935 244.614 241.899 233.392
si3 236.176 235.219 238.300 239.887 238.409 226.392 213.931 203.283 195.714 189.198
bei6 180.472 180.649 182.713 183.038 178.162 174.864 167.890 165.753 163.684 162.346
taan4 163.538 162.190 164.305 161.657 158.962 152.987 144.974 145.605 147.044 150.160
ji1 157.503 165.506 179.059 194.834 209.731 224.533 232.719 234.845 235.592 228.675
ji4 215.058 203.006 189.743 175.696 166.570 157.267 152.103 149.899 144.050 140.223
hei3 159.885 172.004 180.860 182.257 182.526 184.717 187.062 190.100 192.859 197.427
ji5 199.489 196.733 193.528 189.409 190.050 195.941 194.330 195.556 198.831 199.551
cin4 200.293 200.274 200.202 193.643 184.885 174.478 164.045 156.664 154.857 158.043
cak1 168.914 183.767 195.580 214.201 231.724 240.844 244.980 247.715 247.383 244.717
si3 238.501 242.706 248.698 254.196 251.065 242.642 231.826 218.208 210.286 200.856
jyun4 183.660 176.561 172.731 168.609 163.973 161.008 158.383 159.344 157.873 155.445
gin6 158.212 164.370 173.963 177.932 180.366 179.826 179.713 178.972 179.160 176.110
bei6 177.045 179.521 183.091 183.722 181.641 182.389 178.189 173.973 172.299 171.115
taan4 171.002 169.291 171.049 165.472 162.210 154.066 148.671 147.410 149.124 153.689
ji1 163.560 169.718 182.964 199.791 212.683 226.928 234.622 238.643 239.060 235.048
zau6 236.274 234.340 232.174 224.846 211.285 191.192 177.275 167.394 165.110 162.692
jiu3 166.206 165.737 169.264 173.161 170.938 175.004 179.506 177.244 176.147 173.711
bou3 173.634 179.842 186.396 188.242 184.404 179.910 178.274 176.811 177.659 178.842
siu1 189.889 209.690 227.457 238.113 240.247 241.252 243.109 244.934 243.554 243.442
jan1 233.469 235.977 231.249 227.729 223.218 218.559 219.326 221.799 223.101 216.651
ci2 216.478 213.188 208.552 209.067 207.414 202.230 200.029 196.989 199.176 202.546
zi2 191.231 188.807 189.941 192.649 193.089 193.459 192.024 190.582 192.411 194.321
nang4 193.802 193.012 185.141 174.588 157.960 147.966 138.892 136.470 138.533 137.398
cau1 141.341 154.886 169.228 186.360 197.032 202.999 206.879 209.900 213.638 210.938
cim1 212.982 226.466 236.106 237.944 234.012 236.794 236.692 237.363 238.506 236.626
jung6 183.860 188.954 190.156 188.494 187.477 189.068 191.006 188.528 190.752 187.651
ne1 199.790 199.831 206.877 206.298 210.851 218.536 222.917 223.608 225.688 220.449
bou6 222.181 221.610 225.694 219.188 211.724 202.403 196.001 186.208 181.927 172.818
ji4 161.255 157.550 156.805 153.608 156.694 155.631 152.210 153.515 152.097 149.750
hei3 160.495 166.423 178.766 185.324 192.129 193.319 193.999 189.494 188.687 185.449
si3 191.702 197.775 205.061 212.676 216.197 216.014 213.767 204.785 203.995 195.977
jyun4 181.834 173.098 169.390 163.766 162.181 159.813 158.096 158.747 154.696 155.105
gin6 157.871 162.734 169.376 173.465 176.646 178.084 178.351 179.534 177.425 177.485
bei6 174.847 177.606 180.172 180.802 178.961 180.937 178.019 174.664 171.855 173.263
taan4 167.571 167.694 168.523 164.331 161.040 154.257 147.930 146.985 148.829 153.669
ji1 151.570 160.645 177.537 195.965 213.324 225.510 234.107 237.828 238.349 236.663
zau6 230.505 224.430 221.251 215.374 199.604 183.040 170.578 163.269 164.564 168.535
ji1 178.422 184.368 193.754 209.050 221.388 229.336 237.399 234.086 230.290 221.370
jin4 209.556 201.074 188.748 179.360 166.505 153.248 149.851 141.146 135.654 130.608
ho2 147.451 145.413 153.273 156.565 151.904 154.258 155.570 156.921 163.836 169.526
ji5 187.546 187.314 189.132 194.414 187.942 186.654 184.816 179.068 173.901 167.481
zoi3 171.797 174.966 181.257 185.003 176.913 170.493 164.894 158.145 157.497 160.107
jung6 161.473 162.443 160.085 151.614 147.367 147.625 150.845 159.416 164.415 163.310
