lim4 188.470 183.949 182.001 176.448 174.458 168.739 162.592 167.770 168.484 170.995
cyu3 173.658 184.204 198.662 211.511 226.202 228.836 231.612 225.786 222.134 217.450
ji5 228.411 225.825 223.190 219.992 216.386 216.638 214.340 212.888 216.646 219.322
tung1 209.547 215.235 220.518 228.800 235.469 243.349 246.027 251.259 252.351 247.134
gwo3 256.142 256.288 255.696 248.396 235.474 221.808 208.884 203.988 199.364 199.600
gwok3 202.456 206.394 212.942 213.303 207.503 197.711 191.267 186.664 184.157 185.273
zai3 209.045 208.300 211.024 210.393 203.814 193.254 188.889 182.855 178.874 175.216
jing4 164.356 161.233 154.868 147.646 144.432 139.920 137.626 138.243 139.337 137.741
ging2 146.770 151.000 152.800 153.528 151.612 154.075 170.758 193.821 215.785 228.510
zoeng1 224.870 226.820 225.232 221.357 218.791 217.273 215.954 216.497 218.184 214.197
kwaa1 204.470 205.643 209.745 212.368 211.658 212.635 215.453 216.066 219.315 217.909
gwok3 217.958 225.285 230.053 228.417 219.233 204.919 193.262 184.736 180.147 177.049
faan6 175.502 182.989 185.939 187.807 181.603 172.557 165.366 165.125 166.310 165.918
zeoi6 167.637 172.085 177.320 182.839 182.401 178.842 172.052 168.940 166.847 165.734
zaap6 159.406 169.695 176.718 178.770 174.196 165.176 159.604 158.164 160.238 159.371
tyun4 154.700 156.034 158.553 160.434 157.472 151.829 145.479 143.917 143.278 144.657
dik1 155.604 170.107 186.857 203.926 212.259 216.561 216.236 219.466 217.513 213.306
cing4 193.650 190.100 184.069 180.774 169.324 157.665 144.152 139.417 137.416 141.742
bou3 141.202 157.515 165.627 170.154 164.214 165.872 173.934 177.726 188.248 190.788
sung3 241.240 241.744 241.987 240.874 237.447 232.122 221.082 216.763 213.725 213.377
gaau1 226.947 235.372 239.143 240.869 234.092 231.076 230.833 232.323 234.076 229.476
naam4 214.845 206.177 195.378 180.265 167.415 155.938 148.609 144.912 142.858 142.071
mei5 139.234 138.373 140.580 142.928 141.033 143.137 145.712 152.482 159.717 165.609
zau1 166.215 185.122 200.689 217.849 224.142 226.723 227.479 230.469 233.601 230.827
do1 235.339 239.194 244.884 247.430 240.762 237.507 234.873 232.238 230.683 223.087
go3 218.921 215.928 213.141 206.988 194.031 186.702 179.519 173.770 169.847 166.707
gwok3 168.144 175.153 181.310 185.406 179.253 171.673 166.686 164.231 162.738 166.455
gaa1 178.940 200.666 211.768 216.140 215.652 211.812 215.958 222.486 222.846 220.534
hei1 212.533 210.496 212.983 213.283 214.376 219.796 220.666 219.712 217.584 211.789
mong6 207.385 207.780 204.261 198.929 182.914 174.433 170.232 167.624 169.414 173.931
taa1 185.768 195.056 202.306 212.872 218.582 224.521 231.825 234.428 240.004 240.880
mun4 237.808 231.854 219.046 203.235 182.647 164.185 153.216 145.732 141.471 138.765
nang4 140.791 137.964 133.872 132.235 128.478 129.938 133.837 137.003 141.307 141.181
gan1 153.091 171.358 193.127 207.024 216.645 222.316 231.970 237.934 242.694 240.982
zeon3 227.560 229.149 228.434 225.882 212.058 198.619 188.686 182.329 177.331 172.087
ze5 162.874 162.231 163.146 165.593 160.333 158.659 153.720 153.341 155.824 157.816
zung1 163.624 181.526 202.322 216.775 220.745 223.422 226.801 229.493 230.558 225.188
go3 218.517 215.776 214.609 205.375 191.428 180.456 174.119 168.232 166.913 166.265
ngon3 158.919 166.767 171.704 169.220 165.303 167.074 175.278 182.037 191.708 197.015
hip3 239.256 235.765 232.476 230.173 230.881 227.501 224.778 219.472 212.500 207.975
zo6 198.052 198.955 198.181 196.408 190.116 181.190 172.266 169.605 170.063 170.908
keoi1 179.133 187.732 201.974 214.400 222.189 230.099 233.223 235.587 234.904 224.865
bou6 222.536 222.274 219.706 209.888 195.082 182.063 172.485 163.764 160.297 156.655
ji4 147.062 144.011 137.901 141.280 140.227 139.983 134.971 136.535 136.118 132.760
faan2 136.545 144.789 151.690 146.307 138.929 143.018 152.089 168.561 191.770 206.000
