ng4 148.536 146.786 150.573 151.966 149.840 152.752 155.282 152.663 156.151 147.850
wai6 153.854 160.183 162.682 167.727 169.617 174.178 178.431 182.534 187.446 191.991
zing1 186.509 200.305 218.611 229.461 240.344 245.539 253.794 260.627 259.273 256.811
biu2 234.230 231.446 222.330 214.177 197.613 192.403 192.899 202.561 213.168 219.548
si6 216.373 220.247 222.842 208.626 189.540 178.839 174.220 175.000 179.419 187.690
zik1 224.380 223.639 223.876 222.346 220.368 215.062 215.147 213.936 209.695 204.787
si2 206.505 208.610 214.248 219.733 223.227 216.593 214.530 212.414 212.268 212.559
zoi6 207.233 209.689 213.627 214.105 207.698 194.270 184.736 175.397 170.586 166.483
jaa6 165.778 163.777 164.714 166.169 159.529 160.986 163.285 167.593 172.437 175.980
jat1 185.555 193.271 208.161 221.617 228.334 234.391 232.865 233.533 231.872 227.523
sai3 233.584 228.683 233.786 224.676 215.205 197.577 189.026 182.279 177.831 176.075
gei2 168.423 169.089 167.128 160.796 150.952 155.427 165.842 186.404 205.148 217.729
hoeng1 219.633 218.205 219.140 215.733 215.243 218.094 217.464 218.646 218.268 207.562
gong2 200.483 203.554 202.230 198.052 188.916 186.010 190.457 201.316 210.923 211.048
waan4 215.773 213.955 206.997 193.814 174.591 157.403 148.615 141.162 141.792 143.253
jau5 149.198 147.813 146.955 147.982 148.396 149.948 153.125 160.008 165.086 165.841
han2 179.205 178.968 179.360 175.296 171.107 166.387 167.630 177.177 187.127 197.126
do1 203.564 218.190 231.024 238.707 238.985 236.116 237.326 240.239 239.590 233.689
gaa1 243.893 249.676 254.493 253.414 250.405 244.016 241.892 242.746 238.510 232.226
ting4 221.289 207.361 194.170 175.200 155.479 147.806 144.053 143.512 149.809 153.676
zoi6 214.123 215.752 216.965 217.908 216.790 210.445 202.086 196.488 193.405 198.678
zi1 203.869 209.104 215.377 223.436 231.344 232.385 231.729 231.057 233.025 226.472
jyun4 225.010 217.691 206.508 190.516 172.977 157.746 150.250 147.093 144.962 148.529
fan1 158.613 177.296 195.304 211.688 225.908 231.607 238.434 241.563 247.884 246.871
pui3 244.377 247.712 248.845 249.328 245.702 232.826 224.733 216.140 214.269 211.054
fong1 206.999 218.069 232.795 240.840 246.036 247.273 250.121 250.573 250.587 247.495
min6 239.628 229.476 220.615 207.219 193.087 181.043 175.064 171.735 171.622 173.724
pin1 179.470 192.697 207.427 224.199 237.396 243.983 248.608 248.836 246.259 238.107
zung6 227.752 220.350 217.152 205.462 191.731 176.053 168.632 162.664 159.765 157.970
naam4 153.538 149.674 144.371 140.964 134.095 132.036 132.341 133.337 138.965 141.982
haai4 149.967 153.679 153.611 149.589 141.611 140.954 141.660 145.994 154.451 159.722
neoi5 192.400 192.909 185.849 182.225 179.004 178.543 175.289 180.474 183.892 188.762
haai4 196.649 194.246 189.852 182.461 170.238 158.647 150.432 148.964 149.871 154.688
zak1 168.281 179.460 193.736 213.330 227.256 237.153 241.500 243.764 236.644 235.278
wong5 236.251 231.926 226.953 216.267 205.639 196.056 188.531 188.881 187.838 186.803
wong5 190.803 189.085 183.505 178.317 171.237 165.789 167.864 173.961 180.716 185.197
jiu3 195.745 193.685 193.969 194.593 196.481 199.220 201.703 201.987 195.034 193.518
fu6 182.198 184.396 187.380 191.357 190.732 184.000 176.075 171.056 172.204 175.463
daam1 178.877 200.189 218.299 230.078 235.377 239.458 246.510 251.497 252.878 249.174
gaau3 235.009 236.072 232.194 221.353 203.090 189.416 178.626 175.861 180.080 180.565
do1 188.248 201.977 215.262 225.557 224.998 227.394 228.841 228.419 229.240 227.830
gaa1 238.952 240.702 245.129 242.246 236.486 231.143 227.079 223.257 219.972 214.417
mou6 207.218 197.137 185.968 173.009 160.356 157.098 158.630 162.613 171.724 175.602
kap6 216.570 215.473 213.078 213.599 213.472 208.758 203.664 194.622 186.120 185.952
sau6 205.777 208.510 210.912 211.633 206.082 196.339 187.499 181.191 182.424 183.895
dou3 187.984 194.511 202.524 205.857 205.979 201.507 197.805 195.019 195.659 190.515
jim4 181.986 175.787 168.882 160.915 156.472 148.920 145.987 145.966 144.020 145.367
lai6 144.902 147.769 149.016 151.520 153.722 152.805 155.645 157.469 163.615 166.198
dik1 178.783 195.894 212.112 225.900 229.656 230.005 229.121 225.755 222.388 218.071
gun2 196.291 186.458 180.509 172.733 155.132 152.788 151.702 158.267 166.908 173.512
cuk1 178.665 191.586 205.724 210.284 206.466 207.425 203.336 200.705 198.073 200.020
