jat1 234.207 237.672 228.512 231.890 226.376 226.131 221.929 232.741 229.036 222.947
zoi3 233.300 239.489 242.710 243.578 237.993 225.765 218.424 213.600 210.772 205.151
to1 221.565 223.703 227.014 233.475 239.010 242.246 244.596 244.574 242.224 237.112
jin4 238.302 225.621 209.865 188.870 173.019 160.910 154.671 148.237 146.749 146.994
teoi1 157.616 172.294 186.655 206.191 219.889 229.371 237.185 245.425 247.035 245.101
ceot1 243.271 244.459 247.714 257.245 262.316 263.058 260.368 253.810 251.174 245.806
dik1 249.321 249.899 257.811 263.601 260.873 256.461 250.338 244.804 240.376 235.232
ji1 251.721 249.228 247.992 246.930 249.271 245.212 248.669 247.176 240.609 237.396
liu4 224.775 218.775 206.740 191.405 176.016 163.361 153.934 144.511 141.703 141.099
jung4 145.963 144.565 143.551 143.784 141.199 142.376 142.022 143.293 144.664 149.494
zi1 152.988 167.996 190.315 213.321 228.802 242.448 246.619 251.621 249.497 240.279
goi2 229.758 223.311 208.373 194.669 182.672 170.477 167.975 176.134 187.596 197.419
gaak3 199.253 206.663 213.299 212.686 206.821 193.922 187.036 182.855 177.969 179.544
zi1 220.963 226.876 231.479 236.818 239.442 239.723 238.233 238.268 235.276 230.664
seon1 229.492 232.763 241.603 247.311 248.795 248.011 245.594 242.947 240.670 232.448
man4 215.118 200.622 188.830 166.472 150.321 139.084 135.739 132.091 132.669 136.226
gin2 141.960 144.052 148.192 147.679 151.127 155.956 171.538 192.549 209.333 218.709
zoeng1 220.758 223.414 222.408 221.127 220.572 217.778 216.083 215.681 216.693 214.733
jyu1 211.897 212.790 213.322 214.783 217.719 218.269 220.613 218.336 214.823 213.750
ming4 207.558 203.823 190.477 177.365 163.277 150.684 144.448 141.172 143.352 145.920
jat6 145.519 146.111 151.053 152.709 156.177 156.557 159.098 161.853 162.946 165.066
gaau1 178.592 197.651 222.582 236.924 244.725 249.474 253.864 258.176 258.623 255.131
hang4 231.652 225.496 207.910 195.728 179.536 164.935 153.791 146.938 143.703 140.973
zing3 146.387 157.383 166.693 172.490 173.889 172.105 171.995 173.484 178.585 178.015
wui6 167.553 167.837 164.605 162.435 159.570 160.144 162.972 160.423 160.383 160.333
ji5 151.765 151.369 151.436 154.059 155.965 158.205 159.881 163.645 166.491 170.509
tung1 176.283 191.087 205.114 219.368 225.292 232.684 238.284 238.283 236.222 230.154
gwo3 232.154 225.279 215.197 197.645 180.603 171.985 168.656 173.474 177.196 182.467
siu1 231.890 230.227 228.427 225.570 227.426 226.602 222.893 222.630 221.286 215.994
sik1 216.458 219.851 217.781 225.937 221.732 219.975 216.397 210.527 205.847 202.801
jan4 205.067 196.362 184.871 167.412 160.040 148.839 142.976 143.531 139.752 141.792
si6 146.953 153.826 158.778 165.644 171.361 172.440 170.543 164.610 165.205 163.226
tau3 164.326 170.900 177.411 184.896 188.014 187.577 185.219 182.733 180.235 178.257
lou6 173.980 175.579 174.604 167.299 163.344 161.990 165.961 169.948 173.779 174.129
man4 166.579 165.982 163.009 157.735 150.666 148.017 144.429 146.631 148.452 147.000
gin2 144.615 154.421 166.712 170.963 175.242 180.462 190.373 205.509 222.385 233.041
zoeng1 225.765 233.705 237.739 243.572 241.080 239.344 239.691 244.337 244.554 241.250
tai4 229.183 225.535 220.083 209.137 197.858 180.200 168.345 157.034 151.442 150.566
ceot1 149.050 159.885 177.118 197.572 213.163 227.205 231.155 231.708 231.106 226.039
kei4 215.524 207.291 201.020 189.815 176.000 160.075 149.432 143.305 142.510 143.146
zung1 142.690 162.256 183.307 203.713 214.944 222.891 230.178 236.628 241.966 240.853
jat1 245.227 245.341 245.654 246.715 245.738 248.122 246.917 241.131 239.042 233.880
go3 227.902 227.956 228.496 224.537 213.398 201.204 189.865 182.953 176.786 173.099
gin3 170.212 174.373 180.465 183.014 181.014 177.283 175.349 173.534 170.178 167.668
ji5 160.177 156.018 155.053 155.086 158.345 160.980 159.591 161.435 162.574 161.874
fong1 172.271 189.709 207.447 219.565 222.831 223.459 221.897 219.926 218.579 216.264
ngon3 208.420 203.220 196.490 182.594 172.957 168.461 171.630 175.315 184.764 190.274
cyun4 185.406 184.797 182.102 181.018 177.546 172.679 162.915 154.322 150.518 154.603
min6 155.084 160.036 164.593 166.198 166.641 166.267 168.122 173.067 174.506 176.103
tai4 170.909 170.711 168.548 164.958 161.309 158.699 153.633 150.177 149.100 149.563
gou1 155.966 179.511 201.045 221.415 236.787 242.618 252.911 258.574 262.237 261.200
jin6 250.049 244.206 232.979 220.905 205.586 194.023 182.801 178.025 174.903 167.910
hang4 169.536 165.811 163.024 158.513 151.581 146.940 142.950 143.568 145.507 149.756
ji1 163.054 171.840 181.511 195.883 213.519 228.233 238.902 242.695 239.719 239.659
liu4 231.308 222.441 208.790 193.137 180.104 167.075 157.905 152.506 148.566 149.751
sau1 154.222 173.493 190.995 211.435 223.825 232.392 235.360 241.096 242.985 240.020
fai3 233.650 233.002 235.041 228.258 216.647 201.279 188.105 181.555 178.546 175.277
ji5 165.854 161.891 159.724 155.826 160.151 163.951 161.350 163.598 166.229 165.990
bou2 169.862 173.036 173.135 166.210 158.402 152.687 151.998 161.445 179.347 191.297
hoi1 194.344 204.628 213.644 216.358 222.822 231.050 232.946 230.075 230.184 226.827
zi1 224.594 230.346 235.136 237.886 244.916 247.538 243.596 241.309 236.053 231.301
bat1 228.292 230.780 233.663 234.624 232.956 233.979 227.934 223.302 217.134 213.900
zuk1 239.968 244.713 242.835 239.097 229.861 226.494 216.670 214.849 210.305 207.362
daan6 195.190 195.478 196.871 193.340 190.446 185.578 174.676 170.748 167.547 169.379
bou3 183.353 186.254 194.096 198.376 194.817 197.146 198.739 198.406 197.375 196.382
gou3 195.871 199.940 209.530 210.011 207.083 201.502 196.161 194.488 196.134 195.260
zoeng1 198.069 207.985 223.724 230.247 233.110 237.745 243.427 245.627 245.422 239.990
bat1 244.041 244.663 252.426 255.263 254.775 254.978 253.149 245.083 237.670 230.085
wui5 225.291 214.725 208.984 201.491 195.552 197.058 195.786 190.661 189.961 190.498
lit6 180.324 176.330 172.039 170.216 168.021 165.107 162.753 158.770 153.537 146.023
ming4 143.786 140.808 139.848 138.418 134.792 133.141 134.510 135.452 139.264 142.429
zang1 146.787 164.701 186.577 201.870 208.933 218.639 223.968 227.815 228.144 224.422
fuk1 223.217 230.401 241.256 241.886 238.104 236.697 232.535 230.021 232.783 229.365
bou3 213.665 216.499 218.342 216.353 213.870 209.582 206.829 203.305 198.841 203.802
gou3 217.213 219.439 221.819 219.033 213.779 209.456 203.625 198.415 196.264 193.542
tung4 186.924 183.394 181.012 174.795 168.692 161.576 154.562 148.352 143.450 141.435
si4 149.207 149.391 153.534 158.159 161.756 162.116 156.869 151.314 147.754 146.919
gin3 145.959 159.178 172.277 182.198 184.329 185.086 183.048 182.611 181.866 179.890
ji5 171.741 167.314 163.598 156.801 157.210 160.702 168.915 174.924 182.657 188.296
teoi1 221.886 220.459 216.327 218.675 221.530 220.629 218.653 212.238 215.134 209.194
hang4 213.830 212.395 204.613 197.226 183.464 170.006 158.693 154.995 149.893 144.216
koeng5 148.042 152.202 158.707 159.303 159.017 157.974 157.871 164.516 171.664 176.030
zai3 176.360 180.947 186.093 189.390 188.494 188.019 182.277 179.822 179.601 180.085
sing3 177.672 184.558 192.225 198.447 199.361 194.182 187.937 187.371 186.211 186.851
dik1 195.648 210.996 226.584 235.771 238.193 238.421 234.860 234.462 227.566 226.424
ji1 237.627 238.906 239.143 239.531 239.608 241.823 240.029 239.251 231.949 223.782
liu4 197.150 194.732 190.812 181.377 174.204 168.652 161.812 148.625 149.145 142.204
cyu5 143.917 142.904 141.603 151.370 154.552 157.543 150.976 151.345 154.144 157.548
cuk1 167.797 186.226 204.256 219.167 220.882 227.876 228.639 228.357 225.252 221.248
zing3 212.602 210.204 211.962 210.034 205.845 197.154 190.774 189.875 186.410 181.131
fu2 178.778 178.409 176.794 179.390 179.760 175.707 176.992 181.906 189.638 194.749
sam1 194.904 210.287 222.244 234.699 245.304 244.588 242.802 247.768 241.875 234.602
muk6 229.627 226.974 217.832 207.887 200.264 191.826 184.622 177.334 173.952 173.214
zung1 220.125 229.284 235.395 238.183 237.796 235.635 230.458 232.333 228.211 225.572
dik1 235.054 238.262 241.938 239.202 233.821 228.527 217.688 214.689 209.771 208.166
ji1 209.490 213.826 219.233 222.791 228.518 233.119 234.737 233.212 227.238 214.945
liu4 187.173 179.091 170.734 158.635 152.463 150.204 148.710 142.682 143.465 137.867
cyu5 139.202 138.954 140.484 151.095 155.500 157.356 150.658 151.665 155.876 160.579
cuk1 175.415 194.594 210.731 222.375 223.267 226.124 224.968 223.460 221.760 220.692
gung1 216.825 221.300 228.765 227.219 228.407 225.380 221.173 222.945 220.999 211.805
fun2 203.398 205.557 206.133 207.012 201.516 194.153 198.938 207.761 213.984 215.126
bei2 203.120 202.041 200.943 196.582 191.679 185.225 188.309 195.241 199.770 204.163
leot2 196.713 190.135 187.979 180.771 177.448 178.542 182.780 191.137 200.476 204.585
wui6 216.491 213.796 209.162 206.422 205.188 200.160 195.693 195.003 190.973 190.707
zoi6 182.854 183.741 184.965 187.780 183.159 176.049 171.338 165.329 165.898 166.406
jyut6 160.746 163.613 164.054 165.228 167.899 168.832 166.101 166.801 170.285 175.259
san1 181.620 200.745 220.253 237.702 243.463 245.756 251.087 253.534 251.900 247.901
baak3 229.260 228.320 225.187 221.306 210.176 201.120 191.018 182.680 176.731 173.811
fan6 172.544 173.704 178.038 179.334 177.139 169.674 163.865 162.233 165.273 168.662
zi1 169.273 181.549 195.055 209.846 222.208 228.489 229.962 230.234 230.398 230.982
jat1 229.334 226.822 227.274 228.827 234.660 235.797 231.824 229.970 224.120 221.029
zi3 208.612 204.199 207.636 203.031 198.373 187.309 179.093 173.868 170.445 164.882
ji6 156.972 154.511 154.418 156.474 157.874 158.740 157.820 158.825 160.077 162.995
zi1 157.693 170.779 186.311 203.990 214.991 218.191 216.119 215.219 216.873 213.918
gaan1 209.913 223.654 227.179 227.942 221.734 216.274 216.729 223.564 226.688 221.588
ce2 186.958 185.548 184.661 183.803 183.600 177.532 178.690 180.721 186.416 192.121
zi2 204.275 211.369 216.047 219.801 217.578 212.380 209.556 207.048 206.540 209.345
sik1 213.500 221.709 230.432 239.986 249.379 249.012 242.462 240.210 231.315 223.864
jung6 222.190 216.820 207.582 195.724 184.341 170.149 166.292 166.308 166.313 171.158
jyu1 178.288 188.622 199.542 211.063 226.263 231.416 239.367 240.777 232.164 226.164
si5 215.168 208.211 203.319 197.753 193.110 184.382 177.030 172.362 166.360 165.059
man4 168.702 166.416 158.795 152.077 145.733 140.071 136.856 137.276 136.813 138.151
teoi3 142.970 149.284 155.707 167.272 171.818 175.646 171.670 167.645 169.618 171.201
jau1 177.619 188.965 197.626 211.413 221.245 223.343 226.927 226.949 226.243 224.764
hau6 223.393 217.859 207.975 204.435 196.722 183.394 171.665 162.786 160.982 164.405
dik1 166.547 181.404 195.915 210.046 213.016 214.340 210.293 209.978 206.372 206.386
ji1 208.599 210.308 211.838 218.816 223.247 227.029 225.598 222.244 217.630 207.068
liu4 191.811 180.886 162.933 164.281 150.694 142.006 142.773 142.355 142.579 143.265
hoi1 142.034 146.643 154.674 172.286 179.148 181.972 187.446 188.370 193.336 193.058
zi1 189.161 199.010 203.067 212.442 208.585 204.551 202.228 200.563 202.079 200.497
