din6 247.236 246.242 242.898 240.410 236.584 227.308 221.741 226.854 222.397 220.661
seon3 228.745 234.238 243.289 246.467 246.543 242.662 239.873 236.293 232.867 227.488
zin2 217.807 214.343 208.299 200.836 189.631 189.900 196.099 210.441 230.990 236.728
jau4 232.000 225.491 219.544 203.107 190.649 178.498 167.078 162.195 153.782 153.296
zung1 157.916 173.604 195.057 215.280 231.146 241.316 251.878 255.034 253.834 244.602
waa4 243.321 233.936 227.474 214.654 201.783 186.254 177.796 171.526 164.551 161.808
jan4 155.516 152.198 151.604 149.857 147.956 145.926 147.306 146.524 146.879 149.034
man4 147.939 149.339 148.077 147.681 144.946 144.848 146.512 146.708 147.300 150.710
gung6 151.749 162.066 169.328 176.530 173.773 171.093 173.017 175.621 177.430 174.249
wo4 168.219 164.666 162.612 162.787 159.951 156.802 153.684 153.918 148.340 149.492
gwok3 153.905 163.392 170.194 178.335 180.718 179.726 175.514 177.155 171.285 167.242
zyu2 181.516 181.808 179.263 178.390 180.728 178.100 177.019 182.978 188.224 202.547
baan6 201.215 201.698 199.052 185.855 164.569 158.656 158.268 164.248 173.264 178.792
gwok3 230.712 233.433 234.233 231.496 226.797 224.014 216.297 211.202 205.314 202.644
zai3 212.806 216.519 218.482 222.798 226.477 222.967 219.169 217.829 215.349 207.018
din6 199.073 197.815 201.164 200.918 196.980 194.514 193.285 190.888 189.934 186.528
seon3 184.885 191.602 200.273 207.398 202.592 200.197 199.108 195.509 196.560 189.759
lyun4 177.353 167.532 164.146 159.817 154.857 153.184 153.737 150.118 148.912 148.001
mang4 143.495 143.563 141.716 141.874 139.807 139.580 142.794 143.443 146.602 149.154
fu6 148.619 155.906 165.398 175.049 175.909 175.990 172.267 170.426 171.943 171.554
zaak3 165.040 173.222 183.773 190.090 188.512 187.108 182.824 178.437 176.517 172.437
tung2 173.872 173.662 178.330 177.380 172.633 167.674 175.333 188.830 209.710 218.971
cau4 215.644 211.882 201.697 186.156 161.566 146.386 136.086 135.917 142.365 144.155
wut6 182.517 184.118 182.911 180.347 180.723 177.755 179.713 179.152 180.361 177.474
dung6 177.838 184.786 190.039 189.167 183.920 179.530 183.097 180.344 187.875 187.651
baau1 201.302 211.509 231.107 235.875 237.969 240.515 242.353 246.626 249.576 240.730
kut3 235.667 234.730 235.666 240.431 239.130 231.914 222.558 209.417 200.674 189.694
leon6 189.259 186.022 183.171 177.062 166.953 164.226 162.525 162.277 160.516 161.266
taan4 155.219 155.375 157.383 155.139 151.391 147.361 141.958 140.631 139.536 137.923
kap6 141.175 147.847 153.321 160.046 162.966 164.890 163.178 159.768 157.678 155.712
zin2 165.061 166.022 168.224 169.584 165.524 163.346 165.851 172.330 187.124 196.361
laam5 182.040 179.941 171.694 163.033 150.056 148.019 153.239 161.146 177.557 183.580
zin2 193.907 193.177 195.458 193.768 189.572 187.369 190.014 190.092 198.799 207.211
laam5 216.793 222.757 222.992 218.840 209.095 202.016 196.800 191.223 189.202 187.821
wui2 175.566 175.569 170.007 169.951 167.976 171.023 179.471 183.674 199.265 207.938
jyu1 207.996 216.535 228.404 235.897 242.071 248.828 251.295 249.401 248.899 245.355
jat1 245.615 246.248 249.517 249.618 252.428 252.218 252.154 244.890 239.711 232.518
gau2 219.649 212.614 203.538 194.644 180.157 167.586 169.784 175.773 182.858 190.265
baat3 193.491 199.694 204.956 204.945 202.047 193.202 188.279 181.909 173.502 167.414
ng5 137.876 131.869 134.398 138.258 146.548 157.405 161.293 165.849 170.501 172.959
nin4 157.948 155.021 151.506 148.064 143.288 138.663 137.427 138.996 139.473 141.945
hoi1 154.122 164.704 179.425 191.346 203.684 216.225 223.401 226.073 227.133 223.714
ci2 223.866 215.266 210.380 207.906 207.807 200.461 194.029 189.841 186.794 184.729
geoi2 183.241 183.301 183.050 182.240 172.903 167.869 160.731 166.652 168.090 172.389
baan6 182.703 185.277 184.533 169.780 149.097 147.006 148.463 151.163 163.232 168.471
gam1 220.851 222.205 224.129 221.807 216.403 214.952 212.529 215.299 216.352 210.049
gaai3 206.935 212.049 217.050 215.565 203.251 192.398 184.846 177.065 174.504 171.333
si6 167.697 170.329 174.375 176.579 178.657 178.146 174.380 169.420 167.179 165.333
dai6 154.198 156.523 161.553 161.089 158.818 155.335 154.968 154.469 155.052 151.746
ng5 130.318 126.218 126.457 134.571 143.404 150.178 161.761 166.659 171.273 173.350
ci3 167.971 174.934 179.416 185.768 195.140 198.336 197.790 189.461 189.684 181.555
zoi6 168.116 169.433 176.947 177.508 176.803 171.675 166.040 160.248 157.543 159.775
ngaa3 153.641 157.009 162.461 166.287 167.479 167.876 168.556 167.530 167.060 169.842
taai3 165.172 168.871 175.428 178.324 179.713 181.064 179.187 174.692 175.001 177.833
keoi1 177.508 189.174 204.523 215.806 227.942 236.108 238.217 236.914 236.344 230.109
geoi2 221.641 215.296 206.251 193.909 179.569 167.434 165.357 170.279 180.044 187.379
hang4 194.887 195.355 187.282 174.178 154.791 145.964 139.448 144.265 150.498 154.114
jik6 220.270 218.437 215.737 208.072 205.602 201.073 199.041 194.327 188.899 184.804
si6 200.984 205.311 207.422 209.282 213.828 215.728 210.208 204.076 199.843 198.593
gwok3 197.403 204.383 211.466 214.152 215.557 210.478 204.773 201.489 199.862 194.879
zai3 201.912 206.611 211.112 214.359 214.724 210.437 205.090 204.986 202.292 193.618
din6 188.515 191.155 191.301 190.094 183.149 177.668 176.212 177.504 176.559 175.811
lyun4 158.288 152.934 149.474 145.297 143.301 142.888 142.415 143.375 142.732 143.401
sau2 140.491 145.596 154.954 159.311 159.349 153.410 159.768 170.179 185.865 196.611
go3 218.378 227.765 235.064 236.774 235.338 227.474 221.541 214.191 205.051 201.615
zoi6 181.937 182.595 184.040 185.021 179.280 175.507 170.673 165.380 164.634 169.050
zung1 163.659 182.722 203.443 218.834 227.070 229.084 233.296 233.897 235.216 233.324
gwok3 229.374 228.954 224.808 222.275 211.978 202.591 190.819 178.827 172.474 169.023
geoi2 164.811 164.180 167.552 171.460 167.418 166.780 164.131 168.349 174.738 180.734
hang4 197.179 200.229 197.831 194.687 183.086 172.266 157.109 149.867 150.738 147.640
dik1 148.426 162.806 179.180 191.879 197.705 201.882 203.093 204.014 204.079 205.801
sing6 208.415 204.392 204.964 202.372 188.415 172.522 163.333 154.070 150.802 153.154
daai6 145.384 152.369 158.223 157.185 150.338 142.411 143.373 140.445 141.397 144.373
wut6 136.714 139.009 140.985 146.428 145.079 143.681 144.531 142.040 143.133 144.097
dung6 144.237 148.093 156.737 149.716 145.611 142.334 146.426 153.511 158.945 161.163
