zung1 229.704 232.314 231.379 231.391 229.585 235.691 236.843 235.229 239.049 235.988
san1 228.647 231.128 225.690 227.286 229.201 228.374 227.540 226.112 220.338 214.734
se5 223.329 225.797 227.710 224.603 216.904 203.178 189.853 182.823 182.229 186.835
bou3 183.787 190.643 197.456 200.288 193.461 187.897 187.388 182.672 182.245 183.273
dou6 181.492 188.437 191.195 183.830 172.925 168.291 171.135 172.333 179.802 184.092
hoi2 191.856 190.358 186.871 184.141 184.322 184.194 183.942 186.686 197.473 204.476
naam4 215.077 216.062 214.975 208.152 194.606 182.434 170.214 161.782 156.792 153.106
saang2 148.964 152.530 156.852 159.122 161.366 159.271 168.662 186.753 204.135 213.718
sat6 224.633 226.366 229.114 227.388 222.714 215.514 201.488 188.574 178.431 176.590
si1 185.779 198.638 219.681 234.013 243.500 251.655 256.682 257.170 254.486 251.130
gun1 235.732 240.944 246.114 253.324 250.260 250.751 251.388 250.564 247.482 239.464
jyun4 226.861 215.406 198.635 182.235 163.678 151.535 149.412 143.801 147.134 147.803
lei4 144.385 141.968 142.505 142.960 141.376 141.817 145.372 146.482 149.441 153.850
jam6 149.047 157.084 161.051 164.477 162.614 163.047 165.183 167.921 174.066 174.992
sam2 175.212 180.230 184.825 181.968 174.033 170.059 179.351 196.111 216.281 228.235
gai3 224.610 232.501 237.440 233.942 223.287 213.701 203.679 196.508 192.490 189.100
zai3 179.706 182.111 189.475 186.658 181.119 178.798 178.549 172.767 174.652 174.124
dou6 168.252 170.658 176.576 171.773 162.614 159.184 156.752 156.149 154.876 158.469
loeng5 150.267 150.598 149.874 148.551 145.366 147.035 150.932 155.922 164.164 171.382
nin4 161.125 157.524 154.588 149.683 146.129 145.297 142.397 140.643 136.196 139.877
ji5 143.656 142.208 143.999 144.957 149.994 156.422 160.029 165.344 164.768 168.977
loi4 161.752 159.874 153.119 143.686 138.304 134.446 133.811 140.506 146.109 149.281
caa4 172.929 172.717 170.894 164.535 164.021 158.966 152.829 149.844 149.800 150.194
ceot1 162.690 174.826 191.161 209.037 229.092 238.832 242.672 245.933 242.599 236.121
wai4 224.668 217.363 202.301 187.816 174.639 161.119 150.532 148.279 142.712 144.917
gei2 147.942 150.323 152.908 155.641 156.459 154.771 155.670 167.149 175.145 185.569
gam1 202.691 220.552 235.900 242.284 242.600 243.741 245.934 247.141 247.530 239.938
ngaak2 231.878 218.591 205.845 193.550 175.995 168.765 169.599 179.329 193.078 203.340
sei3 202.113 209.472 213.356 211.781 203.450 190.852 178.958 174.942 171.475 175.847
jik1 192.025 199.331 208.618 213.867 216.440 219.386 220.138 214.986 209.993 208.824
do1 221.391 223.799 230.290 221.674 222.081 214.002 211.007 210.170 205.185 197.982
jyun4 182.908 171.898 152.611 142.078 138.477 134.975 132.586 137.188 143.515 147.631
