ji5 202.947 201.357 201.177 200.900 200.601 191.903 192.044 194.761 195.394 206.989
jyun4 207.239 206.816 203.773 198.785 194.979 184.167 177.477 171.050 167.718 159.243
jung6 168.232 171.454 174.401 175.620 172.489 172.749 173.502 175.000 178.466 180.231
liu5 174.174 175.600 176.858 178.291 176.956 178.968 185.610 188.937 198.726 202.010
saam1 202.960 212.794 224.186 231.241 236.065 237.771 240.436 245.036 246.439 237.599
sap6 241.008 241.071 247.933 249.770 247.194 236.529 225.152 211.713 202.631 193.272
nin4 176.041 172.943 166.332 159.865 154.511 149.792 148.952 149.635 156.168 158.541
dik1 169.400 183.241 200.251 222.104 234.441 243.226 245.576 247.464 244.737 239.949
cyun4 231.373 226.527 211.571 202.243 184.971 166.449 152.100 143.856 147.093 149.461
san1 160.975 179.883 200.426 222.006 233.848 243.637 249.014 252.743 252.622 247.929
baak6 234.938 231.416 227.828 219.486 204.622 190.352 180.006 175.017 174.127 181.009
sik1 190.814 205.686 221.498 241.300 246.436 250.642 245.267 242.518 236.253 228.994
gau3 226.775 224.520 225.177 222.138 212.275 198.647 185.826 181.607 176.019 175.189
wu6 168.007 166.172 167.942 168.599 170.242 168.723 163.867 160.624 158.886 157.834
jyun4 152.535 151.415 147.606 144.043 143.660 141.080 138.817 138.340 138.293 141.164
zai3 146.649 155.523 166.653 172.483 178.585 176.561 175.337 173.361 174.678 174.331
fuk6 171.240 175.094 179.915 176.762 169.347 166.919 163.245 167.621 168.142 168.591
ho2 186.790 185.982 187.382 185.424 184.848 186.610 186.494 190.449 202.672 211.997
nang4 223.039 219.066 218.767 209.355 194.965 181.140 168.677 158.937 154.064 150.708
zoi6 154.259 160.862 168.373 172.144 173.904 170.116 163.244 160.665 161.273 159.076
dyun2 144.673 152.044 158.288 161.477 161.791 160.470 168.626 188.046 209.009 220.776
kei4 212.511 213.071 212.298 208.435 196.472 180.750 167.073 152.296 144.700 140.753
noi6 140.938 142.022 142.482 145.028 147.101 147.061 149.971 152.917 156.065 159.287
gwong1 173.234 192.748 216.340 231.166 242.291 249.533 255.950 257.853 255.084 248.345
wing4 223.823 209.769 189.550 171.271 154.651 145.315 139.637 134.886 134.079 136.441
jan5 145.051 144.804 146.389 142.738 142.420 145.358 151.350 159.953 169.618 170.408
teoi3 180.353 192.586 196.724 194.648 189.543 185.595 183.895 184.340 186.973 192.287
siu1 229.333 224.751 226.994 223.147 227.373 226.416 223.285 221.106 220.683 213.162
fong4 210.966 211.947 212.716 207.230 198.761 181.473 167.327 154.927 149.836 146.270
jyun4 146.019 146.397 147.493 143.880 141.819 141.164 139.135 141.176 146.937 151.403
zoeng1 156.397 175.202 196.502 218.925 230.814 237.536 246.588 253.961 259.002 256.544
jyu1 255.355 255.688 254.334 256.333 256.924 256.879 257.681 252.584 247.061 239.427
ming4 229.408 219.400 205.572 186.073 167.128 150.819 143.038 136.930 140.144 141.179
jat6 148.408 150.576 151.522 145.000 150.675 146.354 149.890 150.708 149.964 149.156
hoi1 162.623 175.116 192.924 211.975 227.710 237.490 240.731 241.725 240.559 234.349
ci2 225.082 217.758 209.382 205.278 204.082 197.127 189.918 184.888 185.693 188.247
si3 193.043 199.618 204.772 208.776 205.487 192.217 184.446 174.532 173.655 171.303
jung6 165.843 165.776 165.398 156.432 157.427 158.384 158.701 160.926 167.249 165.057
cyun4 168.755 168.593 166.691 166.859 163.162 157.275 149.160 142.291 140.537 143.595
san1 149.994 166.398 187.827 207.686 216.733 225.953 232.892 238.520 240.646 238.016
cit3 228.146 231.920 236.166 239.138 237.918 232.876 218.925 205.795 194.719 184.339
gai3 180.028 184.908 192.794 197.691 193.280 188.417 180.636 181.400 180.514 185.089
dik1 191.598 207.849 223.114 234.812 237.160 236.550 232.159 230.553 225.724 221.554
cyun4 189.113 190.525 186.449 183.919 173.939 157.351 147.112 136.167 134.553 134.820
laam4 141.553 140.578 141.237 139.004 138.402 135.531 139.271 142.642 146.904 150.092
sik1 160.889 174.563 197.275 216.897 227.981 236.916 238.701 236.890 232.696 220.813
zai3 216.169 216.802 219.428 216.520 201.739 190.716 180.377 174.463 171.250 168.665
fuk6 170.740 176.682 180.155 178.896 165.260 160.140 160.104 160.641 163.992 170.837
zoeng1 224.405 229.252 230.271 231.298 230.193 227.665 223.091 223.393 223.258 217.034
cyun4 206.117 204.754 200.170 194.984 183.608 167.525 155.285 143.183 136.642 133.596
tung2 144.815 143.449 146.241 147.414 152.057 153.472 155.255 164.727 172.136 176.351
dik1 193.613 209.497 225.353 232.388 232.464 232.129 229.451 226.742 219.011 214.099
baak6 205.146 207.624 205.781 199.486 188.013 176.535 166.476 161.750 162.393 163.412
sik1 194.772 205.657 223.982 236.754 241.840 243.500 237.268 233.746 220.224 210.587
lip6 198.592 191.170 188.510 179.264 174.255 169.143 167.890 164.094 161.005 162.639
zong1 177.495 197.977 218.213 227.769 225.926 230.495 234.180 240.827 242.514 238.332
goi2 179.537 176.717 174.385 172.209 167.777 166.726 165.838 169.717 178.836 183.169
wai4 192.142 195.590 194.771 187.003 176.766 169.154 163.195 148.726 145.777 143.879
cin2 140.468 143.888 150.182 155.154 162.099 164.748 164.950 171.863 186.169 198.982
laam4 204.952 205.248 198.559 182.806 163.132 151.112 144.912 137.755 141.967 142.016
sik1 151.492 165.155 184.866 204.204 215.379 224.121 226.800 225.576 223.782 214.187
can3 223.829 225.129 224.793 221.829 209.458 196.948 187.604 188.589 183.327 183.440
ji1 187.745 200.370 209.868 217.813 221.764 228.697 235.643 239.034 240.057 239.727
kap6 207.037 209.071 208.645 209.666 207.743 202.953 196.502 188.834 182.827 179.712
sam1 202.807 214.651 221.507 230.806 236.747 235.533 234.723 241.106 238.162 236.169
laam4 225.747 218.829 206.237 185.609 167.650 154.118 149.866 140.359 142.685 142.181
sik1 160.594 174.893 194.128 214.670 225.487 231.763 232.710 232.754 228.540 220.287
coeng4 191.970 188.917 184.204 178.081 169.805 155.164 144.732 138.559 138.001 137.460
fu3 140.105 158.921 178.370 188.110 182.203 185.927 189.659 199.099 203.289 208.063
ji4 175.953 171.122 169.056 166.473 162.228 159.765 154.589 157.996 156.647 157.204
gau3 166.195 173.800 182.003 189.434 190.893 191.500 194.162 195.895 197.056 198.167
wu6 198.064 193.743 196.075 197.017 193.737 191.441 189.602 186.152 180.782 177.204
jyun4 168.811 163.572 159.539 154.605 149.673 147.665 146.352 144.828 142.962 144.470
so2 151.123 157.652 166.179 171.619 171.371 168.734 171.768 184.804 199.562 212.148
daai3 224.254 233.580 237.755 235.469 226.231 214.072 206.221 202.221 197.687 200.096
dik1 201.301 216.017 230.072 238.011 244.373 246.719 245.199 243.692 237.304 238.648
hak1 243.786 242.034 244.895 246.144 252.510 254.219 247.686 241.884 233.407 226.438
sik1 256.743 254.617 254.723 254.379 249.583 246.365 234.835 227.213 217.141 210.569
ngaang6 209.804 202.796 200.978 192.445 179.585 170.111 164.543 157.925 156.823 155.774
mou2 155.942 155.350 153.722 152.052 149.493 154.208 165.792 186.509 205.418 216.630
jik6 220.283 220.473 218.902 218.934 216.171 209.985 205.207 200.399 196.493 190.961
jau4 173.761 169.607 164.549 155.711 151.744 147.255 146.619 148.025 149.699 152.836
sam1 164.312 180.624 200.081 224.124 236.212 246.626 251.449 261.385 260.570 257.872
laam4 248.867 237.007 218.145 198.220 174.676 159.264 153.859 148.045 147.755 149.693
sik1 165.948 179.058 196.421 217.232 229.651 240.812 240.071 240.282 238.424 229.474
bui3 224.854 219.235 220.669 214.276 203.095 194.485 187.693 185.289 182.305 178.426
leoi4 160.351 153.352 146.357 141.660 140.262 139.001 136.027 138.731 137.762 138.037
mou2 139.252 137.764 141.417 141.650 142.775 145.147 152.830 162.628 178.593 185.986
ceoi2 192.827 194.249 195.976 194.761 190.063 179.946 172.293 171.664 176.595 181.159
doi6 192.795 191.495 188.027 172.562 156.674 148.734 148.116 148.173 155.249 158.979
fun2 172.046 175.177 176.643 177.315 173.782 169.866 170.982 175.682 188.860 193.946
sik1 200.291 215.468 230.645 236.296 236.158 237.524 236.432 236.173 233.834 229.867
jyu5 202.739 199.088 198.003 196.250 196.071 192.865 194.641 195.804 197.053 198.805
ging2 193.413 198.618 197.085 195.798 186.598 183.634 194.231 209.027 226.767 236.268
deoi6 239.031 240.474 241.663 236.957 228.346 216.677 207.112 197.648 188.833 182.837
laam4 176.151 169.094 160.532 154.985 147.130 143.112 139.460 142.272 142.381 142.507
mou2 145.114 146.425 147.845 149.310 150.674 151.377 161.817 173.233 186.538 192.605
zi2 198.012 198.413 199.957 198.906 197.565 190.397 186.519 186.229 189.209 191.380
soeng1 198.658 214.879 228.706 234.762 236.340 233.770 232.406 231.798 229.244 223.633
gan6 217.511 209.444 199.313 180.390 163.995 157.277 156.538 158.069 166.729 171.360
co1 225.093 223.615 223.406 226.656 225.398 223.553 215.913 215.538 212.944 206.373
bou6 210.135 212.648 215.393 207.873 199.481 187.065 177.346 168.759 164.291 161.062
gu2 161.434 160.961 165.374 163.685 163.170 161.307 163.953 167.502 177.731 182.069
gai3 189.626 201.516 206.424 197.971 182.946 173.337 168.563 167.415 173.356 180.695
seoi1 221.333 219.828 220.095 221.955 220.444 217.527 211.548 209.862 207.587 200.411
hou3 215.693 222.688 228.743 230.857 228.529 219.080 211.707 203.646 198.311 193.464
jung6 203.488 198.974 197.230 193.140 188.343 183.838 181.078 182.636 182.700 181.050
sei3 198.306 202.153 211.820 217.845 216.273 210.507 205.524 196.666 195.626 190.731
baak3 196.023 199.777 204.380 204.871 202.483 199.657 194.784 187.359 186.034 178.982
maan6 174.833 176.164 173.773 168.013 163.968 158.541 156.973 154.645 155.429 152.124
jyun4 148.340 149.439 150.652 148.767 148.111 143.207 141.119 140.537 140.414 140.807
cyun4 147.076 153.238 157.471 163.184 159.793 153.818 146.569 140.293 139.359 142.484
min6 144.955 151.399 153.963 155.359 156.631 154.960 154.264 153.350 154.613 155.266
goi2 157.523 159.785 160.749 163.099 157.099 152.793 153.605 162.383 171.782 181.304
wun6 199.530 202.052 202.824 202.432 198.716 187.254 178.449 169.862 168.652 168.288
san1 180.864 195.636 212.100 224.659 229.250 225.228 230.108 224.062 221.903 217.687
zai3 204.852 203.191 199.565 199.748 188.799 177.611 166.290 161.129 156.893 156.619
fuk6 150.715 156.154 156.561 154.882 149.499 145.574 142.742 143.921 149.538 149.429
