ngo5 208.620 215.201 207.606 206.084 202.530 195.099 193.786 196.064 203.842 211.299
mun4 218.381 216.034 212.446 202.991 191.975 182.690 170.441 167.001 162.532 158.883
zing3 167.390 179.391 192.651 203.910 209.336 206.846 206.333 205.720 204.883 199.696
jyu5 200.039 197.467 194.355 194.025 193.613 195.086 200.558 200.829 203.842 199.817
jau4 192.421 189.231 184.442 173.179 165.450 157.607 149.480 149.601 149.114 148.798
gung1 164.095 186.003 211.666 228.527 240.431 251.087 258.433 264.809 267.526 266.324
si1 259.179 261.922 267.410 270.385 275.423 270.482 268.383 262.668 258.651 250.879
kap6 240.662 234.204 229.971 225.591 219.222 210.753 199.233 188.574 179.835 175.361
jau5 175.857 176.223 169.494 166.711 166.561 163.295 160.523 167.650 172.690 178.524
gwaan1 189.405 207.464 221.488 228.603 231.904 232.644 232.298 235.144 238.102 228.402
zing3 221.307 217.909 218.794 213.623 204.803 193.109 187.438 181.976 178.458 169.946
fu2 171.399 171.878 175.563 175.822 178.827 176.916 177.053 178.192 188.611 192.693
bou6 202.342 207.174 210.798 209.441 197.400 189.852 180.037 170.649 165.198 157.727
mun4 157.210 151.534 149.610 145.917 141.984 143.514 142.119 143.106 142.142 142.371
gan1 151.138 170.765 196.276 208.067 215.562 220.955 228.361 234.500 233.856 230.969
zeon3 219.989 219.598 216.129 201.500 184.462 176.075 178.923 183.940 191.661 196.588
zeon6 216.136 211.758 212.959 208.925 205.875 203.790 197.877 192.926 190.031 186.563
zou2 185.917 189.425 191.628 194.730 193.567 196.224 200.992 208.657 220.279 221.281
faat3 229.357 235.648 242.908 247.841 249.114 241.819 229.341 218.936 207.480 197.114
fong3 199.583 205.000 214.210 216.969 209.666 202.151 197.717 196.322 196.120 190.415
jau5 189.987 183.970 178.243 171.030 164.788 162.228 163.587 168.390 173.922 178.902
gwaan1 187.354 204.914 222.301 230.373 234.055 236.445 241.321 243.209 244.761 238.973
jap6 237.244 232.378 220.750 211.204 199.223 189.642 180.603 175.692 171.156 167.863
hau2 166.937 163.684 163.098 162.794 160.722 159.114 160.749 165.939 174.647 183.656
gaa3 197.341 207.118 213.818 212.012 202.261 192.636 187.876 181.317 178.320 174.872
gaak3 171.459 178.135 180.935 182.371 175.297 173.514 172.025 168.277 168.078 168.493
dik1 177.772 192.613 208.530 220.481 220.249 221.543 221.179 216.209 212.431 210.479
zi1 218.320 222.357 230.351 237.109 239.173 235.892 235.194 228.417 223.681 212.335
liu2 197.430 187.584 170.329 160.416 154.526 156.922 166.214 186.081 204.946 219.782
ngo5 173.375 174.396 176.387 170.671 172.047 169.966 167.681 167.030 171.626 177.448
mun4 173.517 172.542 173.164 163.558 159.016 151.282 147.271 148.451 147.483 151.138
jik6 183.879 189.391 194.873 201.104 205.406 203.222 199.881 198.217 196.950 194.922
zing3 214.243 219.890 228.582 229.678 231.982 227.479 223.886 226.365 227.487 225.820
jiu1 239.377 239.050 232.929 231.018 231.567 231.568 234.270 235.570 236.374 235.789
kau4 225.678 222.850 220.379 212.599 201.570 183.718 170.263 158.233 152.450 146.587
jau4 142.491 140.531 140.852 138.466 137.386 137.904 138.385 140.444 144.980 146.559
gung1 154.811 175.185 198.483 219.509 232.441 240.171 251.328 254.875 259.997 262.190
si1 252.546 255.259 262.018 269.519 272.664 270.203 268.504 265.822 259.852 250.123
tai4 228.896 218.778 208.457 195.244 179.353 164.147 152.470 146.752 145.235 144.764
gung1 145.973 164.461 187.120 200.297 210.862 217.765 226.803 230.967 233.668 230.016
jau5 218.484 208.093 195.441 185.110 175.910 169.426 166.648 169.082 167.740 167.780
gwaan1 179.801 194.424 209.591 218.238 220.670 221.318 225.534 226.674 225.320 219.553
jing4 206.132 193.902 179.234 165.502 152.277 143.448 142.770 142.455 140.638 138.925
wan6 145.049 147.391 147.012 146.676 144.250 147.078 149.883 150.024 154.754 157.080
sing4 154.716 155.274 158.575 160.201 156.006 146.994 139.952 139.230 136.162 137.180
bun2 145.409 152.226 155.464 155.029 154.259 160.992 175.278 198.828 221.349 231.218
wo4 179.243 177.812 174.685 170.986 162.314 161.208 156.440 155.011 150.816 150.665
wui4 141.531 141.371 140.465 143.243 144.168 145.591 149.223 150.606 154.573 155.530
bou3 156.267 168.049 179.266 187.595 188.504 192.348 195.034 194.831 194.969 193.577
leot2 192.715 191.587 188.939 187.406 185.060 189.404 189.936 195.372 203.491 210.682
fong1 217.259 232.433 245.754 251.624 251.018 248.769 250.905 247.909 248.087 241.152
min6 236.010 231.798 222.560 212.881 196.000 184.632 178.377 173.402 173.755 174.593
dik1 182.765 195.066 207.749 211.407 211.589 211.377 212.686 207.478 205.573 207.385
zi1 213.096 214.701 222.255 225.884 230.742 224.032 222.277 216.698 210.293 201.487
liu2 181.485 172.410 156.995 145.927 144.076 144.200 146.880 163.414 183.084 199.272
