gin3 248.265 250.831 241.027 239.125 236.407 232.626 228.667 228.536 221.983 214.710
ji5 217.169 216.971 208.107 207.700 208.556 209.035 212.678 215.392 220.487 221.843
dik1 223.478 226.274 229.825 233.153 232.069 225.994 226.772 221.334 223.132 227.480
zeoi6 218.071 222.751 230.976 234.851 229.102 217.989 203.648 192.394 187.138 181.206
hong6 182.749 185.057 186.428 187.696 182.212 177.429 174.569 175.418 180.648 179.661
zi2 171.928 174.922 179.995 184.792 187.389 185.875 190.556 192.301 204.710 215.315
haan6 221.809 223.712 224.932 219.446 208.449 192.935 184.793 177.578 178.208 179.801
jyu1 190.096 200.643 209.557 224.169 235.110 245.207 247.692 249.153 241.413 236.632
gwong2 228.982 216.076 205.506 189.943 175.527 165.532 169.439 177.622 193.997 200.779
bo3 200.767 204.765 208.052 207.609 197.287 186.787 183.297 176.082 171.165 166.550
maa5 157.523 157.682 150.853 151.620 147.086 145.115 147.805 151.470 158.286 163.206
pat1 174.506 188.814 204.623 219.193 227.268 233.225 238.196 237.302 234.612 229.824
kap6 202.544 205.462 203.753 206.680 208.096 204.075 200.601 190.204 182.055 174.413
gau2 178.385 182.630 181.101 177.039 174.052 169.717 169.976 178.728 193.629 205.886
zek3 212.527 222.088 228.273 230.302 226.243 215.270 204.796 192.922 183.991 178.687
ging6 172.517 175.168 180.071 177.729 170.885 164.826 162.108 163.085 165.045 166.375
coi3 165.634 173.694 180.049 188.749 190.841 193.108 188.266 187.754 190.565 191.491
dik1 196.427 209.819 227.518 240.756 244.292 243.759 241.987 239.257 236.315 231.092
tau4 218.689 212.377 199.478 188.524 172.318 155.140 144.104 134.579 136.313 134.267
zyu3 135.832 140.674 147.955 160.031 165.884 168.889 170.740 169.775 172.288 169.830
zi1 170.160 183.501 198.100 212.834 222.145 229.070 229.897 226.080 223.616 214.978
liu2 203.352 190.116 173.145 161.314 155.933 156.747 166.183 184.097 204.619 219.534
ji4 156.317 156.073 157.368 154.788 150.420 152.215 150.482 150.218 147.016 148.719
fei1 152.425 166.079 185.431 198.591 208.775 216.718 226.200 228.937 234.973 232.033
coi3 225.076 229.581 236.559 239.937 231.535 219.982 208.876 195.616 191.366 185.592
si6 171.988 175.990 178.849 185.917 182.400 181.445 177.972 170.321 169.226 167.630
bun2 157.331 161.501 162.030 164.461 159.599 160.855 162.042 168.978 183.957 190.719
san1 206.068 225.112 240.007 245.327 247.236 241.665 244.874 245.501 248.165 238.627
ji4 166.457 165.667 162.322 159.547 154.204 150.319 150.876 145.649 146.355 145.231
jan3 153.238 158.954 164.289 168.419 162.925 168.891 177.230 180.095 184.730 188.197
caat3 186.609 192.128 197.166 200.536 202.815 203.283 199.686 189.329 187.596 182.055
mui4 163.691 159.085 155.979 154.288 152.423 150.198 149.292 148.550 146.898 146.490
tai2 150.713 154.651 159.728 159.727 158.735 164.217 177.959 200.180 223.131 235.421
wu6 203.178 204.547 206.486 203.219 199.173 198.764 194.860 190.973 189.386 184.563
lyun4 170.453 165.173 160.457 157.933 152.826 149.722 148.456 148.242 147.741 147.314
mong5 152.382 154.886 158.548 157.382 151.444 153.804 166.000 182.286 198.097 204.204
kap6 228.900 227.255 227.851 230.721 228.100 230.449 222.086 217.490 209.893 202.272
kei4 192.104 190.889 189.081 183.846 180.995 173.850 165.694 160.679 160.442 158.404
taa1 158.614 171.953 185.251 201.921 214.628 226.710 235.516 244.755 248.809 249.144
din6 239.284 242.858 240.651 234.946 215.763 202.816 192.640 184.424 182.211 178.174
seon3 180.494 185.503 192.073 196.285 194.523 193.036 189.782 186.189 185.420 184.232
cit3 177.908 180.582 185.930 189.993 198.426 199.797 196.623 192.206 189.330 185.882
si1 194.689 211.991 228.294 239.473 242.180 243.370 244.190 241.771 239.095 235.396
zoeng1 224.026 224.002 227.383 226.327 221.322 221.087 215.855 217.676 212.838 205.014
wok6 199.435 198.370 195.165 186.743 177.761 172.015 163.580 158.400 157.368 155.713
kut3 173.516 176.283 176.916 181.931 185.298 186.255 182.704 178.033 174.112 167.954
min5 161.603 160.454 159.123 157.477 154.993 156.889 155.625 158.689 164.039 168.340
kwai1 176.562 191.544 204.427 217.971 226.640 228.939 230.305 231.147 231.269 224.174
gun2 203.064 195.837 181.018 167.935 160.048 155.677 167.491 186.042 209.381 220.652
jyun4 171.022 169.675 167.219 163.444 155.232 151.853 148.159 149.294 149.428 153.933
jan1 163.872 176.754 191.414 199.022 212.431 221.383 230.905 237.035 239.042 233.184
si6 229.149 227.044 226.175 225.836 224.723 215.541 205.351 193.715 183.858 176.878
ze5 166.409 167.055 169.947 171.623 172.008 169.500 164.674 163.486 167.088 168.715
se1 178.175 191.026 208.606 220.682 228.628 234.045 231.787 230.401 230.674 228.636
cit3 221.135 220.701 223.187 225.671 230.193 223.353 212.397 201.864 193.318 192.960
si1 195.406 212.637 232.281 241.890 240.665 243.321 241.833 243.018 242.347 239.848
jin6 204.059 206.161 201.026 199.279 200.231 194.297 188.872 187.799 188.403 182.768
si4 182.667 185.691 185.680 186.281 181.249 173.716 169.438 163.204 159.555 157.566
bing6 169.994 178.560 185.212 191.210 195.517 190.848 194.498 198.339 196.089 190.749
mei6 192.825 194.794 194.731 193.462 191.537 188.735 189.243 187.064 186.557 184.498
ho2 178.387 182.747 185.824 187.970 189.162 191.901 198.249 205.944 215.568 217.894
ji5 228.910 232.110 230.969 228.919 223.917 214.867 212.985 209.428 206.135 199.179
jyu4 183.083 178.669 173.190 167.619 166.111 161.193 158.867 155.584 152.256 151.601
din6 151.848 155.986 163.043 167.946 167.137 166.054 165.754 170.167 173.304 177.487
si6 167.185 169.863 178.828 183.634 181.509 180.366 177.979 177.651 178.824 179.406
waak6 172.982 172.021 174.147 173.994 172.414 169.787 168.094 169.978 167.358 167.865
din6 167.281 170.069 176.840 178.042 176.801 174.072 171.992 174.272 173.808 175.227
toi4 164.683 163.627 161.777 158.690 156.238 154.278 146.638 145.667 147.606 148.534
bun1 151.223 171.617 192.843 213.882 231.522 240.659 250.906 256.524 255.478 257.184
fong1 243.111 247.049 258.310 262.625 259.324 254.118 253.175 252.541 251.744 246.114
bin6 229.163 220.500 213.608 203.287 186.958 175.643 168.991 166.634 167.110 168.707
kap6 165.683 168.341 172.644 173.771 175.012 175.675 173.306 166.001 162.918 160.973
jau5 159.017 159.300 157.540 155.973 156.519 156.886 157.681 160.288 161.747 163.442
haau6 177.048 179.762 180.017 177.448 176.836 173.019 166.608 163.071 160.869 159.471
dei6 157.392 162.299 166.501 166.665 167.044 164.531 160.455 158.571 156.050 154.215
cyun4 152.693 150.989 156.350 160.740 160.623 154.337 147.035 144.149 141.238 139.175
sung3 145.627 156.368 169.499 181.176 188.185 182.661 180.856 180.612 179.259 176.835
tau4 167.830 163.393 161.208 157.707 153.976 146.333 138.659 137.063 133.824 134.618
zyu3 133.559 142.188 149.652 160.562 172.758 167.609 168.766 168.683 169.927 173.423
zi1 169.096 181.976 190.087 205.170 223.147 226.078 227.606 225.511 226.860 216.637
liu2 184.541 179.807 165.680 156.067 152.973 154.580 161.806 178.825 200.434 211.321
waak6 189.776 190.057 190.404 186.330 182.084 180.493 181.808 182.444 181.105 183.586
jan1 198.102 204.499 213.923 215.214 221.123 226.561 231.730 235.696 230.424 224.632
wai6 222.753 218.231 212.755 201.698 194.813 187.360 181.530 176.325 176.277 171.893
zing3 169.209 173.973 180.352 182.720 179.191 175.546 172.207 171.251 171.611 167.939
fu2 168.814 173.783 173.293 165.098 161.347 162.151 170.801 189.407 211.657 221.977
zoi6 205.966 208.655 212.168 215.149 218.646 208.293 204.508 199.188 197.445 199.114
hoi1 192.630 199.021 204.170 210.276 218.500 224.165 232.226 236.382 237.016 232.649
cit3 221.798 226.164 233.562 240.309 241.121 238.375 226.718 215.302 206.185 194.687
ze5 181.472 179.754 180.951 180.050 177.259 170.851 168.104 167.125 173.671 177.418
se1 183.703 199.516 216.819 231.013 240.945 244.067 243.960 243.259 243.329 237.059
cit3 225.120 223.204 225.771 228.963 231.235 227.255 214.813 206.110 198.127 196.572
si1 192.691 204.830 217.363 230.938 242.641 245.931 241.984 239.809 236.184 232.428
dik1 230.682 232.727 241.343 241.249 239.470 237.588 229.140 221.073 215.246 204.939
dei6 194.714 189.436 189.014 184.346 176.061 165.893 164.763 161.401 163.688 164.512
fong1 169.944 194.173 215.148 224.941 223.764 223.677 226.988 233.761 234.650 233.848
mut6 178.733 180.489 181.289 175.216 170.380 169.955 168.007 170.361 173.521 168.653
jau5 167.556 167.859 163.950 161.983 157.752 155.127 154.941 158.682 167.257 176.162
si1 186.290 200.364 219.824 232.370 241.111 244.492 244.179 242.458 240.741 230.044
faat3 217.538 216.654 220.487 218.867 212.477 200.561 188.881 176.840 168.326 159.499
gun2 158.428 160.871 164.228 164.003 159.731 158.914 164.815 172.671 184.199 188.896
hat6 187.815 190.500 195.459 196.933 197.253 194.100 184.109 175.331 166.090 161.427
kyun4 154.829 159.994 163.527 157.753 147.500 139.917 137.877 138.332 146.953 153.786
