zoi6 232.271 234.334 229.754 230.330 231.664 225.848 220.981 219.857 216.231 210.022
si6 216.556 218.730 225.190 228.418 231.344 225.633 223.372 216.785 217.670 218.407
wai1 229.772 231.588 228.736 227.026 234.159 236.731 237.089 241.244 243.213 247.546
wut6 246.994 251.583 254.231 251.946 248.296 240.000 228.198 217.751 212.172 205.420
dung6 200.282 201.127 203.449 200.814 192.858 185.173 183.933 187.034 189.176 188.308
geoi2 182.674 187.174 187.929 185.286 183.025 180.185 186.061 197.034 212.314 224.975
hang4 234.833 237.237 230.838 220.664 205.147 185.598 172.893 164.454 158.501 153.984
kei4 154.269 154.609 158.791 161.749 162.872 158.547 156.457 154.620 153.138 151.182
gaan1 158.180 180.204 207.179 218.443 231.893 238.694 247.477 251.793 250.784 245.432
ging2 210.573 207.919 201.637 191.688 187.906 185.141 191.774 202.743 210.595 218.693
fong1 211.964 226.357 239.448 246.370 246.608 247.590 246.951 246.944 253.711 251.554
bat1 247.680 249.838 254.961 259.150 261.637 262.528 263.127 259.234 253.758 247.833
daan6 240.474 237.274 234.965 222.222 204.682 188.403 181.122 175.626 176.610 178.026
jiu3 174.923 175.551 180.091 182.116 181.329 187.831 187.735 187.967 184.036 182.223
gu3 175.672 182.009 191.095 197.472 196.823 195.096 192.248 192.604 188.268 187.088
kap6 183.782 185.860 189.862 191.613 190.061 186.726 180.225 178.215 175.988 179.341
caam1 240.297 243.681 247.250 246.569 245.103 242.731 240.538 240.525 236.066 226.907
jyu5 228.083 223.273 215.215 209.424 202.544 196.425 192.707 185.119 182.202 182.538
jan4 176.065 173.088 165.113 154.554 152.313 143.256 139.288 141.244 141.753 139.524
si6 151.572 159.091 170.125 178.651 179.075 178.169 173.128 170.960 169.494 166.812
biu2 155.571 161.778 168.120 171.967 171.687 172.111 179.387 194.256 212.826 224.133
daat6 222.239 225.722 225.832 224.869 218.229 208.469 196.255 187.178 179.123 174.408
ji3 168.594 167.321 170.805 177.808 181.681 184.997 186.686 185.142 183.230 180.727
gin3 180.661 187.243 195.423 201.106 199.570 197.317 196.274 196.921 195.092 199.322
dik1 206.463 217.359 233.248 241.528 244.854 243.784 241.602 236.727 229.510 223.558
kyun4 222.107 213.135 202.911 193.754 176.556 159.920 147.292 145.002 142.754 141.248
lei6 140.757 143.990 146.939 147.655 149.939 155.716 161.586 166.716 172.357 175.117
tung4 177.573 177.127 175.156 173.864 166.198 157.906 156.576 153.963 152.130 152.385
si4 155.861 162.928 162.504 157.608 152.766 147.260 147.933 148.338 151.141 156.622
jik6 213.760 216.740 214.688 210.873 205.518 207.429 203.056 201.400 197.919 195.977
seoi1 207.377 208.625 212.707 211.538 215.000 214.303 217.060 214.735 217.497 217.257
kok3 217.344 223.685 233.428 235.704 234.916 228.102 211.968 201.992 193.217 185.524
bou2 181.995 185.193 185.463 181.608 179.677 174.583 179.331 191.911 208.848 220.438
jau4 220.996 220.456 211.699 197.004 179.731 163.166 151.397 144.691 140.591 140.481
hang4 147.133 148.260 152.973 151.670 149.430 148.335 146.593 148.082 149.418 152.279
bat1 158.569 169.672 186.513 205.252 216.005 229.546 235.924 238.775 236.148 234.757
wui5 231.165 226.823 220.905 213.652 204.630 197.999 192.159 190.101 193.473 194.215
deoi3 190.824 193.755 199.538 201.009 197.315 192.892 186.643 184.501 184.383 185.762
taa1 192.617 202.747 214.773 224.989 232.349 238.503 243.861 244.093 247.128 245.290
jan4 226.650 215.016 195.421 175.822 158.559 147.076 140.307 140.185 139.515 140.236
kau3 148.926 155.229 165.294 173.744 177.929 178.978 177.693 174.495 172.429 171.940
sing4 173.303 174.598 177.187 173.750 166.028 156.190 145.818 141.370 139.284 139.654
ngai4 141.984 141.892 144.554 149.698 149.908 145.951 143.703 142.153 142.533 144.431
him2 153.314 153.973 154.997 156.991 166.082 171.655 177.519 184.968 195.270 201.781
waak6 206.256 208.809 204.429 200.957 193.748 186.685 179.147 168.747 166.350 162.405
bat1 170.537 180.186 195.194 206.790 213.555 218.527 220.837 220.010 213.597 205.774
bin6 204.980 195.970 186.584 169.090 161.880 158.804 163.041 168.650 173.358 173.094
ging2 179.756 177.903 172.535 168.562 166.835 164.584 168.550 175.537 189.842 202.539
fong1 194.814 206.450 215.714 223.646 223.380 224.922 227.012 231.750 232.153 231.049
hoeng3 229.059 230.011 232.174 228.903 221.190 215.115 208.733 200.713 195.355 188.735
loi4 179.485 171.752 167.492 157.793 150.990 146.080 140.058 139.601 141.270 145.375
dou1 155.580 175.964 199.392 218.170 230.251 239.561 247.152 252.331 251.796 245.348
zi3 233.562 230.333 232.886 231.337 226.916 217.098 206.841 195.042 187.624 181.940
lik6 173.864 171.413 173.314 172.381 171.102 170.420 166.377 163.761 160.342 159.340
zoi6 190.674 193.051 192.309 191.021 188.911 185.717 176.025 170.239 168.363 166.513
loeng5 156.316 157.391 158.124 155.726 155.304 156.372 156.606 162.499 169.210 173.828
ze2 174.219 175.806 177.345 177.922 175.497 169.811 169.571 169.710 179.447 189.865
zi1 189.970 202.493 220.015 230.814 241.463 246.270 246.519 247.809 245.666 240.041
gaan1 238.427 246.625 253.176 252.168 249.495 242.294 239.757 239.397 238.670 231.675
ceoi2 215.910 206.400 196.962 190.741 183.815 175.103 170.157 166.999 168.675 175.531
dak1 183.739 192.728 206.731 217.014 222.920 226.765 226.632 224.889 218.306 209.911
ping4 206.680 198.065 193.723 183.154 168.914 152.184 142.247 136.198 134.222 134.146
hang4 140.574 144.676 148.857 145.934 141.796 140.201 141.314 143.979 150.010 156.839
taa1 221.724 225.785 223.899 220.504 224.177 225.360 225.558 226.028 230.331 225.449
mun4 227.967 224.177 215.437 200.782 184.384 170.765 157.310 148.911 146.760 144.277
jau5 149.363 146.086 145.194 146.834 146.259 148.615 153.503 157.263 162.662 165.244
zaak3 169.698 176.144 185.023 190.538 189.404 185.033 179.437 173.375 168.798 165.061
jam6 169.224 169.240 169.072 164.121 160.734 159.977 169.141 176.837 183.079 185.387
hip3 243.995 242.477 241.924 243.413 243.961 243.875 240.129 231.756 225.764 218.954
zo6 216.830 217.788 220.095 220.158 216.820 207.673 200.973 197.227 195.156 189.110
si6 189.382 193.017 199.209 203.086 203.524 198.993 193.967 187.091 189.426 188.543
wai1 192.148 197.815 212.475 220.977 233.775 246.794 251.345 255.199 249.976 246.267
jau5 245.170 241.246 233.567 220.333 206.210 194.434 190.088 184.865 184.627 184.136
dit6 183.659 183.344 186.228 187.445 186.220 182.247 178.487 173.955 169.888 164.466
zeoi6 165.849 167.729 174.398 177.452 175.774 170.798 165.068 159.250 156.881 153.205
dei6 153.646 157.852 164.044 166.609 164.630 161.509 160.847 159.129 160.152 157.165
zeon3 156.905 165.815 175.472 182.144 181.542 178.855 176.843 175.498 174.341 170.081
hang4 169.962 168.435 161.990 152.236 142.410 135.293 135.481 141.722 147.347 148.108
si2 190.815 191.749 192.873 191.795 192.194 189.162 188.965 191.780 197.410 203.549
se5 214.795 221.599 228.109 230.675 225.815 214.619 202.974 195.843 187.926 184.119
wui2 171.908 169.819 168.390 169.602 168.714 174.377 182.633 187.254 198.088 206.656
on1 203.312 216.420 227.324 234.759 239.170 243.620 249.089 249.159 245.528 238.506
ning4 218.500 204.775 185.719 163.367 147.758 137.466 137.623 138.866 139.803 143.299
bat1 141.070 153.697 171.174 187.078 198.850 207.098 213.005 215.265 212.991 207.845
wui5 209.577 202.749 195.078 186.800 182.354 178.147 174.849 173.352 174.008 175.842
sau6 185.031 186.798 188.508 185.755 179.315 168.877 158.055 149.658 148.610 151.813
dou3 158.828 164.195 174.237 175.347 172.833 171.380 171.169 167.694 167.781 166.071
po3 170.947 173.541 181.262 185.559 181.822 178.087 174.185 167.948 165.915 164.636
waai6 165.174 165.324 158.327 150.373 145.859 147.578 150.020 158.205 165.798 166.700
