zok3 252.068 249.983 252.495 252.992 246.463 242.827 238.228 235.985 229.923 221.671
tin1 225.070 223.117 219.544 221.719 227.021 231.192 233.184 232.791 226.742 222.435
zou2 215.626 221.970 226.947 232.092 225.572 217.934 213.795 219.511 221.606 222.815
soeng6 223.764 229.113 235.555 230.248 219.091 199.096 187.509 182.826 183.353 185.221
tin1 190.316 198.125 213.094 226.161 236.927 247.028 255.152 256.238 254.701 245.507
hei3 240.194 236.894 231.904 230.765 229.818 224.033 217.800 206.560 198.045 189.216
ji5 183.052 182.719 182.035 183.232 182.121 184.158 183.137 182.393 181.352 182.062
ming4 171.013 170.877 167.795 162.110 156.323 147.916 140.592 140.941 142.168 143.109
hin2 151.095 154.853 158.897 162.613 166.656 169.534 178.088 187.815 201.510 207.882
zyun2 202.072 201.768 200.772 193.498 180.993 172.641 170.890 180.177 193.072 200.780
loeng4 199.924 190.563 176.974 160.835 139.850 135.138 134.707 136.135 145.973 151.927
si5 179.588 178.353 175.347 177.401 179.857 181.907 177.436 175.458 176.532 177.183
keoi1 178.352 185.728 197.688 213.197 220.483 230.865 233.255 235.255 238.410 235.836
luk6 230.223 227.455 224.256 213.887 202.328 189.074 182.019 176.997 176.013 179.101
dak1 192.993 205.357 216.273 223.233 230.616 230.820 227.458 226.565 224.707 216.432
zeoi3 219.376 221.085 225.206 225.798 222.288 215.435 204.806 200.556 195.727 193.459
dai1 203.628 209.813 217.603 223.129 222.788 224.742 224.812 227.434 231.756 230.235
hei3 220.141 222.185 223.482 222.265 221.924 216.783 207.669 202.240 197.774 194.032
wan1 195.430 202.958 212.677 224.077 230.724 237.763 242.212 245.505 241.320 230.560
zi2 208.600 199.575 196.763 194.480 192.798 190.732 189.114 193.939 195.480 202.297
jau5 205.181 203.782 200.069 194.348 186.899 178.459 173.968 173.777 171.295 172.955
sip3 180.591 185.296 195.568 203.344 202.814 197.472 188.631 180.468 177.963 172.256
si6 172.280 173.668 177.069 181.226 182.085 179.194 174.459 168.378 164.529 162.026
sap6 163.240 169.467 172.098 178.105 177.434 175.666 168.810 166.234 164.736 166.421
cat1 175.946 187.378 199.705 212.563 224.885 231.300 229.465 223.553 223.549 216.271
dou6 216.211 205.955 197.173 180.512 164.681 158.073 157.945 165.239 169.087 172.969
san1 227.553 226.602 226.268 223.207 219.522 218.389 215.582 216.152 215.181 210.865
gaai3 209.237 212.245 217.261 217.446 211.380 202.044 194.322 186.483 183.017 178.840
dei6 162.814 164.376 165.656 164.434 159.297 158.290 155.371 154.643 156.721 161.876
keoi1 158.777 169.917 190.677 208.878 220.857 231.163 238.030 239.669 243.983 238.925
gang3 232.861 236.449 237.279 231.823 219.000 203.981 195.621 193.868 195.891 193.972
dai1 201.579 213.699 223.678 231.065 231.822 234.590 239.455 239.067 242.607 241.749
zi3 223.783 221.801 221.664 220.693 215.837 205.137 195.653 185.488 180.481 174.443
sip3 181.236 183.812 188.003 194.905 198.022 194.639 189.852 180.645 175.764 171.040
si6 170.983 171.931 175.231 180.705 184.542 180.048 175.874 166.924 163.514 160.010
sap6 162.501 166.036 172.363 175.542 177.102 172.948 167.959 160.262 154.065 152.022
ng5 132.864 128.164 129.955 134.652 143.661 151.086 157.359 159.851 167.650 173.588
dou6 172.689 181.619 183.737 176.678 169.455 161.366 158.814 162.639 166.391 169.633
si5 182.707 180.419 180.222 181.174 184.337 183.423 177.467 177.424 177.757 175.813
man4 179.437 178.021 175.920 167.288 158.767 150.963 145.322 144.819 140.451 140.443
soeng5 148.836 154.891 162.356 164.024 159.003 154.844 153.282 156.772 166.661 171.617
gaai1 190.865 208.392 223.105 234.846 236.151 237.709 237.528 241.504 242.394 239.100
si4 231.811 224.898 215.922 205.821 191.220 169.616 156.498 147.540 144.964 144.005
dou1 143.238 157.548 173.225 187.040 193.092 198.961 206.038 211.223 219.156 219.889
do1 231.779 238.988 247.175 249.669 246.162 240.087 237.983 233.373 231.587 229.803
cyun1 232.037 233.269 239.747 244.638 248.149 246.010 245.520 239.080 233.206 224.328
liu5 217.696 205.090 194.771 183.696 171.267 167.383 163.722 161.979 162.368 167.293
ji1 168.808 173.424 180.124 185.215 194.190 198.020 199.797 198.596 195.847 193.456
fuk6 187.546 187.712 184.784 174.176 164.438 152.799 148.412 148.250 153.921 160.751
