joek6 220.650 224.015 222.546 220.959 217.406 211.111 204.051 202.895 200.695 191.817
zoi6 202.762 205.028 212.664 214.809 220.417 215.323 211.610 207.316 207.987 208.239
gam1 207.021 215.890 226.206 231.325 235.916 239.207 242.567 250.303 249.826 250.186
ci3 247.259 252.066 255.858 257.947 258.583 255.417 240.031 229.699 221.612 210.047
luk6 198.363 194.677 195.251 193.168 188.848 185.932 180.433 176.875 174.128 173.504
hap6 184.199 183.303 186.929 187.453 187.917 185.437 183.044 178.217 172.983 166.980
coi2 183.692 189.152 190.965 190.973 189.330 182.622 185.740 186.934 201.636 213.320
sing3 223.571 230.995 240.258 246.594 240.455 229.969 220.772 212.374 204.326 198.474
daan3 190.977 194.209 199.770 199.467 191.293 189.621 187.330 190.861 193.917 195.922
gam1 200.163 211.092 228.202 236.492 238.590 240.098 245.519 251.240 252.506 250.747
do1 254.082 256.998 262.554 263.898 261.301 260.720 253.281 250.589 246.742 240.112
bou2 230.564 224.321 216.435 208.980 199.473 190.508 188.702 191.300 201.965 204.638
gaau2 203.456 203.763 202.294 193.968 180.603 169.544 166.724 169.134 180.629 191.209
zyu1 202.696 214.838 227.877 244.033 254.975 257.482 252.252 252.193 250.347 250.352
zung1 236.657 243.795 254.105 263.647 261.361 257.255 253.723 251.158 249.205 241.629
mei6 233.755 227.500 217.880 208.742 198.430 190.091 183.958 177.698 174.481 173.826
nang4 163.952 161.485 157.664 156.293 150.744 146.831 141.580 141.994 144.281 143.062
sing4 148.600 151.647 158.105 161.273 157.885 151.280 144.228 141.297 142.116 145.137
wai4 146.798 146.673 141.924 144.129 142.522 144.034 143.659 144.161 145.515 147.855
hang6 154.484 160.750 165.181 173.930 175.845 174.664 173.407 170.552 171.193 171.320
wan6 170.569 170.628 169.983 165.583 162.701 162.267 161.690 160.616 162.545 159.201
ji4 146.880 143.376 140.674 135.645 135.005 136.492 139.707 142.803 148.674 148.990
jik6 209.955 209.404 204.158 198.687 195.626 191.065 189.211 187.574 183.300 188.496
bat1 201.045 207.881 216.406 228.030 232.376 233.680 234.794 237.863 232.358 231.064
jung6 233.780 229.211 223.735 214.125 200.697 188.183 180.585 175.807 175.765 175.990
sat1 191.735 201.236 211.488 221.665 229.867 231.591 229.691 227.411 224.126 217.529
mong6 217.158 203.926 193.123 178.914 163.940 163.773 168.805 174.835 179.557 184.133
gaai1 227.277 227.686 224.578 224.448 218.798 217.634 214.547 214.534 213.691 213.941
jan1 213.531 218.640 207.295 209.338 202.696 204.704 206.663 208.562 202.664 201.375
bun2 202.241 196.900 191.023 186.764 180.471 180.774 177.588 188.107 192.362 193.949
zau1 206.722 219.948 229.288 233.382 238.838 234.011 232.864 234.013 230.835 223.607
luk6 209.957 206.316 194.994 181.759 169.267 165.016 163.016 165.872 169.326 168.192
paau2 181.988 181.873 184.814 182.368 180.981 177.109 176.388 178.724 194.307 203.250
maa5 220.992 226.957 226.174 220.273 210.386 199.239 193.801 190.770 188.472 188.571
dei2 185.324 185.426 183.412 179.361 177.239 178.070 178.035 182.260 195.038 201.028
jat6 213.795 213.998 210.065 206.143 202.886 190.250 182.254 173.517 161.143 152.556
maa5 164.308 159.606 156.796 156.423 153.203 153.536 153.134 155.336 162.528 170.636
dik1 185.342 200.593 216.942 225.580 229.598 225.647 225.519 223.263 215.228 213.064
coi2 191.237 189.109 188.935 188.937 185.828 175.466 169.113 168.381 179.887 191.034
ci4 195.454 196.588 197.205 185.956 169.031 156.187 150.950 141.295 143.737 144.367
jyu4 154.703 152.729 150.742 151.248 150.310 148.538 151.126 149.625 146.387 145.890
sap6 149.864 160.996 168.282 175.988 179.435 177.586 173.151 167.380 166.770 165.304
jyun4 165.471 162.609 158.568 154.372 152.083 149.422 148.629 148.952 147.091 150.025
jat1 177.225 184.996 194.579 204.770 210.142 218.662 224.394 228.242 228.905 224.431
piu3 230.955 232.416 235.988 237.411 231.369 221.344 207.543 198.240 190.496 183.483
duk6 179.000 178.689 179.028 179.528 173.220 171.294 166.447 164.767 163.286 164.103
zung1 202.932 219.376 226.457 231.240 230.753 229.146 227.457 232.231 230.535 227.462
zoeng1 222.773 224.896 223.047 222.672 216.890 213.383 209.080 214.087 208.674 199.471
ho2 206.240 202.773 201.208 200.278 199.099 202.523 195.484 202.868 192.469 189.954
wok6 201.323 202.159 199.205 194.719 189.815 184.756 174.717 169.488 166.613 170.444
dak1 218.563 224.775 228.838 228.167 229.834 232.040 226.248 221.437 215.438 215.235
gou1 222.927 230.091 242.150 244.052 244.462 240.965 236.893 235.049 233.252 230.277
daat6 215.815 212.135 207.061 199.253 190.096 182.693 173.923 168.179 166.415 169.099
jat1 170.064 177.094 189.721 201.379 210.329 217.415 217.749 217.860 216.928 212.656
jik1 232.411 233.120 236.749 232.929 234.623 233.193 228.605 222.854 212.868 202.671
jyun4 192.749 177.771 167.101 154.144 145.146 140.764 137.266 137.819 137.412 137.279
dik1 149.924 160.557 174.642 184.885 189.281 189.360 194.138 198.830 196.015 193.835
coi2 201.152 193.383 183.418 178.782 168.567 155.451 151.919 154.445 166.847 174.000
gam1 191.719 216.406 231.538 232.126 231.601 226.567 228.745 231.690 234.743 231.773
si6 207.094 206.999 209.389 215.116 217.252 212.381 208.262 199.255 195.127 195.081
gam1 195.256 207.297 218.333 220.150 220.378 219.265 221.852 225.366 227.237 224.833
gwai3 227.912 232.718 234.647 232.306 226.848 216.368 210.625 203.538 201.999 197.724
dik1 203.785 214.071 225.097 229.502 234.525 230.058 227.339 227.188 223.820 221.326
zeoi3 213.431 213.849 218.157 216.593 211.773 200.286 187.192 182.597 181.466 179.057
gou1 187.494 201.950 217.785 228.214 230.528 228.493 227.503 231.381 230.916 230.353
dik1 229.637 230.305 239.152 239.954 236.690 232.548 226.563 218.392 214.280 205.182
paai3 201.971 198.922 200.108 199.525 188.513 179.441 174.225 167.246 164.025 160.024
coi2 164.296 163.208 163.838 167.568 162.373 153.438 150.617 150.772 162.690 167.987
gei2 174.164 174.757 176.851 176.861 166.105 156.450 150.838 152.175 158.013 162.057
luk6 174.003 174.492 172.912 162.224 151.418 148.157 143.453 146.265 147.440 149.860
